20180720,0,22,65,40000,7513.81298828125,248.199996948242,9.30262756347656,-11.3846683502197
20180720,6,22,65,40000,7513.53515625,247.785278320313,7.26010751724243,-11.7227783203125
20180720,12,22,65,40000,7496.2138671875,247.800003051758,7.97683715820313,-10.9883728027344
20180720,18,22,65,40000,7502.29052734375,247.285308837891,7.67579936981201,-8.9111328125
20180721,0,22,65,40000,7482.646484375,247.214691162109,7.41327524185181,-6.92066669464111
20180721,6,22,65,40000,7484.54638671875,246.599975585938,5.06509399414063,-7.48386240005493
20180721,12,22,65,40000,7469.26806640625,246.100006103516,4.48267221450806,-6.79548931121826
20180721,18,22,65,40000,7477.93798828125,246.199996948242,4.06942129135132,-2.00386357307434
20180722,0,22,65,40000,7465.6591796875,246.100006103516,4.74881601333618,3.661376953125
20180722,6,22,65,40000,7483.591796875,247.399993896484,-4.00851440429688,13.5127744674683
20180722,12,22,65,40000,7495.73486328125,250,-9.66178607940674,17.1642398834229
20180722,18,22,65,40000,7521.720703125,250.899993896484,-1.59509885311127,11.3303165435791
20180723,0,22,65,40000,7512.8017578125,250.399978637695,8.81170654296875,6.49159526824951
20180723,6,22,65,40000,7521.33251953125,250.79997253418,10.3332977294922,5.91439199447632
20180723,12,22,65,40000,7509.3798828125,252.199996948242,11.852575302124,6.59646892547607
20180723,18,22,65,40000,7525.083984375,252.137741088867,12.727746963501,6.53977060317993
20180724,0,22,65,40000,7513.599609375,252.399993896484,12.7121334075928,7.70433330535889
20180724,6,22,65,40000,7527.384765625,252.699996948242,11.9197330474854,7.38376474380493
20180724,12,22,65,40000,7515.61376953125,252.999969482422,11.6704177856445,5.61390113830566
20180724,18,22,65,40000,7528.119140625,252.498489379883,11.5399513244629,3.1909863948822
20180725,0,22,65,40000,7515.1337890625,251.900054931641,10.7994174957275,1.45217895507813
20180725,6,22,65,40000,7524.4248046875,251.699996948242,10.4869632720947,-1.63550412654877
20180725,12,22,65,40000,7510.1513671875,251.68603515625,16.4360160827637,-2.44141244888306
20180725,18,22,65,40000,7517.94677734375,250.600006103516,17.4829292297363,-2.02402353286743
20180726,0,22,65,40000,7494.484375,250.068313598633,14.6950979232788,-0.764873027801514
20180726,6,22,65,40000,7499.25,250.431686401367,10.5833005905151,1.4374121427536
20180726,12,22,65,40000,7480.68310546875,249.899993896484,14.3185691833496,0.957539081573486
20180726,18,22,65,40000,7480.22705078125,249.167877197266,16.9293441772461,0.310693353414536
20180727,0,22,65,40000,7462.8037109375,249.5,19.0749835968018,7.4990382194519
20180727,6,22,65,40000,7465.95263671875,248.300003051758,17.8845329284668,5.1797022819519
20180727,12,22,65,40000,7455.197265625,248.875198364258,13.2898654937744,13.1571531295776
20180727,18,22,65,40000,7483.01708984375,250.177154541016,12.7533006668091,9.51415061950684
20180728,0,22,65,40000,7472.08740234375,250.29997253418,13.8577394485474,5.27240228652954
20180728,6,22,65,40000,7477.89453125,248.800003051758,11.1367483139038,8.33542442321777
20180728,12,22,65,40000,7466.05810546875,248.399993896484,8.69559097290039,11.0787963867188
20180728,18,22,65,40000,7487.09326171875,248.3857421875,5.5963282585144,14.9074611663818
20180729,0,22,65,40000,7480.68994140625,248.899993896484,4.12337398529053,16.3158493041992
20180729,6,22,65,40000,7498.10107421875,249.100006103516,4.29573726654053,18.4659080505371
20180729,12,22,65,40000,7496.34375,249.199996948242,7.18773460388184,16.009765625
20180729,18,22,65,40000,7518.5400390625,250.399993896484,9.5476713180542,13.5743751525879
20180730,0,22,65,40000,7504.654296875,251.045318603516,11.8806447982788,10.3595314025879
20180730,6,22,65,40000,7512.71142578125,251.336227416992,14.0759105682373,9.1961030960083
20180730,12,22,65,40000,7509.50048828125,251.114700317383,15.9927644729614,12.5067262649536
20180730,18,22,65,40000,7524.03857421875,251.021926879883,12.6695261001587,12.6393461227417
20180731,0,22,65,40000,7519.62353515625,251.192535400391,8.75500202178955,15.55859375
20180731,6,22,65,40000,7540.658203125,251.599975585938,6.18248891830444,12.4973630905151
20180731,12,22,65,40000,7531.49169921875,251.447235107422,8.93763446807861,7.40554189682007
20180731,18,22,65,40000,7548.60009765625,251.400680541992,7.57209491729736,3.60903310775757
20180801,0,22,65,40000,7536.974609375,251.360595703125,9.19732093811035,2.34680485725403
20180801,6,22,65,40000,7548.38232421875,251.586029052734,11.2501163482666,4.15806579589844
20180801,12,22,65,40000,7531.72021484375,250.700241088867,11.7731142044067,2.33102416992188
20180801,18,22,65,40000,7539.60107421875,249.899993896484,12.026388168335,2.37500619888306
20180802,0,22,65,40000,7535.96630859375,251.899993896484,0.9111328125,17.9014949798584
20180802,6,22,65,40000,7560.0810546875,252.199996948242,-0.449520885944366,11.1980953216553
20180802,12,22,65,40000,7563.24267578125,252.300003051758,2.28307199478149,5.73496103286743
20180802,18,22,65,40000,7582.4892578125,252.800003051758,3.05724787712097,5.01801776885986
20180803,0,22,65,40000,7574.12890625,253.192535400391,1.63931882381439,3.39735102653503
20180803,6,22,65,40000,7589.7392578125,253.338912963867,-0.755657970905304,0.60601806640625
20180803,12,22,65,40000,7588.42578125,253.699996948242,2.50638723373413,1.54675900936127
20180803,18,22,65,40000,7607.18359375,253.721923828125,2.32739567756653,3.32672119140625
20180804,0,22,65,40000,7592.15380859375,254.099975585938,3.08272695541382,0.798937976360321
20180804,6,22,65,40000,7602.75146484375,254.300003051758,4.62800884246826,-0.939855933189392
20180804,12,22,65,40000,7591.505859375,253.999969482422,6.47048950195313,-2.10007619857788
20180804,18,22,65,40000,7610.322265625,253.707473754883,7.60493183135986,-0.567889392375946
20180805,0,22,65,40000,7597.02685546875,253.899993896484,5.79651784896851,0.448748767375946
20180805,6,22,65,40000,7606.3193359375,253.600006103516,5.35613107681274,0.594073474407196
20180805,12,22,65,40000,7607.38232421875,253.606979370117,6.56826496124268,4.6686429977417
20180805,18,22,65,40000,7627.27001953125,253.753387451172,5.55000495910645,5.20558595657349
20180806,0,22,65,40000,7612.34814453125,254,2.17108464241028,4.24680805206299
20180806,6,22,65,40000,7623.509765625,254.251708984375,2.30701661109924,2.20056629180908
20180806,12,22,65,40000,7608.59423828125,254.412445068359,3.90109610557556,2.25204110145569
20180806,18,22,65,40000,7629.21875,254.685638427734,5.82009744644165,2.9154736995697
20180807,0,22,65,40000,7613.10302734375,254.287399291992,7.00412607192993,5.91439437866211
20180807,6,22,65,40000,7621.7880859375,253.899978637695,6.47316884994507,6.20708990097046
20180807,12,22,65,40000,7603.10791015625,253.550811767578,9.27588176727295,4.15975570678711
20180807,18,22,65,40000,7613.93115234375,253.600006103516,10.6317358016968,4.0595850944519
20180808,0,22,65,40000,7595.97314453125,253.300003051758,12.4300479888916,4.72219228744507
20180808,6,22,65,40000,7597.62890625,253.270843505859,14.0569667816162,5.2547607421875
20180808,12,22,65,40000,7575.4619140625,253.790557861328,14.1363830566406,5.90589618682861
20180808,18,22,65,40000,7582.10302734375,254.110061645508,14.8544826507568,5.86190176010132
20180809,0,22,65,40000,7567.51123046875,254.157562255859,16.8082466125488,4.23363637924194
20180809,6,22,65,40000,7571.564453125,253.699996948242,17.0096740722656,3.35350346565247
20180809,12,22,65,40000,7560.10302734375,253.810012817383,16.8660850524902,8.6175537109375
20180809,18,22,65,40000,7576.7314453125,253.483551025391,19.7677364349365,7.38985586166382
20180810,0,22,65,40000,7560.75634765625,253.5,22.9774265289307,7.15463876724243
20180810,6,22,65,40000,7568.53076171875,253.137603759766,20.6558532714844,6.23070049285889
20180810,12,22,65,40000,7552.11328125,252.800003051758,20.2999172210693,5.72776508331299
20180810,18,22,65,40000,7567.72705078125,252.40202331543,18.4117851257324,5.97791767120361
20180811,0,22,65,40000,7555.5126953125,252.543609619141,18.0676689147949,5.00599384307861
20180811,6,22,65,40000,7569.2255859375,252.210037231445,15.7830228805542,2.83267831802368
20180811,12,22,65,40000,7562.73876953125,252.199996948242,15.2000122070313,3.77395009994507
20180811,18,22,65,40000,7581.5361328125,252.243576049805,13.4908876419067,5.65556049346924
20180812,0,22,65,40000,7570.548828125,253,16.0326080322266,5.32640075683594
20180812,6,22,65,40000,7576.58056640625,252.899993896484,16.0043678283691,4.72714233398438
20180812,12,22,65,40000,7562.208984375,252.800003051758,15.3574066162109,3.50574946403503
20180812,18,22,65,40000,7574.86572265625,252.800003051758,13.8287868499756,1.36700439453125
20180813,0,22,65,40000,7563.103515625,253.11164855957,14.1999998092651,-1.40973508358002
20180813,6,22,65,40000,7572.82373046875,254,16.4017848968506,-0.431683361530304
20180813,12,22,65,40000,7552.46484375,253.636428833008,16.6653137207031,-0.525158703327179
20180813,18,22,65,40000,7565.8251953125,253.482757568359,17.5673942565918,-0.509899914264679
20180814,0,22,65,40000,7543.41943359375,253.270843505859,17.6547470092773,-1.01186525821686
20180814,6,22,65,40000,7551.400390625,253.322174072266,20.0294284820557,-1.57158207893372
20180814,12,22,65,40000,7537.984375,253.199996948242,25.3679485321045,1.82550776004791
20180814,18,22,65,40000,7542.330078125,253.699996948242,19.8407592773438,3.3483202457428
20180815,0,22,65,40000,7522.7080078125,253,21.0843772888184,0.977656245231628
20180815,6,22,65,40000,7527.4404296875,252.899993896484,21.8459243774414,-1.3544043302536
20180815,12,22,65,40000,7510.87060546875,252.329147338867,25.0926170349121,-2.26172852516174
20180815,18,22,65,40000,7512.26611328125,251.329147338867,24.1286735534668,-2.11881828308105
20180816,0,22,65,40000,7486.619140625,253.290679931641,31.0928344726563,-2.0657274723053
20180816,6,22,65,40000,7493.091796875,252.199996948242,29.2546539306641,4.02885246276855
20180816,12,22,65,40000,7485.47705078125,252.5,29.8893165588379,1.75137209892273
20180816,18,22,65,40000,7489.537109375,253.7919921875,33.6067047119141,4.36729001998901
20180817,0,22,65,40000,7480.2744140625,254.899993896484,33.2016944885254,11.3039407730103
20180817,6,22,65,40000,7504.74755859375,254.304443359375,28.6718044281006,15.019287109375
20180817,12,22,65,40000,7509.826171875,254.449172973633,26.20458984375,12.9609432220459
20180817,18,22,65,40000,7543.09326171875,254.699996948242,18.6775932312012,13.2834196090698
20180818,0,22,65,40000,7543.81884765625,254.614776611328,21.0627193450928,9.92913246154785
20180818,6,22,65,40000,7556.06201171875,254.899993896484,21.533166885376,9.9395170211792
20180818,12,22,65,40000,7547.10546875,254.784210205078,23.6034641265869,6.91901350021362
20180818,18,22,65,40000,7560.05810546875,254.5,22.923397064209,5.65740966796875
20180819,0,22,65,40000,7546.19384765625,254.099975585938,22.6583690643311,3.5210645198822
20180819,6,22,65,40000,7557.0419921875,253.899978637695,21.2599716186523,2.2357714176178
20180819,12,22,65,40000,7544.31982421875,254,19.1223831176758,5.16825199127197
20180819,18,22,65,40000,7557.8154296875,253.721923828125,19.8317546844482,0.846186518669128
20180820,0,22,65,40000,7542.3720703125,253.199981689453,20.1225643157959,1.37629389762878
20180820,6,22,65,40000,7548.3251953125,252.646118164063,23.6071891784668,-2.35337901115417
20180820,12,22,65,40000,7531.10498046875,252.399978637695,22.8737602233887,1.32146489620209
20180820,18,22,65,40000,7547.45361328125,252.300003051758,23.4483737945557,0.361064463853836
20180821,0,22,65,40000,7538.91552734375,252.199981689453,22.9414176940918,1.52978026866913
20180821,6,22,65,40000,7546.54248046875,252.353851318359,20.3803215026855,0.717607438564301
20180821,12,22,65,40000,7534.77392578125,252.046112060547,27.3822078704834,3.55495595932007
20180821,18,22,65,40000,7554.86669921875,252.300003051758,25.3078994750977,0.786821305751801
20180822,0,22,65,40000,7543.86181640625,252.699996948242,22.2688045501709,-3.63717031478882
20180822,6,22,65,40000,7552.2744140625,252.800247192383,18.7132778167725,-7.26811504364014
20180822,12,22,65,40000,7537.35009765625,252.599761962891,17.7304573059082,-11.3953981399536
20180822,18,22,65,40000,7550.12353515625,252.746124267578,15.9567813873291,-14.793249130249
20180823,0,22,65,40000,7529.146484375,253.107467651367,16.1928901672363,-21.38671875
20180823,6,22,65,40000,7529.25244140625,252.507476806641,21.5895481109619,-20.35302734375
20180823,12,22,65,40000,7505.53515625,250.699996948242,28.2783622741699,-17.6231746673584
20180823,18,22,65,40000,7511.90478515625,250.099975585938,26.7096462249756,-15.7139158248901
20180824,0,22,65,40000,7488.29541015625,250.199996948242,29.5909729003906,-9.28278827667236
20180824,6,22,65,40000,7500.5361328125,249.699996948242,22.6298923492432,-12.7673091888428
20180824,12,22,65,40000,7486.9501953125,250.185302734375,21.4450588226318,-17.9213809967041
20180824,18,22,65,40000,7506.130859375,250.099975585938,25.8254508972168,-4.23272705078125
20180825,0,22,65,40000,7501.7119140625,250.599975585938,21.5263252258301,1.57692873477936
20180825,6,22,65,40000,7519.1982421875,250.600006103516,21.3999271392822,-3.38331294059753
20180825,12,22,65,40000,7515.16259765625,251.300003051758,17.5048522949219,5.82528686523438
20180825,18,22,65,40000,7537.59130859375,251.100006103516,13.5063810348511,1.26136469841003
20180826,0,22,65,40000,7528.52685546875,250.899993896484,12.8108339309692,1.93065798282623
20180826,6,22,65,40000,7545.8486328125,250.29997253418,14.1157712936401,3.61587524414063
20180826,12,22,65,40000,7536.69921875,250.368316650391,12.2533016204834,10.0710144042969
20180826,18,22,65,40000,7558.94482421875,250.699996948242,5.37543630599976,8.89691734313965
20180827,0,22,65,40000,7547.95361328125,250.79997253418,2.07927250862122,9.34415245056152
20180827,6,22,65,40000,7567.7294921875,251.000030517578,0.877798438072205,5.044921875
20180827,12,22,65,40000,7561.54248046875,251.199996948242,2.91803288459778,5.94942617416382
20180827,18,22,65,40000,7581.16064453125,252.100006103516,-2.87347102165222,7.27835702896118
20180828,0,22,65,40000,7572.568359375,252.199996948242,-1.62941646575928,7.2946925163269
20180828,6,22,65,40000,7591.0029296875,251.999969482422,0.884645998477936,6.81984376907349
20180828,12,22,65,40000,7581.361328125,252.300003051758,0.659702122211456,6.6036524772644
20180828,18,22,65,40000,7603.68310546875,252.399993896484,0.0928857401013374,7.72812032699585
20180829,0,22,65,40000,7592.69873046875,252.338912963867,-1.81328129768372,7.73386240005493
20180829,6,22,65,40000,7609.76416015625,252.568313598633,-3.89840817451477,5.47868156433105
20180829,12,22,65,40000,7597.27490234375,252.746124267578,-5.25489234924316,3.66496086120605
20180829,18,22,65,40000,7621.267578125,253.100006103516,-7.02803230285645,1.22681152820587
20180830,0,22,65,40000,7607.4404296875,253.199996948242,-4.63243389129639,-0.507598876953125
20180830,6,22,65,40000,7620.01416015625,253.100006103516,-4.35891103744507,-0.407763659954071
20180830,12,22,65,40000,7599.06494140625,252.899978637695,-5.23709106445313,-1.99044799804688
20180830,18,22,65,40000,7610.06884765625,252.800003051758,-7.38527822494507,-4.28580331802368
20180831,0,22,65,40000,7590.62255859375,253.100021362305,-7.06484365463257,-7.71369647979736
20180831,6,22,65,40000,7589.88134765625,253.199996948242,-5.24240732192993,-10.0164365768433
20180831,12,22,65,40000,7565.85009765625,253.5,-2.17340707778931,-9.5008544921875
20180831,18,22,65,40000,7574.43994140625,253.100006103516,1.073974609375,-10.0876712799072
20180901,0,22,65,40000,7559.5576171875,253.300003051758,3.91536259651184,-5.59962177276611
20180901,6,22,65,40000,7561.25439453125,254.100006103516,3.6409912109375,-3.69081425666809
20180901,12,22,65,40000,7533.708984375,254.999969482422,4.48803091049194,-3.73450326919556
20180901,18,22,65,40000,7545.71923828125,255.100006103516,6.21567392349243,-7.40351581573486
20180902,0,22,65,40000,7531.57958984375,254.5,11.6871309280396,-4.65803241729736
20180902,6,22,65,40000,7535.810546875,254.443603515625,12.8500642776489,-4.38667917251587
20180902,12,22,65,40000,7518.2685546875,254.743606567383,18.1897888183594,-3.6319580078125
20180902,18,22,65,40000,7528.37646484375,255.410064697266,19.7338066101074,-2.71334218978882
20180903,0,22,65,40000,7506.21435546875,256.100006103516,25.4096622467041,-7.58554983139038
20180903,6,22,65,40000,7510.16357421875,256.100006103516,27.3525505065918,-12.3563175201416
20180903,12,22,65,40000,7484.857421875,254.94660949707,31.6036720275879,-9.66675758361816
20180903,18,22,65,40000,7487.51513671875,254.806976318359,31.1663055419922,-4.33162546157837
20180904,0,22,65,40000,7469.642578125,255.099975585938,35.7670135498047,1.20397639274597
20180904,6,22,65,40000,7475.908203125,255.699996948242,39.1424179077148,0.304821789264679
20180904,12,22,65,40000,7458.24169921875,254.600006103516,39.6128311157227,-3.03984379768372
20180904,18,22,65,40000,7467.87255859375,253.599975585938,37.3454246520996,-2.54115724563599
20180905,0,22,65,40000,7452.76708984375,253.100006103516,34.8599891662598,-0.920791029930115
20180905,6,22,65,40000,7457.705078125,252.899978637695,33.5941772460938,-1.23224484920502
20180905,12,22,65,40000,7440.7900390625,252.106979370117,32.8951187133789,-4.59996318817139
20180905,18,22,65,40000,7456.01123046875,252.199996948242,37.1637802124023,0.697869896888733
20180906,0,22,65,40000,7458.29296875,252.600006103516,33.7589340209961,-0.373784184455872
20180906,6,22,65,40000,7484.47705078125,252.800003051758,31.0072975158691,1.86967158317566
20180906,12,22,65,40000,7480.98193359375,252.5,26.8648319244385,4.11849975585938
20180906,18,22,65,40000,7505.46044921875,252.399993896484,21.7988948822021,7.13917255401611
20180907,0,22,65,40000,7506.50048828125,252.885299682617,19.698902130127,6.86269521713257
20180907,6,22,65,40000,7529.77294921875,253.399978637695,18.4121341705322,6.08048391342163
20180907,12,22,65,40000,7524.150390625,253.899993896484,14.737813949585,2.82290029525757
20180907,18,22,65,40000,7538.3876953125,253.892532348633,15.9977054595947,2.30002450942993
20180908,0,22,65,40000,7516.78564453125,252.899978637695,18.9381504058838,4.05654287338257
20180908,6,22,65,40000,7527.8076171875,253.100006103516,17.7354545593262,6.193603515625
20180908,12,22,65,40000,7513.02490234375,253.79997253418,18.564245223999,7.20001840591431
20180908,18,22,65,40000,7527.17236328125,253.100006103516,14.4367771148682,6.96994638442993
20180909,0,22,65,40000,7506.62255859375,252.800003051758,13.3207759857178,4.40059185028076
20180909,6,22,65,40000,7515.9326171875,251.899993896484,13.2383975982666,2.71956181526184
20180909,12,22,65,40000,7495.94580078125,252.300003051758,15.4935426712036,4.21589374542236
20180909,18,22,65,40000,7506.93115234375,251.5,14.9605150222778,2.58368158340454
20180910,0,22,65,40000,7491.40576171875,251.29997253418,15.3424167633057,-0.785791039466858
20180910,6,22,65,40000,7501.5205078125,251.100006103516,15.9398069381714,-1.08474123477936
20180910,12,22,65,40000,7485.43994140625,250.899993896484,14.7964506149292,-0.467597663402557
20180910,18,22,65,40000,7507.029296875,250.600006103516,17.3451900482178,-4.11797380447388
20180911,0,22,65,40000,7494.845703125,250.699996948242,18.0495758056641,-3.04951167106628
20180911,6,22,65,40000,7513.62744140625,250.699996948242,16.6494960784912,-3.90071415901184
20180911,12,22,65,40000,7500.02490234375,250.300003051758,15.2195253372192,-2.84585571289063
20180911,18,22,65,40000,7517.08642578125,249.699996948242,12.4408016204834,-3.26298832893372
20180912,0,22,65,40000,7505.60791015625,250.085296630859,11.827618598938,-0.599945068359375
20180912,6,22,65,40000,7527.02978515625,251,12.6693544387817,-0.422970592975616
20180912,12,22,65,40000,7507.56494140625,251.21467590332,10.6304378509521,-4.45176982879639
20180912,18,22,65,40000,7517.7431640625,249.971527099609,9.38868999481201,-1.71907961368561
20180913,0,22,65,40000,7509.43115234375,249.699996948242,11.8470096588135,6.06503915786743
20180913,6,22,65,40000,7536.88232421875,252.800018310547,5.23130512237549,17.2892112731934
20180913,12,22,65,40000,7547.369140625,253.399993896484,-0.844512939453125,15.1825313568115
20180913,18,22,65,40000,7579.95556640625,254,3.75726318359375,7.15723276138306
20180914,12,22,65,40000,7583.5126953125,253.999969482422,1.14227902889252,6.32528686523438
20180914,18,22,65,40000,7605.513671875,254.399978637695,-0.986193835735321,5.95761108398438
20180915,0,22,65,40000,7598.58447265625,255.300003051758,-0.200152590870857,5.70150136947632
20180915,6,22,65,40000,7615.21044921875,255.999969482422,0.955319225788116,2.97097778320313
20180915,12,22,65,40000,7598.80615234375,255.899993896484,2.04927968978882,0.108984373509884
20180915,18,22,65,40000,7614.73828125,255.899993896484,3.61843872070313,-1.51532590389252
20180916,0,22,65,40000,7596.7138671875,255.899978637695,4.89805603027344,-3.26424551010132
20180916,12,22,65,40000,7587.17578125,255.399993896484,6.86542987823486,-3.35387563705444
20180916,18,22,65,40000,7605.4443359375,255.100006103516,6.17919635772705,-3.5029296875
20180917,0,22,65,40000,7588.72314453125,254.899993896484,7.00003671646118,-4.52193593978882
20180917,6,22,65,40000,7598.25634765625,255.199996948242,6.77480173110962,-4.42030048370361
20180917,12,22,65,40000,7578.638671875,255.199996948242,3.76979684829712,-6.08277606964111
20180917,18,22,65,40000,7598.060546875,255.199981689453,1.9256317615509,-8.37272357940674
20180918,0,22,65,40000,7582.76171875,255.5,1.32913088798523,-8.50110816955566
20180918,6,22,65,40000,7588.09423828125,255.899993896484,1.7760351896286,-10.154013633728
20180918,12,22,65,40000,7566.43017578125,256.599975585938,4.15759038925171,-9.85453605651855
20180918,18,22,65,40000,7572.55078125,256.799987792969,6.98746109008789,-6.25436019897461
20180919,0,22,65,40000,7560.8564453125,256.299987792969,14.2052803039551,0.0738769546151161
20180919,6,22,65,40000,7567.96044921875,256.200012207031,15.0654077529907,-1.89002442359924
20180919,12,22,65,40000,7545.4375,256.100006103516,17.2259292602539,-7.54981422424316
20180919,18,22,65,40000,7558.64697265625,255.399978637695,20.2116355895996,-8.5773868560791
20180920,0,22,65,40000,7537.361328125,255,16.6237258911133,-5.86967754364014
20180920,6,22,65,40000,7541.47021484375,255,20.3866539001465,-4.40003681182861
20180920,12,22,65,40000,7527.103515625,254.099975585938,23.6716194152832,-3.8534619808197
20180920,18,22,65,40000,7544.083984375,253.5,21.9296436309814,-5.99896955490112
20180921,0,22,65,40000,7526.8857421875,253.131683349609,24.4190673828125,-4.953369140625
20180921,6,22,65,40000,7532.10107421875,252.699981689453,22.4308433532715,-1.77243649959564
20180921,12,22,65,40000,7521.4775390625,253.129150390625,21.2246208190918,3.82574462890625
20180921,18,22,65,40000,7544.541015625,253.385772705078,18.313756942749,-4.26947641372681
20180922,0,22,65,40000,7522.56005859375,253,19.9648933410645,-2.2975127696991
20180922,6,22,65,40000,7535.28125,252.5,18.6591491699219,-2.50665593147278
20180922,12,22,65,40000,7514.10302734375,252.199996948242,20.5160369873047,-3.58248901367188
20180922,18,22,65,40000,7522.1298828125,251.968307495117,25.2742214202881,-6.72877788543701
20180923,0,22,65,40000,7501.05859375,252.899993896484,26.2889251708984,-0.6572265625
20180923,6,22,65,40000,7515.33740234375,253.399993896484,24.2635536193848,-2.18001699447632
20180923,12,22,65,40000,7498.48828125,253.099975585938,22.5588684082031,-5.03180551528931
20180923,18,22,65,40000,7523.4638671875,253,20.894214630127,-8.53333759307861
20180924,0,22,65,40000,7514.240234375,253.399993896484,18.8662357330322,-10.9962587356567
20180924,6,22,65,40000,7534.46875,253.199996948242,18.7899417877197,-14.3553590774536
20180924,12,22,65,40000,7518.46923828125,253.399978637695,20.8369560241699,-14.1999664306641
20180924,18,22,65,40000,7537.984375,253.800003051758,21.2860622406006,-16.9455871582031
20180925,0,22,65,40000,7522.2470703125,253.999969482422,23.144323348999,-17.306116104126
20180925,6,22,65,40000,7539.4794921875,253.100006103516,23.1769008636475,-18.8191528320313
20180925,12,22,65,40000,7524.31640625,252.800003051758,23.0276908874512,-17.2086067199707
20180925,18,22,65,40000,7538.3330078125,253.100006103516,20.7672538757324,-18.7165222167969
20180926,0,22,65,40000,7519.43017578125,253.639404296875,23.4099006652832,-19.1815452575684
20180926,6,22,65,40000,7526.82666015625,253.699981689453,28.8624324798584,-12.5633239746094
20180926,12,22,65,40000,7507.7275390625,252.899993896484,27.5826511383057,-11.1928834915161
20180926,18,22,65,40000,7526.99072265625,252.899993896484,27.2618045806885,-8.13325214385986
20180927,0,22,65,40000,7515.181640625,252.931686401367,27.0274600982666,-8.34836101531982
20180927,6,22,65,40000,7526.22998046875,252.399993896484,22.4543495178223,-6.18688344955444
20180927,12,22,65,40000,7504.74072265625,252.521926879883,22.0817985534668,-12.6412839889526
20180927,18,22,65,40000,7510.59619140625,252.785278320313,24.1777095794678,-15.7965879440308
20180928,0,22,65,40000,7476.29052734375,252.399993896484,24.9925479888916,-17.5174446105957
20180928,6,22,65,40000,7474.29833984375,253.699996948242,28.2673740386963,-9.52670860290527
20180928,12,22,65,40000,7458.912109375,253.300003051758,28.2766571044922,-6.18006610870361
20180928,18,22,65,40000,7472.42919921875,252.199996948242,27.1774654388428,-8.92228984832764
20180929,0,22,65,40000,7456.74755859375,252.399993896484,36.2628898620605,0.856259763240814
20180929,6,22,65,40000,7476.08251953125,254.199996948242,40.2999801635742,3.71658325195313
20180929,12,22,65,40000,7472.35498046875,254.275543212891,34.7770614624023,6.72194194793701
20180929,18,22,65,40000,7502.0625,253.775512695313,28.5556373596191,4.46331167221069
20180930,0,22,65,40000,7499.21484375,253.600006103516,26.1608333587646,8.57796669006348
20180930,6,22,65,40000,7518.080078125,253.100006103516,20.4427089691162,14.4564638137817
20180930,12,22,65,40000,7513.11181640625,253.699996948242,19.5440979003906,15.9863586425781
20180930,18,22,65,40000,7538.57763671875,254.300003051758,17.4939384460449,16.4560604095459
20181001,0,22,65,40000,7537.982421875,255,19.4211330413818,17.5999755859375
20181001,6,22,65,40000,7559.81640625,254.210006713867,17.2676792144775,21.7437381744385
20181001,12,22,65,40000,7550.583984375,253.899993896484,18.0465908050537,20.1612911224365
20181001,18,22,65,40000,7575.447265625,253.699996948242,15.8392887115479,17.0048027038574
20181002,0,22,65,40000,7572.39892578125,254.082763671875,15.5076904296875,12.8618106842041
20181002,6,22,65,40000,7590.57080078125,254.982757568359,16.0195922851563,11.8128967285156
20181002,12,22,65,40000,7581.22802734375,255.100006103516,15.304967880249,10.0767087936401
20181002,18,22,65,40000,7599.4111328125,255.199996948242,15.1119203567505,6.33122539520264
20181003,0,22,65,40000,7584.75390625,255.699996948242,16.6423225402832,3.90067744255066
20181003,6,22,65,40000,7595.9248046875,255.917236328125,16.4151554107666,2.88170909881592
20181003,12,22,65,40000,7575.23681640625,256,17.3101463317871,1.30897831916809
20181003,18,22,65,40000,7592.84423828125,255.300003051758,15.4220094680786,0.347324222326279
20181004,0,22,65,40000,7578.8349609375,255.100006103516,14.2587280273438,-1.40001833438873
20181004,6,22,65,40000,7589.205078125,254.599975585938,13.2464017868042,-3.69004201889038
20181004,12,22,65,40000,7576.61083984375,254.399978637695,15.4059810638428,-5.74411010742188
20181004,18,22,65,40000,7589.55810546875,253.600021362305,17.3038578033447,-5.62935066223145
20181005,0,22,65,40000,7575.9501953125,253.70832824707,16.5722808837891,-4.02206563949585
20181005,6,22,65,40000,7588.4111328125,253.800003051758,13.4854373931885,-5.69994211196899
20181005,12,22,65,40000,7570.9931640625,253.399978637695,13.4390869140625,-7.93229961395264
20181005,18,22,65,40000,7590.5498046875,253.122680664063,14.6037349700928,-8.62916278839111
20181006,0,22,65,40000,7582.6875,252.800003051758,15.7193908691406,-8.58244037628174
20181006,6,22,65,40000,7594.98486328125,252.800003051758,16.8051338195801,-7.71881818771362
20181006,12,22,65,40000,7578.2587890625,253.43180847168,17.7796058654785,-5.67918682098389
20181006,18,22,65,40000,7604.611328125,253.5,17.2792110443115,-3.56428217887878
20181007,0,22,65,40000,7592.748046875,253.699996948242,17.369909286499,-0.763604760169983
20181007,6,22,65,40000,7604.07373046875,253.399993896484,16.1145992279053,-2.91434335708618
20181007,12,22,65,40000,7585.677734375,253.278076171875,17.4457054138184,-1.75607907772064
20181007,18,22,65,40000,7601.5625,253.624435424805,16.524829864502,-1.64129638671875
20181008,0,22,65,40000,7584.654296875,253.699996948242,17.7705497741699,-0.995214819908142
20181008,6,22,65,40000,7595.498046875,253.382766723633,18.4322834014893,-0.0634912103414536
20181008,12,22,65,40000,7574.306640625,253.300003051758,17.618824005127,-0.547778308391571
20181008,18,22,65,40000,7587.359375,253.399993896484,20.8681221008301,-1.55552732944489
20181009,0,22,65,40000,7567.93505859375,253,20.4946937561035,1.07504880428314
20181009,6,22,65,40000,7576.17431640625,253.300003051758,20.3201332092285,1.5633544921875
20181009,12,22,65,40000,7556.02197265625,252.199996948242,18.5608177185059,1.0872802734375
20181009,18,22,65,40000,7572.431640625,251.301177978516,16.4259757995605,-0.125683590769768
20181010,0,22,65,40000,7550.541015625,251.041961669922,16.4377994537354,-1.38601684570313
20181010,6,22,65,40000,7558.57373046875,249.899993896484,18.587703704834,1.23209834098816
20181010,12,22,65,40000,7535.82861328125,250.497222900391,13.7977600097656,2.23470163345337
20181010,18,22,65,40000,7559.1123046875,251.5,11.4860324859619,9.46749305725098
20181011,0,22,65,40000,7559.810546875,252.543579101563,4.68472003936768,11.2510738372803
20181011,6,22,65,40000,7576.7373046875,252.600006103516,1.72119450569153,4.84052753448486
20181011,12,22,65,40000,7567.880859375,252.182769775391,4.52788686752319,3.60532236099243
20181011,18,22,65,40000,7588.54541015625,252.899993896484,3.76236867904663,4.36896371841431
20181012,0,22,65,40000,7583.50732421875,253.553375244141,7.39790058135986,6.80001211166382
20181012,6,22,65,40000,7598.09521484375,253.399993896484,7.10417175292969,5.74009990692139
20181012,12,22,65,40000,7580.35888671875,253.600006103516,9.98958396911621,5.63832378387451
20181012,18,22,65,40000,7595.72119140625,253.5,10.1854248046875,4.72974872589111
20181013,0,22,65,40000,7579.7919921875,253.600006103516,13.2650270462036,8.03245258331299
20181013,6,22,65,40000,7591.580078125,253.624465942383,14.2591524124146,6.97334003448486
20181013,12,22,65,40000,7576.54052734375,253.853851318359,16.0153713226318,7.22121572494507
20181013,18,22,65,40000,7592.5419921875,253.692535400391,14.8369903564453,7.41111469268799
20181014,0,22,65,40000,7578.26708984375,254.329147338867,17.1907081604004,6.28762817382813
20181014,6,22,65,40000,7587.9287109375,253.800003051758,16.1468315124512,6.78288555145264
20181014,12,22,65,40000,7565.009765625,253.399993896484,14.4543027877808,3.79783320426941
20181014,18,22,65,40000,7580.10107421875,253.399993896484,14.1419830322266,0.0632690414786339
20181015,0,22,65,40000,7569.2783203125,253.099975585938,14.0814085006714,-2.67279672622681
20181015,6,22,65,40000,7581.56689453125,252.300003051758,15.1160154342651,-5.22675180435181
20181015,12,22,65,40000,7560.1044921875,252,21.3163204193115,-4.54136943817139
20181015,18,22,65,40000,7569.3349609375,252.5,16.8768348693848,-2.70656132698059
20181016,0,22,65,40000,7554.763671875,252.499969482422,20.2768363952637,-2.49982309341431
20181016,6,22,65,40000,7563.80859375,251.899978637695,19.1580543518066,-1.01286625862122
20181016,12,22,65,40000,7539.3662109375,251.300003051758,18.2575531005859,0.363610833883286
20181016,18,22,65,40000,7550.41796875,250.546112060547,16.9756278991699,2.78834223747253
20181017,0,22,65,40000,7537.923828125,251.199996948242,15.7185001373291,6.46144390106201
20181017,6,22,65,40000,7556.681640625,251.800003051758,9.37379169464111,9.00203227996826
20181017,12,22,65,40000,7544.3037109375,252.599975585938,8.63154315948486,5.94168090820313
20181017,18,22,65,40000,7562.09326171875,252.5,11.3746461868286,6.99447011947632
20181018,0,22,65,40000,7546.81103515625,253.199996948242,12.4796905517578,9.59872436523438
20181018,6,22,65,40000,7559.9306640625,252.899993896484,11.8104915618896,6.65283203125
20181018,12,22,65,40000,7545.06005859375,252.79997253418,14.0568237304688,3.13693857192993
20181018,18,22,65,40000,7565.462890625,253.199996948242,14.748517036438,2.35948491096497
20181019,0,22,65,40000,7552.30859375,253.100006103516,14.1065368652344,3.56219482421875
20181019,6,22,65,40000,7560.88330078125,253.199996948242,17.4295997619629,4.69304800033569
20181019,18,22,65,40000,7547.4951171875,253.499969482422,16.9693412780762,9.72014808654785
20181020,0,22,65,40000,7538.89453125,253.999969482422,13.8225650787354,10.5654420852661
20181020,6,22,65,40000,7554.423828125,253.56787109375,14.4937839508057,9.32247352600098
20181020,12,22,65,40000,7538.201171875,253.660598754883,12.53395652771,10.9869632720947
20181020,18,22,65,40000,7563.623046875,254.600006103516,7.58296203613281,9.09355449676514
20181021,0,22,65,40000,7554.78125,254.495574951172,9.62740516662598,8.15084266662598
20181021,6,22,65,40000,7572.65576171875,254.592529296875,13.6078586578369,12.4804811477661
20181021,12,22,65,40000,7565.89794921875,254.485305786133,10.5899171829224,12.2529544830322
20181021,18,22,65,40000,7588.087890625,254.699996948242,9.23375225067139,8.26323509216309
20181022,0,22,65,40000,7575.69677734375,254.699996948242,7.87637329101563,7.70052194595337
20181022,6,22,65,40000,7592.02734375,254.699996948242,7.63408184051514,7.15587759017944
20181022,12,22,65,40000,7581.5341796875,254.875534057617,10.8945894241333,5.34804677963257
20181022,18,22,65,40000,7601.9150390625,254.87809753418,12.3914918899536,3.80248403549194
20181023,0,22,65,40000,7581.92431640625,254.94384765625,14.6561460494995,2.62215566635132
20181023,6,22,65,40000,7593.7744140625,254.785308837891,18.4689273834229,1.83486938476563
20181023,12,22,65,40000,7571.80517578125,255.038909912109,21.7476501464844,-0.350805670022964
20181023,18,22,65,40000,7590.64306640625,254.70002746582,20.1904029846191,-0.291558831930161
20181024,0,22,65,40000,7578.017578125,255.292526245117,19.2515621185303,2.79996347427368
20181024,6,22,65,40000,7594.72802734375,255.699996948242,19.1124076843262,2.79002690315247
20181024,12,22,65,40000,7576.55810546875,255.600006103516,19.0559997558594,0.922460913658142
20181024,18,22,65,40000,7594.74755859375,256.199981689453,18.0440483093262,0.076202392578125
20181025,0,22,65,40000,7581.61572265625,256.100006103516,18.4193782806396,-2.74411630630493
20181025,6,22,65,40000,7590.0830078125,256.061096191406,18.0863456726074,-4.47424936294556
20181025,12,22,65,40000,7570.365234375,255.892501831055,19.4874210357666,-5.79865121841431
20181025,18,22,65,40000,7590.88330078125,255.792556762695,20.7753238677979,-7.90380859375
20181026,0,22,65,40000,7577.61181640625,255.5,22.3802604675293,-9.41436767578125
20181026,6,22,65,40000,7591.88134765625,255.599975585938,22.5397701263428,-9.59765625
20181026,12,22,65,40000,7571.5966796875,255.907470703125,22.6589622497559,-9.41420269012451
20181026,18,22,65,40000,7584.54541015625,255.899993896484,21.2160148620605,-14.2404909133911
20181027,0,22,65,40000,7566.32177734375,255.54345703125,21.3631286621094,-15.1868772506714
20181027,6,22,65,40000,7585.884765625,254.682373046875,21.341854095459,-9.99997520446777
20181027,12,22,65,40000,7577.24755859375,254.943481445313,19.7953281402588,-6.77062368392944
20181027,18,22,65,40000,7597.25,254.899978637695,17.4465522766113,-7.82635498046875
20181028,0,22,65,40000,7588.22021484375,255.468307495117,16.8426322937012,-9.27761268615723
20181028,6,22,65,40000,7602.09423828125,255.699996948242,18.0751552581787,-9.74202919006348
20181028,12,22,65,40000,7585.44580078125,255.8203125,19.1166229248047,-8.33299541473389
20181028,18,22,65,40000,7603.6767578125,255.297439575195,20.3931770324707,-5.5166015625
20181029,0,22,65,40000,7594.21142578125,255.33332824707,19.5178871154785,-0.571881115436554
20181029,6,22,65,40000,7600.271484375,255.923049926758,15.8968811035156,-1.59841310977936
20181029,12,22,65,40000,7585.24560546875,255.441940307617,15.4040098190308,-2.73461294174194
20181029,18,22,65,40000,7599.21240234375,254.699996948242,15.9012022018433,-0.030303955078125
20181030,0,22,65,40000,7582.0244140625,255.899993896484,13.2922639846802,-0.704632580280304
20181030,6,22,65,40000,7588.71435546875,255.399993896484,12.5857028961182,-4.94884014129639
20181030,12,22,65,40000,7571.74853515625,254.79997253418,13.0008945465088,-4.13323354721069
20181030,18,22,65,40000,7581.56640625,254.5,13.8319149017334,-6.19083261489868
20181031,0,22,65,40000,7568.43115234375,254.513061523438,13.4018278121948,-6.49999380111694
20181031,6,22,65,40000,7578.19677734375,254.800018310547,13.2884244918823,-7.70330810546875
20181031,12,22,65,40000,7563.3466796875,254.600006103516,12.4707670211792,-10.1007328033447
20181031,18,22,65,40000,7587.8330078125,254.013061523438,10.7265567779541,-11.002965927124
20181101,0,22,65,40000,7575.0048828125,253.440521240234,8.91535663604736,-9.53337383270264
20181101,6,22,65,40000,7592.44873046875,253,9.40739727020264,-6.10291147232056
20181101,12,22,65,40000,7574.87646484375,252.199996948242,7.21642351150513,-7.76974630355835
20181101,18,22,65,40000,7595.49072265625,252.337249755859,4.01535034179688,-8.15011596679688
20181102,0,22,65,40000,7579.224609375,252.199996948242,1.68516850471497,-7.71502065658569
20181102,6,22,65,40000,7591.17626953125,251.899978637695,1.40086674690247,-7.11441659927368
20181102,12,22,65,40000,7571.20947265625,251.51887512207,1.67991638183594,-5.76251220703125
20181102,18,22,65,40000,7580.27880859375,251.549224853516,2.6467010974884,-3.86744999885559
20181103,0,22,65,40000,7560.134765625,250.884521484375,1.32695925235748,-2.39763188362122
20181103,6,22,65,40000,7566.509765625,251.300003051758,2.63770747184753,-0.3570556640625
20181103,12,22,65,40000,7541.95703125,251.511688232422,3.21491384506226,0.695874035358429
20181103,18,22,65,40000,7557.35986328125,252,3.52521967887878,-0.474865734577179
20181104,0,22,65,40000,7542.66064453125,252.100006103516,5.65501403808594,-1.19887697696686
20181104,6,22,65,40000,7551.94384765625,252.736373901367,8.81455707550049,-0.373529046773911
20181104,12,22,65,40000,7526.93505859375,252.899993896484,12.8141269683838,0.81121826171875
20181104,18,22,65,40000,7536.80126953125,252.79997253418,12.7073421478271,1.45819091796875
20181105,0,22,65,40000,7521.048828125,253.199981689453,14.1556425094604,2.30557870864868
20181105,6,22,65,40000,7529.6455078125,252.899993896484,13.0060367584229,2.60550546646118
20181105,12,22,65,40000,7502.8310546875,252.624465942383,12.4523010253906,0.700164794921875
20181105,18,22,65,40000,7513.33544921875,252.699996948242,14.1803531646729,-2.02891850471497
20181106,0,22,65,40000,7492.0419921875,252.600006103516,13.7212800979614,-2.54521489143372
20181106,6,22,65,40000,7490.6591796875,250.908401489258,7.40373516082764,-3.16570425033569
20181106,12,22,65,40000,7463.78125,250.156539916992,8.37891578674316,-5.86898803710938
20181106,18,22,65,40000,7474.2275390625,250.6005859375,10.4817810058594,-2.89984130859375
20181107,0,22,65,40000,7464.228515625,252.149200439453,11.342004776001,-1.07313227653503
20181107,6,22,65,40000,7483.2783203125,251.669525146484,12.8306636810303,-2.15228271484375
20181107,12,22,65,40000,7469.16015625,251.532318115234,12.7335147857666,-1.18940424919128
20181107,18,22,65,40000,7495.43310546875,252.105026245117,13.5894746780396,-4.35673809051514
20181108,0,22,65,40000,7480.71142578125,251.325927734375,11.5734987258911,-5.91911602020264
20181108,6,22,65,40000,7490.96826171875,250.337768554688,13.8815364837646,-9.95458984375
20181108,12,22,65,40000,7472.162109375,250.5087890625,16.8465919494629,-6.4798583984375
20181108,18,22,65,40000,7493.27880859375,250.899993896484,16.1457214355469,-5.64400005340576
20181109,0,22,65,40000,7483.84423828125,251.563629150391,15.9349241256714,-6.23984384536743
20181109,6,22,65,40000,7503.978515625,252.300003051758,13.2061710357666,-5.12889385223389
20181109,12,22,65,40000,7494.78955078125,252.699996948242,12.5732421875,-11.2843532562256
20181109,18,22,65,40000,7520.42236328125,253.627563476563,15.2046175003052,-13.3707332611084
20181110,0,22,65,40000,7512.43896484375,254.199996948242,16.9981079101563,-14.8396244049072
20181110,6,22,65,40000,7532.5693359375,254.300003051758,17.9427242279053,-15.6461486816406
20181110,12,22,65,40000,7524.875,254.5,18.5884437561035,-14.1999940872192
20181110,18,22,65,40000,7548.28955078125,254.382247924805,15.7305240631104,-16.3992252349854
20181111,0,22,65,40000,7537.455078125,254.79997253418,16.7625942230225,-17.5323181152344
20181111,6,22,65,40000,7545.45751953125,254.399993896484,18.2924613952637,-21.2063102722168
20181111,12,22,65,40000,7527.767578125,253.714721679688,17.8633213043213,-24.0810356140137
20181111,18,22,65,40000,7542.2138671875,252.699996948242,19.9302978515625,-23.9794063568115
20181112,0,22,65,40000,7531.0751953125,251.699996948242,25.1928405761719,-15.6643371582031
20181112,6,22,65,40000,7552.609375,252.144973754883,24.2974491119385,-12.6265687942505
20181112,12,22,65,40000,7538.1279296875,252.699981689453,20.7505702972412,-10.5584716796875
20181112,18,22,65,40000,7558.88818359375,252.706954956055,18.1917972564697,-7.94776630401611
20181113,0,22,65,40000,7552.00634765625,252.699996948242,14.0649662017822,-3.84891057014465
20181113,6,22,65,40000,7575.064453125,253.100006103516,9.23914813995361,-0.296118170022964
20181113,12,22,65,40000,7562.69677734375,253.17805480957,8.2732515335083,-0.386157214641571
20181113,18,22,65,40000,7582.38671875,253.124465942383,6.15428447723389,-1.00764775276184
20181114,0,22,65,40000,7573.08447265625,252.899978637695,4.66420602798462,-1.32362055778503
20181114,6,22,65,40000,7586.9189453125,252.600006103516,3.6295440196991,-1.87353515625
20181114,12,22,65,40000,7569.78271484375,253.507354736328,8.15553283691406,-0.729077160358429
20181114,18,22,65,40000,7588.21240234375,253.699996948242,9.14443397521973,-2.01651310920715
20181115,0,22,65,40000,7571.97021484375,253.300003051758,9.26823139190674,-2.87336421012878
20181115,6,22,65,40000,7583.56689453125,253.699981689453,7.88533306121826,-3.74764108657837
20181115,12,22,65,40000,7562.47607421875,253,8.11372947692871,-3.89274597167969
20181115,18,22,65,40000,7577.57958984375,252.56526184082,8.95399475097656,-4.93205547332764
20181116,0,22,65,40000,7562.017578125,252.146148681641,7.53551626205444,-6.02463674545288
20181116,6,22,65,40000,7571.71728515625,251.600006103516,8.02206993103027,-5.52293109893799
20181116,12,22,65,40000,7551.8154296875,251.777801513672,8.90280437469482,-6.44039297103882
20181116,18,22,65,40000,7570.763671875,252,8.416748046875,-5.19137859344482
20181117,0,22,65,40000,7565.0517578125,252.29997253418,8.19171714782715,-2.92292785644531
20181117,6,22,65,40000,7580.62646484375,252,5.49990844726563,-2.36441659927368
20181117,12,22,65,40000,7564.01953125,251.854034423828,3.95388793945313,-3.81536865234375
20181117,18,22,65,40000,7585.66259765625,252,5.36974811553955,-3.34781503677368
20181118,0,22,65,40000,7577.3681640625,252.859832763672,3.99070739746094,-2.44001460075378
20181118,6,22,65,40000,7593.33642578125,252.711639404297,5.34872722625732,-2.5411376953125
20181118,12,22,65,40000,7581.5185546875,252.699996948242,6.96177959442139,1.13488161563873
20181118,18,22,65,40000,7597.7392578125,253,6.13474750518799,2.30006718635559
20181119,0,22,65,40000,7587.30126953125,253.600006103516,2.63641977310181,3.88038325309753
20181119,6,22,65,40000,7603.89013671875,254.600006103516,1.59212648868561,2.79562997817993
20181119,12,22,65,40000,7584.51513671875,254.79997253418,2.01166391372681,3.90200185775757
20181119,18,22,65,40000,7602.814453125,255.699996948242,-1.17008662223816,4.76505136489868
20181120,0,22,65,40000,7590.517578125,256.301940917969,-3.36119985580444,3.20003056526184
20181120,6,22,65,40000,7602.6220703125,256.299987792969,-2.36270141601563,-1.29854738712311
20181120,12,22,65,40000,7581.291015625,255.899993896484,0.922265648841858,-2.83171391487122
20181120,18,22,65,40000,7602.10546875,255.100006103516,4.17975473403931,-4.20418071746826
20181121,0,22,65,40000,7589.759765625,255.5,5.10561513900757,-4.00001811981201
20181121,6,22,65,40000,7607.65673828125,255.5,3.58086252212524,-4.33085918426514
20181121,12,22,65,40000,7590.1962890625,254.899993896484,2.96996164321899,-6.29887676239014
20181121,18,22,65,40000,7614.94482421875,254.5,2.98641061782837,-7.25330829620361
20181122,0,22,65,40000,7601.85986328125,254.199996948242,4.78861999511719,-7.47042846679688
20181122,6,22,65,40000,7618.8310546875,254.399993896484,3.69191884994507,-6.40446758270264
20181122,12,22,65,40000,7600.35693359375,253.702667236328,4.19673156738281,-5.44030141830444
20181122,18,22,65,40000,7614.130859375,253.9287109375,5.35315561294556,-3.98695063591003
20181123,0,22,65,40000,7597.64306640625,253.905364990234,8.10087871551514,-2.50005483627319
20181123,6,22,65,40000,7607.95947265625,253.83332824707,8.09158325195313,1.59998166561127
20181123,12,22,65,40000,7583.640625,253.447784423828,5.61720561981201,3.32119131088257
20181123,18,22,65,40000,7600.5498046875,253.659454345703,5.9464750289917,3.94606924057007
20181124,0,22,65,40000,7583.8857421875,254.273849487305,7.04855346679688,4.05573749542236
20181124,6,22,65,40000,7593.32763671875,254.262283325195,7.88975811004639,1.64660036563873
20181124,12,22,65,40000,7569.41455078125,253.779739379883,10.8618774414063,2.24130249023438
20181124,18,22,65,40000,7582.158203125,253.36067199707,10.9217405319214,3.90258479118347
20181125,0,22,65,40000,7569.0654296875,253.372482299805,8.29769897460938,4.19303274154663
20181125,6,22,65,40000,7581.2587890625,253.899993896484,6.45477294921875,3.57087707519531
20181125,12,22,65,40000,7563.93310546875,253.572463989258,6.54336929321289,2.102783203125
20181125,18,22,65,40000,7582.1962890625,253.372482299805,5.29811525344849,1.408447265625
20181126,0,22,65,40000,7569.70361328125,253.600006103516,4.65459728240967,1.55883300304413
20181126,6,22,65,40000,7585.52685546875,253.24055480957,3.61328744888306,1.80320429801941
20181126,12,22,65,40000,7576.10009765625,252.899993896484,2.65743160247803,1.59580075740814
20181126,18,22,65,40000,7597.0048828125,253,1.43833613395691,0.164019778370857
20181127,0,22,65,40000,7588.796875,253.199996948242,2.04678964614868,-0.919519066810608
20181127,6,22,65,40000,7599.28955078125,253.100006103516,1.65957641601563,-1.51779174804688
20181127,12,22,65,40000,7578.47802734375,253.172515869141,2.53370594978333,-0.347099602222443
20181127,18,22,65,40000,7593.59375,253.800003051758,2.42940664291382,1.63142573833466
20181128,0,22,65,40000,7582.087890625,253.378692626953,2.37853264808655,2.2311327457428
20181128,6,22,65,40000,7587.0986328125,253.000030517578,0.415112316608429,1.91523921489716
20181128,12,22,65,40000,7566.8349609375,252.720901489258,0.486791998147964,0.722270488739014
20181128,18,22,65,40000,7580.57373046875,252.699996948242,1.59086430072784,0.719804704189301
20181129,0,22,65,40000,7570.54541015625,252.989654541016,0.716784656047821,2.20171499252319
20181129,6,22,65,40000,7584.294921875,253.003875732422,-0.000857543956954032,2.08162832260132
20181129,12,22,65,40000,7568.25927734375,252.899993896484,0.628775000572205,0.200048834085464
20181129,18,22,65,40000,7584.25634765625,252.600006103516,0.384343266487122,-1.74039554595947
20181130,0,22,65,40000,7575.060546875,252.5,1.84840083122253,-1.56774413585663
20181130,6,22,65,40000,7585.2724609375,252.300003051758,0.931437969207764,-0.081660158932209
20181130,12,22,65,40000,7569.232421875,252.121017456055,-0.737788081169128,-1.1761474609375
20181130,18,22,65,40000,7580.19873046875,252.033493041992,-1.89539790153503,-1.69113278388977
20181201,0,22,65,40000,7561.9150390625,251.884643554688,-1.7386382818222,-0.968707263469696
20181201,6,22,65,40000,7565.087890625,251.618774414063,-2.51626586914063,0.414355456829071
20181201,12,22,65,40000,7537.71826171875,251,-4.00008249282837,1.20187985897064
20181201,18,22,65,40000,7547.23583984375,250.840545654297,-4.22233581542969,1.30670166015625
20181202,0,22,65,40000,7530.15673828125,250.694427490234,-3.78523564338684,3.79599618911743
20181202,6,22,65,40000,7535.421875,250.391082763672,-3.09584355354309,5.30022573471069
20181202,12,22,65,40000,7510.1181640625,249.726104736328,-1.50242006778717,4.646728515625
20181202,18,22,65,40000,7521.65673828125,249.916213989258,-2.99540710449219,5.96920776367188
20181203,0,22,65,40000,7507.5185546875,250.127517700195,-3.95610666275024,8.51331806182861
20181203,6,22,65,40000,7516.98583984375,249.91276550293,-6.99813222885132,9.5799560546875
20181203,12,22,65,40000,7499.77197265625,250.100006103516,-10.1415281295776,8.20680522918701
20181203,18,22,65,40000,7522.9794921875,250.333694458008,-11.1732606887817,4.77298593521118
20181204,0,22,65,40000,7520.330078125,251.424560546875,-7.59013652801514,5.21029043197632
20181204,6,22,65,40000,7535.57861328125,251.885375976563,-5.78634643554688,5.34006357192993
20181204,12,22,65,40000,7518.79443359375,252.013275146484,-4.45851755142212,4.40534067153931
20181204,18,22,65,40000,7539.62548828125,252.299926757813,-3.81852412223816,3.99973154067993
20181205,0,22,65,40000,7533.990234375,252.399978637695,-3.59628295898438,2.89998769760132
20181205,6,22,65,40000,7545.64013671875,252.81462097168,-3.62945866584778,2.297607421875
20181205,12,22,65,40000,7527.068359375,252.699996948242,-0.935321033000946,1.01605832576752
20181205,18,22,65,40000,7544.20263671875,252.80241394043,1.82679748535156,1.56066286563873
20181206,0,22,65,40000,7535.015625,252.70002746582,3.18385624885559,3.47730708122253
20181206,6,22,65,40000,7548.541015625,253.0107421875,2.03602910041809,5.80308818817139
20181206,12,22,65,40000,7532.14794921875,253.628982543945,2.13400268554688,5.98739004135132
20181206,18,22,65,40000,7555.42138671875,254.227981567383,3.76567387580872,8.07114887237549
20181207,0,22,65,40000,7545.1748046875,254.261444091797,4.35977172851563,6.13721323013306
20181207,6,22,65,40000,7561.07763671875,254.371780395508,5.82515239715576,7.18007183074951
20181207,12,22,65,40000,7543.873046875,254.167846679688,7.69746112823486,5.81649160385132
20181207,18,22,65,40000,7557.81201171875,254.100021362305,8.6334981918335,4.37064933776855
20181208,0,22,65,40000,7548.3408203125,254.351348876953,11.5785884857178,4.88716793060303
20181208,6,22,65,40000,7561.05615234375,254.513885498047,12.0914554595947,2.22072267532349
20181208,12,22,65,40000,7549.68359375,254.40446472168,13.6154565811157,2.8057324886322
20181208,18,22,65,40000,7563.9326171875,254.318359375,13.4139404296875,1.7626006603241
20181209,0,22,65,40000,7553.39794921875,254.600006103516,14.5799980163574,3.47676277160645
20181209,6,22,65,40000,7560.12890625,254.503997802734,12.4606046676636,2.99295663833618
20181209,12,22,65,40000,7547.81103515625,254.699996948242,12.8446578979492,4.94980478286743
20181209,18,22,65,40000,7559.81396484375,254.791412353516,13.4722366333008,2.54270625114441
20181210,0,22,65,40000,7548.81103515625,254.815795898438,17.574914932251,1.32481694221497
20181210,6,22,65,40000,7558.7900390625,254.688842773438,19.5778865814209,-2.26249384880066
20181210,12,22,65,40000,7542.92822265625,254.026763916016,17.0532894134521,-3.33022451400757
20181210,18,22,65,40000,7561.2861328125,253.499969482422,15.1708402633667,-4.91503286361694
20181211,0,22,65,40000,7554.6669921875,253.276947021484,12.9999208450317,-5.72453594207764
20181211,6,22,65,40000,7573.45263671875,253.654983520508,11.5416965484619,-6.88925790786743
20181211,12,22,65,40000,7562.07763671875,253.972442626953,9.4999942779541,-9.32938194274902
20181211,18,22,65,40000,7581.53369140625,253.706756591797,7.88102436065674,-10.3155088424683
20181212,0,22,65,40000,7572.79833984375,253.380935668945,3.95122075080872,-9.74900245666504
20181212,6,22,65,40000,7587.455078125,253.100006103516,-0.714871227741241,-8.80782794952393
20181212,12,22,65,40000,7570.6630859375,252.685592651367,-2.36551809310913,-8.8921537399292
20181212,18,22,65,40000,7588.9267578125,252.687866210938,-2.01336359977722,-6.88147592544556
20181213,0,22,65,40000,7581.91015625,252.827545166016,2.4482696056366,-2.08364868164063
20181213,6,22,65,40000,7600.2060546875,252.429153442383,2.9310302734375,-2.82675170898438
20181213,12,22,65,40000,7587.67431640625,252.199996948242,2.8957793712616,-4.02385854721069
20181213,18,22,65,40000,7602.859375,251.800018310547,2.84442138671875,-3.44577646255493
20181214,0,22,65,40000,7591.69580078125,251.620269775391,1.29154968261719,-0.533532738685608
20181214,6,22,65,40000,7603.17822265625,251.699996948242,1.29255366325378,-0.919103980064392
20181214,12,22,65,40000,7576.171875,251.321655273438,1.31723630428314,0.800860583782196
20181214,18,22,65,40000,7585.873046875,251.199996948242,0.827465832233429,2.32140493392944
20181215,0,22,65,40000,7571.54736328125,251.5,1.37145388126373,3.00036001205444
20181215,6,22,65,40000,7577.9423828125,251.460372924805,1.6041259765625,4.42939472198486
20181215,12,22,65,40000,7551.8212890625,251.713088989258,1.61272275447845,5.87370014190674
20181215,18,22,65,40000,7567.845703125,252.304977416992,0.900274634361267,5.12893390655518
20181216,0,22,65,40000,7556.6611328125,252.899978637695,2.00314331054688,5.91282033920288
20181216,6,22,65,40000,7571.61767578125,252.79997253418,1.05034792423248,8.13415813446045
20181216,12,22,65,40000,7552.869140625,253.100021362305,1.54428708553314,7.76012897491455
20181216,18,22,65,40000,7572.650390625,253.5,2.428466796875,7.71945476531982
20181217,0,22,65,40000,7562.18701171875,253.899993896484,1.93211364746094,8.95693969726563
20181217,6,22,65,40000,7577.3095703125,254.899993896484,0.386248767375946,9.50004291534424
20181217,12,22,65,40000,7560.794921875,254.904388427734,1.72229313850403,8.34479999542236
20181217,18,22,65,40000,7578.6630859375,254.641143798828,2.51872563362122,8.01743793487549
20181218,0,22,65,40000,7567.91455078125,255.173919677734,2.60456228256226,8.49323749542236
20181218,6,22,65,40000,7577.7705078125,255.334869384766,-0.0949615463614464,8.72219848632813
20181218,12,22,65,40000,7553.17822265625,254.687744140625,-0.908331274986267,6.51059579849243
