20180720,0,-40,0,2000,26897.677734375,226.217239379883,-12.8075876235962,0.108134768903255
20180720,6,-40,0,2000,26909.9375,226.699996948242,-12.3099803924561,-0.522412121295929
20180720,12,-40,0,2000,26891.01953125,226.300003051758,-12.2952709197998,-0.646645486354828
20180720,18,-40,0,2000,26872.6484375,225.999969482422,-12.9951124191284,-0.916132807731628
20180721,0,-40,0,2000,26870.275390625,226.29997253418,-12.9999923706055,0.800117194652557
20180721,6,-40,0,2000,26895.044921875,226.896270751953,-13.1039867401123,-0.208581537008286
20180721,12,-40,0,2000,26875.10546875,226.399993896484,-13.5099954605103,0.396708995103836
20180721,18,-40,0,2000,26875.904296875,226.5,-12.7999954223633,-0.236030280590057
20180722,0,-40,0,2000,26881.7421875,226.399993896484,-13.7099952697754,0.909960925579071
20180722,6,-40,0,2000,26908.6796875,227.199996948242,-12.8033590316772,0.8887939453125
20180722,12,-40,0,2000,26901.94921875,226.5,-13.2057666778564,-0.2585668861866
20180722,18,-40,0,2000,26894.259765625,226.999969482422,-14.9099903106689,0.515383303165436
20180723,0,-40,0,2000,26914.630859375,226.699981689453,-14.409987449646,1.83630609512329
20180723,6,-40,0,2000,26943.859375,227.199981689453,-13.5099973678589,0.393696278333664
20180723,12,-40,0,2000,26933.322265625,226.600006103516,-15.4099922180176,0.225355222821236
20180723,18,-40,0,2000,26929.564453125,226.800003051758,-15.5533323287964,0.371218264102936
20180724,0,-40,0,2000,26948.654296875,226.879684448242,-14.2095432281494,0.221347659826279
20180724,6,-40,0,2000,26959.740234375,227.099975585938,-14.0999946594238,-0.158774420619011
20180724,12,-40,0,2000,26939.400390625,226.399993896484,-15.5100002288818,-0.699616670608521
20180724,18,-40,0,2000,26924.380859375,226.100006103516,-15.5099143981934,-0.639506816864014
20180725,0,-40,0,2000,26932.591796875,226.5,-15.1099977493286,0.299570322036743
20180725,6,-40,0,2000,26948.33984375,226.199996948242,-14.8048267364502,-0.946896970272064
20180725,12,-40,0,2000,26926.294921875,226,-15.7100028991699,0.0848022475838661
20180725,18,-40,0,2000,26918.294921875,225.899993896484,-14.8100004196167,-0.158591315150261
20180726,0,-40,0,2000,26933.28515625,226.099975585938,-14.2094116210938,0.593823254108429
20180726,6,-40,0,2000,26955.71484375,226.300003051758,-13.0100021362305,0.283879399299622
20180726,12,-40,0,2000,26928.27734375,225.300003051758,-14.210000038147,-1.44391596317291
20180726,18,-40,0,2000,26914.748046875,225.399978637695,-13.6997117996216,-1.12123537063599
20180727,0,-40,0,2000,26930.484375,225.099975585938,-13.0033082962036,0.51214599609375
20180727,6,-40,0,2000,26931.26953125,224.899993896484,-13.2032985687256,-2.34452629089355
20180727,12,-40,0,2000,26908.287109375,224.199996948242,-13.6099977493286,-1.01442134380341
20180727,18,-40,0,2000,26885.580078125,224.29997253418,-13.6033248901367,-1.70630121231079
20180728,0,-40,0,2000,26900.0234375,224.199996948242,-13.5499954223633,0.33370116353035
20180728,6,-40,0,2000,26909.873046875,224.600006103516,-12.1103048324585,-1.29041993618011
20180728,12,-40,0,2000,26886.67578125,224.199996948242,-14.6030464172363,-2.14025020599365
20180728,18,-40,0,2000,26860.876953125,224.5,-14.7075834274292,-1.13101315498352
20180729,0,-40,0,2000,26871.1875,224.800003051758,-13.2099952697754,0.584815680980682
20180729,6,-40,0,2000,26889.04296875,225.099975585938,-13.3000001907349,-0.449870616197586
20180729,12,-40,0,2000,26874.435546875,225.999969482422,-13.8099946975708,-0.680808126926422
20180729,18,-40,0,2000,26867.26171875,225.399993896484,-12.803261756897,0.29331910610199
20180730,0,-40,0,2000,26880.0546875,226.199981689453,-12.9098434448242,0.366562485694885
20180730,6,-40,0,2000,26898.505859375,226.706985473633,-13.0999946594238,0.181972652673721
20180730,12,-40,0,2000,26884.9296875,226.199981689453,-12.9019021987915,-0.0565917976200581
20180730,18,-40,0,2000,26878.830078125,226.100006103516,-13.710000038147,-0.586351335048676
20180731,0,-40,0,2000,26884.83203125,225.899978637695,-14.2022094726563,1.45381224155426
20180731,6,-40,0,2000,26909.25,226.899978637695,-13.1996631622314,0.496569812297821
20180731,12,-40,0,2000,26899.537109375,225.800003051758,-13.1033420562744,0.273645013570786
20180731,18,-40,0,2000,26894.9375,225.699981689453,-13.4596977233887,-0.332421869039536
20180801,0,-40,0,2000,26899.20703125,225.999969482422,-14.109992980957,1.88070070743561
20180801,6,-40,0,2000,26923.197265625,226.600006103516,-12.2066793441772,-0.283725589513779
20180801,12,-40,0,2000,26907.3828125,225.300003051758,-13.1099977493286,-0.982402324676514
20180801,18,-40,0,2000,26885.349609375,225.399978637695,-14.0994386672974,-1.28447759151459
20180802,0,-40,0,2000,26894.287109375,225.300003051758,-13.400595664978,0.265092760324478
20180802,6,-40,0,2000,26905.98828125,225.899978637695,-13.5513257980347,-1.47990965843201
20180802,12,-40,0,2000,26884.275390625,225.499969482422,-15.209997177124,-0.147956550121307
20180802,18,-40,0,2000,26877.205078125,225.399993896484,-13.6099824905396,-0.819902360439301
20180803,0,-40,0,2000,26882.142578125,225.399993896484,-14.710000038147,1.20407474040985
20180803,6,-40,0,2000,26907.033203125,225.899993896484,-12.8066091537476,-1.04538083076477
20180803,12,-40,0,2000,26890.48046875,225.632125854492,-13.6000003814697,0.519868135452271
20180803,18,-40,0,2000,26874.154296875,225.600006103516,-14.2097358703613,-0.310434579849243
20180804,0,-40,0,2000,26893.19921875,225.600006103516,-13.0500020980835,1.624755859375
20180804,6,-40,0,2000,26911.8515625,226.29997253418,-12.7999954223633,0.172766119241714
20180804,12,-40,0,2000,26893.4140625,225.199981689453,-13.7598485946655,1.53364503383636
20180804,18,-40,0,2000,26897.607421875,226,-13.0100049972534,0.161328122019768
20180805,0,-40,0,2000,26908.232421875,225.100006103516,-12.003547668457,1.84746587276459
20180805,6,-40,0,2000,26931.341796875,225.800003051758,-12.607216835022,0.119946286082268
20180805,12,-40,0,2000,26912.98046875,225.199996948242,-12.7099924087524,0.416711419820786
20180805,18,-40,0,2000,26912.5234375,225.699996948242,-12.7042207717896,0.2427868694067
20180806,0,-40,0,2000,26911.001953125,224.600006103516,-12.010217666626,0.830433368682861
20180806,6,-40,0,2000,26933.591796875,225.399993896484,-12.5042285919189,-0.875200212001801
20180806,12,-40,0,2000,26916.08203125,225.300003051758,-12.8102149963379,-0.323067635297775
20180806,18,-40,0,2000,26900.470703125,225.399978637695,-13.2482328414917,-0.465534657239914
20180807,0,-40,0,2000,26908.935546875,224.699996948242,-12.4965867996216,0.545040309429169
20180807,6,-40,0,2000,26915.779296875,225.5,-13.2531986236572,-0.909371316432953
20180807,12,-40,0,2000,26905.89453125,225.29997253418,-12.8087673187256,0.827217996120453
20180807,18,-40,0,2000,26887.064453125,225,-11.8969116210938,-0.614240705966949
20180808,0,-40,0,2000,26890.70703125,224.999969482422,-11.5027341842651,1.2086181640625
20180808,6,-40,0,2000,26898.869140625,225.79997253418,-11.8995189666748,-0.158632814884186
20180808,12,-40,0,2000,26884.48828125,225.199996948242,-11.0099906921387,0.191560059785843
20180808,18,-40,0,2000,26866.90234375,225.399993896484,-11.5499925613403,-0.107934571802616
20180809,0,-40,0,2000,26873.626953125,224.950729370117,-10.5999975204468,1.8473778963089
20180809,6,-40,0,2000,26890.498046875,226,-10.6013431549072,0.687897920608521
20180809,12,-40,0,2000,26868.080078125,224.999969482422,-10.609977722168,0.882839381694794
20180809,18,-40,0,2000,26858.1953125,225.300003051758,-10.4516725540161,1.04615235328674
20180810,0,-40,0,2000,26870.52734375,225.399978637695,-10.0999898910522,2.46993660926819
20180810,6,-40,0,2000,26890.599609375,225.999969482422,-9.30998992919922,0.847519516944885
20180810,12,-40,0,2000,26875.7265625,225.528610229492,-10.3099946975708,1.4143944978714
20180810,18,-40,0,2000,26876.525390625,225.699996948242,-9.8099946975708,1.33474123477936
20180811,0,-40,0,2000,26888.5,225.199371337891,-9.90998554229736,1.56782472133636
20180811,6,-40,0,2000,26906.0546875,225.29997253418,-9.90996360778809,-0.123747557401657
20180811,12,-40,0,2000,26895.94921875,225.099975585938,-10.9099950790405,0.984387218952179
20180811,18,-40,0,2000,26894.158203125,224.699996948242,-9.00998306274414,-0.666181623935699
20180812,0,-40,0,2000,26901.484375,224.199996948242,-10.9999923706055,0.132404789328575
20180812,6,-40,0,2000,26906.65234375,224.599975585938,-10.0099954605103,-0.844112575054169
20180812,12,-40,0,2000,26891.71484375,224.300003051758,-12.3495168685913,-2.04008555412292
20180812,18,-40,0,2000,26877.505859375,224,-12.6017751693726,-0.630078136920929
20180813,0,-40,0,2000,26877.79296875,223.499969482422,-12.0099925994873,-0.282764881849289
20180813,6,-40,0,2000,26893.07421875,224.699981689453,-13.3499879837036,-0.944769263267517
20180813,12,-40,0,2000,26878.640625,223.5,-13.509765625,0.854353010654449
20180813,18,-40,0,2000,26866.10546875,224.499969482422,-12.3469362258911,0.0668042004108429
20180814,0,-40,0,2000,26888.171875,224.600006103516,-12.6065673828125,1.89766848087311
20180814,6,-40,0,2000,26895.04296875,225.708084106445,-11.4999876022339,1.03201413154602
20180814,12,-40,0,2000,26890.4296875,225.300003051758,-11.5599946975708,0.591682136058807
20180814,18,-40,0,2000,26867.42578125,225.199996948242,-11.6099996566772,0.02056884765625
20180815,0,-40,0,2000,26878.712890625,226.199996948242,-11.1099414825439,1.43656492233276
20180815,6,-40,0,2000,26884.998046875,226.300003051758,-9.10998821258545,-0.370534658432007
20180815,12,-40,0,2000,26857.927734375,225.699981689453,-10.4099950790405,-0.693083524703979
20180815,18,-40,0,2000,26838.197265625,225.5,-9.19999313354492,0.260488271713257
20180816,0,-40,0,2000,26843.080078125,225.5,-8.69998550415039,0.851489245891571
20180816,6,-40,0,2000,26859.619140625,226.300003051758,-7.41012716293335,-0.882158219814301
20180816,12,-40,0,2000,26836.869140625,225.499969482422,-9.20999526977539,-0.385991215705872
20180816,18,-40,0,2000,26823.197265625,225.399993896484,-8.79999256134033,0.590007305145264
20180817,0,-40,0,2000,26838.84765625,225.600006103516,-9,1.78321290016174
20180817,6,-40,0,2000,26864.80078125,226.199996948242,-8.24999046325684,0.47933104634285
20180817,12,-40,0,2000,26861.232421875,225.5,-9.60416030883789,2.1980152130127
20180817,18,-40,0,2000,26863.48046875,225.300003051758,-8.10999298095703,0.845715343952179
20180818,0,-40,0,2000,26884.73046875,225.099975585938,-9.20999240875244,1.76604008674622
20180818,6,-40,0,2000,26905.935546875,226.120513916016,-8.30351543426514,1.51836180686951
20180818,12,-40,0,2000,26893.0234375,224.5,-10.6099996566772,0.138867184519768
20180818,18,-40,0,2000,26891.537109375,225,-10.1074657440186,1.19531011581421
20180819,0,-40,0,2000,26904.390625,224.600006103516,-9.9076566696167,1.09609866142273
20180819,6,-40,0,2000,26924.154296875,225.5,-10.5100002288818,0.847033679485321
20180819,12,-40,0,2000,26904.169921875,224.29997253418,-10.709997177124,0.232421875
20180819,18,-40,0,2000,26885.810546875,224.300003051758,-11.4100027084351,-1.0172461271286
20180820,0,-40,0,2000,26885.509765625,223.599975585938,-11.1101932525635,1.15037107467651
20180820,6,-40,0,2000,26889.328125,223.899993896484,-11.0095167160034,-0.439589858055115
20180820,12,-40,0,2000,26875.7734375,223.399978637695,-12.0099563598633,-0.49080565571785
20180820,18,-40,0,2000,26857.373046875,223.399978637695,-11.3099975585938,0.142133787274361
20180821,0,-40,0,2000,26867.689453125,223.199981689453,-11.10302734375,0.569926738739014
20180821,6,-40,0,2000,26884.30078125,223.79997253418,-11.3099927902222,-0.705690920352936
20180821,12,-40,0,2000,26860.732421875,222.600006103516,-10.5032663345337,-0.483393549919128
20180821,18,-40,0,2000,26843.32421875,222.5,-11.1042823791504,-1.94079351425171
20180822,0,-40,0,2000,26847.392578125,223,-11.1099901199341,-0.622666001319885
20180822,6,-40,0,2000,26871.01953125,223.899993896484,-9.80222702026367,-0.470290541648865
20180822,12,-40,0,2000,26842.189453125,222.600006103516,-9.1558256149292,-2.80355715751648
20180822,18,-40,0,2000,26828.455078125,223.399993896484,-12.3999977111816,-1.59612798690796
20180823,0,-40,0,2000,26833.69921875,223.800003051758,-8.19999027252197,0.426547855138779
20180823,6,-40,0,2000,26838.490234375,223.79997253418,-9.39535140991211,-2.41993641853333
20180823,12,-40,0,2000,26812.1015625,223.199981689453,-9.50326442718506,0.245502933859825
20180823,18,-40,0,2000,26804.80078125,223.706985473633,-8.09659194946289,-1.0196533203125
20180824,0,-40,0,2000,26801.677734375,223.5,-8.3023099899292,0.796071767807007
20180824,6,-40,0,2000,26816.0703125,224.599975585938,-7.09668922424316,0.00809082016348839
20180824,12,-40,0,2000,26799.52734375,223.699996948242,-7.50998783111572,-0.0964294448494911
20180824,18,-40,0,2000,26774.025390625,223.499969482422,-7.04776382446289,-0.539703369140625
20180825,0,-40,0,2000,26786.720703125,224.100006103516,-7.59895753860474,1.13114011287689
20180825,6,-40,0,2000,26797.408203125,224.300003051758,-6.05998802185059,0.607434093952179
20180825,12,-40,0,2000,26792.490234375,224.399993896484,-7.3999924659729,1.24259769916534
20180825,18,-40,0,2000,26784.412109375,223.800003051758,-6.69999504089355,1.52340090274811
20180826,0,-40,0,2000,26813.0390625,225,-7.29998779296875,3.24676513671875
20180826,6,-40,0,2000,26831.056640625,225.600006103516,-6.00138902664185,2.06913828849792
20180826,12,-40,0,2000,26826.685546875,224.899993896484,-7.10999774932861,2.67959237098694
20180826,18,-40,0,2000,26820.1328125,224.893020629883,-7.10999774932861,1.66198968887329
20180827,0,-40,0,2000,26842.4453125,225.100006103516,-8.70739459991455,2.8944263458252
20180827,6,-40,0,2000,26873.384765625,225.800003051758,-6.55999994277954,1.45845949649811
20180827,12,-40,0,2000,26855.876953125,224.699981689453,-8.00999069213867,1.05449223518372
20180827,18,-40,0,2000,26849.2421875,224.300003051758,-7.808837890625,0.507387697696686
20180828,0,-40,0,2000,26857.27734375,224.600006103516,-7.85998773574829,1.61449468135834
20180828,6,-40,0,2000,26868.296875,224.5,-6.90998554229736,-0.522443830966949
20180828,12,-40,0,2000,26845.123046875,224,-9.01000022888184,-0.528571784496307
20180828,18,-40,0,2000,26826.212890625,223.699996948242,-7.71000242233276,-0.243120118975639
20180829,0,-40,0,2000,26830.09765625,223.499969482422,-7.60777568817139,0.460054934024811
20180829,6,-40,0,2000,26845.626953125,224.29997253418,-8.11000442504883,-0.616347670555115
20180829,12,-40,0,2000,26828.283203125,223.399993896484,-7.00222396850586,0.200722649693489
20180829,18,-40,0,2000,26812.560546875,223.5,-7.20999765396118,-1.23220455646515
20180830,0,-40,0,2000,26818.078125,223.099975585938,-6.00999736785889,0.660010993480682
20180830,6,-40,0,2000,26824.427734375,224.100006103516,-4.90998554229736,-1.44692623615265
20180830,12,-40,0,2000,26806.505859375,222.79997253418,-6.40194082260132,-1.41241693496704
20180830,18,-40,0,2000,26791.794921875,223.599975585938,-4.30677509307861,-0.239516600966454
20180831,0,-40,0,2000,26801.197265625,223.5,-3.60999011993408,-0.852712392807007
20180831,6,-40,0,2000,26807.767578125,223.699981689453,-3.7449951171875,-1.60684931278229
20180831,12,-40,0,2000,26783.484375,223.399978637695,-4.59998273849487,-1.5122766494751
20180831,18,-40,0,2000,26768.98828125,223.600006103516,-3.80999755859375,-0.878979504108429
20180901,0,-40,0,2000,26762.318359375,223.199996948242,-3.80683350563049,-0.290947258472443
20180901,6,-40,0,2000,26772.44921875,224.100006103516,-4.20021724700928,-0.316014409065247
20180901,12,-40,0,2000,26752.53515625,223.79997253418,-3.6013867855072,-0.160480961203575
20180901,18,-40,0,2000,26736.796875,223.767868041992,-4.70460939407349,0.299951165914536
20180902,0,-40,0,2000,26744.568359375,223.79997253418,-3.60827875137329,2.49979734420776
20180902,6,-40,0,2000,26768.34765625,224.599487304688,-3.60239267349243,0.642114281654358
20180902,12,-40,0,2000,26749.82421875,223.699981689453,-4.30000257492065,1.92974126338959
20180902,18,-40,0,2000,26748.8125,224.199996948242,-3.40138173103333,1.35746097564697
20180903,0,-40,0,2000,26768.65234375,224.099975585938,-3.6099853515625,2.4863965511322
20180903,6,-40,0,2000,26798.900390625,224.899978637695,-3.00998783111572,1.49748539924622
20180903,12,-40,0,2000,26779.48828125,224.199996948242,-4.21221208572388,1.22589349746704
20180903,18,-40,0,2000,26778.697265625,224,-4.20999765396118,0.414194345474243
20180904,0,-40,0,2000,26794.150390625,224.600006103516,-5.60999011993408,2.50146484375
20180904,6,-40,0,2000,26827.875,224.699996948242,-3.40999746322632,1.00982427597046
20180904,12,-40,0,2000,26807.369140625,223.499969482422,-5.90674066543579,-0.0545727536082268
20180904,18,-40,0,2000,26803.537109375,223.899978637695,-6.01370620727539,0.189826667308807
20180905,0,-40,0,2000,26820.29296875,223.899993896484,-5.30999517440796,1.07916986942291
20180905,6,-40,0,2000,26828.71484375,223.800003051758,-6.00333976745605,-0.614785134792328
20180905,12,-40,0,2000,26815.732421875,223,-5.76000022888184,-1.56994390487671
20180905,18,-40,0,2000,26807.560546875,223.100006103516,-6.51000022888184,-1.53622806072235
20180906,0,-40,0,2000,26806.130859375,223.399978637695,-5.2599949836731,-0.159887701272964
20180906,6,-40,0,2000,26816.595703125,223.5,-5.76000022888184,-2.451416015625
20180906,12,-40,0,2000,26790.3203125,222.600006103516,-6.45999526977539,-0.678103029727936
20180906,18,-40,0,2000,26781.5546875,223.263641357422,-5.4058985710144,-1.9615820646286
20180907,0,-40,0,2000,26783.7421875,222.810012817383,-6.10999774932861,-0.190334469079971
20180907,6,-40,0,2000,26799.77734375,223.699996948242,-5.0049901008606,-1.31543457508087
20180907,12,-40,0,2000,26773.005859375,222.800003051758,-5.5099949836731,-0.483393549919128
20180907,18,-40,0,2000,26757.9453125,223.199996948242,-4.90907001495361,-1.27152347564697
20180908,0,-40,0,2000,26766.751953125,222.699981689453,-5.2599949836731,1.65273189544678
20180908,6,-40,0,2000,26773.89453125,223.600006103516,-5.01221418380737,0.0112353516742587
20180908,12,-40,0,2000,26760.0390625,222.800003051758,-5.1100001335144,1.10341799259186
20180908,18,-40,0,2000,26744.8203125,222.699981689453,-3.96138906478882,0.100109860301018
20180909,0,-40,0,2000,26749.55078125,222.499969482422,-4.09999704360962,1.30009770393372
20180909,6,-40,0,2000,26753.453125,222.999969482422,-3.31098318099976,-0.0999023467302322
20180909,12,-40,0,2000,26730.5390625,222.399993896484,-3.5,0.300097644329071
20180909,18,-40,0,2000,26699.91015625,222.100006103516,-3.09999990463257,-0.600079357624054
20180910,0,-40,0,2000,26703.734375,222.199981689453,-3.59999990463257,0.899920642375946
20180910,6,-40,0,2000,26715.14453125,222.999969482422,-3.19998478889465,9.76562514551915e-05
20180910,12,-40,0,2000,26700.0390625,222.29997253418,-2.99999690055847,1.29224240779877
20180910,18,-40,0,2000,26677.9140625,222,-3.40000009536743,-0.799932837486267
20180911,0,-40,0,2000,26699.0703125,221.999969482422,-3.0308837890625,3.06004643440247
20180911,6,-40,0,2000,26722.9765625,222.399993896484,-2.80999279022217,0.929941415786743
20180911,12,-40,0,2000,26715.181640625,221.79997253418,-4.45999526977539,1.01399898529053
20180911,18,-40,0,2000,26705.033203125,222,-4.31329345703125,1.72599124908447
20180912,0,-40,0,2000,26739.900390625,221.800003051758,-4.71000480651855,2.08026361465454
20180912,6,-40,0,2000,26756.27734375,222.699996948242,-5.32000017166138,1.02745604515076
20180912,12,-40,0,2000,26753.02734375,221.699996948242,-6.11999988555908,0.255278319120407
20180912,18,-40,0,2000,26739.681640625,221.599975585938,-5.31502914428711,-0.591870129108429
20180913,0,-40,0,2000,26755.28515625,221.800003051758,-6.19157123565674,0.400109857320786
20180913,6,-40,0,2000,26769.6171875,222.399627685547,-5.39999675750732,-1.68687748908997
20180913,12,-40,0,2000,26752.1328125,221.600006103516,-6.00810527801514,-2.13325190544128
20180913,18,-40,0,2000,26738.501953125,221.399993896484,-4.5,-2.45933842658997
20180914,12,-40,0,2000,26721.30078125,221.600006103516,-4.09999561309814,-4.18856811523438
20180914,18,-40,0,2000,26688.15234375,221.499969482422,-3.27777862548828,-4.28945302963257
20180915,0,-40,0,2000,26697.0078125,222.300003051758,-2.88499760627747,-3.09992671012878
20180915,6,-40,0,2000,26706.3984375,223.100006103516,-1.09999692440033,-3.89987182617188
20180915,12,-40,0,2000,26690.033203125,222.600006103516,-2.39614248275757,-3.98096323013306
20180915,18,-40,0,2000,26659.28515625,222.899978637695,-1.70000302791595,-3.80014657974243
20180916,0,-40,0,2000,26673.22265625,223.399978637695,-1.20802485942841,-1.08036136627197
20180916,12,-40,0,2000,26668.001953125,223.600006103516,-0.709995090961456,-1.65262937545776
20180916,18,-40,0,2000,26654.029296875,223.499969482422,0.396599113941193,-1.07945311069489
20180917,0,-40,0,2000,26661.244140625,224.100006103516,0.240002438426018,0.616960465908051
20180917,6,-40,0,2000,26686.64453125,224.600006103516,1.74000000953674,-0.6744384765625
20180917,12,-40,0,2000,26677.1015625,224.099319458008,1.09000241756439,0.0548950210213661
20180917,18,-40,0,2000,26667.572265625,223.800003051758,2.59500002861023,-0.761770009994507
20180918,0,-40,0,2000,26672.30078125,224.199996948242,1.29000735282898,0.0337109379470348
20180918,6,-40,0,2000,26698.73828125,224,3.39861822128296,0.691386699676514
20180918,12,-40,0,2000,26670.494140625,223.599975585938,1.79000246524811,-1.15497553348541
20180918,18,-40,0,2000,26663.8125,223.199996948242,2.04000496864319,-0.156215816736221
20180919,0,-40,0,2000,26679.677734375,223.399978637695,3.64000487327576,-0.207392573356628
20180919,6,-40,0,2000,26691.8515625,223.499969482422,3.89000248908997,-1.82887697219849
20180919,12,-40,0,2000,26676.095703125,223.100006103516,2.69000244140625,-1.79972171783447
20180919,18,-40,0,2000,26659.783203125,221.999969482422,3.44340586662292,-2.90381097793579
20180920,0,-40,0,2000,26663.3984375,222.699981689453,2.48999762535095,-1.98100590705872
20180920,6,-40,0,2000,26678.498046875,222.79997253418,3.44000482559204,-3.49923586845398
20180920,12,-40,0,2000,26665.203125,221.79997253418,2.99000239372253,-3.55396485328674
20180920,18,-40,0,2000,26637.587890625,221.399993896484,2.3458936214447,-5.09639883041382
20180921,0,-40,0,2000,26647.5703125,221.399993896484,2.54000735282898,-1.84207034111023
20180921,6,-40,0,2000,26649.529296875,221.5,3.43996429443359,-5.07243061065674
20180921,12,-40,0,2000,26627.634765625,220.5,2.104731798172,-3.39989614486694
20180921,18,-40,0,2000,26604.912109375,219.836349487305,2.29999995231628,-4.33983755111694
20180922,0,-40,0,2000,26610.845703125,220.199996948242,1.29999995231628,-1.2752685546875
20180922,6,-40,0,2000,26621.044921875,220.5,2.96861720085144,-3.13327646255493
20180922,12,-40,0,2000,26611.294921875,219.510040283203,1.60000002384186,-1.80001223087311
20180922,18,-40,0,2000,26588.779296875,219.600006103516,2.5,-3.09995722770691
20180923,0,-40,0,2000,26597.287109375,219.899993896484,1.10000610351563,-0.172387689352036
20180923,6,-40,0,2000,26608.328125,220.300003051758,3.50000143051147,-1.25498652458191
20180923,12,-40,0,2000,26598.984375,219.800003051758,1.99999690055847,-1.99999392032623
20180923,18,-40,0,2000,26582.4296875,219.79997253418,1.70000004768372,-1.58107912540436
20180924,0,-40,0,2000,26593.380859375,220.5,2.1000030040741,1.01893925666809
20180924,6,-40,0,2000,26612.595703125,220.800003051758,3.151123046875,-1.79244387149811
20180924,12,-40,0,2000,26607.130859375,220.800003051758,1,-0.518811047077179
20180924,18,-40,0,2000,26590.814453125,220.899993896484,2.79999685287476,-0.666149914264679
20180925,0,-40,0,2000,26614.154296875,221.199996948242,2.1000030040741,0.200018316507339
20180925,6,-40,0,2000,26631.720703125,221.699996948242,3.00002598762512,-0.299969494342804
20180925,12,-40,0,2000,26628.1796875,221.5,1.25326538085938,-0.999914526939392
20180925,18,-40,0,2000,26621.767578125,221.699981689453,1.59001219272614,0.0121484370902181
20180926,0,-40,0,2000,26635.76171875,221.600006103516,1.89195561408997,0.716879904270172
20180926,6,-40,0,2000,26657.4140625,222.099975585938,2.58999991416931,-0.267441391944885
20180926,12,-40,0,2000,26654.0703125,222,0.889997541904449,-0.232265621423721
20180926,18,-40,0,2000,26639.455078125,221.300003051758,1.94000732898712,-0.228796392679214
20180927,0,-40,0,2000,26652.384765625,222.100006103516,0.492070317268372,0.0116967773064971
20180927,6,-40,0,2000,26665.67578125,221.991622924805,2.39000487327576,-0.962805151939392
20180927,12,-40,0,2000,26651.515625,221.699996948242,1.39000487327576,-1.30286371707916
20180927,18,-40,0,2000,26625.357421875,221,1.88999998569489,-0.772226572036743
20180928,0,-40,0,2000,26633.193359375,221.100006103516,1.88878178596497,-0.819929182529449
20180928,6,-40,0,2000,26632.580078125,220.999969482422,1.89000248908997,-1.71866452693939
20180928,12,-40,0,2000,26612.509765625,220.199996948242,1.09222412109375,-1.31801998615265
20180928,18,-40,0,2000,26587.005859375,219.600006103516,1.19139409065247,-1.3912353515625
20180929,0,-40,0,2000,26584.1484375,219.5,0.40374755859375,-0.232719719409943
20180929,6,-40,0,2000,26589.462890625,219.499969482422,2.20000243186951,-0.225397944450378
20180929,12,-40,0,2000,26569.51953125,219.100006103516,1.11000001430511,-0.0416406244039536
20180929,18,-40,0,2000,26549.767578125,218.29997253418,1.25,-0.294204115867615
20180930,0,-40,0,2000,26558.224609375,218.899993896484,1.8036767244339,1.36583983898163
20180930,6,-40,0,2000,26564.171875,218.999969482422,2.50249028205872,-1.23489260673523
20180930,12,-40,0,2000,26540.802734375,218.399993896484,0.400000005960464,0.151840820908546
20180930,18,-40,0,2000,26525.759765625,218.29997253418,1.50999999046326,-0.979648411273956
20181001,0,-40,0,2000,26543.115234375,218.300003051758,-0.300000011920929,-0.770053684711456
20181001,6,-40,0,2000,26556.080078125,218,0.509999990463257,-1.65397465229034
20181001,12,-40,0,2000,26548.2734375,218.100006103516,-1.19999754428864,-2.74715828895569
20181001,18,-40,0,2000,26540.880859375,217.699996948242,-0.689997553825378,-1.94441163539886
20181002,0,-40,0,2000,26554.875,217.300003051758,-1.83999752998352,-2.05169916152954
20181002,6,-40,0,2000,26569.537109375,217.5,-2.58999013900757,-1.3877831697464
20181002,12,-40,0,2000,26561.3125,216.999969482422,-1.69999754428864,-2.47259759902954
20181002,18,-40,0,2000,26543.533203125,216.91162109375,-2.78999519348145,-1.71683347225189
20181003,0,-40,0,2000,26544.75,216.699996948242,-2.29999756813049,-1.09560549259186
20181003,6,-40,0,2000,26546.392578125,217.236038208008,-1.49999761581421,-1.20934569835663
20181003,12,-40,0,2000,26529.935546875,217,-2.5,-0.844704568386078
20181003,18,-40,0,2000,26500.09765625,217.223052978516,-1.39999997615814,-2.32004404067993
20181004,0,-40,0,2000,26503.65234375,217.600006103516,-0.799997568130493,-0.0225634761154652
20181004,6,-40,0,2000,26492.091796875,217.597244262695,-0.399982899427414,-2.57184314727783
20181004,12,-40,0,2000,26468.08984375,218,-1.2952538728714,-0.949338376522064
20181004,18,-40,0,2000,26446.693359375,217.699996948242,-0.549997568130493,-1.02040278911591
20181005,0,-40,0,2000,26446.859375,218.684814453125,-2.29000234603882,1.03968989849091
20181005,6,-40,0,2000,26456.255859375,218.599975585938,0.500009775161743,0.39422607421875
20181005,12,-40,0,2000,26451.677734375,219.300003051758,-0.949992656707764,2.04231452941895
20181005,18,-40,0,2000,26439.40234375,219,1.39999997615814,2.2902660369873
20181006,0,-40,0,2000,26467.109375,219.699981689453,1.14751708507538,3.33304452896118
20181006,6,-40,0,2000,26473.787109375,220.088912963867,2.20971441268921,2.4169237613678
20181006,12,-40,0,2000,26474.857421875,219.913528442383,1.71000730991364,3.99946784973145
20181006,18,-40,0,2000,26462.443359375,220,3.50999999046326,2.97193360328674
20181007,0,-40,0,2000,26496.591796875,220.300003051758,2.50999999046326,4.72885751724243
20181007,6,-40,0,2000,26509.552734375,220.5,5.71000480651855,4.37004899978638
20181007,12,-40,0,2000,26507.384765625,220.100006103516,4.4100022315979,3.75425291061401
20181007,18,-40,0,2000,26511.232421875,219.399993896484,5.69999980926514,4.50322771072388
20181008,0,-40,0,2000,26541.015625,219.800003051758,7.09000492095947,4.99239253997803
20181008,6,-40,0,2000,26554.0390625,219.600006103516,7.29999732971191,2.60424327850342
20181008,12,-40,0,2000,26553.921875,219.5,4.99000263214111,3.39272952079773
20181008,18,-40,0,2000,26542.70703125,218.8466796875,6.78999996185303,1.62562990188599
20181009,0,-40,0,2000,26558.53515625,219.104568481445,4.54751205444336,1.80020022392273
20181009,6,-40,0,2000,26565.294921875,219.100006103516,5.8899998664856,-0.382836908102036
20181009,12,-40,0,2000,26559.564453125,218.600006103516,3.69000005722046,-1.35718750953674
20181009,18,-40,0,2000,26529.662109375,218.199996948242,3.29000234603882,-2.27099132537842
20181010,0,-40,0,2000,26538.9140625,218.399978637695,3.39000248908997,-0.781552731990814
20181010,6,-40,0,2000,26528.056640625,218.099975585938,3.45000243186951,-3.9768750667572
20181010,12,-40,0,2000,26511.60546875,217.899993896484,1.25000238418579,-2.62740731239319
20181010,18,-40,0,2000,26478.13671875,217.399993896484,2.25,-3.008544921875
20181011,0,-40,0,2000,26484.078125,218,1.40000975131989,-3.06794667243958
20181011,6,-40,0,2000,26466.318359375,217.899993896484,1.20000004768372,-2.4144287109375
20181011,12,-40,0,2000,26454.498046875,217.899993896484,0.849997580051422,-2.87822508811951
20181011,18,-40,0,2000,26422.181640625,217.599975585938,-0.839999973773956,-4.25967788696289
20181012,0,-40,0,2000,26427.025390625,217.999969482422,-1.39999508857727,-0.794541001319885
20181012,6,-40,0,2000,26423.533203125,217.899978637695,0.300004869699478,-3.22477531433105
20181012,12,-40,0,2000,26418.75,217.800003051758,-2.00249028205872,-2.39258790016174
20181012,18,-40,0,2000,26405.595703125,217.699996948242,-1.14999508857727,-1.68042480945587
20181013,0,-40,0,2000,26415.7578125,217.699981689453,-0.699995100498199,-0.693774402141571
20181013,6,-40,0,2000,26430.609375,218.199981689453,-0.100085452198982,-0.658930659294128
20181013,12,-40,0,2000,26426.3203125,217.800003051758,-0.202397465705872,0.0885205045342445
20181013,18,-40,0,2000,26417.0234375,217.899993896484,1,-0.537207007408142
20181014,0,-40,0,2000,26436.02734375,218.599975585938,2.34999752044678,2.70387196540833
20181014,6,-40,0,2000,26449.037109375,219.099975585938,3.59675788879395,-0.199985355138779
20181014,12,-40,0,2000,26443.21484375,219.199996948242,3.60000252723694,0.0652246102690697
20181014,18,-40,0,2000,26438.408203125,219.5,4.54999732971191,-0.185937494039536
20181015,0,-40,0,2000,26450.5390625,220.100006103516,4.60000467300415,-0.150017082691193
20181015,6,-40,0,2000,26447.765625,220.392532348633,5.65664291381836,-0.945908188819885
20181015,12,-40,0,2000,26448.67578125,220.499969482422,4.40000009536743,-2.38598871231079
20181015,18,-40,0,2000,26433.453125,220.600006103516,4.21000242233276,-1.9925194978714
20181016,0,-40,0,2000,26447.23046875,221.100006103516,4.51000022888184,-0.818671882152557
20181016,6,-40,0,2000,26458.5,221.300003051758,4.31000709533691,-2.82104015350342
20181016,12,-40,0,2000,26448.703125,221.199996948242,1.21000003814697,-2.41613531112671
20181016,18,-40,0,2000,26441.234375,221.199996948242,0.809995114803314,-2.37665033340454
20181017,0,-40,0,2000,26457.875,221.29997253418,0.400000005960464,-1.5566748380661
20181017,6,-40,0,2000,26472.357421875,221.199981689453,-0.600000023841858,-3.26758551597595
20181017,12,-40,0,2000,26468.306640625,220.5,-1.2099951505661,-2.41867923736572
20181017,18,-40,0,2000,26456.662109375,220,-1.00998532772064,-2.68572998046875
20181018,0,-40,0,2000,26464.681640625,219.899993896484,-1.4099999666214,-1.32208979129791
20181018,6,-40,0,2000,26485.7109375,220.100006103516,-0.00999511685222387,-2.6459424495697
20181018,12,-40,0,2000,26478.3984375,219.100006103516,-0.109995119273663,-2.70802736282349
20181018,18,-40,0,2000,26461.40234375,219.100006103516,0.0900000035762787,-3.62890148162842
20181019,0,-40,0,2000,26472.41796875,219,0.639999985694885,-1.75728023052216
20181019,6,-40,0,2000,26469.63671875,219.29997253418,1.19000005722046,-3.47643065452576
20181019,18,-40,0,2000,26450.1875,218.699981689453,0.649999976158142,-3.34765625
20181020,0,-40,0,2000,26465.09765625,219.199981689453,-0.79925537109375,-2.46799325942993
20181020,6,-40,0,2000,26459.787109375,219.47265625,-1.29999268054962,-2.73993158340454
20181020,12,-40,0,2000,26462.095703125,219.899978637695,-1.19526612758636,-1.77380859851837
20181020,18,-40,0,2000,26442.154296875,219.399978637695,-2.09999752044678,-3.08778810501099
20181021,0,-40,0,2000,26452.2109375,220.100006103516,-2.79998302459717,-0.175185546278954
20181021,6,-40,0,2000,26454.92578125,220.199996948242,-1.20000004768372,-1.57845211029053
20181021,12,-40,0,2000,26440.98828125,220.399978637695,-2.84999752044678,-1.38689947128296
20181021,18,-40,0,2000,26428.232421875,219.899993896484,-2.84999513626099,-1.59113037586212
20181022,0,-40,0,2000,26428.22265625,220.5,-2.99999022483826,-0.297915041446686
20181022,6,-40,0,2000,26429.259765625,220.600006103516,-3.70443367958069,-1.71467530727386
20181022,12,-40,0,2000,26421.205078125,220.199996948242,-3.80999755859375,-0.420393079519272
20181022,18,-40,0,2000,26404.9296875,220.599975585938,-4.90999507904053,-0.4907446205616
20181023,0,-40,0,2000,26421.2109375,220.499954223633,-4.90999984741211,1.4597510099411
20181023,6,-40,0,2000,26423.119140625,221.5,-5.05194807052612,0.650048851966858
20181023,12,-40,0,2000,26417.783203125,220.999969482422,-5.40834712982178,1.12916743755341
20181023,18,-40,0,2000,26406.033203125,221.300003051758,-6.00834941864014,0.380048841238022
20181024,0,-40,0,2000,26418.255859375,221.800003051758,-6.30999755859375,2.08348631858826
20181024,6,-40,0,2000,26421.283203125,221.999969482422,-5.54999256134033,0.660261213779449
20181024,12,-40,0,2000,26428.734375,222.100006103516,-6.4100022315979,0.205148920416832
20181024,18,-40,0,2000,26415.25,222,-6.10999488830566,0.362138658761978
20181025,0,-40,0,2000,26442.515625,222.300003051758,-5.7047266960144,0.963977038860321
20181025,6,-40,0,2000,26449.234375,222.199996948242,-6.39999532699585,-0.296623528003693
20181025,12,-40,0,2000,26461.544921875,222.499969482422,-6.30473136901855,0.731840848922729
20181025,18,-40,0,2000,26456.267578125,221.800003051758,-6.30526876449585,-1.13599121570587
20181026,0,-40,0,2000,26476.640625,222.100006103516,-7.19999504089355,0.555981457233429
20181026,6,-40,0,2000,26487.912109375,221.999969482422,-5,-0.276582032442093
20181026,12,-40,0,2000,26485.380859375,221.29997253418,-5.9100022315979,-0.634052753448486
20181026,18,-40,0,2000,26473.9609375,220.899993896484,-5.5099925994873,-0.913515627384186
20181027,0,-40,0,2000,26489.69921875,221.100006103516,-5.20916986465454,0.451381832361221
20181027,6,-40,0,2000,26493.7890625,220.79997253418,-4.0099949836731,-1.95038080215454
20181027,12,-40,0,2000,26480.052734375,220.199996948242,-5.11000490188599,-1.66959476470947
20181027,18,-40,0,2000,26465.41796875,219.899993896484,-3.81000232696533,-3.10788321495056
20181028,0,-40,0,2000,26467.11328125,220.100006103516,-3.80999755859375,-2.40651369094849
20181028,6,-40,0,2000,26457.1875,219.800003051758,-3.80999279022217,-3.97261476516724
20181028,12,-40,0,2000,26440.9453125,219.300003051758,-4.01000261306763,-3.83589100837708
20181028,18,-40,0,2000,26429.3828125,219.199981689453,-2.80999755859375,-4.12848377227783
20181029,0,-40,0,2000,26431.158203125,219.399978637695,-3.0099925994873,-3.49720215797424
20181029,6,-40,0,2000,26427.2890625,219.300003051758,-3.30998539924622,-4.29869890213013
20181029,12,-40,0,2000,26414.748046875,218.800003051758,-3.05940175056458,-3.2859570980072
20181029,18,-40,0,2000,26393.546875,218.5,-4.15999984741211,-4.55302000045776
20181030,0,-40,0,2000,26404.7890625,218.800003051758,-3.80510997772217,-1.48667240142822
20181030,6,-40,0,2000,26400.943359375,218.899993896484,-3.21682977676392,-1.91532957553864
20181030,12,-40,0,2000,26400.54296875,218.199996948242,-3.29620122909546,-1.6919823884964
20181030,18,-40,0,2000,26388.5,218.699996948242,-3.33949708938599,-0.555566430091858
20181031,0,-40,0,2000,26390.6484375,218.999969482422,-2.31065678596497,0.649775385856628
20181031,6,-40,0,2000,26396.23828125,219.100006103516,-1.40533208847046,-0.0948657244443893
20181031,12,-40,0,2000,26390.119140625,218.79997253418,-1.58044922351837,0.384428709745407
20181031,18,-40,0,2000,26374.140625,219.29997253418,-1.29999995231628,0.166860356926918
20181101,0,-40,0,2000,26396.091796875,219.699996948242,0.800002455711365,1.5108300447464
20181101,6,-40,0,2000,26393.2265625,219.399978637695,0.300003051757813,0.0473876968026161
20181101,12,-40,0,2000,26383.369140625,219.5,0.200003057718277,0.800061047077179
20181101,18,-40,0,2000,26370.7890625,219.5,-0.100001528859138,6.103515625e-05
20181102,0,-40,0,2000,26380.86328125,219.399978637695,0.699996948242188,1.89005732536316
20181102,6,-40,0,2000,26385.107421875,219.399978637695,0.400001525878906,-0.199920654296875
20181102,12,-40,0,2000,26384.4921875,219.600006103516,0.148878484964371,1.90009760856628
20181102,18,-40,0,2000,26364.431640625,219,-0.449995130300522,0.530053734779358
20181103,0,-40,0,2000,26384.462890625,219.899993896484,-0.203459471464157,2.91978526115417
20181103,6,-40,0,2000,26388.4921875,219.29997253418,0.981682121753693,1.62557125091553
20181103,12,-40,0,2000,26398.53515625,219.5,-0.456650376319885,2.035888671875
20181103,18,-40,0,2000,26392.77734375,219.600006103516,-0.723339855670929,1.20237302780151
20181104,0,-40,0,2000,26406.98828125,219.600006103516,-0.179000243544579,2.59803700447083
20181104,6,-40,0,2000,26412.2734375,219.5,-0.599997580051422,0.0575878918170929
20181104,12,-40,0,2000,26416.47265625,219.300003051758,-2.00526356697083,0.725136697292328
20181104,18,-40,0,2000,26403.693359375,219.199996948242,-0.899998486042023,0.800067126750946
20181105,0,-40,0,2000,26423.091796875,219.199996948242,-3.00521993637085,-0.299951165914536
20181105,6,-40,0,2000,26421.33203125,219.300003051758,-2.61250305175781,1.22070314318989e-05
20181105,12,-40,0,2000,26422.7734375,219.100006103516,-3.01156616210938,-1.79997563362122
20181105,18,-40,0,2000,26404.462890625,218.5,-4.89311218261719,-1.699951171875
20181106,0,-40,0,2000,26416.837890625,218.800003051758,-5.42704153060913,-2.32912588119507
20181106,6,-40,0,2000,26422.8515625,219,-5.70773935317993,-3.19993901252747
20181106,12,-40,0,2000,26413,218,-7.14412832260132,-3.39994502067566
20181106,18,-40,0,2000,26400.84765625,217.960601806641,-8.75129699707031,-3.59994506835938
20181107,0,-40,0,2000,26418.224609375,218.199981689453,-9.81821250915527,-2.37800598144531
20181107,6,-40,0,2000,26417.75,218.399993896484,-9.21171855926514,-3.09994196891785
20181107,12,-40,0,2000,26424.1953125,217.699996948242,-10.5807828903198,-3.09996938705444
20181107,18,-40,0,2000,26409.994140625,217.79997253418,-11.7477779388428,-1.99998164176941
20181108,0,-40,0,2000,26432.796875,217.699996948242,-9.7509822845459,-0.799954235553741
20181108,6,-40,0,2000,26430.431640625,217.5,-10.334979057312,-1.29996943473816
20181108,12,-40,0,2000,26434.142578125,217.399993896484,-10.6578826904297,-0.299975574016571
20181108,18,-40,0,2000,26423.84765625,217.5,-8.83016014099121,0.200018316507339
20181109,0,-40,0,2000,26433.912109375,217.199981689453,-8.65068626403809,0.300012201070786
20181109,6,-40,0,2000,26435.6484375,217.800003051758,-8.51566123962402,0.300012201070786
20181109,12,-40,0,2000,26430.1328125,216.899993896484,-6.48949289321899,0.500018298625946
20181109,18,-40,0,2000,26411.125,216.699996948242,-8.87454795837402,-2.60001230239868
20181110,0,-40,0,2000,26417.09765625,217.100006103516,-8.27618408203125,1.64677119255066
20181110,6,-40,0,2000,26417.794921875,217,-6.31326913833618,-1.29997563362122
20181110,12,-40,0,2000,26406.72265625,216.592529296875,-8.69726848602295,-1.89997553825378
20181110,18,-40,0,2000,26380.994140625,216.699996948242,-10.4454498291016,-1.08273315429688
20181111,0,-40,0,2000,26383.025390625,217.199996948242,-8.989990234375,-0.799938976764679
20181111,6,-40,0,2000,26377.134765625,217,-10.4000091552734,-1.99996340274811
20181111,12,-40,0,2000,26364.494140625,216.599975585938,-11.2999973297119,-1.89990842342377
20181111,18,-40,0,2000,26352.1484375,217.099975585938,-12.269998550415,-1.30009150505066
20181112,0,-40,0,2000,26354.14453125,217.199996948242,-10.6805820465088,0.20001220703125
20181112,6,-40,0,2000,26353.615234375,216.800003051758,-10.6379117965698,-0.602362036705017
20181112,12,-40,0,2000,26353.107421875,216.631683349609,-11.2700004577637,0.0988647490739822
20181112,18,-40,0,2000,26337.369140625,217.100006103516,-11.0341672897339,-0.566818833351135
20181113,0,-40,0,2000,26352.310546875,217.499969482422,-10.7214498519897,2.52510499954224
20181113,6,-40,0,2000,26354.314453125,217.300003051758,-8.96568298339844,0.999996960163116
20181113,12,-40,0,2000,26356.44921875,217.099975585938,-10.8366260528564,1.7900048494339
20181113,18,-40,0,2000,26351.828125,217.300003051758,-10.0169706344604,2.75999999046326
20181114,0,-40,0,2000,26372.615234375,217.899978637695,-9.49365711212158,4.0506739616394
20181114,6,-40,0,2000,26387.994140625,217.5,-8.34220695495605,1.92467772960663
20181114,12,-40,0,2000,26395.33984375,217.999969482422,-9.99145984649658,3.30157232284546
20181114,18,-40,0,2000,26391.4296875,217.899993896484,-8.98977088928223,2.3599853515625
20181115,0,-40,0,2000,26401.169921875,217.79997253418,-9.21100330352783,4.03899669647217
20181115,6,-40,0,2000,26410.123046875,217.79997253418,-9.7483959197998,2.21001958847046
20181115,12,-40,0,2000,26411.9921875,217.899993896484,-9.75021457672119,4.94000005722046
20181115,18,-40,0,2000,26403.490234375,217.199996948242,-9.59984874725342,3.44999027252197
20181116,0,-40,0,2000,26416.193359375,218,-9.80074119567871,6.99994802474976
20181116,6,-40,0,2000,26407.658203125,218.299957275391,-9.6408052444458,6.30430173873901
20181116,12,-40,0,2000,26417.162109375,218.100006103516,-9.9531888961792,8.68000030517578
20181116,18,-40,0,2000,26399.7265625,218.699981689453,-10.3318996429443,9.13923358917236
20181117,0,-40,0,2000,26421.564453125,219.399978637695,-9.91139125823975,11.0699996948242
20181117,6,-40,0,2000,26425.35546875,219.300003051758,-7.84395027160645,9.01856899261475
20181117,12,-40,0,2000,26419.2421875,219.699996948242,-7.72492694854736,9.48429679870605
20181117,18,-40,0,2000,26409.46484375,219.499969482422,-7.25000715255737,6.84213638305664
20181118,0,-40,0,2000,26426.95703125,220.006988525391,-7.1692967414856,6.79998540878296
20181118,6,-40,0,2000,26430.47265625,219.699996948242,-4.11648941040039,2.96760010719299
20181118,12,-40,0,2000,26426.0859375,218.970413208008,-5.72002458572388,0.783276379108429
20181118,18,-40,0,2000,26400.640625,218.399993896484,-5.72944593429565,-0.475820302963257
20181119,0,-40,0,2000,26423.376953125,218.800003051758,-4.99766111373901,-1.19785153865814
20181119,6,-40,0,2000,26413.025390625,218.300003051758,-5.18707036972046,-2.99563956260681
20181119,12,-40,0,2000,26417.107421875,218.199996948242,-5.03458738327026,-2.63944339752197
20181119,18,-40,0,2000,26399.58203125,217.399993896484,-5.86568355560303,-3.14998292922974
20181120,0,-40,0,2000,26414.349609375,218.300003051758,-6.19527816772461,-0.179492190480232
20181120,6,-40,0,2000,26412.970703125,218.399993896484,-5.6118483543396,-1.09957277774811
20181120,12,-40,0,2000,26403.078125,217.600006103516,-5.85690450668335,-0.801989734172821
20181120,18,-40,0,2000,26395.517578125,218,-7.65001726150513,-1.46356439590454
20181121,0,-40,0,2000,26414.171875,218.699996948242,-6.33382081985474,0.502170383930206
20181121,6,-40,0,2000,26410.66015625,218.514694213867,-7.05347633361816,-3.26138663291931
20181121,12,-40,0,2000,26409.47265625,218.099975585938,-7.9649977684021,-1.51197755336761
20181121,18,-40,0,2000,26390.091796875,217.899993896484,-8.32220935821533,-1.76738774776459
20181122,0,-40,0,2000,26399.634765625,218.800003051758,-8.74739456176758,0.122534178197384
20181122,6,-40,0,2000,26395.115234375,218.79997253418,-7.7376389503479,-2.2987744808197
20181122,12,-40,0,2000,26380.294921875,218.399993896484,-10.1812181472778,-0.818569362163544
20181122,18,-40,0,2000,26377.5546875,218.79997253418,-8.43649387359619,-2.31336665153503
20181123,0,-40,0,2000,26391.98046875,219,-6.17400646209717,-2.60199213027954
20181123,6,-40,0,2000,26369.134765625,218.199981689453,-6.34601306915283,-5.30977535247803
20181123,12,-40,0,2000,26364.203125,218.399993896484,-7.92399883270264,-2.06065440177917
20181123,18,-40,0,2000,26342.384765625,218.399993896484,-7.59000492095947,-2.99864745140076
20181124,0,-40,0,2000,26345.130859375,219,-9.1039867401123,-0.800541996955872
20181124,6,-40,0,2000,26321.4765625,219.329147338867,-9.29342079162598,-0.509702146053314
20181124,12,-40,0,2000,26312.609375,219.429153442383,-10.2933616638184,-0.239296868443489
20181124,18,-40,0,2000,26295.837890625,220.199996948242,-10.2077417373657,0.640004873275757
20181125,0,-40,0,2000,26303.83203125,220.600006103516,-11.1412744522095,0.9351806640625
20181125,6,-40,0,2000,26298.34765625,220.800003051758,-11.2325534820557,0.0822119116783142
20181125,12,-40,0,2000,26294.6015625,221,-11.8987236022949,1.97001469135284
20181125,18,-40,0,2000,26284.21484375,221.399978637695,-13.1539258956909,0.863825678825378
20181126,0,-40,0,2000,26310.748046875,222.199981689453,-12.3577852249146,3.87332773208618
20181126,6,-40,0,2000,26314.04296875,221.999969482422,-11.5931129455566,1.58001947402954
20181126,12,-40,0,2000,26319.578125,222.800003051758,-13.2761840820313,2.08999013900757
20181126,18,-40,0,2000,26314.376953125,222.599975585938,-11.7307987213135,2.46580576896667
20181127,0,-40,0,2000,26335.119140625,223.199996948242,-12.5962572097778,3.08907723426819
20181127,6,-40,0,2000,26334.73828125,223.100006103516,-11.769983291626,2.1912841796875
20181127,12,-40,0,2000,26345.421875,223.599975585938,-13.2114334106445,3.04899907112122
20181127,18,-40,0,2000,26336.595703125,223.300003051758,-12.6971311569214,2.39102053642273
20181128,0,-40,0,2000,26360.58203125,224.100006103516,-11.6392993927002,4.20234870910645
20181128,6,-40,0,2000,26370.84765625,223.800003051758,-10.73948097229,1.80000615119934
20181128,12,-40,0,2000,26371.5625,223.599975585938,-11.6584014892578,2.1000030040741
20181128,18,-40,0,2000,26368.900390625,223.5,-10.3410158157349,1.87085568904877
20181129,0,-40,0,2000,26382.005859375,223.5,-9.7656307220459,1.59999394416809
20181129,6,-40,0,2000,26377.9609375,222.899993896484,-8.95343017578125,1.20000004768372
20181129,12,-40,0,2000,26368.75,221.899993896484,-9.82001972198486,1.10000610351563
20181129,18,-40,0,2000,26366.48046875,221.599975585938,-9.60126304626465,1.39998781681061
20181130,0,-40,0,2000,26372.431640625,221.699996948242,-9.17207050323486,2.09999394416809
20181130,6,-40,0,2000,26363.1484375,220.800003051758,-8.90120220184326,0.899987816810608
20181130,12,-40,0,2000,26364.015625,220.5,-9.23532104492188,1.19998776912689
20181130,18,-40,0,2000,26343.8671875,219.899978637695,-9.4966402053833,0.821911633014679
20181201,0,-40,0,2000,26349.453125,220.399993896484,-10.7977657318115,2.29998779296875
20181201,6,-40,0,2000,26343.2734375,220.5,-9.18117713928223,3.59999394416809
20181201,12,-40,0,2000,26332.322265625,220,-8.72882652282715,1.79999995231628
20181201,18,-40,0,2000,26321.650390625,220.399993896484,-10.8059997558594,2.59999394416809
20181202,0,-40,0,2000,26329.037109375,220.699996948242,-9.589111328125,3.62914729118347
20181202,6,-40,0,2000,26326.310546875,220.600006103516,-9.75612258911133,0.947812497615814
20181202,12,-40,0,2000,26315.484375,220.311676025391,-11.0466918945313,2.84245610237122
20181202,18,-40,0,2000,26300.587890625,220.899993896484,-11.3369092941284,1.39000976085663
20181203,0,-40,0,2000,26316.90234375,221.300003051758,-11.6443290710449,3.57999014854431
20181203,6,-40,0,2000,26307.232421875,221,-9.887526512146,1.92000484466553
20181203,12,-40,0,2000,26299.251953125,221.100006103516,-13.0955419540405,2.18311023712158
20181203,18,-40,0,2000,26298.505859375,221.399993896484,-11.7998733520508,3.30607914924622
20181204,0,-40,0,2000,26314.443359375,221.899993896484,-12.8514156341553,2.70833015441895
20181204,6,-40,0,2000,26315.365234375,222.300003051758,-12.9478416442871,1.59365236759186
20181204,12,-40,0,2000,26322.35546875,221.699996948242,-13.7143993377686,3.07595944404602
20181204,18,-40,0,2000,26317.03515625,222.399993896484,-13.2205152511597,1.49833989143372
20181205,0,-40,0,2000,26340.41796875,222.300003051758,-14.1214723587036,2.59349608421326
20181205,6,-40,0,2000,26334.580078125,222.300003051758,-12.2056217193604,1.34939575195313
20181205,12,-40,0,2000,26335.994140625,221.599975585938,-14.9757280349731,1.60003662109375
20181205,18,-40,0,2000,26325.57421875,221.800003051758,-12.8304042816162,1.40003049373627
20181206,0,-40,0,2000,26345.5546875,222.199996948242,-14.1604518890381,1.90003049373627
20181206,6,-40,0,2000,26337.80078125,222,-12.253568649292,0.810046374797821
20181206,12,-40,0,2000,26333.4453125,221.504425048828,-13.0923261642456,0.356433093547821
20181206,18,-40,0,2000,26322.48046875,221.695556640625,-12.464373588562,-0.299975574016571
20181207,0,-40,0,2000,26337.044921875,221.699981689453,-13.6648101806641,-0.399981677532196
20181207,6,-40,0,2000,26331.115234375,221.399993896484,-12.1007995605469,0.0580566413700581
20181207,12,-40,0,2000,26334.01171875,221.100006103516,-12.2254610061646,-0.999993920326233
20181207,18,-40,0,2000,26315.365234375,221.100006103516,-14.2551908493042,-0.656390368938446
20181208,0,-40,0,2000,26334.248046875,221.499969482422,-12.4259586334229,1.30001223087311
20181208,6,-40,0,2000,26317.412109375,220.399993896484,-11.31178855896,-0.799981713294983
20181208,12,-40,0,2000,26325.857421875,221.100006103516,-11.7493162155151,0.656402587890625
20181208,18,-40,0,2000,26303.35546875,220.600006103516,-10.3459577560425,0.800000011920929
20181209,0,-40,0,2000,26313.625,221,-9.86265850067139,1.40001225471497
20181209,6,-40,0,2000,26301.30078125,220.399993896484,-8.94019603729248,0.700006127357483
20181209,12,-40,0,2000,26298.892578125,220.5,-8.33172416687012,2.39999389648438
20181209,18,-40,0,2000,26282.318359375,220.300003051758,-8.04477691650391,0.300012201070786
20181210,0,-40,0,2000,26286.296875,220.5,-8.71391773223877,3.90010976791382
20181210,6,-40,0,2000,26288.169921875,220.499969482422,-5.25483083724976,3.29999399185181
20181210,12,-40,0,2000,26278.935546875,219.800003051758,-6.27445697784424,1.39999997615814
20181210,18,-40,0,2000,26266.63671875,220.399993896484,-6.26847219467163,3.89999389648438
20181211,0,-40,0,2000,26275.0859375,220.79997253418,-3.88161468505859,3.39998769760132
20181211,6,-40,0,2000,26267.759765625,220.399978637695,-4.37539958953857,2.39999389648438
20181211,12,-40,0,2000,26274.671875,220.399993896484,-4.10756826400757,2.69999384880066
20181211,18,-40,0,2000,26272.755859375,220.29997253418,-3.74624943733215,0.800000011920929
20181212,0,-40,0,2000,26294.89453125,220.5,-4.93302297592163,1.39999389648438
20181212,6,-40,0,2000,26294.408203125,219.999969482422,-4.09999704360962,0.299990832805634
20181212,12,-40,0,2000,26312.91796875,220.199996948242,-5.74645853042603,1.00001215934753
20181212,18,-40,0,2000,26295.10546875,219.999969482422,-6.11149883270264,1.19999384880066
20181213,0,-40,0,2000,26314.931640625,220.800003051758,-6.80620861053467,3.30000615119934
20181213,6,-40,0,2000,26318.9765625,220.199996948242,-5.51896381378174,2.80000615119934
20181213,12,-40,0,2000,26304.185546875,220,-5.10978412628174,3.90000009536743
20181213,18,-40,0,2000,26295.52734375,220.499969482422,-5.73609018325806,3.50136709213257
20181214,0,-40,0,2000,26301.404296875,221.100006103516,-5.59531545639038,5.90000629425049
20181214,6,-40,0,2000,26272.84765625,220.100006103516,-3.89609670639038,3.84917593002319
20181214,12,-40,0,2000,26266.19921875,220.199996948242,-4.400146484375,4.89998769760132
20181214,18,-40,0,2000,26241.9375,220.100006103516,-3.7311065196991,3.80001211166382
20181215,0,-40,0,2000,26262.22265625,220.699996948242,-4.8029203414917,6.09999990463257
20181215,6,-40,0,2000,26254.068359375,219.800003051758,-1.98735964298248,4.09999370574951
20181215,12,-40,0,2000,26252.015625,219.499969482422,-5.05444622039795,3.90856313705444
20181215,18,-40,0,2000,26243.287109375,219.600006103516,-4.84113454818726,4.69998788833618
20181216,0,-40,0,2000,26257.009765625,219.399993896484,-4.00415325164795,5.99998760223389
20181216,6,-40,0,2000,26257.05078125,218.5,-4.63120126724243,3.40328359603882
20181216,12,-40,0,2000,26256.197265625,218.399993896484,-5.85864543914795,6.59999084472656
20181216,18,-40,0,2000,26238.650390625,219.199996948242,-4.08751201629639,5.09999370574951
20181217,0,-40,0,2000,26255.16796875,218.502777099609,-5.29063701629639,5.30000019073486
20181217,6,-40,0,2000,26258.97265625,218.5,-4.3516845703125,4.59999990463257
20181217,12,-40,0,2000,26261.810546875,218.399993896484,-3.62180781364441,4.18388652801514
20181217,18,-40,0,2000,26258.4921875,217.800003051758,-4.95451068878174,2.29996347427368
20181218,0,-40,0,2000,26277.740234375,218.300003051758,-5.32687997817993,4.29995107650757
20181218,6,-40,0,2000,26292.4453125,218,-6.60879516601563,2.09998774528503
20181218,12,-40,0,2000,26302.216796875,217.600006103516,-6.50419902801514,3.59998178482056
