20180720,0,-60,173,40000,7257.73291015625,244,13.8026275634766,2.81533193588257
20180720,6,-60,173,40000,7261.01513671875,246.08528137207,4.76010751724243,-22.6227779388428
20180720,12,-60,173,40000,7348.0537109375,251.399993896484,7.27683734893799,-28.2883720397949
20180720,18,-60,173,40000,7389.0908203125,253.285308837891,16.5757999420166,-21.6111335754395
20180721,0,-60,173,40000,7388.68603515625,253.214691162109,23.9132747650146,-14.6206665039063
20180721,6,-60,173,40000,7381.30615234375,252.999969482422,23.7650947570801,-14.9838619232178
20180721,12,-60,173,40000,7396.068359375,253.800003051758,21.0826721191406,-8.79548931121826
20180721,18,-60,173,40000,7386.6181640625,252.699996948242,21.9694213867188,3.29613637924194
20180722,0,-60,173,40000,7359.9794921875,250.600006103516,26.6488151550293,6.46137714385986
20180722,6,-60,173,40000,7318.35205078125,249.600006103516,30.4914855957031,12.2127742767334
20180722,12,-60,173,40000,7288.05517578125,248.5,31.2382144927979,20.6642398834229
20180722,18,-60,173,40000,7263.720703125,246.399993896484,29.7049007415771,15.4303159713745
20180723,0,-60,173,40000,7245.52197265625,245.699981689453,21.3117065429688,13.8915958404541
20180723,6,-60,173,40000,7225.33251953125,245.599975585938,20.2332973480225,18.3143920898438
20180723,12,-60,173,40000,7196.06005859375,243.899993896484,17.6525764465332,21.4964694976807
20180723,18,-60,173,40000,7169.52392578125,243.137741088867,16.727746963501,24.0397701263428
20180724,0,-60,173,40000,7112.2392578125,240.800003051758,20.9121341705322,30.3043327331543
20180724,6,-60,173,40000,7104.705078125,239.699996948242,17.7197322845459,15.0837650299072
20180724,12,-60,173,40000,7135.333984375,241.199981689453,12.6804170608521,20.4139022827148
20180724,18,-60,173,40000,7119.5595703125,241.698486328125,22.949951171875,24.7009868621826
20180725,0,-60,173,40000,7144.2138671875,241.200042724609,19.6994171142578,16.6521797180176
20180725,6,-60,173,40000,7157.98486328125,240.800003051758,19.4869632720947,15.8644962310791
20180725,12,-60,173,40000,7190.75146484375,241.386032104492,22.8360176086426,13.0585880279541
20180725,18,-60,173,40000,7273.466796875,247.5,21.1029300689697,13.9959764480591
20180726,0,-60,173,40000,7307.12451171875,248.168304443359,14.72509765625,19.8151264190674
20180726,6,-60,173,40000,7303.77001953125,248.531692504883,3.37330079078674,22.3674125671387
20180726,12,-60,173,40000,7300.3232421875,247.399993896484,4.66856956481934,31.3675384521484
20180726,18,-60,173,40000,7299.3466796875,248.06787109375,-1.82065677642822,27.8806934356689
20180727,0,-60,173,40000,7291.16357421875,246.199996948242,-3.1250171661377,23.939037322998
20180727,6,-60,173,40000,7276.4326171875,246.800003051758,-6.79546642303467,25.9097023010254
20180727,12,-60,173,40000,7295.197265625,249.175201416016,-8.50013446807861,31.7171535491943
20180727,18,-60,173,40000,7293.69677734375,250.677154541016,-15.9466991424561,32.0741500854492
20180728,0,-60,173,40000,7285.28759765625,249.099975585938,-15.8422603607178,33.6024017333984
20180728,6,-60,173,40000,7271.814453125,249.399993896484,-22.2132511138916,20.5154247283936
20180728,12,-60,173,40000,7253.3779296875,249.300003051758,-23.7344093322754,18.5887966156006
20180728,18,-60,173,40000,7214.81298828125,248.8857421875,-25.1736717224121,9.97746086120605
20180729,0,-60,173,40000,7084.81005859375,246.800003051758,-47.2066268920898,-2.53415036201477
20180729,6,-60,173,40000,6921.78125,241.300003051758,-14.1842622756958,9.88590812683105
20180729,12,-60,173,40000,7014.82373046875,244.100006103516,6.94773435592651,28.7097663879395
20180729,18,-60,173,40000,7057.6201171875,243.199996948242,-5.35232925415039,20.2443752288818
20180730,0,-60,173,40000,7047.89453125,240.9453125,-4.13935565948486,13.5095310211182
20180730,6,-60,173,40000,7020.63134765625,239.236236572266,-4.62408924102783,8.58610343933105
20180730,12,-60,173,40000,7035.82080078125,238.414703369141,-2.90723562240601,9.10672569274902
20180730,18,-60,173,40000,7064.99853515625,239.021926879883,2.08952641487122,11.4593458175659
20180731,0,-60,173,40000,7089.06396484375,239.392532348633,-0.844998180866241,10.9585933685303
20180731,6,-60,173,40000,7071.93798828125,238.699981689453,-2.01751089096069,13.79736328125
20180731,12,-60,173,40000,7054.85205078125,238.347244262695,-7.16236591339111,15.5055418014526
20180731,18,-60,173,40000,7075.27978515625,241.000686645508,11.9720945358276,23.3090324401855
20180801,0,-60,173,40000,7098.9345703125,240.260589599609,9.39732074737549,15.6468048095703
20180801,6,-60,173,40000,7137.58251953125,241.886032104492,24.8501167297363,10.3580656051636
20180801,12,-60,173,40000,7222.919921875,245.400238037109,15.4731140136719,16.1310234069824
20180801,18,-60,173,40000,7224.201171875,244.399993896484,8.92638874053955,15.3750057220459
20180802,0,-60,173,40000,7231.40625,243.199996948242,9.4111328125,10.301495552063
20180802,6,-60,173,40000,7242.96142578125,244.100006103516,14.9504795074463,12.3980960845947
20180802,12,-60,173,40000,7271.482421875,243.800003051758,17.7830715179443,14.0349607467651
20180802,18,-60,173,40000,7282.92919921875,244,14.9572477340698,11.3180179595947
20180803,0,-60,173,40000,7280.1689453125,242.892532348633,7.63931894302368,3.79735112190247
20180803,6,-60,173,40000,7296.17919921875,244.938919067383,9.34434223175049,-0.39398193359375
20180803,12,-60,173,40000,7306.3857421875,245,10.9063873291016,13.5467586517334
20180803,18,-60,173,40000,7281.06396484375,243.321929931641,16.9273948669434,12.5267210006714
20180804,0,-60,173,40000,7283.513671875,243.999969482422,27.082727432251,3.69893789291382
20180804,6,-60,173,40000,7270.111328125,245.5,23.0280094146729,6.46014404296875
20180804,12,-60,173,40000,7269.66552734375,246.499969482422,31.8704891204834,1.89992368221283
20180804,18,-60,173,40000,7279.04248046875,246.207473754883,38.4049301147461,-4.16788959503174
20180805,0,-60,173,40000,7298.306640625,246.100006103516,29.3965187072754,-3.05125117301941
20180805,6,-60,173,40000,7297.03955078125,245.899993896484,22.9561309814453,6.89407348632813
20180805,12,-60,173,40000,7295.0625,246.706985473633,20.0682640075684,5.86864328384399
20180805,18,-60,173,40000,7279.669921875,247.05339050293,15.7500047683716,7.79558610916138
20180806,0,-60,173,40000,7253.748046875,245.699996948242,11.8710842132568,2.74680781364441
20180806,6,-60,173,40000,7233.22998046875,245.651702880859,15.8070163726807,8.7705659866333
20180806,12,-60,173,40000,7189.79443359375,244.812454223633,13.6210966110229,27.1320419311523
20180806,18,-60,173,40000,7117.298828125,244.28564453125,38.2400970458984,24.0754737854004
20180807,0,-60,173,40000,7121.5029296875,243.687408447266,22.904125213623,27.7343940734863
20180807,6,-60,173,40000,7037.10791015625,239.399978637695,13.2431688308716,33.8470916748047
20180807,12,-60,173,40000,6975.22802734375,237.650802612305,11.6758813858032,25.4797554016113
20180807,18,-60,173,40000,7052.17138671875,239.300003051758,20.3917350769043,10.7795848846436
20180808,0,-60,173,40000,7050.81298828125,240.699996948242,6.13004779815674,14.7221927642822
20180808,6,-60,173,40000,7026.78857421875,239.170852661133,5.4569673538208,18.7547607421875
20180808,12,-60,173,40000,7017.14208984375,238.590545654297,3.23638296127319,21.6058959960938
20180808,18,-60,173,40000,7001.18310546875,237.610061645508,5.35448312759399,12.9619016647339
20180809,0,-60,173,40000,6988.71142578125,235.757568359375,4.60824584960938,4.93363666534424
20180809,6,-60,173,40000,6994.724609375,235.300003051758,7.20967388153076,2.35350346565247
20180809,12,-60,173,40000,7023.18310546875,234.910003662109,3.96608591079712,4.41755390167236
20180809,18,-60,173,40000,7044.21142578125,235.283538818359,5.46773672103882,4.88985586166382
20180810,0,-60,173,40000,7067.43603515625,235.699996948242,2.67742609977722,2.05463862419128
20180810,6,-60,173,40000,7083.8505859375,235.53759765625,2.75585317611694,-7.56929922103882
20180810,12,-60,173,40000,7137.59326171875,239.899993896484,8.19991779327393,-15.5722351074219
20180810,18,-60,173,40000,7176.88671875,242.002029418945,14.7117862701416,-17.422082901001
20180811,0,-60,173,40000,7199.5126953125,243.343597412109,25.4676704406738,-22.9940071105957
20180811,6,-60,173,40000,7226.70556640625,243.910034179688,21.2830238342285,-22.5673217773438
20180811,12,-60,173,40000,7263.53857421875,246.199996948242,20.7000122070313,-13.7260494232178
20180811,18,-60,173,40000,7280.17626953125,247.143585205078,16.2908878326416,-8.34443950653076
20180812,0,-60,173,40000,7273.5888671875,246.899993896484,13.2326078414917,-7.57359933853149
20180812,6,-60,173,40000,7263.30078125,246.5,10.8043670654297,-3.87285757064819
20180812,12,-60,173,40000,7267.40869140625,246.199996948242,10.3574066162109,-1.99425053596497
20180812,18,-60,173,40000,7262.54541015625,246.199996948242,10.028787612915,-1.13299560546875
20180813,0,-60,173,40000,7244.82373046875,245.211639404297,9.80000019073486,3.29026484489441
20180813,6,-60,173,40000,7228.263671875,244.699996948242,10.10178565979,3.16831660270691
20180813,12,-60,173,40000,7234.18505859375,244.536422729492,10.7653141021729,5.27484130859375
20180813,18,-60,173,40000,7238.90478515625,245.382766723633,18.7673950195313,-1.80989992618561
20180814,0,-60,173,40000,7240.33935546875,245.870849609375,17.9547462463379,4.338134765625
20180814,6,-60,173,40000,7214.20068359375,245.22216796875,20.069429397583,7.11841773986816
20180814,12,-60,173,40000,7211.064453125,245.800003051758,19.2379493713379,7.93550777435303
20180814,18,-60,173,40000,7201.08984375,246.199996948242,20.3007583618164,10.3983201980591
20180815,0,-60,173,40000,7168.66796875,245.699996948242,23.8443775177002,16.8976554870605
20180815,6,-60,173,40000,7106.32080078125,244.300003051758,31.3559246063232,24.1855964660645
20180815,12,-60,173,40000,7067.03076171875,244.429153442383,20.9226169586182,32.918270111084
20180815,18,-60,173,40000,6975.46630859375,238.529144287109,18.2386741638184,18.5611820220947
20180816,0,-60,173,40000,6976.37939453125,237.390670776367,8.94283485412598,12.9342727661133
20180816,6,-60,173,40000,6964.931640625,236.600006103516,8.54465293884277,7.77885246276855
20180816,12,-60,173,40000,6994.9970703125,237.100006103516,11.8493165969849,-7.31862783432007
20180816,18,-60,173,40000,7018.77685546875,238.491989135742,14.796706199646,-0.212709963321686
20180817,0,-60,173,40000,7053.314453125,240.899993896484,23.2516937255859,-17.4860591888428
20180817,6,-60,173,40000,7119.58740234375,245.304443359375,28.2818050384521,-11.440712928772
20180817,12,-60,173,40000,7172.9462890625,246.549163818359,28.4045906066895,-2.03905630111694
20180817,18,-60,173,40000,7173.77294921875,246.699996948242,34.5775947570801,10.3834199905396
20180818,0,-60,173,40000,7093.53857421875,247.214767456055,51.0627212524414,19.3291320800781
20180818,6,-60,173,40000,7027.10205078125,241.600006103516,39.2331657409668,7.13951730728149
20180818,12,-60,173,40000,7129.70556640625,242.784210205078,30.3334636688232,1.02901363372803
20180818,18,-60,173,40000,7192.09814453125,243.899993896484,30.8233985900879,-2.74259042739868
20180819,0,-60,173,40000,7248.75390625,245.399978637695,23.6583690643311,0.391064465045929
20180819,6,-60,173,40000,7249.08203125,246.29997253418,24.6899700164795,2.7357714176178
20180819,12,-60,173,40000,7261.27978515625,247.100006103516,30.3823833465576,2.69825196266174
20180819,18,-60,173,40000,7256.0556640625,246.321929931641,32.4017562866211,4.20618629455566
20180820,0,-60,173,40000,7211.01171875,244.79997253418,41.2825622558594,-1.44370603561401
20180820,6,-60,173,40000,7243.60498046875,246.346115112305,33.3771896362305,-2.5333788394928
20180820,12,-60,173,40000,7261.90478515625,247.999969482422,34.3037605285645,1.32146489620209
20180820,18,-60,173,40000,7278.57373046875,247.899993896484,33.1883735656738,-0.418935537338257
20180821,0,-60,173,40000,7294.83544921875,248.999969482422,29.6014175415039,4.01978015899658
20180821,6,-60,173,40000,7289.0224609375,248.053863525391,24.6303215026855,9.8576078414917
20180821,12,-60,173,40000,7272.65380859375,249.346115112305,23.3222064971924,17.2149562835693
20180821,18,-60,173,40000,7220.787109375,248.399993896484,29.1578998565674,21.1368217468262
20180822,0,-60,173,40000,7183.70166015625,245.800003051758,19.7688045501709,17.362829208374
20180822,6,-60,173,40000,7121.3544921875,241.200241088867,18.0132789611816,15.8318843841553
20180822,12,-60,173,40000,7093.27001953125,238.599761962891,15.5304565429688,11.4046020507813
20180822,18,-60,173,40000,7071.68359375,237.94612121582,20.6567802429199,10.1067504882813
20180823,0,-60,173,40000,7028.58642578125,237.907470703125,20.4928894042969,20.7132816314697
20180823,6,-60,173,40000,6978.17236328125,235.507476806641,11.3895473480225,9.24697303771973
20180823,12,-60,173,40000,6980.93505859375,235.699996948242,5.67836284637451,-0.123175047338009
20180823,18,-60,173,40000,6992.78515625,236.599975585938,7.70964670181274,-5.11391592025757
20180824,0,-60,173,40000,6985.9755859375,236.699996948242,7.39097309112549,-4.68278789520264
20180824,6,-60,173,40000,6975.17626953125,236,5.8298921585083,-5.16730976104736
20180824,12,-60,173,40000,6998.6298828125,235.885299682617,6.2450590133667,-8.9213809967041
20180824,18,-60,173,40000,7017.61083984375,235.399978637695,11.2254514694214,-10.7327270507813
20180825,0,-60,173,40000,7026.591796875,235.199981689453,13.8263244628906,-19.223072052002
20180825,6,-60,173,40000,7038.75830078125,236.300003051758,17.499927520752,-19.0833129882813
20180825,12,-60,173,40000,7070.6826171875,241.5,24.5048522949219,-29.7747135162354
20180825,18,-60,173,40000,7103.51123046875,244.199996948242,25.6063804626465,-17.138635635376
20180826,0,-60,173,40000,7104.68701171875,245,26.7108345031738,-8.0693416595459
20180826,6,-60,173,40000,7079.32861328125,243.199981689453,16.415771484375,-0.584124743938446
20180826,12,-60,173,40000,7071.33935546875,242.768310546875,13.153302192688,2.47101449966431
20180826,18,-60,173,40000,7075.22509765625,243,7.27543640136719,2.69691777229309
20180827,0,-60,173,40000,7080.353515625,242.199981689453,6.47927236557007,1.94415283203125
20180827,6,-60,173,40000,7102.609375,242.300018310547,6.27779865264893,-1.35507810115814
20180827,12,-60,173,40000,7158.50244140625,244.300003051758,18.3180332183838,-3.35057377815247
20180827,18,-60,173,40000,7196.80078125,245.699996948242,18.0265293121338,8.77835655212402
20180828,0,-60,173,40000,7189.5283203125,244.699996948242,19.0805835723877,19.0146923065186
20180828,6,-60,173,40000,7141.56298828125,243.399978637695,21.7646465301514,33.0198440551758
20180828,12,-60,173,40000,7082.80126953125,242,19.4597015380859,41.1036529541016
20180828,18,-60,173,40000,7051.52294921875,239.399993896484,19.7428855895996,32.5181198120117
20180829,0,-60,173,40000,6994.0986328125,237.938919067383,11.7767190933228,38.4238624572754
20180829,6,-60,173,40000,6938.404296875,231.068313598633,12.8315916061401,8.93868160247803
20180829,12,-60,173,40000,7012.8349609375,233.246124267578,15.735107421875,-12.1950387954712
20180829,18,-60,173,40000,7105.267578125,237.699996948242,20.111967086792,-9.72318840026855
20180830,0,-60,173,40000,7177.400390625,241.100006103516,15.2675657272339,-8.9075984954834
20180830,6,-60,173,40000,7206.974609375,241.899993896484,10.0410890579224,0.392236322164536
20180830,12,-60,173,40000,7253.5048828125,244.199981689453,5.56290912628174,-8.29044818878174
20180830,18,-60,173,40000,7322.5087890625,248.800003051758,5.61472177505493,-15.7858028411865
20180831,0,-60,173,40000,7363.74267578125,249.900024414063,7.83515644073486,-4.9136962890625
20180831,6,-60,173,40000,7377.68115234375,250.199996948242,13.2575931549072,2.68356323242188
20180831,12,-60,173,40000,7368.85009765625,250.100006103516,17.2265930175781,14.1991453170776
20180831,18,-60,173,40000,7347.60009765625,249.600006103516,27.9739742279053,14.8123292922974
20180901,0,-60,173,40000,7327.197265625,249,31.9153633117676,17.9003791809082
20180901,6,-60,173,40000,7316.57421875,249.100006103516,32.2409896850586,13.3091859817505
20180901,12,-60,173,40000,7331.5888671875,249.399978637695,29.7880306243896,17.2654972076416
20180901,18,-60,173,40000,7350.71923828125,249.800003051758,34.2156753540039,20.0964851379395
20180902,0,-60,173,40000,7363.37939453125,250.100006103516,20.6871299743652,28.0419673919678
20180902,6,-60,173,40000,7342.650390625,250.743606567383,19.8500633239746,29.713321685791
20180902,12,-60,173,40000,7304.708984375,248.443603515625,15.8897886276245,42.668041229248
20180902,18,-60,173,40000,7228.37646484375,247.010055541992,19.2338066101074,48.6866569519043
20180903,0,-60,173,40000,7192.57421875,242.300003051758,22.0096626281738,40.0144500732422
20180903,6,-60,173,40000,7182.36376953125,239.800003051758,18.152551651001,23.8436832427979
20180903,12,-60,173,40000,7248.45751953125,242.94660949707,12.8036708831787,-6.8667573928833
20180903,18,-60,173,40000,7289.875,244.506988525391,16.5663051605225,1.36837458610535
20180904,0,-60,173,40000,7303.00244140625,245.199981689453,19.9670143127441,-0.796023547649384
20180904,6,-60,173,40000,7296.0283203125,243.899993896484,14.1424198150635,9.50482177734375
20180904,12,-60,173,40000,7282.001953125,244.300003051758,14.7428293228149,18.9301567077637
20180904,18,-60,173,40000,7251.59228515625,242.29997253418,19.2954254150391,12.2188425064087
20180905,0,-60,173,40000,7240.20703125,242.399993896484,15.1499881744385,16.5292091369629
20180905,6,-60,173,40000,7201.26513671875,240.599975585938,11.0941772460938,22.9677543640137
20180905,12,-60,173,40000,7154.35009765625,238.106979370117,5.99512004852295,24.1000366210938
20180905,18,-60,173,40000,7082.09130859375,238.100006103516,-0.636218249797821,17.1978702545166
20180906,0,-60,173,40000,7072.4931640625,238.699996948242,-1.27106440067291,-7.70378398895264
20180906,6,-60,173,40000,7111.39697265625,239.100006103516,-9.59270286560059,-19.2303276062012
20180906,12,-60,173,40000,7172.421875,238.300003051758,-6.43516826629639,-22.3815002441406
20180906,18,-60,173,40000,7202.1806640625,239.699996948242,-7.20110464096069,-17.9608268737793
20180907,0,-60,173,40000,7207.42041015625,240.285308837891,-5.20109844207764,-13.5373048782349
20180907,6,-60,173,40000,7196.09326171875,240.699981689453,-11.7878665924072,1.68048405647278
20180907,12,-60,173,40000,7224.4306640625,243.300003051758,-21.5621852874756,7.42290019989014
20180907,18,-60,173,40000,7234.62744140625,244.092529296875,-20.102294921875,14.2000246047974
20180908,0,-60,173,40000,7235.74560546875,244.599975585938,-7.86184978485107,12.2565431594849
20180908,6,-60,173,40000,7228.00732421875,244,-5.76454448699951,7.39360332489014
20180908,12,-60,173,40000,7226.34521484375,243.899978637695,-3.33575439453125,10.000018119812
20180908,18,-60,173,40000,7217.6123046875,244.899993896484,0.236776739358902,11.4699459075928
20180909,0,-60,173,40000,7177.70263671875,245.100006103516,-1.47922360897064,18.1005916595459
20180909,6,-60,173,40000,7085.7724609375,241.199996948242,-8.66160297393799,18.1195621490479
20180909,12,-60,173,40000,7010.98583984375,238.100006103516,-8.10645771026611,13.0158939361572
20180909,18,-60,173,40000,6964.69140625,236.800003051758,1.09051513671875,7.08368158340454
20180910,0,-60,173,40000,6970.24560546875,236.699981689453,9.62241744995117,-2.91579103469849
20180910,6,-60,173,40000,7030.04052734375,239,21.339807510376,-4.28474140167236
20180910,12,-60,173,40000,7065.39990234375,239.699996948242,24.0064506530762,2.07240223884583
20180910,18,-60,173,40000,7047.26953125,239.300003051758,20.0151901245117,7.62202644348145
20180911,0,-60,173,40000,7021.92578125,238.699996948242,17.2795753479004,10.8604879379272
20180911,6,-60,173,40000,6946.86767578125,234.5,7.14949655532837,10.6992855072021
20180911,12,-60,173,40000,6908.22509765625,234.100006103516,22.2195243835449,14.1541442871094
20180911,18,-60,173,40000,6899.08642578125,230.399993896484,13.4408016204834,2.63701176643372
20180912,0,-60,173,40000,6942.68798828125,231.885299682617,14.1276187896729,-9.6999454498291
20180912,6,-60,173,40000,6994.35009765625,232.800003051758,12.4693546295166,-0.122970581054688
20180912,12,-60,173,40000,7026.125,235.814666748047,24.2304382324219,2.24822998046875
20180912,18,-60,173,40000,6999.7431640625,236.871536254883,35.0886917114258,15.7809200286865
20180913,0,-60,173,40000,6934.43115234375,234.600006103516,35.0470085144043,11.4650392532349
20180913,6,-60,173,40000,6949.92236328125,236.900024414063,44.8313064575195,-2.11078786849976
20180913,12,-60,173,40000,7004.88916015625,237.399993896484,33.3554878234863,1.68253171443939
20180913,18,-60,173,40000,6980.755859375,235.100006103516,26.7572631835938,13.2572326660156
20180914,12,-60,173,40000,6954.83251953125,232.29997253418,7.04227924346924,-8.5747127532959
20180914,18,-60,173,40000,6994.673828125,234.199981689453,13.0138063430786,-2.24238896369934
20180915,0,-60,173,40000,7014.54443359375,235.100006103516,18.1998481750488,-2.49849843978882
20180915,6,-60,173,40000,7040.9306640625,236.699981689453,24.2553195953369,-5.12902212142944
20180915,12,-60,173,40000,7107.56640625,239.600006103516,26.4492797851563,0.608984351158142
20180915,18,-60,173,40000,7117.73828125,241.899993896484,19.5184383392334,11.5846738815308
20180916,0,-60,173,40000,7090.19384765625,242.099975585938,14.6980562210083,19.3357543945313
20180916,12,-60,173,40000,7011.41552734375,240.600006103516,20.3654289245605,15.3461246490479
20180916,18,-60,173,40000,6984.00439453125,239.199996948242,32.4791946411133,16.5970706939697
20180917,0,-60,173,40000,6982.283203125,239.5,43.9000358581543,17.0780639648438
20180917,6,-60,173,40000,7033.4560546875,243.199996948242,40.8748016357422,18.3796997070313
20180917,12,-60,173,40000,7073.27880859375,242.800003051758,28.26979637146,20.8172245025635
20180917,18,-60,173,40000,7069.3408203125,245.29997253418,28.7256317138672,28.4272766113281
20180918,0,-60,173,40000,7058.36181640625,243.600006103516,29.6791305541992,28.938892364502
20180918,6,-60,173,40000,7080.654296875,245.100006103516,19.5160350799561,27.7759857177734
20180918,12,-60,173,40000,7054.18994140625,243.79997253418,4.23759031295776,25.4354629516602
20180918,18,-60,173,40000,6966.91064453125,240,1.44746088981628,24.435640335083
20180919,0,-60,173,40000,6853.09619140625,235.600006103516,-2.15471935272217,16.5438766479492
20180919,6,-60,173,40000,6824.96044921875,234.600006103516,13.0854072570801,17.6599750518799
20180919,12,-60,173,40000,6825.517578125,237.100006103516,7.46592998504639,15.230185508728
20180919,18,-60,173,40000,6809.88671875,234.099975585938,14.5116367340088,16.1226139068604
20180920,0,-60,173,40000,6806.68115234375,234.199996948242,11.6637258529663,3.13032221794128
20180920,6,-60,173,40000,6835.8701171875,233.600006103516,10.6866550445557,-5.10003662109375
20180920,12,-60,173,40000,6907.02392578125,233.79997253418,8.99161911010742,-4.32346200942993
20180920,18,-60,173,40000,6924.56396484375,234.600006103516,1.26964354515076,2.06103038787842
20180921,0,-60,173,40000,6900.36572265625,233.231689453125,-2.71093273162842,-1.1133691072464
20180921,6,-60,173,40000,6883.34130859375,232.899978637695,0.630844116210938,-2.97243642807007
20180921,12,-60,173,40000,6898.3974609375,234.029144287109,7.52462148666382,-0.774255394935608
20180921,18,-60,173,40000,6895.42138671875,233.985763549805,11.7137575149536,1.23052370548248
20180922,0,-60,173,40000,6907.27978515625,232.899993896484,6.56489276885986,-7.39751291275024
20180922,6,-60,173,40000,6940.68115234375,231.800003051758,14.0591487884521,-4.40665578842163
20180922,12,-60,173,40000,6964.14306640625,231.899993896484,16.7160377502441,-3.08248901367188
20180922,18,-60,173,40000,6976.56982421875,231.768310546875,17.5742225646973,-1.52877807617188
20180923,0,-60,173,40000,6977.458984375,232.800003051758,15.3889255523682,-6.75722646713257
20180923,6,-60,173,40000,6981.45751953125,232.800003051758,14.0635528564453,-5.28001689910889
20180923,12,-60,173,40000,7006.48828125,231.999969482422,22.7588691711426,-10.831805229187
20180923,18,-60,173,40000,7058.78369140625,237.800003051758,30.494213104248,-22.8333377838135
20180924,0,-60,173,40000,7138.43994140625,241.600006103516,33.566234588623,-20.7962589263916
20180924,6,-60,173,40000,7199.86865234375,240.399993896484,31.9899406433105,-17.3553581237793
20180924,12,-60,173,40000,7242.54931640625,241.099975585938,32.9369583129883,-4.29996633529663
20180924,18,-60,173,40000,7242.0244140625,240.600006103516,27.5860633850098,-1.04558718204498
20180925,0,-60,173,40000,7250.0068359375,242.499969482422,38.5443229675293,-3.40611577033997
20180925,6,-60,173,40000,7267.2392578125,245.5,40.6769027709961,0.780847191810608
20180925,12,-60,173,40000,7286.236328125,248,43.7276916503906,8.29139423370361
20180925,18,-60,173,40000,7280.01318359375,249.800003051758,46.9672546386719,11.7834777832031
20180926,0,-60,173,40000,7256.14990234375,250.439407348633,57.0098991394043,15.3184537887573
20180926,6,-60,173,40000,7246.787109375,250.29997253418,62.6624336242676,4.33667612075806
20180926,12,-60,173,40000,7272.607421875,250.100006103516,56.3826522827148,6.30711650848389
20180926,18,-60,173,40000,7264.71044921875,248.300003051758,49.1618041992188,11.666748046875
20180927,0,-60,173,40000,7213.421875,247.331695556641,50.8274612426758,19.1516380310059
20180927,6,-60,173,40000,7073.5498046875,242.899993896484,50.0543479919434,21.4131164550781
20180927,12,-60,173,40000,7055.58056640625,237.321929931641,32.8817977905273,-6.64128398895264
20180927,18,-60,173,40000,7127.396484375,236.08528137207,25.077709197998,-10.8965883255005
20180928,0,-60,173,40000,7159.61083984375,236.300003051758,21.7925472259521,-19.6174430847168
20180928,6,-60,173,40000,7279.498046875,244.600006103516,17.7673740386963,-27.7267093658447
20180928,12,-60,173,40000,7357.912109375,250.300003051758,25.8766574859619,-19.5800666809082
20180928,18,-60,173,40000,7364.54931640625,250.899993896484,34.477466583252,-3.32228994369507
20180929,0,-60,173,40000,7298.0673828125,248.399993896484,40.8128890991211,7.70625972747803
20180929,6,-60,173,40000,7183.642578125,244.699996948242,50.4999809265137,12.3165836334229
20180929,12,-60,173,40000,7084.35498046875,242.775543212891,47.2770614624023,18.2219429016113
20180929,18,-60,173,40000,6996.0625,235.675506591797,20.1556358337402,-1.73668825626373
20180930,0,-60,173,40000,6960.294921875,234.300003051758,16.4608345031738,-1.82203364372253
20180930,6,-60,173,40000,6960.16015625,235,12.4427089691162,-3.84353637695313
20180930,12,-60,173,40000,6989.5517578125,234.399993896484,16.4440975189209,-19.5136413574219
20180930,18,-60,173,40000,7098.177734375,239.600006103516,28.3939399719238,-44.2439384460449
20181001,0,-60,173,40000,7174.34228515625,242.399993896484,29.9211330413818,-35.600025177002
20181001,6,-60,173,40000,7227.13623046875,245.910003662109,36.2676773071289,-25.8562622070313
20181001,12,-60,173,40000,7260.34375,247.300003051758,32.3465919494629,-13.9387083053589
20181001,18,-60,173,40000,7225.16748046875,247.399993896484,49.3392868041992,-10.8951969146729
20181002,0,-60,173,40000,7119.55859375,246.782760620117,59.707691192627,-15.9381895065308
20181002,6,-60,173,40000,7069.17041015625,244.382766723633,59.7195930480957,-19.2871036529541
20181002,12,-60,173,40000,7088.10791015625,244.100006103516,54.3049697875977,-24.7232913970947
20181002,18,-60,173,40000,7131.3310546875,243.800003051758,49.2119216918945,-22.4687747955322
20181003,0,-60,173,40000,7188.7138671875,245.5,44.7423210144043,-14.3993225097656
20181003,6,-60,173,40000,7216.52490234375,245.617233276367,35.2351570129395,-3.63829112052917
20181003,12,-60,173,40000,7235.27685546875,244.899993896484,29.710147857666,0.508978247642517
20181003,18,-60,173,40000,7235.08447265625,245.399993896484,31.192008972168,7.78732442855835
20181004,0,-60,173,40000,7187.55517578125,244,33.9587287902832,18.9999809265137
20181004,6,-60,173,40000,7092.28515625,241.899978637695,38.7464027404785,26.6099586486816
20181004,12,-60,173,40000,6978.130859375,240.599975585938,40.9059829711914,38.7558898925781
20181004,18,-60,173,40000,6887.51806640625,234.800018310547,38.703857421875,16.2306499481201
20181005,0,-60,173,40000,6912.10986328125,234.308319091797,39.5222816467285,10.5979347229004
20181005,6,-60,173,40000,6913.97119140625,233.800003051758,29.9854373931885,15.9000577926636
20181005,12,-60,173,40000,6897.35302734375,230.999969482422,22.739086151123,10.5677003860474
20181005,18,-60,173,40000,6899.10986328125,229.222686767578,10.0037355422974,0.870837390422821
20181006,0,-60,173,40000,6910.6474609375,228,6.31939077377319,-2.28244018554688
20181006,6,-60,173,40000,6925.6650390625,229.699996948242,7.00513410568237,-7.85881853103638
20181006,12,-60,173,40000,7007.49853515625,241.531814575195,19.2796058654785,-30.1791877746582
20181006,18,-60,173,40000,7099.97119140625,243.5,26.5792121887207,-11.6642818450928
20181007,0,-60,173,40000,7098.34814453125,243.699996948242,26.1699104309082,6.93639516830444
20181007,6,-60,173,40000,7080.99365234375,244.699996948242,31.9146003723145,9.78565692901611
20181007,12,-60,173,40000,7060.6376953125,243.578079223633,33.6457061767578,15.2439212799072
20181007,18,-60,173,40000,6980.322265625,242.424438476563,47.624828338623,18.2587032318115
20181008,0,-60,173,40000,6956.89453125,239.5,43.5705490112305,11.6047849655151
20181008,6,-60,173,40000,7003.7783203125,242.782760620117,45.282283782959,4.75650882720947
20181008,12,-60,173,40000,7021.546875,241.699996948242,27.4288234710693,19.2322216033936
20181008,18,-60,173,40000,6992.5595703125,241.5,43.2581253051758,24.3144721984863
20181009,0,-60,173,40000,7006.5751953125,243.399993896484,47.9946937561035,28.3750495910645
20181009,6,-60,173,40000,7010.57421875,243.699996948242,45.3201332092285,30.4633541107178
20181009,12,-60,173,40000,7035.78173828125,244.699996948242,48.7608184814453,36.887279510498
20181009,18,-60,173,40000,7080.7119140625,244.401168823242,44.5259780883789,32.17431640625
20181010,0,-60,173,40000,7134.9814453125,245.241973876953,33.2378005981445,32.0139846801758
20181010,6,-60,173,40000,7176.173828125,246,27.2877044677734,28.4320983886719
20181010,12,-60,173,40000,7229.228515625,247.497222900391,21.5977592468262,34.7347030639648
20181010,18,-60,173,40000,7243.4326171875,247,6.58603191375732,30.8674926757813
20181011,0,-60,173,40000,7204.890625,245.643585205078,-0.51528012752533,30.9510746002197
20181011,6,-60,173,40000,7149.49755859375,245.699996948242,-6.07880544662476,23.04052734375
20181011,12,-60,173,40000,7111.36083984375,244.682769775391,-7.57211303710938,28.205322265625
20181011,18,-60,173,40000,7032.78564453125,243.899993896484,-11.4376316070557,29.8689632415771
20181012,0,-60,173,40000,6982.3876953125,241.453369140625,10.1979007720947,21.9000129699707
20181012,6,-60,173,40000,6973.73486328125,243.699996948242,-11.99582862854,30.640100479126
20181012,12,-60,173,40000,6856.798828125,239.100006103516,9.18958473205566,25.8383235931396
20181012,18,-60,173,40000,6798.44140625,238.199996948242,4.78542470932007,28.8297481536865
20181013,0,-60,173,40000,6825.07177734375,237.800003051758,15.365026473999,12.1324520111084
20181013,6,-60,173,40000,6867.81982421875,235.624465942383,17.6591529846191,24.0733394622803
20181013,12,-60,173,40000,6932.3408203125,239.153854370117,24.9153709411621,53.821216583252
20181013,18,-60,173,40000,6942.58203125,239.392532348633,7.43699026107788,41.4111137390137
20181014,0,-60,173,40000,6911.90673828125,234.329147338867,1.49070739746094,29.7876281738281
20181014,6,-60,173,40000,6868.048828125,233,8.84683227539063,7.38288593292236
20181014,12,-60,173,40000,6891.56982421875,233,15.8543033599854,16.5978336334229
20181014,18,-60,173,40000,6962.30126953125,237.399993896484,21.6419830322266,16.2632694244385
20181015,0,-60,173,40000,6985.43798828125,238.199981689453,20.981409072876,23.0272026062012
20181015,6,-60,173,40000,6974.8466796875,236.699996948242,26.0160160064697,13.8732481002808
20181015,12,-60,173,40000,7050.7841796875,240.5,29.1163215637207,3.15863037109375
20181015,18,-60,173,40000,7129.294921875,246.600006103516,24.9768333435059,11.1934385299683
20181016,0,-60,173,40000,7137.20361328125,245.699981689453,22.6768379211426,23.2001762390137
20181016,6,-60,173,40000,7083.0087890625,244.999969482422,24.5580539703369,42.487133026123
20181016,12,-60,173,40000,6972.76611328125,243.100006103516,19.5575523376465,31.663610458374
20181016,18,-60,173,40000,6965.3779296875,238.146118164063,13.5756282806396,16.6883430480957
20181017,0,-60,173,40000,6960.9638671875,238.100006103516,16.2185001373291,9.26144409179688
20181017,6,-60,173,40000,7013.24169921875,240.300003051758,14.3737916946411,5.10203266143799
20181017,12,-60,173,40000,7010.98388671875,237.899978637695,21.7315425872803,15.6416807174683
20181017,18,-60,173,40000,7113.5732421875,242.100006103516,31.8746452331543,-22.6055297851563
20181018,0,-60,173,40000,7205.17138671875,244.100006103516,28.2796897888184,-2.80127573013306
20181018,6,-60,173,40000,7236.17041015625,244.399993896484,23.5104923248291,2.25283193588257
20181018,12,-60,173,40000,7243.6201171875,245.099975585938,16.1568241119385,10.1369380950928
20181018,18,-60,173,40000,7226.783203125,243.899993896484,14.8485164642334,11.759485244751
20181019,0,-60,173,40000,7156.3486328125,241.899993896484,12.3065366744995,18.5621948242188
20181019,6,-60,173,40000,7031.76318359375,235.899993896484,15.9295988082886,27.3930473327637
20181019,18,-60,173,40000,7210.3349609375,242.699981689453,36.5693435668945,-11.579852104187
20181020,0,-60,173,40000,7289.09423828125,247.29997253418,34.7225646972656,-2.33455801010132
20181020,6,-60,173,40000,7332.3037109375,247.867874145508,31.4937839508057,4.82247304916382
20181020,12,-60,173,40000,7335.28125,248.160598754883,37.3339576721191,13.4869632720947
20181020,18,-60,173,40000,7276.623046875,247.5,45.3829612731934,21.8935546875
20181021,0,-60,173,40000,7194.62109375,245.695587158203,49.5274047851563,33.4508438110352
20181021,6,-60,173,40000,7074.53564453125,243.392532348633,51.307861328125,45.8804817199707
20181021,12,-60,173,40000,6929.05810546875,233.985305786133,36.6899185180664,19.7529544830322
20181021,18,-60,173,40000,6941.72802734375,234.199996948242,47.8337516784668,0.0632354766130447
20181022,0,-60,173,40000,7033.65673828125,235.5,43.3763732910156,-31.9994773864746
20181022,6,-60,173,40000,7179.70751953125,240,39.6340827941895,-24.7441215515137
20181022,12,-60,173,40000,7243.33447265625,245.075531005859,43.894588470459,-15.3519535064697
20181022,18,-60,173,40000,7273.15478515625,248.678100585938,49.9914932250977,-26.5975151062012
20181023,0,-60,173,40000,7308.6044921875,250.543853759766,47.1561470031738,-26.9778442382813
20181023,6,-60,173,40000,7330.29443359375,249.685302734375,44.5689277648926,-24.2651309967041
20181023,12,-60,173,40000,7364.76513671875,249.738922119141,38.8476486206055,-20.750804901123
20181023,18,-60,173,40000,7386.84326171875,250.100021362305,41.7904014587402,-24.3915596008301
20181024,0,-60,173,40000,7396.7373046875,247.892532348633,36.8515625,-16.2000370025635
20181024,6,-60,173,40000,7372.72802734375,246.5,35.3124084472656,-4.30997323989868
20181024,12,-60,173,40000,7331.59814453125,245.899993896484,38.6559982299805,2.92246103286743
20181024,18,-60,173,40000,7267.82763671875,244.399978637695,40.9440498352051,0.476202398538589
20181025,0,-60,173,40000,7210.255859375,242.5,40.0193786621094,-1.3441162109375
20181025,6,-60,173,40000,7146.36328125,240.361083984375,39.1863479614258,1.12575078010559
20181025,12,-60,173,40000,7028.3251953125,236.092498779297,37.5874214172363,13.7013492584229
20181025,18,-60,173,40000,6912.4033203125,231.992553710938,15.6753234863281,0.296191394329071
20181026,0,-60,173,40000,6887.81201171875,230.5,1.88026118278503,-8.81436729431152
20181026,6,-60,173,40000,6914.68115234375,230.199981689453,6.03977060317993,-17.1976566314697
20181026,12,-60,173,40000,6924.11669921875,229.607467651367,12.8589630126953,-21.7142028808594
20181026,18,-60,173,40000,6898.78564453125,228.699996948242,10.2160158157349,-25.6404914855957
20181027,0,-60,173,40000,6885.9619140625,231.04345703125,5.76312875747681,-32.3868789672852
20181027,6,-60,173,40000,6958.884765625,234.882369995117,-0.658145129680634,-44.399974822998
20181027,12,-60,173,40000,7077.96728515625,244.443481445313,-9.70467185974121,-65.9706268310547
20181027,18,-60,173,40000,7165.97021484375,245.199981689453,-0.753448486328125,-45.5263557434082
20181028,0,-60,173,40000,7208.89990234375,244.868316650391,-0.657366931438446,-33.977611541748
20181028,6,-60,173,40000,7220.6943359375,244,-1.92484438419342,-20.542028427124
20181028,12,-60,173,40000,7198.04541015625,243.020309448242,2.51662302017212,-4.93299579620361
20181028,18,-60,173,40000,7150.7568359375,242.597442626953,4.29317617416382,6.08339834213257
20181029,0,-60,173,40000,7089.25146484375,241.533325195313,5.41788625717163,10.9281187057495
20181029,6,-60,173,40000,7037.1513671875,239.823043823242,1.99688112735748,16.6015872955322
20181029,12,-60,173,40000,7002.525390625,238.841949462891,-2.89598989486694,13.7653865814209
20181029,18,-60,173,40000,6978.9326171875,238.300003051758,0.401202380657196,11.8696956634521
20181030,0,-60,173,40000,6966.66455078125,236.899993896484,3.2922637462616,12.2953672409058
20181030,6,-60,173,40000,6948.1142578125,237.100006103516,0.285702526569366,19.3511600494385
20181030,12,-60,173,40000,6921.98876953125,238.099975585938,-2.99910593032837,22.2667655944824
20181030,18,-60,173,40000,6881.4462890625,238.100006103516,-5.86808490753174,25.609167098999
20181031,0,-60,173,40000,6843.67138671875,238.613067626953,-4.69817209243774,26.1000061035156
20181031,6,-60,173,40000,6835.9169921875,237.900024414063,-0.911575317382813,24.4966926574707
20181031,12,-60,173,40000,6807.94677734375,235.399993896484,0.170767217874527,20.7992668151855
20181031,18,-60,173,40000,6780.193359375,234.413055419922,3.82655644416809,19.3970336914063
20181101,0,-60,173,40000,6764.72509765625,233.340530395508,6.71535634994507,17.7666263580322
20181101,6,-60,173,40000,6775.8486328125,232.699996948242,7.2073974609375,16.6970882415771
20181101,12,-60,173,40000,6802.15625,232,5.12642335891724,11.470253944397
20181101,18,-60,173,40000,6849.49072265625,233.237258911133,12.4153499603271,-6.05011606216431
20181102,0,-60,173,40000,6911.30419921875,233.300003051758,21.8851680755615,-10.1150207519531
20181102,6,-60,173,40000,6987.13623046875,240.599975585938,35.0008659362793,-19.7144165039063
20181102,12,-60,173,40000,7074.00927734375,242.618865966797,34.9799156188965,-9.96251201629639
20181102,18,-60,173,40000,7127.478515625,246.649215698242,36.3467025756836,-2.06745004653931
20181103,0,-60,173,40000,7165.455078125,248.084518432617,22.7269592285156,16.9023685455322
20181103,6,-60,173,40000,7091.43017578125,245.800003051758,18.8377075195313,30.6429443359375
20181103,12,-60,173,40000,6998.35693359375,244.711700439453,17.3149147033691,50.7958755493164
20181103,18,-60,173,40000,6922.64013671875,242.800003051758,18.3252201080322,43.9251327514648
20181104,0,-60,173,40000,6858.74072265625,239.600006103516,5.35501384735107,29.1011238098145
20181104,6,-60,173,40000,6834.34375,238.536376953125,16.3145561218262,28.7264709472656
20181104,12,-60,173,40000,6949.01513671875,241.399993896484,21.3141269683838,7.01121807098389
20181104,18,-60,173,40000,6994.88134765625,241.399978637695,2.70734262466431,14.0581912994385
20181105,0,-60,173,40000,7000.40869140625,239.399978637695,16.9556427001953,34.4055786132813
20181105,6,-60,173,40000,6981.36572265625,238.600006103516,18.1060371398926,41.9055061340332
20181105,12,-60,173,40000,7011.2314453125,241.224456787109,8.55230140686035,7.00016498565674
20181105,18,-60,173,40000,7040.8154296875,241.5,3.88035273551941,8.37108135223389
20181106,0,-60,173,40000,7022.08203125,241.5,0.22127990424633,16.9547843933105
20181106,6,-60,173,40000,7002.29931640625,241.808395385742,-2.99626469612122,27.0342960357666
20181106,12,-60,173,40000,6994.26123046875,240.95654296875,-2.82108449935913,20.0310115814209
20181106,18,-60,173,40000,6977.02734375,240.800582885742,-8.31821918487549,19.8001594543457
20181107,0,-60,173,40000,6942.388671875,238.649200439453,-15.5579957962036,32.9268684387207
20181107,6,-60,173,40000,6919.9580078125,239.26953125,-6.96933603286743,43.7477188110352
20181107,12,-60,173,40000,6996.240234375,240.432327270508,-12.2664852142334,20.3105964660645
20181107,18,-60,173,40000,6940.59326171875,240.105026245117,-19.2105255126953,14.9432621002197
20181108,0,-60,173,40000,6903.59130859375,235.225921630859,-7.92650127410889,15.4808835983276
20181108,6,-60,173,40000,6873.76806640625,230.737762451172,-9.81846332550049,22.04541015625
20181108,12,-60,173,40000,6892.001953125,229.108795166016,-6.95340871810913,17.6201419830322
20181108,18,-60,173,40000,6887.71875,229.800003051758,3.84572148323059,10.7559995651245
20181109,0,-60,173,40000,6879.04443359375,231.663619995117,-4.36507558822632,13.7601566314697
20181109,6,-60,173,40000,6856.978515625,233.100006103516,4.80617046356201,22.671106338501
20181109,12,-60,173,40000,6916.66943359375,237.300003051758,-0.126757815480232,20.4156455993652
20181109,18,-60,173,40000,6904.142578125,239.127563476563,-9.19538307189941,21.8292655944824
20181110,0,-60,173,40000,6853.23876953125,240.199996948242,-19.6018924713135,26.6603755950928
20181110,6,-60,173,40000,6768.369140625,235.600006103516,-27.2572746276855,20.3538513183594
20181110,12,-60,173,40000,6754.31494140625,232.600006103516,-6.4115571975708,16.4000053405762
20181110,18,-60,173,40000,6758.88916015625,231.682250976563,0.630523681640625,12.8007755279541
20181111,0,-60,173,40000,6792.85498046875,231.499969482422,2.86259460449219,10.1676816940308
20181111,6,-60,173,40000,6800.33740234375,231.300003051758,-5.80753803253174,4.29368877410889
20181111,12,-60,173,40000,6813.8876953125,232.214721679688,-3.33667898178101,9.91896343231201
20181111,18,-60,173,40000,6826.37353515625,230.800003051758,-4.5697021484375,15.4205932617188
20181112,0,-60,173,40000,6820.15478515625,230.399993896484,-3.50715947151184,10.035662651062
20181112,6,-60,173,40000,6831.20947265625,229.744964599609,4.49744892120361,8.87343120574951
20181112,12,-60,173,40000,6872.04833984375,230.999969482422,2.65057063102722,11.9415283203125
20181112,18,-60,173,40000,6880.087890625,231.30696105957,1.091796875,8.15223407745361
20181113,0,-60,173,40000,6886.80615234375,230.699996948242,5.66496562957764,4.25108957290649
20181113,6,-60,173,40000,6912.224609375,232.600006103516,17.5391483306885,-1.79611814022064
20181113,12,-60,173,40000,6973.4169921875,234.278045654297,24.9732513427734,3.01384282112122
20181113,18,-60,173,40000,7018.14697265625,237.424468994141,27.2542839050293,12.5923519134521
20181114,0,-60,173,40000,7033.724609375,239.099975585938,28.0642051696777,23.3763790130615
20181114,6,-60,173,40000,7049.11865234375,240.800003051758,29.7295436859131,21.62646484375
20181114,12,-60,173,40000,7108.42236328125,242.907348632813,24.0555324554443,19.870922088623
20181114,18,-60,173,40000,7140.97265625,245,17.8444328308105,28.9834861755371
20181115,0,-60,173,40000,7125.4501953125,244.800003051758,18.8682308197021,40.0266342163086
20181115,6,-60,173,40000,7078.32666015625,242.899978637695,12.1853332519531,42.6523590087891
20181115,12,-60,173,40000,7060.9560546875,240.300003051758,12.9137296676636,39.6072540283203
20181115,18,-60,173,40000,6959.8994140625,238.665252685547,8.6539945602417,46.8679428100586
20181116,0,-60,173,40000,7067.7373046875,239.846145629883,34.9355163574219,18.8753623962402
20181116,6,-60,173,40000,7192.357421875,244.800003051758,24.5220699310303,15.477068901062
20181116,12,-60,173,40000,7282.57568359375,247.277801513672,15.7028045654297,18.9596061706543
20181116,18,-60,173,40000,7343.00390625,248.899993896484,13.3167476654053,21.7086219787598
20181117,0,-60,173,40000,7362.912109375,248.199981689453,-16.1082820892334,20.477071762085
20181117,6,-60,173,40000,7365.54638671875,243,1.39990842342377,26.5355834960938
20181117,12,-60,173,40000,7402.859375,243.454025268555,-0.046112060546875,25.0846309661865
20181117,18,-60,173,40000,7410.62255859375,244.100006103516,0.0697479248046875,22.6521854400635
20181118,0,-60,173,40000,7427.84814453125,244.15983581543,-1.60929262638092,21.3599853515625
20181118,6,-60,173,40000,7430.05615234375,245.311645507813,0.448727428913116,22.0588626861572
20181118,12,-60,173,40000,7447.87890625,245.399993896484,-0.23822021484375,18.3348808288574
20181118,18,-60,173,40000,7444.01953125,245.300003051758,-1.66525268554688,14.6000671386719
20181119,0,-60,173,40000,7435.14111328125,245.399993896484,-1.66358029842377,13.5803833007813
20181119,6,-60,173,40000,7423.52978515625,246,-1.70787358283997,7.59562969207764
20181119,12,-60,173,40000,7413.794921875,244.699981689453,-7.98833608627319,5.302001953125
20181119,18,-60,173,40000,7383.45458984375,244.300003051758,-17.7700862884521,0.765051245689392
20181120,0,-60,173,40000,7348.95751953125,243.301956176758,-27.7611999511719,1.90003049373627
20181120,6,-60,173,40000,7324.98193359375,243.099975585938,-28.4627017974854,5.80145263671875
20181120,12,-60,173,40000,7307.53125,242.699996948242,-30.8777351379395,3.3682861328125
20181120,18,-60,173,40000,7257.62548828125,240.600006103516,-25.3202457427979,-3.80418086051941
20181121,0,-60,173,40000,7226.759765625,239.100006103516,-25.8943843841553,2.69998168945313
20181121,6,-60,173,40000,7190.89697265625,238.800003051758,-27.4191379547119,0.869140625
20181121,12,-60,173,40000,7166.67626953125,237.899993896484,-25.0300388336182,5.10112285614014
20181121,18,-60,173,40000,7127.14501953125,237.100006103516,-31.3135890960693,9.34669208526611
20181122,0,-60,173,40000,7106.33984375,235.199996948242,-26.3113803863525,15.6295719146729
20181122,6,-60,173,40000,7095.47119140625,233.600006103516,-19.3080806732178,17.2955322265625
20181122,12,-60,173,40000,7098.037109375,233.502655029297,-16.8032684326172,19.4596977233887
20181122,18,-60,173,40000,7104.0107421875,234.328704833984,-13.6468448638916,16.8130493164063
20181123,0,-60,173,40000,7105.76318359375,234.605377197266,-12.59912109375,8.79994487762451
20181123,6,-60,173,40000,7106.03955078125,234.633331298828,-13.608416557312,8.99998188018799
20181123,12,-60,173,40000,7107.12060546875,234.847778320313,-15.7827939987183,9.32119178771973
20181123,18,-60,173,40000,7099.75,234.959442138672,-17.8535251617432,1.94606935977936
20181124,0,-60,173,40000,7086.36572265625,234.973846435547,-19.0514469146729,-1.54426264762878
20181124,6,-60,173,40000,7084.12744140625,234.962280273438,-17.0102424621582,4.64660024642944
20181124,12,-60,173,40000,7097.57421875,233.979736328125,-18.7381229400635,5.74130249023438
20181124,18,-60,173,40000,7095.51806640625,234.36067199707,-18.2782592773438,2.60258483886719
20181125,0,-60,173,40000,7099.025390625,234.47248840332,-17.9023017883301,7.99303293228149
20181125,6,-60,173,40000,7109.37890625,233.899993896484,-16.8452262878418,9.87087726593018
20181125,12,-60,173,40000,7117.81298828125,233.972457885742,-14.7666311264038,4.36278343200684
20181125,18,-60,173,40000,7107.87646484375,233.772491455078,-14.7518844604492,-3.68155264854431
20181126,0,-60,173,40000,7092.8037109375,232.800003051758,-16.2954025268555,-6.2111668586731
20181126,6,-60,173,40000,7072.626953125,232.24055480957,-13.9867124557495,-3.89679574966431
20181126,12,-60,173,40000,7054.39990234375,231.800003051758,-10.382568359375,-0.424199223518372
20181126,18,-60,173,40000,7035.06494140625,232.100006103516,-9.86166381835938,5.66401958465576
20181127,0,-60,173,40000,7026.6767578125,232.800003051758,-7.35321044921875,12.3804807662964
20181127,6,-60,173,40000,7015.20947265625,234,-2.04042363166809,5.58220815658569
20181127,12,-60,173,40000,7008.67822265625,235.772506713867,-0.916293919086456,-5.89709949493408
20181127,18,-60,173,40000,7001.6337890625,237,-7.05059337615967,7.3214259147644
20181128,0,-60,173,40000,6961.88818359375,237.178680419922,-10.6914672851563,17.8511333465576
20181128,6,-60,173,40000,6970.89892578125,243.300018310547,16.5451126098633,16.795238494873
20181128,12,-60,173,40000,6940.21484375,243.220901489258,-0.473208010196686,18.0922698974609
20181128,18,-60,173,40000,6881.07373046875,245,2.24086427688599,12.5998048782349
20181129,0,-60,173,40000,6857.3056640625,243.3896484375,4.81678485870361,15.6017150878906
20181129,6,-60,173,40000,6820.01513671875,240.30387878418,12.7991428375244,38.7816276550293
20181129,12,-60,173,40000,6759.4794921875,239,-2.67122507095337,37.6000480651855
20181129,18,-60,173,40000,6666.6962890625,235.100006103516,-4.54565668106079,23.519603729248
20181130,0,-60,173,40000,6617.28076171875,233.899993896484,5.86840105056763,13.7922554016113
20181130,6,-60,173,40000,6637.47265625,235.399993896484,20.5514373779297,2.02833986282349
20181130,12,-60,173,40000,6689.552734375,232.72102355957,16.0622119903564,2.48385262489319
20181130,18,-60,173,40000,6742.07861328125,232.133499145508,16.7846012115479,3.24886727333069
20181201,0,-60,173,40000,6765.2548828125,234.784637451172,26.7613620758057,1.83129274845123
20181201,6,-60,173,40000,6775.76806640625,234.318771362305,24.1837348937988,6.71435546875
20181201,12,-60,173,40000,6779.63818359375,233.5,28.1999168395996,9.00187969207764
20181201,18,-60,173,40000,6774.15576171875,233.24055480957,27.2776641845703,13.0067014694214
20181202,0,-60,173,40000,6748.2568359375,233.194427490234,30.5147647857666,17.1959953308105
20181202,6,-60,173,40000,6725.82177734375,233.091094970703,34.1041564941406,15.2002258300781
20181202,12,-60,173,40000,6729.91796875,233.326095581055,32.5975799560547,20.7467288970947
20181202,18,-60,173,40000,6716.97705078125,232.916213989258,22.6045932769775,19.2692070007324
20181203,0,-60,173,40000,6704.798828125,231.927520751953,18.7438926696777,2.71331787109375
20181203,6,-60,173,40000,6720.20556640625,230.012771606445,16.0018672943115,-3.32004404067993
20181203,12,-60,173,40000,6738.33203125,229.199996948242,15.7584714889526,-1.29319453239441
20181203,18,-60,173,40000,6751.7392578125,226.933685302734,16.9267387390137,-5.32701396942139
20181204,0,-60,173,40000,6815.3701171875,229.524566650391,22.3098640441895,-12.7897090911865
20181204,6,-60,173,40000,6857.458984375,228.68537902832,25.9136543273926,-5.45993661880493
20181204,12,-60,173,40000,6887.33447265625,229.11328125,23.8414821624756,-0.594659447669983
20181204,18,-60,173,40000,6911.78564453125,230.299926757813,20.1814765930176,-5.9002685546875
20181205,0,-60,173,40000,6982.56982421875,236.999969482422,28.5037174224854,-5.70001220703125
20181205,6,-60,173,40000,7011.14013671875,239.114624023438,24.9705410003662,2.09760737419128
20181205,12,-60,173,40000,7010.748046875,239.100006103516,26.5646781921387,8.41605854034424
20181205,18,-60,173,40000,7027.58251953125,238.202423095703,25.2267971038818,0.260662853717804
20181206,0,-60,173,40000,7029.23583984375,242.400024414063,25.8838558197021,11.5773067474365
20181206,6,-60,173,40000,6987.72119140625,239.810745239258,14.0360288619995,20.8030891418457
20181206,12,-60,173,40000,6901.9482421875,237.428985595703,22.0340023040771,9.88739013671875
20181206,18,-60,173,40000,6904.28125,235.327972412109,36.8656730651855,9.1711483001709
20181207,0,-60,173,40000,6897.05517578125,237.061447143555,19.9597721099854,28.8372135162354
20181207,6,-60,173,40000,6794.677734375,237.371780395508,-6.17484760284424,18.5800724029541
20181207,12,-60,173,40000,6682.0732421875,237.567840576172,-11.0025386810303,-3.68350839614868
20181207,18,-60,173,40000,6709.61181640625,235.000030517578,0.00349853513762355,-17.8593502044678
20181208,0,-60,173,40000,6774.060546875,233.551345825195,1.14858889579773,-17.0128326416016
20181208,6,-60,173,40000,6813.09619140625,233.513885498047,1.05145502090454,-7.62927722930908
20181208,12,-60,173,40000,6804.8837890625,232.704467773438,0.0154565433040261,-1.10426759719849
20181208,18,-60,173,40000,6798.0126953125,232.518356323242,-3.18605947494507,-0.337399303913116
20181209,0,-60,173,40000,6816.55810546875,231.600006103516,1.19999754428864,2.8067626953125
20181209,6,-60,173,40000,6840.8486328125,230.804000854492,11.2606048583984,-3.90704345703125
20181209,12,-60,173,40000,6862.21142578125,229.899993896484,13.1946582794189,-8.96019554138184
20181209,18,-60,173,40000,6898.333984375,229.391403198242,16.8722362518311,-11.2572937011719
20181210,0,-60,173,40000,6949.291015625,232.415802001953,26.7749137878418,-17.1751823425293
20181210,6,-60,173,40000,7055.990234375,238.988845825195,33.8778877258301,-30.7624931335449
20181210,12,-60,173,40000,7145.408203125,241.226760864258,27.0532894134521,-12.230224609375
20181210,18,-60,173,40000,7183.646484375,241.499969482422,18.0708408355713,-4.21503305435181
20181211,0,-60,173,40000,7197.787109375,241.576950073242,9.49992084503174,3.9754638671875
20181211,6,-60,173,40000,7185.6923828125,240.254974365234,6.44169616699219,12.9107418060303
20181211,12,-60,173,40000,7158.03759765625,240.57243347168,2.59999394416809,22.8706169128418
20181211,18,-60,173,40000,7117.73388671875,238.806762695313,0.081024169921875,27.5844917297363
20181212,0,-60,173,40000,7099.67822265625,237.28092956543,-1.748779296875,28.6509971618652
20181212,6,-60,173,40000,7078.21484375,236.5,-0.414871215820313,33.092170715332
20181212,12,-60,173,40000,7086.6630859375,240.985595703125,7.63448190689087,8.70784568786621
20181212,18,-60,173,40000,7101.56689453125,241.88786315918,1.08663630485535,18.2185249328613
20181213,0,-60,173,40000,7102.7900390625,242.027542114258,-2.85173034667969,17.7163505554199
20181213,6,-60,173,40000,7086.72607421875,242.629150390625,-7.0689697265625,27.5732479095459
20181213,12,-60,173,40000,7076.91455078125,240.199996948242,-4.20422077178955,25.0761413574219
20181213,18,-60,173,40000,7065.01953125,238.500030517578,0.744421362876892,35.254222869873
20181214,0,-60,173,40000,7061.8154296875,238.420257568359,3.29154968261719,28.7664680480957
20181214,6,-60,173,40000,7067.6181640625,238.699996948242,4.4925537109375,9.18089580535889
20181214,12,-60,173,40000,7062.412109375,238.921661376953,3.11723637580872,11.900860786438
20181214,18,-60,173,40000,7048.9931640625,237.600006103516,12.0274658203125,18.8214054107666
20181215,0,-60,173,40000,7014.3076171875,237.699996948242,2.97145390510559,29.3003597259521
20181215,6,-60,173,40000,6936.142578125,234.760375976563,6.00412607192993,34.8293952941895
20181215,12,-60,173,40000,6950.021484375,237.213088989258,1.11272275447845,34.173698425293
20181215,18,-60,173,40000,6915.04541015625,240.10498046875,-6.69972515106201,30.3289337158203
20181216,0,-60,173,40000,6863.50146484375,239.499969482422,-18.4968566894531,17.0128211975098
20181216,6,-60,173,40000,6800.697265625,236.899978637695,-25.5496520996094,20.534158706665
20181216,12,-60,173,40000,6772.70947265625,231.900024414063,-7.355712890625,14.7601289749146
20181216,18,-60,173,40000,6774.05078125,228.800003051758,3.02846670150757,11.3194551467896
20181217,0,-60,173,40000,6809.5869140625,227.699996948242,6.13211345672607,10.2569398880005
20181217,6,-60,173,40000,6858.54931640625,232.800003051758,18.7862491607666,-1.79995727539063
20181217,12,-60,173,40000,6955.43505859375,237.204391479492,23.2222938537598,10.3447999954224
20181217,18,-60,173,40000,6966.6630859375,238.241134643555,6.51872539520264,23.6174373626709
20181218,0,-60,173,40000,6923.07421875,235.073928833008,10.5045623779297,42.393238067627
20181218,6,-60,173,40000,6910.9306640625,239.034866333008,-1.29496157169342,34.622200012207
20181218,12,-60,173,40000,6809.41796875,238.387741088867,-10.1083316802979,59.9105949401855
