20180720,0,59,31,2000,25754.23828125,206.917236328125,72.352409362793,7.24813461303711
20180720,6,59,31,2000,25726.578125,205.699996948242,72.6700210571289,3.06758785247803
20180720,12,59,31,2000,25696.30078125,205.100006103516,76.2347259521484,1.84335446357727
20180720,18,59,31,2000,25636.408203125,205.399978637695,87.0048828125,4.69386720657349
20180721,0,59,31,2000,25657.71484375,207.199981689453,94.7100067138672,0.8701171875
20180721,6,59,31,2000,25610.484375,207.596267700195,97.9960174560547,-7.35858154296875
20180721,12,59,31,2000,25508.705078125,207.899993896484,92.2399978637695,-15.9732913970947
20180721,18,59,31,2000,25317.10546875,205.5,84.370002746582,-12.8660306930542
20180722,0,59,31,2000,25208.142578125,205.5,83.0699996948242,-4.21003913879395
20180722,6,59,31,2000,25191.240234375,206,78.4866409301758,8.80879402160645
20180722,12,59,31,2000,25270.91015625,206,82.4042358398438,16.3414325714111
20180722,18,59,31,2000,25346.900390625,204.099975585938,82.8400115966797,17.1053829193115
20180723,0,59,31,2000,25416.0703125,205.499969482422,82.4800109863281,13.0863065719604
20180723,6,59,31,2000,25403.779296875,206.399978637695,82.9800033569336,7.08369636535645
20180723,12,59,31,2000,25358.283203125,206.899993896484,82.0500106811523,1.6153552532196
20180723,18,59,31,2000,25249.484375,206.300003051758,84.4366683959961,-0.3987817466259
20180724,0,59,31,2000,25136.57421875,206.379684448242,84.3104553222656,-1.34865236282349
20180724,6,59,31,2000,25028.69921875,205.599975585938,82.9000015258789,3.43122553825378
20180724,12,59,31,2000,24937.3203125,203.199981689453,78.370002746582,5.35038328170776
20180724,18,59,31,2000,24868.4609375,200.899993896484,77.0700912475586,7.54049301147461
20180725,0,59,31,2000,24848.83203125,200.699981689453,74.0699996948242,11.2795705795288
20180725,6,59,31,2000,24812.580078125,198.299987792969,70.4751739501953,13.2431030273438
20180725,12,59,31,2000,24772.455078125,196.899993896484,69.4700012207031,13.0648021697998
20180725,18,59,31,2000,24752.455078125,195.999984741211,69.370002746582,15.0314083099365
20180726,0,59,31,2000,24773.28515625,197.599975585938,69.2905883789063,16.2338237762451
20180726,6,59,31,2000,24752.435546875,194.999984741211,73.870002746582,18.9338798522949
20180726,12,59,31,2000,24783.556640625,194.499984741211,80.3600006103516,20.3660831451416
20180726,18,59,31,2000,24859.1484375,196.399978637695,86.8602905273438,21.828763961792
20180727,0,59,31,2000,24939.205078125,196.999969482422,91.356689453125,14.0621461868286
20180727,6,59,31,2000,24980.470703125,196.499984741211,93.7767028808594,9.26547336578369
20180727,12,59,31,2000,25028.767578125,198.299987792969,89.5899963378906,3.24557852745056
20180727,18,59,31,2000,25026.779296875,198.599975585938,86.7866821289063,-2.19630122184753
20180728,0,59,31,2000,25034.1015625,198.599990844727,82.5899963378906,-11.3862991333008
20180728,6,59,31,2000,24979.79296875,197.899993896484,79.4996948242188,-13.0804195404053
20180728,12,59,31,2000,24939.39453125,197.699981689453,70.6769561767578,-15.5202503204346
20180728,18,59,31,2000,24903.7578125,197.699981689453,67.4724197387695,-12.8810129165649
20180729,0,59,31,2000,24921.828125,196.999984741211,64.390007019043,-10.3851842880249
20180729,6,59,31,2000,24905.6015625,195.599975585938,65.8899993896484,-6.26987075805664
20180729,12,59,31,2000,24952.755859375,196.699981689453,64.4900054931641,-5.03080797195435
20180729,18,59,31,2000,24951.7421875,196.299987792969,63.6967391967773,-6.09668111801147
20180730,0,59,31,2000,24930.935546875,195.699981689453,62.3001556396484,-7.7734375
20180730,6,59,31,2000,24889.865234375,196.206970214844,63.9900054931641,-6.06802749633789
20180730,12,59,31,2000,24867.73046875,197.29997253418,66.1880950927734,-6.35659170150757
20180730,18,59,31,2000,24819.869140625,194.899993896484,65.9899978637695,-5.97635126113892
20180731,0,59,31,2000,24792.671875,196.099975585938,64.2777938842773,-4.63618755340576
20180731,6,59,31,2000,24753.169921875,195.399978637695,65.8603363037109,-2.41343021392822
20180731,12,59,31,2000,24719.296875,193.699996948242,64.5566635131836,-1.40635502338409
20180731,18,59,31,2000,24682.9375,193.999969482422,61.5703010559082,2.02757811546326
20180801,0,59,31,2000,24683.767578125,195.099975585938,57.8700103759766,1.63070070743561
20180801,6,59,31,2000,24652.4765625,194.300003051758,55.4733200073242,6.18627452850342
20180801,12,59,31,2000,24672.501953125,193.799987792969,50.1699981689453,14.03759765625
20180801,18,59,31,2000,24717.029296875,195.599975585938,50.0905609130859,22.335521697998
20180802,0,59,31,2000,24838.52734375,199.800003051758,54.9994049072266,27.4850921630859
20180802,6,59,31,2000,24928.8671875,199.899978637695,60.9886703491211,31.2400894165039
20180802,12,59,31,2000,24992.67578125,200.099975585938,66.6900024414063,29.5620441436768
20180802,18,59,31,2000,25008.244140625,200.799987792969,70.77001953125,26.0800971984863
20180803,0,59,31,2000,25033.1015625,202.899993896484,69.370002746582,22.1340751647949
20180803,6,59,31,2000,25000.072265625,203.199981689453,68.973388671875,23.5446186065674
20180803,12,59,31,2000,25000.80078125,204.332122802734,66.4499969482422,25.709867477417
20180803,18,59,31,2000,25033.67578125,206.100006103516,65.5602645874023,31.3695659637451
20180804,0,59,31,2000,25073.119140625,204.099990844727,65.3899993896484,34.8247566223145
20180804,6,59,31,2000,25104.412109375,202.099975585938,67.4900054931641,34.7127647399902
20180804,12,59,31,2000,25118.455078125,200.29997253418,67.6001510620117,32.3636436462402
20180804,18,59,31,2000,25109.52734375,199.499984741211,68.9999923706055,26.6813278198242
20180805,0,59,31,2000,25080.6328125,198.499984741211,73.1964569091797,22.2774658203125
20180805,6,59,31,2000,25006.783203125,197.799987792969,76.102783203125,17.2099456787109
20180805,12,59,31,2000,24929.140625,196.099990844727,77.8700103759766,11.3167114257813
20180805,18,59,31,2000,24841.162109375,196.399993896484,76.8757781982422,6.04278707504272
20180806,0,59,31,2000,24772.203125,196.599990844727,73.5897827148438,1.91043329238892
20180806,6,59,31,2000,24679.11328125,196.499984741211,71.2757720947266,5.86479997634888
20180806,12,59,31,2000,24629.123046875,196.199981689453,67.7697830200195,7.10693216323853
20180806,18,59,31,2000,24605.669921875,195.099975585938,68.6717681884766,9.81446552276611
20180807,0,59,31,2000,24583.734375,194.199981689453,66.7634124755859,8.13504028320313
20180807,6,59,31,2000,24548.8203125,192.899993896484,66.1768035888672,11.1306285858154
20180807,12,59,31,2000,24536.615234375,192.399978637695,61.8712310791016,12.167218208313
20180807,18,59,31,2000,24510.984375,190.999984741211,61.5830841064453,15.5257596969604
20180808,0,59,31,2000,24541.107421875,190.899978637695,59.9772644042969,19.7686176300049
20180808,6,59,31,2000,24566.23046875,190.499969482422,56.8704795837402,25.6113662719727
20180808,12,59,31,2000,24620.806640625,190.600006103516,53.5900115966797,28.3315601348877
20180808,18,59,31,2000,24679.3828125,191.299987792969,52.7700080871582,33.5620651245117
20180809,0,59,31,2000,24779.1484375,192.150726318359,55.689998626709,36.4173774719238
20180809,6,59,31,2000,24888.337890625,192.999984741211,57.198657989502,39.8578987121582
20180809,12,59,31,2000,24967.919921875,192.499969482422,61.9000205993652,40.7828407287598
20180809,18,59,31,2000,25039.71484375,192.399993896484,66.3183288574219,37.8261528015137
20180810,0,59,31,2000,25123.087890625,194.499969482422,70.7000122070313,32.4499359130859
20180810,6,59,31,2000,25136.83984375,194.599975585938,74.8000106811523,23.9675197601318
20180810,12,59,31,2000,25089.88671875,195.128631591797,76.3000030517578,15.5643949508667
20180810,18,59,31,2000,25015.8046875,195.199981689453,75.1900024414063,10.7547416687012
20180811,0,59,31,2000,24945.5390625,195.599349975586,74.6900177001953,10.0778245925903
20180811,6,59,31,2000,24894.615234375,195.499969482422,76.170036315918,12.6562528610229
20180811,12,59,31,2000,24868.509765625,194.899978637695,74.890007019043,12.4743871688843
20180811,18,59,31,2000,24841.517578125,194.299987792969,75.1700210571289,12.2638187408447
20180812,0,59,31,2000,24834.845703125,195.699981689453,73.9700088500977,11.4524049758911
20180812,6,59,31,2000,24792.4921875,194.199981689453,74.6700057983398,11.4158878326416
20180812,12,59,31,2000,24768.1953125,193.999984741211,72.6704864501953,11.5099143981934
20180812,18,59,31,2000,24765.10546875,194.399993896484,70.0982208251953,11.5699214935303
20180813,0,59,31,2000,24782.591796875,193.79997253418,68.8700103759766,9.37723541259766
20180813,6,59,31,2000,24781.154296875,192.599975585938,69.9900131225586,13.3652305603027
20180813,12,59,31,2000,24818.16015625,193.699981689453,69.990234375,16.9743537902832
20180813,18,59,31,2000,24876.6640625,194.399978637695,71.3030700683594,17.6768035888672
20180814,0,59,31,2000,24940.892578125,194.799987792969,70.8034362792969,16.6576690673828
20180814,6,59,31,2000,24981.681640625,194.308074951172,73.2000122070313,15.8720140457153
20180814,12,59,31,2000,25024.91015625,194.599990844727,74.3100051879883,14.8316822052002
20180814,18,59,31,2000,25040.224609375,195.499984741211,75.0999984741211,13.7605686187744
20180815,0,59,31,2000,25060.953125,196.399993896484,78.4900588989258,10.9165649414063
20180815,6,59,31,2000,25052.4375,196.199981689453,80.1900100708008,7.67946529388428
20180815,12,59,31,2000,25033.84765625,195.499969482422,77.2000045776367,4.17691659927368
20180815,18,59,31,2000,24983.158203125,194.899993896484,75.9900131225586,0.940488278865814
20180816,0,59,31,2000,24938.0390625,194.899993896484,72.9700164794922,-3.07851076126099
20180816,6,59,31,2000,24872.419921875,194.299987792969,69.1898727416992,-1.94215822219849
20180816,12,59,31,2000,24823.58984375,194.099975585938,66.0900039672852,-0.805991232395172
20180816,18,59,31,2000,24775.517578125,194.399993896484,63.2700080871582,1.07000732421875
20180817,0,59,31,2000,24764.52734375,195.199981689453,61.3699989318848,2.43321299552917
20180817,6,59,31,2000,24728.80078125,195.600006103516,60.9900093078613,7.59933090209961
20180817,12,59,31,2000,24723.392578125,195.499984741211,59.4758415222168,7.84801530838013
20180817,18,59,31,2000,24721.16015625,194.799987792969,59.6700096130371,9.81571578979492
20180818,0,59,31,2000,24726.650390625,194.999969482422,58.3700103759766,9.69604015350342
20180818,6,59,31,2000,24716.57421875,194.5205078125,57.8764839172363,12.1783618927002
20180818,12,59,31,2000,24715.90234375,193.999984741211,56.0699996948242,13.8688669204712
20180818,18,59,31,2000,24715.216796875,193.499984741211,55.172534942627,16.8953094482422
20180819,0,59,31,2000,24751.26953125,193.699981689453,56.3723449707031,16.676097869873
20180819,6,59,31,2000,24764.955078125,193.499984741211,57.6699981689453,17.8070335388184
20180819,12,59,31,2000,24776.169921875,193.79997253418,58.5900001525879,17.5324211120605
20180819,18,59,31,2000,24765.009765625,193.599990844727,59.8899993896484,16.5927543640137
20180820,0,59,31,2000,24780.7109375,194.29997253418,60.5998039245605,14.1403713226318
20180820,6,59,31,2000,24769.0078125,194.699981689453,61.1904830932617,15.3504104614258
20180820,12,59,31,2000,24757.8515625,194.79997253418,59.7900428771973,15.2591943740845
20180820,18,59,31,2000,24732.732421875,195.899978637695,61.2000007629395,17.9121341705322
20180821,0,59,31,2000,24778.330078125,197.499969482422,62.3769721984863,20.2999267578125
20180821,6,59,31,2000,24814.779296875,198.399978637695,65.5700073242188,25.1843090057373
20180821,12,59,31,2000,24868.65234375,198.999984741211,69.9867324829102,25.2366065979004
20180821,18,59,31,2000,24909.8046875,199.800003051758,73.3757171630859,21.8592071533203
20180822,0,59,31,2000,24939.873046875,200.699996948242,77.9700088500977,15.6973342895508
20180822,6,59,31,2000,24915.419921875,200.699996948242,77.7577743530273,11.5197095870972
20180822,12,59,31,2000,24877.390625,200.699981689453,76.5441741943359,8.00644302368164
20180822,18,59,31,2000,24820.455078125,199.799987792969,75.9599990844727,5.2338719367981
20180823,0,59,31,2000,24778.740234375,198.899993896484,72.4700088500977,1.62654781341553
20180823,6,59,31,2000,24702.5703125,197.999969482422,67.9746475219727,4.5500636100769
20180823,12,59,31,2000,24676.501953125,197.999969482422,64.0767364501953,6.02550315856934
20180823,18,59,31,2000,24658,196.806976318359,62.8734092712402,11.7903470993042
20180824,0,59,31,2000,24684.876953125,196.999984741211,63.5776901245117,14.106071472168
20180824,6,59,31,2000,24702.23046875,196.899978637695,64.773307800293,17.8580913543701
20180824,12,59,31,2000,24728.88671875,196.199981689453,64.9900131225586,17.7735710144043
20180824,18,59,31,2000,24748.345703125,196.699981689453,65.9822387695313,17.7802963256836
20180825,0,59,31,2000,24791.599609375,197.800003051758,67.201042175293,15.6111402511597
20180825,6,59,31,2000,24816.046875,199.399993896484,66.9000091552734,16.8874340057373
20180825,12,59,31,2000,24858.810546875,201.600006103516,68.4900131225586,20.3825969696045
20180825,18,59,31,2000,24936.01171875,204.199981689453,69.5000076293945,24.7434005737305
20180826,0,59,31,2000,25056.240234375,207.5,74.1900100708008,25.4367656707764
20180826,6,59,31,2000,25157.45703125,209.5,80.0986099243164,25.8191375732422
20180826,12,59,31,2000,25207.64453125,209.5,83.5100021362305,19.9995918273926
20180826,18,59,31,2000,25225.091796875,210.793014526367,85.7099990844727,15.1619901657104
20180827,0,59,31,2000,25217.564453125,211.100006103516,87.3226089477539,8.614426612854
20180827,6,59,31,2000,25156.984375,212,87.8899993896484,6.14845943450928
20180827,12,59,31,2000,25110.677734375,212.699981689453,85.4000091552734,6.38449239730835
20180827,18,59,31,2000,25031.8828125,211.100006103516,89.4911651611328,5.89738750457764
20180828,0,59,31,2000,24989.517578125,209.399993896484,92.0600128173828,6.43449449539185
20180828,6,59,31,2000,24936.9375,209.899993896484,89.6900177001953,4.7775559425354
20180828,12,59,31,2000,24898.72265625,209.899993896484,87.0699996948242,1.53142821788788
20180828,18,59,31,2000,24847.65234375,209.899993896484,87.0599975585938,-2.71312022209167
20180829,0,59,31,2000,24806.498046875,210.599975585938,85.0622253417969,-5.14994525909424
20180829,6,59,31,2000,24733.466796875,210.199981689453,81.0499954223633,-5.63634777069092
20180829,12,59,31,2000,24710.04296875,209.800003051758,75.8577728271484,-5.47927713394165
20180829,18,59,31,2000,24692.640625,208.899993896484,71.5599975585938,-3.85220456123352
20180830,0,59,31,2000,24706.556640625,207.999969482422,67.1600036621094,-0.189989015460014
20180830,6,59,31,2000,24702.828125,205.899993896484,64.8700180053711,1.92307376861572
20180830,12,59,31,2000,24713.9453125,204.599975585938,65.0780563354492,5.70758295059204
20180830,18,59,31,2000,24728.595703125,203.79997253418,64.8732223510742,6.05048322677612
20180831,0,59,31,2000,24751.357421875,203.899993896484,65.0700073242188,6.03728771209717
20180831,6,59,31,2000,24755.767578125,202.79997253418,64.1850051879883,10.6331510543823
20180831,12,59,31,2000,24749.32421875,201.599975585938,66.390022277832,10.4177236557007
20180831,18,59,31,2000,24736.908203125,201.099990844727,69.0699996948242,14.6010208129883
20180901,0,59,31,2000,24778.95703125,200.399993896484,69.2831649780273,19.8490524291992
20180901,6,59,31,2000,24823.970703125,198.399993896484,67.6997833251953,25.8439846038818
20180901,12,59,31,2000,24874.6953125,197.79997253418,66.8886108398438,26.4395198822021
20180901,18,59,31,2000,24924.63671875,196.267852783203,66.0953903198242,26.7099514007568
20180902,0,59,31,2000,25005.046875,196.699981689453,66.2017211914063,27.2797966003418
20180902,6,59,31,2000,25086.02734375,196.399490356445,64.1876068115234,29.5321140289307
20180902,12,59,31,2000,25185.904296875,195.999969482422,64.9100036621094,32.2497406005859
20180902,18,59,31,2000,25302.892578125,195.999984741211,66.5286178588867,34.1274604797363
20180903,0,59,31,2000,25448.97265625,196.399978637695,64.6400146484375,30.2263965606689
20180903,6,59,31,2000,25532.740234375,198.199981689453,66.5500106811523,28.6974849700928
20180903,12,59,31,2000,25597.966796875,200.199981689453,69.4677886962891,24.3058929443359
20180903,18,59,31,2000,25623.09765625,202.399993896484,71.4899978637695,18.624195098877
20180904,0,59,31,2000,25610.470703125,203.799987792969,77.4900131225586,12.4514646530151
20180904,6,59,31,2000,25554.994140625,204.399993896484,83.5699996948242,14.4898242950439
20180904,12,59,31,2000,25496.169921875,205.699981689453,86.8532638549805,15.5354270935059
20180904,18,59,31,2000,25457.6171875,209.899978637695,87.9362869262695,20.1998271942139
20180905,0,59,31,2000,25467.251953125,214,92.5500030517578,23.3491706848145
20180905,6,59,31,2000,25476.5546875,215.800003051758,92.8666610717773,26.9152145385742
20180905,12,59,31,2000,25457.4921875,215.800003051758,92.6800003051758,24.2400569915771
20180905,18,59,31,2000,25424.439453125,215.800003051758,93.9499969482422,22.983772277832
20180906,0,59,31,2000,25420.2890625,217.899978637695,96.9400024414063,23.2201118469238
20180906,6,59,31,2000,25423.71484375,219.300003051758,96.8399963378906,25.7385845184326
20180906,12,59,31,2000,25365.0390625,218.699996948242,97.3099975585938,23.5118961334229
20180906,18,59,31,2000,25311.234375,218.963653564453,97.4141006469727,21.5284175872803
20180907,0,59,31,2000,25285.58203125,218.910003662109,94.8899993896484,18.5996646881104
20180907,6,59,31,2000,25205.216796875,218.100006103516,89.5850067138672,21.9545650482178
20180907,12,59,31,2000,25139.64453125,216.5,86.5699996948242,19.7466068267822
20180907,18,59,31,2000,25047.78515625,211,83.8709259033203,19.9684772491455
20180908,0,59,31,2000,24976.2734375,206.999969482422,77.2900085449219,21.3327312469482
20180908,6,59,31,2000,24918.6953125,203.800003051758,73.5877838134766,28.5612354278564
20180908,12,59,31,2000,24904.279296875,204.099990844727,72.8899993896484,36.3034172058105
20180908,18,59,31,2000,24940.33984375,205.599975585938,70.1386108398438,48.4001083374023
20180909,0,59,31,2000,25086.75,209.999969482422,72.9000015258789,59.10009765625
20180909,6,59,31,2000,25269.29296875,213.899978637695,78.489013671875,68.2000961303711
20180909,12,59,31,2000,25399.66015625,216.699996948242,79.9000015258789,63.10009765625
20180909,18,59,31,2000,25477.109375,219,79.1999969482422,55.1999206542969
20180910,0,59,31,2000,25512.775390625,220.699981689453,81.5,48.4999198913574
20180910,6,59,31,2000,25522.265625,222.599975585938,80.5000152587891,50.7000961303711
20180910,12,59,31,2000,25530.439453125,222.699981689453,79,47.3922424316406
20180910,18,59,31,2000,25563.8359375,222.199996948242,78,49.3000679016113
20180911,0,59,31,2000,25647.23046875,221.79997253418,75.8691177368164,43.8600463867188
20180911,6,59,31,2000,25675.13671875,220.300003051758,74.6900100708008,38.9299430847168
20180911,12,59,31,2000,25652.0625,221.29997253418,78.2000045776367,34.1040000915527
20180911,18,59,31,2000,25616.072265625,223,82.3667068481445,28.6859912872314
20180912,0,59,31,2000,25561.5,225.199996948242,84.9300003051758,24.1002635955811
20180912,6,59,31,2000,25520.357421875,229.199996948242,78.9300003051758,29.4974555969238
20180912,12,59,31,2000,25542.068359375,232.399993896484,75.5299987792969,32.335277557373
20180912,18,59,31,2000,25590.962890625,234.199981689453,74.5349731445313,37.6081314086914
20180913,0,59,31,2000,25675.685546875,232.699996948242,75.7084274291992,38.1001091003418
20180913,6,59,31,2000,25741.77734375,229.099639892578,73.3000030517578,41.0131225585938
20180913,12,59,31,2000,25775.732421875,225.100006103516,72.7918930053711,37.4667472839355
20180913,18,59,31,2000,25832.58203125,222.899993896484,70.0999984741211,36.2406616210938
20180914,12,59,31,2000,26016.580078125,221.600006103516,67.7000045776367,23.3114318847656
20180914,18,59,31,2000,26057.751953125,222.79997253418,65.3222198486328,20.1105461120605
20180915,0,59,31,2000,26112.3671875,224.300003051758,63.7150039672852,12.8000736236572
20180915,6,59,31,2000,26114.95703125,224.399993896484,63,5.40012836456299
20180915,12,59,31,2000,26053.072265625,223.100006103516,65.0038604736328,-6.08096313476563
20180915,18,59,31,2000,25927.125,222.999969482422,71.0999984741211,-16.7001457214355
20180916,0,59,31,2000,25738.7421875,222.899978637695,81.3019714355469,-25.3903617858887
20180916,12,59,31,2000,25297.841796875,220.699996948242,77.870002746582,-4.42262935638428
20180916,18,59,31,2000,25279.55078125,218.499969482422,77.0765991210938,10.2305469512939
20180917,0,59,31,2000,25326.60546875,214.5,78.1900024414063,17.2969608306885
20180917,6,59,31,2000,25395.044921875,212.899993896484,80.0699996948242,23.045560836792
20180917,12,59,31,2000,25454.462890625,212.79931640625,82.0100021362305,20.2348957061768
20180917,18,59,31,2000,25480.1328125,213.199996948242,83.5149993896484,15.6382303237915
20180918,0,59,31,2000,25505.66015625,214.699996948242,84.9300079345703,10.263710975647
20180918,6,59,31,2000,25427.6171875,213,87.3986129760742,8.15138626098633
20180918,12,59,31,2000,25322.095703125,211.499969482422,82.7900009155273,10.4150247573853
20180918,18,59,31,2000,25300.052734375,209.699996948242,81.7700042724609,16.973783493042
20180919,0,59,31,2000,25343.837890625,209.499969482422,84.7699966430664,21.1126079559326
20180919,6,59,31,2000,25402.251953125,208.399978637695,86.5899963378906,21.3611221313477
20180919,12,59,31,2000,25387.85546875,207.600006103516,87.3899993896484,16.380277633667
20180919,18,59,31,2000,25344.58203125,206.599975585938,83.8834075927734,11.9961891174316
20180920,0,59,31,2000,25290.037109375,205.29997253418,78.6699981689453,10.3089942932129
20180920,6,59,31,2000,25236.41796875,204.899978637695,73.2000045776367,17.7207641601563
20180920,12,59,31,2000,25222.162109375,205.499969482422,70.5999984741211,26.5660343170166
20180920,18,59,31,2000,25291.34765625,207.5,71.5958938598633,41.9336051940918
20180921,0,59,31,2000,25461.650390625,210.800003051758,78.130012512207,51.1279296875
20180921,6,59,31,2000,25637.05078125,212.699996948242,75.0399627685547,52.2275695800781
20180921,12,59,31,2000,25739.5546875,213.800003051758,69.3047332763672,50.9001045227051
20180921,18,59,31,2000,25851.79296875,217.136352539063,64,48.2601623535156
20180922,0,59,31,2000,25977.404296875,217.899993896484,61.0999984741211,39.424732208252
20180922,6,59,31,2000,26015.125,216.699996948242,62.0686149597168,33.1667251586914
20180922,12,59,31,2000,25991.615234375,215.11003112793,66.4000015258789,26.199987411499
20180922,18,59,31,2000,25928.619140625,213.100006103516,71.1999969482422,18.2000427246094
20180923,0,59,31,2000,25863.287109375,212.699996948242,76.1000061035156,12.6276121139526
20180923,6,59,31,2000,25692.248046875,210.600006103516,81,11.9450130462646
20180923,12,59,31,2000,25571.9453125,212.300003051758,77.5,19.5000057220459
20180923,18,59,31,2000,25591.630859375,217.29997253418,77.6999969482422,33.318920135498
20180924,0,59,31,2000,25759.060546875,224.600006103516,74.1999969482422,43.3189392089844
20180924,6,59,31,2000,25904.1953125,225.899993896484,64.7511215209961,37.7075576782227
20180924,12,59,31,2000,25972.970703125,225.199996948242,59.5999984741211,29.5811882019043
20180924,18,59,31,2000,26011.0546875,225,57.7999992370605,24.9338493347168
20180925,0,59,31,2000,26061.1953125,226.5,56.2999992370605,19.7000179290771
20180925,6,59,31,2000,26079.16015625,226.800003051758,54.600025177002,18.8000297546387
20180925,12,59,31,2000,26095.859375,226.300003051758,53.1532669067383,18.7000846862793
20180925,18,59,31,2000,26122.408203125,227.399978637695,53.9700088500977,22.9521484375
20180926,0,59,31,2000,26205.921875,228.600006103516,53.9819526672363,21.3868789672852
20180926,6,59,31,2000,26268.0546875,227.899978637695,48.7799987792969,18.4525585174561
20180926,12,59,31,2000,26282.7109375,226,48.4700012207031,14.7277345657349
20180926,18,59,31,2000,26314.494140625,225.5,45.070011138916,13.3412036895752
20180927,0,59,31,2000,26363.505859375,225.899993896484,43.2620697021484,10.5516967773438
20180927,6,59,31,2000,26381.595703125,225.491622924805,42.0700035095215,9.90719509124756
20180927,12,59,31,2000,26372.07421875,224.600006103516,41.0700035095215,5.8471360206604
20180927,18,59,31,2000,26352.796875,224.399993896484,42.1800003051758,4.47777366638184
20180928,0,59,31,2000,26360.552734375,225,43.4687805175781,0.120070800185204
20180928,6,59,31,2000,26317.380859375,225.099975585938,45.8800010681152,1.08133542537689
20180928,12,59,31,2000,26281.94921875,224.399993896484,47.092227935791,-0.988020002841949
20180928,18,59,31,2000,26245.884765625,224.600006103516,51.3013954162598,-1.0512353181839
20180929,0,59,31,2000,26236.787109375,224.199996948242,55.9937515258789,0.997280299663544
20180929,6,59,31,2000,26247.54296875,223.899978637695,55.689998626709,12.544602394104
20180929,12,59,31,2000,26308.16015625,223.100006103516,53.0900001525879,12.5483589172363
20180929,18,59,31,2000,26357.3671875,222.29997253418,51.5999984741211,11.0957956314087
20180930,0,59,31,2000,26409.185546875,221.600006103516,49.9936752319336,5.30584001541138
20180930,6,59,31,2000,26405.533203125,219.699981689453,48.7824897766113,3.70510745048523
20180930,12,59,31,2000,26380.962890625,219.100006103516,47.3800010681152,3.57184076309204
20180930,18,59,31,2000,26378.9609375,218.29997253418,45.1800003051758,5.03035163879395
20181001,0,59,31,2000,26405.35546875,217.399993896484,44.1800003051758,4.68994617462158
20181001,6,59,31,2000,26413.439453125,215.899993896484,42.7900009155273,6.21602535247803
20181001,12,59,31,2000,26414.671875,215.699996948242,42.4000015258789,5.06284189224243
20181001,18,59,31,2000,26417.83984375,216.199996948242,44.9000015258789,2.91558837890625
20181002,0,59,31,2000,26437.03515625,218.699996948242,47.5,1.93830072879791
20181002,6,59,31,2000,26434.177734375,220,48.5200080871582,1.39221680164337
20181002,12,59,31,2000,26413.47265625,220.599975585938,49.2999992370605,-1.23259770870209
20181002,18,59,31,2000,26368.892578125,221.611618041992,52.1000061035156,-3.8968334197998
20181003,0,59,31,2000,26358.830078125,223.600006103516,53.0200004577637,-3.72560548782349
20181003,6,59,31,2000,26319.2734375,224.336029052734,57.3300018310547,0.0306542962789536
20181003,12,59,31,2000,26284.494140625,224.600006103516,59.7200012207031,2.22529530525208
20181003,18,59,31,2000,26252.9765625,225.723052978516,62.2200012207031,5.31995582580566
20181004,0,59,31,2000,26293.4921875,229,62.5,9.33743667602539
20181004,6,59,31,2000,26321.693359375,230.597244262695,60.6900177001953,12.728157043457
20181004,12,59,31,2000,26338.25,233.199996948242,60.9947471618652,14.8706617355347
20181004,18,59,31,2000,26375.892578125,236,59.9799995422363,14.8795967102051
20181005,0,59,31,2000,26423.259765625,238.584808349609,58.0699996948242,12.6196899414063
20181005,6,59,31,2000,26429.294921875,241.199981689453,57.3800086975098,12.5542259216309
20181005,12,59,31,2000,26408.716796875,242.5,57.3800086975098,8.44231414794922
20181005,18,59,31,2000,26397.72265625,244.300003051758,56.2799987792969,7.65026617050171
20181006,0,59,31,2000,26386.94921875,246.29997253418,57.0675201416016,6.94304466247559
20181006,6,59,31,2000,26340.828125,248.088912963867,57.769718170166,8.52692413330078
20181006,12,59,31,2000,26248.376953125,247.813522338867,59.570011138916,9.43946743011475
20181006,18,59,31,2000,26182.123046875,247.899993896484,65.7399978637695,12.771933555603
20181007,0,59,31,2000,26164.033203125,253.5,61.4099998474121,22.0988578796387
20181007,6,59,31,2000,26269.392578125,255.300003051758,47.9500045776367,26.4100494384766
20181007,12,59,31,2000,26275.865234375,248.699996948242,54.3400001525879,19.9942531585693
20181007,18,59,31,2000,26261.3125,243.300003051758,48.6100006103516,22.153226852417
20181008,0,59,31,2000,26304.935546875,242.399993896484,41.3400039672852,22.1323928833008
20181008,6,59,31,2000,26334.759765625,240.199996948242,40.2499961853027,23.7042427062988
20181008,12,59,31,2000,26360.962890625,237.300003051758,39.6500015258789,21.9327297210693
20181008,18,59,31,2000,26372.70703125,235.946685791016,39.9500007629395,20.8256301879883
20181009,0,59,31,2000,26408.775390625,234.604568481445,41.0475082397461,16.7702007293701
20181009,6,59,31,2000,26398.255859375,233.100006103516,42.6699981689453,17.2571640014648
20181009,12,59,31,2000,26376.92578125,232.100006103516,43.3499984741211,14.2028121948242
20181009,18,59,31,2000,26366.462890625,231.5,43.9500007629395,14.9990091323853
20181010,0,59,31,2000,26385.314453125,232.399978637695,43.6699981689453,14.9384469985962
20181010,6,59,31,2000,26400.13671875,232.099975585938,41.75,16.1231250762939
20181010,12,59,31,2000,26410.484375,233.199996948242,38.4700012207031,14.4225931167603
20181010,18,59,31,2000,26446.13671875,233,36.9799995422363,12.7614555358887
20181011,0,59,31,2000,26482.4765625,232.5,36.4700088500977,9.26205348968506
20181011,6,59,31,2000,26500.716796875,232.5,36.4799995422363,8.62557125091553
20181011,12,59,31,2000,26480.498046875,233.100006103516,36.6799964904785,5.95177507400513
20181011,18,59,31,2000,26485.86328125,233.699981689453,37.6800003051758,3.20032215118408
20181012,0,59,31,2000,26475.5859375,235.099975585938,41.1900062561035,-1.35454106330872
20181012,6,59,31,2000,26430.732421875,234.999969482422,43.8900032043457,-3.644775390625
20181012,12,59,31,2000,26330.109375,234.600006103516,49.9075088500977,-9.62258815765381
20181012,18,59,31,2000,26234.314453125,235.199996948242,55.3000030517578,-10.8404245376587
20181013,0,59,31,2000,26172.158203125,237.099975585938,57.1300048828125,-10.9437742233276
20181013,6,59,31,2000,26127.490234375,238.499969482422,51.6499137878418,-5.98893070220947
20181013,12,59,31,2000,26082.80078125,237.600006103516,49.2376022338867,-0.901479482650757
20181013,18,59,31,2000,26087.58203125,236.199996948242,46.9700012207031,0.732792973518372
20181014,0,59,31,2000,26077.466796875,236.399978637695,49.5699996948242,-1.70612788200378
20181014,6,59,31,2000,26056.23828125,234.599975585938,49.2567596435547,1.31001460552216
20181014,12,59,31,2000,25994.255859375,233.899993896484,51.1699981689453,3.39522457122803
20181014,18,59,31,2000,25944.087890625,233.899993896484,55.3800010681152,6.01406240463257
20181015,0,59,31,2000,25927.259765625,234.300003051758,64.0500030517578,8.71998310089111
20181015,6,59,31,2000,25892.32421875,233.892532348633,65.6366424560547,8.51409149169922
20181015,12,59,31,2000,25791.07421875,232.699981689453,65.7300033569336,4.15401124954224
20181015,18,59,31,2000,25677.693359375,231.399993896484,62.8899993896484,1.76748049259186
20181016,0,59,31,2000,25587.23046875,230.800003051758,60.8699989318848,0.731328129768372
20181016,6,59,31,2000,25552.259765625,235.199996948242,52.8900108337402,11.3889598846436
20181016,12,59,31,2000,25549.7421875,237.800003051758,51.310001373291,15.173864364624
20181016,18,59,31,2000,25610.67578125,238.5,48.0099945068359,23.1433486938477
20181017,0,59,31,2000,25724.994140625,237.79997253418,48.439998626709,24.6233253479004
20181017,6,59,31,2000,25829.3984375,236.999969482422,51.0400009155273,28.4724140167236
20181017,12,59,31,2000,25914.2265625,234.399993896484,55.430004119873,24.2913208007813
20181017,18,59,31,2000,26010.421875,232.699996948242,54.2500152587891,17.3142700195313
20181018,0,59,31,2000,26095.8828125,232.5,52.4799995422363,6.9679102897644
20181018,6,59,31,2000,26124.349609375,231.399993896484,51.7900047302246,4.60405778884888
20181018,12,59,31,2000,26122.158203125,232.699996948242,51.180004119873,2.87197256088257
20181018,18,59,31,2000,26136.6015625,232.800003051758,51.4700012207031,1.65109860897064
20181019,0,59,31,2000,26178.017578125,232.300003051758,50.2700004577637,2.89271974563599
20181019,6,59,31,2000,26184.037109375,232.999969482422,51.3699989318848,4.11356925964355
20181019,18,59,31,2000,26199.8671875,233.499969482422,52.2900009155273,9.28234386444092
20181020,0,59,31,2000,26247.658203125,233.999969482422,50.7807426452637,9.08200645446777
20181020,6,59,31,2000,26281.546875,234.672653198242,48.1800079345703,10.7100687026978
20181020,12,59,31,2000,26249.775390625,230.79997253418,49.3747367858887,8.21619129180908
20181020,18,59,31,2000,26229.275390625,229.399978637695,51.4900016784668,10.4822120666504
20181021,0,59,31,2000,26235.650390625,228.800003051758,52.7900199890137,12.7048149108887
20181021,6,59,31,2000,26223.404296875,227.399993896484,52.8899993896484,14.1515474319458
20181021,12,59,31,2000,26174.828125,224.899978637695,53.439998626709,17.4531002044678
20181021,18,59,31,2000,26176.15234375,223.100006103516,52.2500038146973,22.8988704681396
20181022,0,59,31,2000,26202.22265625,221.199996948242,52.6700096130371,21.6420841217041
20181022,6,59,31,2000,26193.66015625,220.800003051758,50.8655662536621,21.8553237915039
20181022,12,59,31,2000,26144.0859375,218.5,53.5800018310547,25.3996067047119
20181022,18,59,31,2000,26141.009765625,220.599975585938,52.3900032043457,30.8492546081543
20181023,0,59,31,2000,26169.609375,220.699951171875,56.3800010681152,34.819751739502
20181023,6,59,31,2000,26181.599609375,222.699996948242,54.9480514526367,36.3900489807129
20181023,12,59,31,2000,26169.623046875,225.599975585938,52.1616516113281,42.0591697692871
20181023,18,59,31,2000,26217.79296875,227.699996948242,47.9516487121582,39.6000480651855
20181024,0,59,31,2000,26310.654296875,228.699996948242,44.1500015258789,36.9734878540039
20181024,6,59,31,2000,26370.5625,230.599975585938,39.7500076293945,35.3802604675293
20181024,12,59,31,2000,26408.17578125,230.300003051758,35.5499992370605,28.9751491546631
20181024,18,59,31,2000,26429.41015625,230.300003051758,35.0500030517578,25.5721378326416
20181025,0,59,31,2000,26475.154296875,231.699996948242,35.7552719116211,21.3539772033691
20181025,6,59,31,2000,26484.994140625,232.300003051758,37.0500030517578,19.843376159668
20181025,12,59,31,2000,26451.3046875,232.599975585938,37.2552680969238,15.5918407440186
20181025,18,59,31,2000,26425.1484375,232.600006103516,39.3347320556641,12.1940088272095
20181026,0,59,31,2000,26403.359375,233.399993896484,41.6500053405762,12.8159818649292
20181026,6,59,31,2000,26390.712890625,235.099975585938,39.3499984741211,17.0334186553955
20181026,12,59,31,2000,26368.1796875,234.399978637695,36.4699974060059,15.4959468841553
20181026,18,59,31,2000,26354.759765625,232.800003051758,37.4700088500977,13.8764839172363
20181027,0,59,31,2000,26340.98046875,233.100006103516,38.0608291625977,14.1413822174072
20181027,6,59,31,2000,26334.58984375,232.199981689453,38.9800033569336,17.0396194458008
20181027,12,59,31,2000,26311.97265625,231.899993896484,38.5799942016602,19.6004047393799
20181027,18,59,31,2000,26315.498046875,231.800003051758,39.069995880127,18.9721164703369
20181028,0,59,31,2000,26341.912109375,231.199996948242,40.8500022888184,19.4934864044189
20181028,6,59,31,2000,26374.8671875,231.5,37.8500061035156,24.1573848724365
20181028,12,59,31,2000,26394.78515625,230.600006103516,35.4499969482422,23.844108581543
20181028,18,59,31,2000,26446.1015625,231.499969482422,29.7400016784668,21.5815162658691
20181029,0,59,31,2000,26517.158203125,231.599975585938,28.6500072479248,15.9027976989746
20181029,6,59,31,2000,26549.9296875,231.5,28.340015411377,13.0313014984131
20181029,12,59,31,2000,26531.70703125,230.600006103516,28.650598526001,11.0140428543091
20181029,18,59,31,2000,26535.34765625,231.300003051758,28.75,10.5069799423218
20181030,0,59,31,2000,26541.990234375,232.5,30.5448894500732,9.70332717895508
20181030,6,59,31,2000,26534.703125,233.5,31.7331695556641,10.7046699523926
20181030,12,59,31,2000,26509.181640625,233.300003051758,32.8737983703613,9.83801746368408
20181030,18,59,31,2000,26498.099609375,233.199996948242,32.3705024719238,11.4944334030151
20181031,0,59,31,2000,26522.248046875,233.099975585938,33.2893447875977,11.5897750854492
20181031,6,59,31,2000,26540.158203125,232.899993896484,32.7446670532227,15.2451343536377
20181031,12,59,31,2000,26551.080078125,231.199981689453,31.1695499420166,16.4844284057617
20181031,18,59,31,2000,26604.220703125,230.79997253418,25.9500007629395,16.2568607330322
20181101,0,59,31,2000,26674.171875,230.399993896484,24.2400016784668,13.100830078125
20181101,6,59,31,2000,26721.068359375,230.499969482422,20.7000026702881,13.8473873138428
20181101,12,59,31,2000,26742.41015625,229.899993896484,19.2000026702881,9.70006084442139
20181101,18,59,31,2000,26771.109375,230.600006103516,16.5999984741211,8.60006141662598
20181102,0,59,31,2000,26801.181640625,231.79997253418,15.5999965667725,5.59005737304688
20181102,6,59,31,2000,26821.828125,231.29997253418,15.7000017166138,3.60007929801941
20181102,12,59,31,2000,26782.61328125,230.300003051758,17.4488792419434,0.900097668170929
20181102,18,59,31,2000,26758.392578125,230.600006103516,19.1700057983398,-1.84994626045227
20181103,0,59,31,2000,26746.703125,230.699996948242,22.5565414428711,-4.74021482467651
20181103,6,59,31,2000,26705.693359375,230.699981689453,26.3616828918457,-2.79442882537842
20181103,12,59,31,2000,26651.6953125,230.300003051758,28.3933486938477,-1.73411130905151
20181103,18,59,31,2000,26630.658203125,231.100006103516,28.7366600036621,2.76237297058105
20181104,0,59,31,2000,26674.02734375,232.199996948242,25.5010013580322,6.45803689956665
20181104,6,59,31,2000,26702.9921875,232.399993896484,22.7700023651123,12.7675876617432
20181104,12,59,31,2000,26731.431640625,230.899993896484,20.8347358703613,11.8651371002197
20181104,18,59,31,2000,26767.01171875,230.100006103516,18.8000011444092,15.1000671386719
20181105,0,59,31,2000,26835.052734375,230.100006103516,15.994779586792,13.1000490188599
20181105,6,59,31,2000,26888.052734375,229,12.6874971389771,14.9000120162964
20181105,12,59,31,2000,26902.453125,228.399993896484,10.1884336471558,11.0000247955322
20181105,18,59,31,2000,26924.54296875,228.199996948242,8.90688800811768,9.60004901885986
20181106,0,59,31,2000,26961.556640625,228.100006103516,9.4729585647583,6.87087392807007
20181106,6,59,31,2000,26978.65234375,228.5,6.99226093292236,8.20006084442139
20181106,12,59,31,2000,26961.400390625,227.800003051758,7.45587158203125,5.20005512237549
20181106,18,59,31,2000,26957.126953125,228.260589599609,5.94870281219482,4.90005493164063
20181107,0,59,31,2000,26978.14453125,228.199981689453,6.581787109375,1.62199401855469
20181107,6,59,31,2000,26977.7109375,229.199996948242,6.08828115463257,2.70005798339844
20181107,12,59,31,2000,26946.71484375,228.600006103516,6.71921682357788,0.500030517578125
20181107,18,59,31,2000,26935.314453125,228.899978637695,6.85222148895264,-0.499981701374054
20181108,0,59,31,2000,26945.517578125,229.800003051758,8.34901714324951,-1.69995427131653
20181108,6,59,31,2000,26940.6328125,230.5,8.46502113342285,-0.499969482421875
20181108,12,59,31,2000,26905.54296875,230.600006103516,8.34211730957031,-0.999975562095642
20181108,18,59,31,2000,26912.767578125,231.699996948242,6.7698392868042,-0.799981713294983
20181109,0,59,31,2000,26932.072265625,232.79997253418,7.54931354522705,-0.29998779296875
20181109,6,59,31,2000,26948.408203125,233.199996948242,7.08433818817139,2.10001230239868
20181109,12,59,31,2000,26929.7734375,232.300003051758,6.11050701141357,1.90001833438873
20181109,18,59,31,2000,26946.60546875,232.199996948242,5.12545156478882,3.19998788833618
20181110,0,59,31,2000,26966.9375,231.800003051758,5.62381601333618,1.74677121639252
20181110,6,59,31,2000,26987.595703125,231.100006103516,4.98673105239868,3.10002446174622
20181110,12,59,31,2000,26965.5234375,230.492523193359,3.7027313709259,2.9000244140625
20181110,18,59,31,2000,26958.474609375,229.699996948242,2.65455007553101,0.417266845703125
20181111,0,59,31,2000,26968.744140625,230.100006103516,3.61000967025757,-0.799938976764679
20181111,6,59,31,2000,26954.375,229.600006103516,4.19999074935913,-1.89996337890625
20181111,12,59,31,2000,26896.935546875,229.599975585938,5.80000305175781,-3.79990839958191
20181111,18,59,31,2000,26841.546875,229.29997253418,8.43000221252441,-6.40009164810181
20181112,0,59,31,2000,26814.14453125,229.899993896484,12.7194185256958,-8.29998779296875
20181112,6,59,31,2000,26756.294921875,230.5,17.662088394165,-7.60236215591431
20181112,12,59,31,2000,26671.38671875,230.331695556641,24.4500007629395,-5.87113523483276
20181112,18,59,31,2000,26637.25,231.300003051758,29.1158332824707,0.963181138038635
20181113,0,59,31,2000,26693.4296875,229.999969482422,16.9285507202148,13.4351053237915
20181113,6,59,31,2000,26767.67578125,230.800003051758,7.93431711196899,14.0999965667725
20181113,12,59,31,2000,26793.2109375,230.499969482422,8.63337421417236,10.6700048446655
20181113,18,59,31,2000,26824.5078125,231.100006103516,4.7130298614502,10.8500003814697
20181114,0,59,31,2000,26879.654296875,231.099975585938,2.82634282112122,8.0006742477417
20181114,6,59,31,2000,26922.634765625,231.300003051758,0.727792978286743,8.09467792510986
20181114,12,59,31,2000,26912.8203125,230.999969482422,-0.761459946632385,6.12157249450684
20181114,18,59,31,2000,26922.7890625,231.300003051758,-0.859770536422729,4.26998519897461
20181115,0,59,31,2000,26949.25,231.599975585938,0.90899658203125,3.36899662017822
20181115,6,59,31,2000,26950.5625,231.79997253418,0.83160400390625,3.23001956939697
20181115,12,59,31,2000,26923.193359375,231.800003051758,2.08978509902954,3.14000010490417
20181115,18,59,31,2000,26916.609375,231.699996948242,1.14015138149261,2.22999024391174
20181116,0,59,31,2000,26934.912109375,232.199996948242,2.59925842285156,1.29994809627533
20181116,6,59,31,2000,26933.09765625,232.299957275391,2.43919444084167,3.49430179595947
20181116,12,59,31,2000,26901.482421875,231.800003051758,1.24681150913239,3.08999991416931
20181116,18,59,31,2000,26898.287109375,231.699981689453,0.558100581169128,3.1592333316803
20181117,0,59,31,2000,26917.28515625,232.099975585938,1.65860843658447,2.29999995231628
20181117,6,59,31,2000,26922.755859375,231.800003051758,0.726049780845642,3.48856925964355
20181117,12,59,31,2000,26893.76171875,231.5,-0.0149267576634884,3.45429682731628
20181117,18,59,31,2000,26883.5859375,231.099975585938,-0.720007300376892,2.76213622093201
20181118,0,59,31,2000,26902.197265625,231.306976318359,-0.609296858310699,0.939985334873199
20181118,6,59,31,2000,26900.751953125,231.199996948242,-0.596489250659943,2.42760014533997
20181118,12,59,31,2000,26865.125,230.67041015625,-0.970024406909943,1.30327641963959
20181118,18,59,31,2000,26846.080078125,230.5,-0.359445810317993,1.21417963504791
20181119,0,59,31,2000,26845.216796875,230.899993896484,0.862338840961456,1.58214843273163
20181119,6,59,31,2000,26838.744140625,230.5,0.772929668426514,3.8443603515625
20181119,12,59,31,2000,26799.787109375,229.699996948242,0.555412590503693,3.86055660247803
20181119,18,59,31,2000,26788.86328125,229.399993896484,0.434316396713257,3.19001698493958
20181120,0,59,31,2000,26787.310546875,229.5,3.63472175598145,1.78050780296326
20181120,6,59,31,2000,26765.970703125,229.600006103516,5.10815191268921,3.6704273223877
20181120,12,59,31,2000,26713.998046875,229.199996948242,7.94309568405151,3.16801023483276
20181120,18,59,31,2000,26690.27734375,229.5,7.75998306274414,3.56643557548523
20181121,0,59,31,2000,26689.7734375,230.300003051758,10.3261795043945,2.88217043876648
20181121,6,59,31,2000,26685.779296875,230.914703369141,10.5565233230591,4.12861347198486
20181121,12,59,31,2000,26639.79296875,230.999969482422,11.2950019836426,3.05802249908447
20181121,18,59,31,2000,26614.97265625,231.100006103516,12.2577905654907,1.69261229038239
20181122,0,59,31,2000,26608.71484375,231.800003051758,15.9926052093506,1.34253418445587
20181122,6,59,31,2000,26569.07421875,232.899978637695,18.2623615264893,2.12122559547424
20181122,12,59,31,2000,26485.294921875,233.600006103516,21.8187808990479,1.3414306640625
20181122,18,59,31,2000,26418.5546875,234.599975585938,27.6235065460205,2.72663331031799
20181123,0,59,31,2000,26391.380859375,234.100006103516,29.8159942626953,10.7280082702637
20181123,6,59,31,2000,26390.095703125,231.199981689453,26.2939872741699,16.5802249908447
20181123,12,59,31,2000,26375.962890625,229,24.226001739502,14.7393455505371
20181123,18,59,31,2000,26353.42578125,226.600006103516,22.9399948120117,13.2513523101807
20181124,0,59,31,2000,26366.689453125,225.800003051758,24.2660140991211,9.16945838928223
20181124,6,59,31,2000,26326.95703125,225.429153442383,25.4165802001953,8.98029804229736
20181124,12,59,31,2000,26290.9296875,225.729156494141,19.3166389465332,9.36070346832275
20181124,18,59,31,2000,26288.837890625,224.600006103516,11.932258605957,12.0400047302246
20181125,0,59,31,2000,26353.751953125,225,10.1987257003784,13.8051805496216
20181125,6,59,31,2000,26389.66796875,226.100006103516,10.6374464035034,15.8122119903564
20181125,12,59,31,2000,26414.08203125,227.199996948242,9.96127700805664,13.7900142669678
20181125,18,59,31,2000,26430.814453125,227.499969482422,9.7860746383667,12.9938259124756
20181126,0,59,31,2000,26488.546875,229.199981689453,9.32221412658691,8.51332759857178
20181126,6,59,31,2000,26511.36328125,229.999969482422,8.39688682556152,8.48001956939697
20181126,12,59,31,2000,26511.216796875,230.600006103516,7.21381568908691,4.76999044418335
20181126,18,59,31,2000,26501.45703125,231.499969482422,6.76920175552368,2.93580555915833
20181127,0,59,31,2000,26521.080078125,232.800003051758,8.21374225616455,-0.770922839641571
20181127,6,59,31,2000,26507.216796875,233.899993896484,8.45001697540283,0.261284172534943
20181127,12,59,31,2000,26461.623046875,234.099975585938,9.19856643676758,-1.37100100517273
20181127,18,59,31,2000,26428.39453125,235.100006103516,8.69286823272705,-2.20897960662842
20181128,0,59,31,2000,26415.623046875,236.300003051758,10.5807008743286,-3.0376513004303
20181128,6,59,31,2000,26385.927734375,238.100006103516,9.66051959991455,-0.999993920326233
20181128,12,59,31,2000,26320.482421875,238.599975585938,9.54159832000732,-0.199996948242188
20181128,18,59,31,2000,26299.01953125,239.600006103516,7.65898418426514,0.170855715870857
20181129,0,59,31,2000,26300.365234375,240.600006103516,7.43436908721924,1.59999394416809
20181129,6,59,31,2000,26289.439453125,240.600006103516,4.04656982421875,4.80000019073486
20181129,12,59,31,2000,26282.509765625,239.699996948242,2.87998056411743,6.00000619888306
20181129,18,59,31,2000,26290.599609375,238.79997253418,0.898736596107483,7.29998779296875
20181130,0,59,31,2000,26330.392578125,238.5,4.32792949676514,7.79999399185181
20181130,6,59,31,2000,26355.466796875,238.5,5.09879779815674,10.7999877929688
20181130,12,59,31,2000,26357.17578125,237.199996948242,7.06467914581299,11.3999881744385
20181130,18,59,31,2000,26375.947265625,236.399978637695,6.0033597946167,13.8219118118286
20181201,0,59,31,2000,26427.453125,235.5,7.20223379135132,12.2999877929688
20181201,6,59,31,2000,26455.232421875,233.699996948242,7.51882314682007,12.8999938964844
20181201,12,59,31,2000,26457.921875,233.100006103516,6.37117290496826,12.1000003814697
20181201,18,59,31,2000,26468.2109375,231.699996948242,6.59400033950806,10.6999940872192
20181202,0,59,31,2000,26514.63671875,232.5,6.61088848114014,9.02914714813232
20181202,6,59,31,2000,26524.26953125,231.899993896484,6.68387699127197,9.88781261444092
20181202,12,59,31,2000,26508.28515625,231.811676025391,6.65330791473389,8.73245620727539
20181202,18,59,31,2000,26498.427734375,231.5,6.97309064865112,8.14000988006592
20181203,0,59,31,2000,26518.3828125,232.300003051758,8.19567108154297,7.64999008178711
20181203,6,59,31,2000,26503.953125,232.399993896484,8.81247329711914,10.0500049591064
20181203,12,59,31,2000,26466.29296875,232.5,9.89445781707764,10.7531099319458
20181203,18,59,31,2000,26440.984375,232.600006103516,11.5401268005371,12.1160793304443
20181204,0,59,31,2000,26441.482421875,233.899993896484,12.7785835266113,14.0183296203613
20181204,6,59,31,2000,26425.845703125,233.600006103516,5.23215818405151,16.1336517333984
20181204,12,59,31,2000,26400.39453125,233.199996948242,0.645600557327271,14.0259590148926
20181204,18,59,31,2000,26394.955078125,233.5,-0.110515139997005,14.088339805603
20181205,0,59,31,2000,26417.017578125,233.600006103516,0.838527858257294,12.8934965133667
20181205,6,59,31,2000,26425.259765625,233.399993896484,-0.00562133779749274,14.3493957519531
20181205,12,59,31,2000,26405.35546875,232.599975585938,-0.275727838277817,13.2000370025635
20181205,18,59,31,2000,26408.4140625,232.5,-2.53040456771851,11.4000301361084
20181206,0,59,31,2000,26437.955078125,233.399993896484,-2.36045217514038,9.4000301361084
20181206,6,59,31,2000,26463.359375,233.300003051758,-3.45356893539429,11.010046005249
20181206,12,59,31,2000,26465.0859375,232.404418945313,-3.39232635498047,9.85643291473389
20181206,18,59,31,2000,26487.16015625,231.995559692383,-4.56437397003174,10.2000246047974
20181207,0,59,31,2000,26531.96484375,231.79997253418,-1.46481013298035,9.10001850128174
20181207,6,59,31,2000,26555.595703125,232.100006103516,1.29920041561127,11.758056640625
20181207,12,59,31,2000,26531.97265625,232.100006103516,3.27453923225403,12.6000061035156
20181207,18,59,31,2000,26523.60546875,232,2.14480900764465,13.7436094284058
20181208,0,59,31,2000,26543.3671875,230.999969482422,0.474041759967804,14.1000118255615
20181208,6,59,31,2000,26557.61328125,230.300003051758,-2.91178894042969,15.7000179290771
20181208,12,59,31,2000,26554.337890625,229.5,-4.64931631088257,15.2564029693604
20181208,18,59,31,2000,26554.275390625,229.100006103516,-6.74595785140991,14.6000003814697
20181209,0,59,31,2000,26589.6640625,229.600006103516,-7.16265869140625,12.6000118255615
20181209,6,59,31,2000,26605.69921875,229.600006103516,-7.74019622802734,13.4000062942505
20181209,12,59,31,2000,26593.251953125,230,-9.13172435760498,12.4999942779541
20181209,18,59,31,2000,26603.59765625,230.100006103516,-9.24477672576904,10.800012588501
20181210,0,59,31,2000,26639.45703125,231,-7.81391763687134,9.40011024475098
20181210,6,59,31,2000,26647.169921875,231.099975585938,-7.25483083724976,10.5999937057495
20181210,12,59,31,2000,26647.654296875,231,-6.97445678710938,9.10000038146973
20181210,18,59,31,2000,26653.197265625,231.399993896484,-7.76847219467163,8.9999942779541
20181211,0,59,31,2000,26692.64453125,231.499969482422,-6.78161478042603,6.69998788833618
20181211,6,59,31,2000,26718.919921875,231.79997253418,-7.67539978027344,7.99999380111694
20181211,12,59,31,2000,26715.3515625,231.300003051758,-8.507568359375,6.29999399185181
20181211,18,59,31,2000,26719.1953125,231.199981689453,-8.54624938964844,6.40000009536743
20181212,0,59,31,2000,26752.775390625,231.600006103516,-7.43302297592163,4.59999370574951
20181212,6,59,31,2000,26771.0078125,232.099975585938,-7.59999704360962,5.89999103546143
20181212,12,59,31,2000,26752.158203125,231.699996948242,-7.74645853042603,5.90001201629639
20181212,18,59,31,2000,26750.9453125,231.599975585938,-8.71149921417236,4.69999408721924
20181213,0,59,31,2000,26777.693359375,232,-8.20620918273926,4.10000610351563
20181213,6,59,31,2000,26784.09765625,232,-8.3189640045166,4.80000591278076
20181213,12,59,31,2000,26765.904296875,231.699996948242,-8.4097843170166,4.5
20181213,18,59,31,2000,26757.16796875,231.79997253418,-8.43609046936035,3.4013671875
20181214,0,59,31,2000,26774.685546875,232.100006103516,-6.99531555175781,2.50000619888306
20181214,6,59,31,2000,26774.6484375,232.100006103516,-7.09609699249268,3.44917607307434
20181214,12,59,31,2000,26746.16015625,232.100006103516,-6.900146484375,3.29998779296875
20181214,18,59,31,2000,26724.658203125,231.899993896484,-7.23110675811768,2.00001215934753
20181215,0,59,31,2000,26735.501953125,232.699996948242,-5.70292043685913,0.899999976158142
20181215,6,59,31,2000,26725.546875,232.899993896484,-5.48735952377319,2.49999380111694
20181215,12,59,31,2000,26694.255859375,233.099975585938,-5.45444631576538,1.40856325626373
20181215,18,59,31,2000,26673.16796875,233,-6.24113464355469,0.899987816810608
20181216,0,59,31,2000,26693.810546875,233.5,-5.40415334701538,0.29998779296875
20181216,6,59,31,2000,26679.849609375,233.699996948242,-6.13120126724243,1.50328373908997
20181216,12,59,31,2000,26657.197265625,233.600006103516,-6.15864562988281,0.899990856647491
20181216,18,59,31,2000,26637.169921875,233.600006103516,-7.28751230239868,0.599993884563446
20181217,0,59,31,2000,26652.7265625,234.302780151367,-5.99063730239868,-0.400000005960464
20181217,6,59,31,2000,26641.453125,234.699996948242,-6.45168447494507,1.29999995231628
20181217,12,59,31,2000,26615.76953125,234.600006103516,-5.62180805206299,0.183886721730232
20181217,18,59,31,2000,26605.412109375,234.899993896484,-6.15451049804688,-0.10003662109375
20181218,0,59,31,2000,26618.33984375,235.600006103516,-5.02687978744507,-1.300048828125
20181218,6,59,31,2000,26618.365234375,236,-5.00879526138306,-1.22070314318989e-05
20181218,12,59,31,2000,26595.017578125,235.699996948242,-5.00419902801514,-1.10001826286316
