20180720,0,40,-35,40000,6884.61328125,228.5,18.002628326416,5.61533212661743
20180720,6,40,-35,40000,6950.375,233.385284423828,17.0601081848145,30.477222442627
20180720,12,40,-35,40000,7047.61376953125,236.5,13.776837348938,18.9116268157959
20180720,18,40,-35,40000,7102.17041015625,238.185302734375,16.2757987976074,20.3888664245605
20180721,0,40,-35,40000,7153.2060546875,239.614700317383,17.5132751464844,9.27933311462402
20180721,6,40,-35,40000,7161.7060546875,240.999969482422,16.3650932312012,2.31613779067993
20180721,12,40,-35,40000,7165.0283203125,239.300003051758,17.7826728820801,-3.49548959732056
20180721,18,40,-35,40000,7155.89794921875,240.399993896484,15.7694215774536,9.99613666534424
20180722,0,40,-35,40000,7199.01953125,241.699996948242,11.748815536499,11.5613765716553
20180722,6,40,-35,40000,7203.6318359375,241.5,11.4914855957031,-1.98722529411316
20180722,12,40,-35,40000,7193.3349609375,241.199996948242,13.1382141113281,-8.23576068878174
20180722,18,40,-35,40000,7169.92041015625,241.600006103516,20.4049015045166,-9.76968383789063
20180723,0,40,-35,40000,7161.841796875,239.699981689453,19.0117073059082,-14.5084047317505
20180723,6,40,-35,40000,7109.732421875,240.199981689453,7.23329782485962,-20.1856079101563
20180723,12,40,-35,40000,7010.81982421875,238.699996948242,-1.64742434024811,-33.7035293579102
20180723,18,40,-35,40000,6965.24365234375,236.837738037109,37.1277465820313,0.439770519733429
20180724,0,40,-35,40000,6991.83935546875,234.899993896484,39.612133026123,-11.8956661224365
20180724,6,40,-35,40000,6949.18505859375,238,51.4197311401367,0.283764660358429
20180724,12,40,-35,40000,7011.1337890625,238.499969482422,45.8304214477539,7.20390129089355
20180724,18,40,-35,40000,7040.91943359375,236.098480224609,31.0199508666992,2.5809862613678
20180725,0,40,-35,40000,7062.61376953125,234.300048828125,21.7994174957275,-0.247821047902107
20180725,6,40,-35,40000,7065.22509765625,234.199996948242,20.0869636535645,2.16449594497681
20180725,12,40,-35,40000,7088.31103515625,235.486038208008,19.4360160827637,10.5585880279541
20180725,18,40,-35,40000,7104.5068359375,236.100006103516,25.8329296112061,6.17597675323486
20180726,0,40,-35,40000,7111.564453125,236.468307495117,24.3950977325439,5.40512704849243
20180726,6,40,-35,40000,7103.2900390625,236.331695556641,15.9933004379272,2.46741199493408
20180726,12,40,-35,40000,7109.2431640625,236,12.7885694503784,0.147539064288139
20180726,18,40,-35,40000,7098.38671875,236.06787109375,19.9293441772461,2.35069346427917
20180727,0,40,-35,40000,7114.083984375,236.5,19.7049827575684,12.1190376281738
20180727,6,40,-35,40000,7127.3125,239.5,18.9745330810547,9.42970180511475
20180727,12,40,-35,40000,7162.15771484375,240.5751953125,15.7798652648926,5.73715353012085
20180727,18,40,-35,40000,7159.89697265625,239.777145385742,12.2633008956909,2.6841504573822
20180728,0,40,-35,40000,7161.16748046875,238.899978637695,9.63773918151855,-0.517597675323486
20180728,6,40,-35,40000,7135.89453125,238.699996948242,9.9767484664917,-6.13457536697388
20180728,12,40,-35,40000,7097.6181640625,238.800003051758,8.4155912399292,-17.1212043762207
20180728,18,40,-35,40000,7020.01318359375,237.285736083984,-0.863671898841858,-22.7625389099121
20180729,0,40,-35,40000,6885.64990234375,235.899993896484,5.91337394714355,-19.5141506195068
20180729,6,40,-35,40000,6905.541015625,232,17.4457378387451,17.305908203125
20180729,12,40,-35,40000,7009.86376953125,235.800003051758,18.6077346801758,29.4397659301758
20180729,18,40,-35,40000,7084.22021484375,238.300003051758,21.9276714324951,16.0743751525879
20180730,0,40,-35,40000,7124.33447265625,239.045318603516,23.2506446838379,1.76953125
20180730,6,40,-35,40000,7093.31103515625,238.336227416992,27.1959114074707,-8.36389636993408
20180730,12,40,-35,40000,7043.140625,237.014694213867,27.392765045166,-18.5932731628418
20180730,18,40,-35,40000,6939.43896484375,234.521926879883,35.5295257568359,-2.9906542301178
20180731,0,40,-35,40000,6980.583984375,234.692535400391,39.6550025939941,-6.64140605926514
20180731,6,40,-35,40000,6948.658203125,233.599975585938,41.2824897766113,-9.90263652801514
20180731,12,40,-35,40000,6949.65185546875,233.547241210938,33.2376327514648,7.60554218292236
20180731,18,40,-35,40000,7008.83984375,234.300689697266,29.072093963623,14.2090330123901
20180801,0,40,-35,40000,7098.41455078125,237.060592651367,21.6973209381104,22.9468040466309
20180801,6,40,-35,40000,7160.982421875,239.18603515625,18.4501152038574,11.7580661773682
20180801,12,40,-35,40000,7204.72021484375,240.600250244141,20.2731132507324,8.13102436065674
20180801,18,40,-35,40000,7234.2412109375,241.600006103516,21.026388168335,3.07500600814819
20180802,0,40,-35,40000,7257.24609375,243,24.8111324310303,-5.19850444793701
20180802,6,40,-35,40000,7248.1611328125,243.600006103516,24.7504787445068,-17.1019039154053
20180802,12,40,-35,40000,7233.04248046875,243.5,22.4830722808838,-27.1650390625
20180802,18,40,-35,40000,7176.849609375,243.600006103516,17.3572483062744,-36.3819808959961
20180803,0,40,-35,40000,7115.0888671875,242.792526245117,14.839319229126,-33.7026481628418
20180803,6,40,-35,40000,7028.859375,240.038909912109,4.44434213638306,-35.2939834594727
20180803,12,40,-35,40000,6983.70556640625,235.100006103516,3.00638723373413,-4.75324106216431
20180803,18,40,-35,40000,7034.103515625,236.121917724609,25.9273948669434,10.0267210006714
20180804,0,40,-35,40000,7087.11376953125,237.099975585938,20.082727432251,-6.40106201171875
20180804,6,40,-35,40000,7093.111328125,237.600006103516,14.728009223938,-9.03985595703125
20180804,12,40,-35,40000,7103.025390625,236.79997253418,14.270489692688,-11.0000762939453
20180804,18,40,-35,40000,7087.24267578125,236.907470703125,12.1049318313599,-16.0678901672363
20180805,0,40,-35,40000,7062.22705078125,236.100006103516,19.1965179443359,-20.3512516021729
20180805,6,40,-35,40000,7012.1591796875,236.5,14.6561307907104,-23.4059257507324
20180805,12,40,-35,40000,6960.822265625,234.706985473633,18.1682643890381,-31.831356048584
20180805,18,40,-35,40000,6875.43017578125,231.353393554688,8.1300048828125,-6.42441415786743
20180806,0,40,-35,40000,6866.908203125,230.600006103516,5.57108449935913,-10.6531925201416
20180806,6,40,-35,40000,6836.22998046875,229.951705932617,10.1270170211792,-7.58943367004395
20180806,12,40,-35,40000,6832.07421875,228.312454223633,9.34109592437744,-2.09795904159546
20180806,18,40,-35,40000,6835.138671875,231.485641479492,20.8000984191895,14.6554737091064
20180807,0,40,-35,40000,6961.703125,237.687408447266,26.904125213623,29.0743942260742
20180807,6,40,-35,40000,7046.38818359375,239.499969482422,26.843168258667,14.3170900344849
20180807,12,40,-35,40000,7059.0283203125,238.550811767578,31.4958820343018,-13.0202445983887
20180807,18,40,-35,40000,6965.771484375,234.600006103516,34.8117370605469,-17.1104145050049
20180808,0,40,-35,40000,6993.81298828125,232.199996948242,18.7300472259521,-1.67780756950378
20180808,6,40,-35,40000,7048.86865234375,236.170852661133,18.1569671630859,24.2547607421875
20180808,12,40,-35,40000,7135.06201171875,238.99055480957,20.5363826751709,10.4058961868286
20180808,18,40,-35,40000,7167.14306640625,239.31005859375,19.654483795166,4.16190195083618
20180809,0,40,-35,40000,7200.271484375,238.957565307617,18.2082462310791,-4.06636333465576
20180809,6,40,-35,40000,7201.4443359375,240,20.3096733093262,-3.84649658203125
20180809,12,40,-35,40000,7222.783203125,241.810012817383,27.96608543396,-8.98244667053223
20180809,18,40,-35,40000,7183.81103515625,240.083541870117,29.0677375793457,-25.7101440429688
20180810,0,40,-35,40000,7134.916015625,241.199996948242,28.6774253845215,-32.5453605651855
20180810,6,40,-35,40000,7059.890625,239.737594604492,34.2558517456055,-32.1693000793457
20180810,12,40,-35,40000,7021.63330078125,237,26.4999179840088,-34.5722351074219
20180810,18,40,-35,40000,6962.0869140625,237.102020263672,24.0117855072021,-43.9220809936523
20180811,0,40,-35,40000,6892.4326171875,230.143600463867,12.4676694869995,-19.2940063476563
20180811,6,40,-35,40000,6868.86572265625,229.410034179688,12.7830228805542,-7.46732187271118
20180811,12,40,-35,40000,6900.65869140625,231.699996948242,11.1000118255615,11.0739498138428
20180811,18,40,-35,40000,7017.37646484375,238.443572998047,19.4908866882324,29.8555603027344
20180812,0,40,-35,40000,7070.06884765625,237,31.232608795166,28.8264007568359
20180812,6,40,-35,40000,7097.3408203125,237.100006103516,29.0043678283691,21.8271427154541
20180812,12,40,-35,40000,7136.12890625,238.899993896484,27.6574058532715,34.1057510375977
20180812,18,40,-35,40000,7200.78564453125,240.899993896484,20.8287868499756,22.967004776001
20180813,0,40,-35,40000,7247.2236328125,241.11164855957,23,18.0902652740479
20180813,6,40,-35,40000,7256.3837890625,240.899993896484,31.0017852783203,18.7683162689209
20180813,12,40,-35,40000,7274.7451171875,241.33642578125,29.9653129577637,15.4748411178589
20180813,18,40,-35,40000,7279.98486328125,242.782760620117,30.867395401001,12.0901002883911
20180814,0,40,-35,40000,7276.13916015625,243.870849609375,31.4047470092773,5.09813499450684
20180814,6,40,-35,40000,7215.720703125,243.922164916992,38.0794296264648,-5.84158182144165
20180814,12,40,-35,40000,7136.50439453125,241.800003051758,47.4379501342773,-14.644492149353
20180814,18,40,-35,40000,7029.72998046875,241.800003051758,56.3007621765137,-13.0516796112061
20180815,0,40,-35,40000,6978.54833984375,240.100006103516,55.3743743896484,-8.8423433303833
20180815,6,40,-35,40000,6929.96044921875,239.199996948242,53.4859275817871,-4.98440408706665
20180815,12,40,-35,40000,6966.23046875,237.829147338867,35.7626190185547,8.96827125549316
20180815,18,40,-35,40000,7004.50634765625,235.929153442383,27.3986740112305,12.0311813354492
20180816,0,40,-35,40000,7047.8994140625,235.090667724609,17.9328346252441,7.7542724609375
20180816,6,40,-35,40000,7056.85205078125,235.899993896484,18.3946533203125,2.41885256767273
20180816,12,40,-35,40000,7063.037109375,236,18.0993156433105,-0.348627924919128
20180816,18,40,-35,40000,7044.77685546875,235.491989135742,21.7167072296143,-4.94270992279053
20180817,0,40,-35,40000,7049.75439453125,235.100006103516,22.6916942596436,1.15394043922424
20180817,6,40,-35,40000,7033.58740234375,235.304443359375,25.9618034362793,-7.230712890625
20180817,12,40,-35,40000,6998.90625,234.649169921875,26.70458984375,-17.9390563964844
20180817,18,40,-35,40000,6901.29296875,233.300003051758,24.5775947570801,-17.8165798187256
20180818,0,40,-35,40000,6871.4189453125,232.81477355957,19.962718963623,-4.57086801528931
20180818,6,40,-35,40000,6860.14208984375,233.199996948242,21.8331661224365,5.53951740264893
20180818,12,40,-35,40000,6887.025390625,229.584197998047,15.933464050293,16.0090141296387
20180818,18,40,-35,40000,6909.578125,230.699996948242,14.4233980178833,23.8574104309082
20180819,0,40,-35,40000,6987.95361328125,230.099975585938,5.48836898803711,34.3310661315918
20180819,6,40,-35,40000,7079.7216796875,234.999969482422,7.41997051239014,43.6557731628418
20180819,12,40,-35,40000,7151.7998046875,237.899993896484,14.0423831939697,29.2882518768311
20180819,18,40,-35,40000,7148.37548828125,237.221923828125,20.3417549133301,16.936185836792
20180820,0,40,-35,40000,7101.57177734375,235.199981689453,29.6525630950928,10.4162940979004
20180820,6,40,-35,40000,7073.3251953125,236.44612121582,22.8971900939941,23.0266208648682
20180820,12,40,-35,40000,7128.5048828125,239.199981689453,20.5637588500977,31.0714645385742
20180820,18,40,-35,40000,7145.25390625,240.100006103516,20.6983737945557,17.9010639190674
20180821,0,40,-35,40000,7159.755859375,240.79997253418,13.9514188766479,18.3997802734375
20180821,6,40,-35,40000,7152.46240234375,240.053863525391,12.330322265625,9.70760726928711
20180821,12,40,-35,40000,7149.45361328125,239.346115112305,7.93220710754395,3.37495613098145
20180821,18,40,-35,40000,7132.22705078125,238.5,4.44790029525757,0.806821286678314
20180822,0,40,-35,40000,7140.3818359375,237.899993896484,2.16880488395691,-0.737170398235321
20180822,6,40,-35,40000,7139.39453125,237.600250244141,4.21327829360962,-2.66811513900757
20180822,12,40,-35,40000,7157.91015625,237.799758911133,3.23045659065247,-1.49539792537689
20180822,18,40,-35,40000,7152.56396484375,237.646118164063,5.15678119659424,0.206750482320786
20180823,0,40,-35,40000,7171.666015625,237.607467651367,1.99288940429688,4.11328125
20180823,6,40,-35,40000,7184.7724609375,237.407470703125,2.88954782485962,8.24697303771973
20180823,12,40,-35,40000,7203.4150390625,236.800003051758,4.07836294174194,8.07682514190674
20180823,18,40,-35,40000,7213.06494140625,237.499969482422,-3.99035334587097,13.2860841751099
20180824,0,40,-35,40000,7248.85546875,238.199996948242,-8.40902709960938,12.7172117233276
20180824,6,40,-35,40000,7257.05615234375,238.800003051758,-8.87010765075684,8.03269004821777
20180824,12,40,-35,40000,7269.75,239.085296630859,-5.95494079589844,4.47861957550049
20180824,18,40,-35,40000,7245.650390625,238.999969482422,-3.07454824447632,0.667272925376892
20180825,0,40,-35,40000,7237.51171875,238.79997253418,-0.673675537109375,-1.32307124137878
20180825,6,40,-35,40000,7205.9580078125,238.5,1.89992678165436,-0.483312994241714
20180825,12,40,-35,40000,7187.92236328125,237.899993896484,7.60485219955444,-1.27471315860748
20180825,18,40,-35,40000,7143.87109375,237.300003051758,14.3063812255859,-5.93863534927368
20180826,0,40,-35,40000,7112.44677734375,236.199996948242,21.6108341217041,-8.66934204101563
20180826,6,40,-35,40000,7055.24853515625,234.29997253418,32.1157722473145,-7.28412485122681
20180826,12,40,-35,40000,7057.57958984375,231.868316650391,27.7533016204834,15.6710147857666
20180826,18,40,-35,40000,7084.6650390625,233.600006103516,12.8754367828369,24.5969181060791
20180827,0,40,-35,40000,7129.43359375,234.899978637695,7.47927236557007,15.044153213501
20180827,6,40,-35,40000,7149.28955078125,235.400024414063,-3.52220153808594,12.6449222564697
20180827,12,40,-35,40000,7167.302734375,235.899993896484,-4.28196716308594,7.94942617416382
20180827,18,40,-35,40000,7153.16064453125,235.399993896484,1.3265289068222,5.37835693359375
20180828,0,40,-35,40000,7149.4482421875,235.5,1.01058351993561,5.80469226837158
20180828,6,40,-35,40000,7127.123046875,235.499969482422,3.03464603424072,2.93984365463257
20180828,12,40,-35,40000,7127.96142578125,235.100006103516,4.29970216751099,0.313652336597443
20180828,18,40,-35,40000,7119.72314453125,234.800003051758,11.6928853988647,6.97812032699585
20180829,0,40,-35,40000,7125.69873046875,235.238922119141,14.9967184066772,7.66386222839355
20180829,6,40,-35,40000,7129.484375,236.168304443359,16.9715919494629,11.148681640625
20180829,12,40,-35,40000,7158.35498046875,236.246124267578,15.6751070022583,12.7549610137939
20180829,18,40,-35,40000,7167.58740234375,238.699996948242,16.7819671630859,10.1368112564087
20180830,0,40,-35,40000,7188.8408203125,240.899993896484,23.3675651550293,-3.90759897232056
20180830,6,40,-35,40000,7171.6142578125,242.199996948242,17.1410884857178,-11.3077640533447
20180830,12,40,-35,40000,7137.10498046875,241.399978637695,16.1629085540771,-24.6904487609863
20180830,18,40,-35,40000,7040.10888671875,240.100006103516,31.1147212982178,-44.1858024597168
20180831,0,40,-35,40000,6985.62255859375,236.000030517578,2.93515634536743,-14.0136966705322
20180831,6,40,-35,40000,6986.96142578125,235.699996948242,8.05759239196777,7.18356323242188
20180831,12,40,-35,40000,7058.68994140625,240.899993896484,16.2265930175781,17.8991451263428
20180831,18,40,-35,40000,7062.240234375,239.899993896484,26.6739749908447,2.5123291015625
20180901,0,40,-35,40000,7059.87744140625,239.5,34.8153610229492,0.70037841796875
20180901,6,40,-35,40000,7046.6943359375,236.899993896484,28.940990447998,4.90918588638306
20180901,12,40,-35,40000,7078.5087890625,235.79997253418,8.78803062438965,7.36549663543701
20180901,18,40,-35,40000,7104.51953125,236.5,-2.08432626724243,6.49648427963257
20180902,0,40,-35,40000,7144.6591796875,237.399993896484,-5.61286926269531,3.1419677734375
20180902,6,40,-35,40000,7167.49072265625,237.543609619141,-4.34993600845337,3.11332082748413
20180902,12,40,-35,40000,7201.86865234375,238.143600463867,-4.51021099090576,4.66804218292236
20180902,18,40,-35,40000,7218.49609375,238.510055541992,1.33380734920502,5.68665790557861
20180903,0,40,-35,40000,7245.6943359375,239,2.20966196060181,5.01445007324219
20180903,6,40,-35,40000,7253.9638671875,239.600006103516,2.55255126953125,3.64368295669556
20180903,12,40,-35,40000,7264.41748046875,239.746612548828,2.50367116928101,2.53324270248413
20180903,18,40,-35,40000,7259.43505859375,240.006988525391,4.76630544662476,1.4683746099472
20180904,0,40,-35,40000,7265.322265625,240.199981689453,5.06701374053955,-0.896023571491241
20180904,6,40,-35,40000,7255.42822265625,240.300003051758,8.34241962432861,-3.19517827033997
20180904,12,40,-35,40000,7249.681640625,241,10.7628297805786,-6.21984386444092
20180904,18,40,-35,40000,7221.91259765625,240.199981689453,11.4954252243042,-8.30115699768066
20180905,0,40,-35,40000,7215.52685546875,239.5,16.5799884796143,-3.16079092025757
20180905,6,40,-35,40000,7200.865234375,240.199981689453,19.2941780090332,-9.53224468231201
20180905,12,40,-35,40000,7199.18994140625,241.006988525391,14.9951200485229,-15.6999635696411
20180905,18,40,-35,40000,7157.6513671875,240.899993896484,8.96378135681152,-27.2021293640137
20180906,0,40,-35,40000,7120.4130859375,239.100006103516,10.9989356994629,-24.9137840270996
20180906,6,40,-35,40000,7078.5966796875,238.399993896484,13.8072967529297,-32.6303291320801
20180906,12,40,-35,40000,7042.6220703125,237.300003051758,12.164831161499,-39.1814994812012
20180906,18,40,-35,40000,6997.66064453125,236.100006103516,11.7988948822021,1.73917233943939
20180907,0,40,-35,40000,7102.2607421875,238.785308837891,19.9989013671875,13.4626951217651
20180907,6,40,-35,40000,7133.373046875,239.699981689453,19.8121337890625,1.58048403263092
20180907,12,40,-35,40000,7148.11083984375,239.300003051758,16.237813949585,-8.67709922790527
20180907,18,40,-35,40000,7121.947265625,238.592529296875,12.4977054595947,-11.1999759674072
20180908,0,40,-35,40000,7116.66552734375,238.899978637695,13.4381504058838,-8.54345703125
20180908,6,40,-35,40000,7077.767578125,235.199996948242,15.8354549407959,-13.1063966751099
20180908,12,40,-35,40000,7116.8251953125,238.999969482422,25.9642448425293,18.2000179290771
20180908,18,40,-35,40000,7150.49267578125,239.800003051758,33.2367782592773,17.869945526123
20180909,0,40,-35,40000,7216.78271484375,243.199996948242,33.0207748413086,32.9005928039551
20180909,6,40,-35,40000,7285.6123046875,244.899993896484,27.6383972167969,23.2195625305176
20180909,12,40,-35,40000,7345.0654296875,247,23.4935417175293,15.7158937454224
20180909,18,40,-35,40000,7368.291015625,245.800003051758,31.240514755249,14.5036811828613
20180910,0,40,-35,40000,7388.32568359375,244.699981689453,29.402416229248,2.71420907974243
20180910,6,40,-35,40000,7368.12060546875,244.199996948242,30.4398078918457,-5.88474130630493
20180910,12,40,-35,40000,7350.1201171875,243.600006103516,26.9664497375488,-9.3475980758667
20180910,18,40,-35,40000,7310.3095703125,243.300003051758,24.3851909637451,-15.0879735946655
20180911,0,40,-35,40000,7259.08544921875,242.300003051758,23.1195755004883,-23.9395122528076
20180911,6,40,-35,40000,7186.267578125,243.100006103516,22.1494960784912,-20.7007141113281
20180911,12,40,-35,40000,7106.26513671875,240.699996948242,29.9195251464844,-39.0458564758301
20180911,18,40,-35,40000,7022.646484375,238.399993896484,35.8408012390137,-34.4629898071289
20180912,0,40,-35,40000,7076.1279296875,238.285308837891,26.3276176452637,-4.59994506835938
20180912,6,40,-35,40000,7144.7099609375,241.899993896484,23.1693534851074,9.07702922821045
20180912,12,40,-35,40000,7197.48486328125,242.814666748047,23.6304378509521,-3.35176992416382
20180912,18,40,-35,40000,7201.18310546875,242.071533203125,29.2886905670166,-0.519079566001892
20180913,0,40,-35,40000,7231.111328125,241.699996948242,26.7470092773438,1.26503908634186
20180913,6,40,-35,40000,7262.12255859375,245.000030517578,27.2313041687012,-2.81078791618347
20180913,12,40,-35,40000,7280.24951171875,245.300003051758,25.4554862976074,-11.7174682617188
20180913,18,40,-35,40000,7250.83544921875,244.699996948242,24.157262802124,-18.7427673339844
20180914,12,40,-35,40000,7141.03271484375,243.599975585938,29.1422786712646,-27.3747138977051
20180914,18,40,-35,40000,7038.11376953125,240.599975585938,29.4138069152832,-41.5423889160156
20180915,0,40,-35,40000,6863.34423828125,238.399993896484,25.7998466491699,-39.0984992980957
20180915,6,40,-35,40000,6833.21044921875,233.999969482422,23.7553195953369,-0.129022210836411
20180915,12,40,-35,40000,6951.486328125,237.699996948242,20.4492797851563,38.5089836120605
20180915,18,40,-35,40000,7057.3779296875,237.600006103516,19.2184391021729,20.6846733093262
20180916,0,40,-35,40000,7121.07373046875,238.199981689453,17.8980560302734,14.0357542037964
20180916,12,40,-35,40000,7196.0556640625,240.199996948242,28.0654296875,5.44612407684326
20180916,18,40,-35,40000,7181.08447265625,241.399993896484,32.3791961669922,-1.30292963981628
20180917,0,40,-35,40000,7180.283203125,241.600006103516,34.5000381469727,-5.62193584442139
20180917,6,40,-35,40000,7168.49609375,241.199996948242,33.8748016357422,-12.9203004837036
20180917,12,40,-35,40000,7140.43896484375,240.899993896484,34.9697952270508,-20.5827751159668
20180917,18,40,-35,40000,7084.42041015625,239.699981689453,33.4256324768066,-24.3727226257324
20180918,0,40,-35,40000,7053.28173828125,236.100006103516,33.3191299438477,-24.1611080169678
20180918,6,40,-35,40000,6992.33447265625,236.100006103516,32.0360336303711,-25.7440128326416
20180918,12,40,-35,40000,6960.91015625,235.79997253418,28.7475910186768,-26.7745361328125
20180918,18,40,-35,40000,6910.91064453125,235.600006103516,16.0574607849121,-6.37436056137085
20180919,0,40,-35,40000,6962.05615234375,234.600006103516,12.0152807235718,12.7938766479492
20180919,6,40,-35,40000,7025.16064453125,234.699996948242,9.5254077911377,12.5799751281738
20180919,12,40,-35,40000,7082.95751953125,237.5,-1.23406982421875,23.9601860046387
20180919,18,40,-35,40000,7153.806640625,240.499969482422,0.311636358499527,26.4226131439209
20180920,0,40,-35,40000,7233.68115234375,242.399993896484,10.4937257766724,15.8803224563599
20180920,6,40,-35,40000,7275.9501953125,243.100006103516,9.8866548538208,15.0999631881714
20180920,12,40,-35,40000,7325.2236328125,243.899978637695,12.3816184997559,9.17653846740723
20180920,18,40,-35,40000,7342.48388671875,243.600006103516,15.0796432495117,5.62103033065796
20180921,0,40,-35,40000,7367.48583984375,244.131683349609,17.1890678405762,-1.0433691740036
20180921,6,40,-35,40000,7361.701171875,243.899978637695,18.6308441162109,-5.27243661880493
20180921,12,40,-35,40000,7360.79736328125,244.029144287109,18.7246208190918,-7.27425527572632
20180921,18,40,-35,40000,7327.26123046875,243.58576965332,18.313756942749,-9.36947631835938
20180922,0,40,-35,40000,7305.52001953125,241.800003051758,27.5648918151855,-8.09751319885254
20180922,6,40,-35,40000,7250.76123046875,239,34.0591506958008,-3.20665597915649
20180922,12,40,-35,40000,7233.623046875,238.100006103516,33.5160369873047,4.71751117706299
20180922,18,40,-35,40000,7219.97021484375,237.868316650391,35.1742210388184,12.4712219238281
20180923,0,40,-35,40000,7228.69873046875,238,33.088924407959,17.1427726745605
20180923,6,40,-35,40000,7238.33740234375,237.600006103516,20.8635520935059,17.9199829101563
20180923,12,40,-35,40000,7269.2080078125,237.399978637695,5.25886821746826,5.86819458007813
20180923,18,40,-35,40000,7258.3037109375,236.699996948242,6.99421405792236,4.16666269302368
20180924,0,40,-35,40000,7264.080078125,236.699996948242,8.16623497009277,5.40374135971069
20180924,6,40,-35,40000,7250.14892578125,236.399993896484,11.9899415969849,11.3446407318115
20180924,12,40,-35,40000,7242.26953125,237.79997253418,12.5369567871094,11.7000331878662
20180924,18,40,-35,40000,7213.904296875,236.600006103516,18.6860618591309,10.254412651062
20180925,0,40,-35,40000,7181.1669921875,235.399978637695,21.3443241119385,11.4938840866089
20180925,6,40,-35,40000,7163.359375,237.300003051758,4.07690143585205,22.1808471679688
20180925,12,40,-35,40000,7217.99609375,237.300003051758,1.32769167423248,22.4913940429688
20180925,18,40,-35,40000,7229.4130859375,238.199996948242,3.76725459098816,17.0834770202637
20180926,0,40,-35,40000,7241.990234375,238.239410400391,7.00990009307861,13.6184539794922
20180926,6,40,-35,40000,7242.82666015625,239.79997253418,11.1624326705933,4.83667612075806
20180926,12,40,-35,40000,7223.32763671875,239.300003051758,8.7826509475708,-7.29288339614868
20180926,18,40,-35,40000,7192.71044921875,240.5,19.9618034362793,7.666748046875
20180927,0,40,-35,40000,7198.421875,239.131683349609,19.7274589538574,-2.64836120605469
20180927,6,40,-35,40000,7157.18994140625,237.199996948242,23.1543483734131,-12.3868837356567
20180927,12,40,-35,40000,7130.50048828125,237.921920776367,28.4818000793457,-11.7412843704224
20180927,18,40,-35,40000,7081.59619140625,237.985275268555,35.2777099609375,-14.6965885162354
20180928,0,40,-35,40000,7021.41064453125,236.5,45.7925491333008,-22.6174430847168
20180928,6,40,-35,40000,6972.7783203125,233.899993896484,32.2673721313477,-14.7267093658447
20180928,12,40,-35,40000,6984.03173828125,234.399993896484,9.27665710449219,11.4199342727661
20180928,18,40,-35,40000,7092.0693359375,238,4.87746572494507,25.6777095794678
20180929,0,40,-35,40000,7180.427734375,238.5,9.88289070129395,19.4762592315674
20180929,6,40,-35,40000,7236.5224609375,239.5,8.19998168945313,16.0165824890137
20180929,12,40,-35,40000,7289.03515625,240.475540161133,2.97706294059753,12.9219417572021
20180929,18,40,-35,40000,7311.54248046875,240.775512695313,8.05563640594482,7.96331167221069
20180930,0,40,-35,40000,7342.21484375,240.5,8.26083374023438,5.57796621322632
20180930,6,40,-35,40000,7345.52001953125,240.800003051758,11.4427089691162,-4.24353647232056
20180930,12,40,-35,40000,7348.19189453125,241.399993896484,13.0440979003906,-3.71364140510559
20180930,18,40,-35,40000,7328.53759765625,241.699996948242,19.3939399719238,-2.44393920898438
20181001,0,40,-35,40000,7343.22265625,242.800003051758,22.5211334228516,3.89997553825378
20181001,6,40,-35,40000,7356.01611328125,245.310012817383,20.0676784515381,-2.25626230239868
20181001,12,40,-35,40000,7368.82373046875,245.800003051758,20.7465915679932,-3.13870859146118
20181001,18,40,-35,40000,7365.927734375,245.899993896484,25.9392890930176,-5.39519643783569
20181002,0,40,-35,40000,7350.6787109375,244.682769775391,10.1076908111572,-17.5381889343262
20181002,6,40,-35,40000,7311.9306640625,243.382766723633,19.4195919036865,-13.4871034622192
20181002,12,40,-35,40000,7284.34814453125,241.800003051758,20.7049674987793,-7.32329082489014
20181002,18,40,-35,40000,7253.6513671875,243.199996948242,22.3119201660156,-1.8687744140625
20181003,0,40,-35,40000,7260.23388671875,242.300003051758,18.0423221588135,-2.69932246208191
20181003,6,40,-35,40000,7254.205078125,242.017242431641,15.075156211853,0.771708965301514
20181003,12,40,-35,40000,7259.7568359375,242,17.8101463317871,0.308978259563446
20181003,18,40,-35,40000,7242.92431640625,241.600006103516,19.4120101928711,4.44732427597046
20181004,0,40,-35,40000,7241.0751953125,240.899993896484,20.4587287902832,8.89998149871826
20181004,6,40,-35,40000,7254.365234375,239.399978637695,13.7464017868042,16.8099575042725
20181004,12,40,-35,40000,7280.17041015625,239.099975585938,11.2059812545776,13.2558898925781
20181004,18,40,-35,40000,7283.39794921875,239.900024414063,7.94385719299316,11.7506494522095
20181005,0,40,-35,40000,7302.509765625,240.508331298828,10.1522798538208,14.4579343795776
20181005,6,40,-35,40000,7308.3310546875,241.199996948242,6.58543682098389,12.8000583648682
20181005,12,40,-35,40000,7327.0732421875,241.29997253418,4.4390869140625,7.46770000457764
20181005,18,40,-35,40000,7320.14990234375,243.42268371582,4.30373525619507,10.1708374023438
20181006,0,40,-35,40000,7346.52734375,245.600006103516,7.41939067840576,5.01756000518799
20181006,6,40,-35,40000,7342.4248046875,246,7.88513422012329,-0.718818366527557
20181006,12,40,-35,40000,7350.0986328125,245.93180847168,9.2796049118042,-7.67918682098389
20181006,18,40,-35,40000,7326.4111328125,245.199996948242,6.77921152114868,-12.8642826080322
20181007,0,40,-35,40000,7318.50830078125,244.199996948242,3.16990971565247,-12.0636043548584
20181007,6,40,-35,40000,7299.7939453125,241.899993896484,4.51459980010986,-12.7143430709839
20181007,12,40,-35,40000,7299.2373046875,240.478073120117,7.84570598602295,-9.25607872009277
20181007,18,40,-35,40000,7278.72265625,240.324432373047,10.3248291015625,-5.74129629135132
20181008,0,40,-35,40000,7277.9345703125,239.600006103516,14.3705501556396,-5.39521503448486
20181008,6,40,-35,40000,7271.01806640625,240.382766723633,22.0122833251953,-2.17349123954773
20181008,12,40,-35,40000,7272.787109375,241.399993896484,19.4388236999512,-6.85777854919434
20181008,18,40,-35,40000,7247.87939453125,241.199996948242,14.9381227493286,-4.06552743911743
20181009,0,40,-35,40000,7246.455078125,241.300003051758,16.4946937561035,-5.92495107650757
20181009,6,40,-35,40000,7226.7744140625,240.800003051758,14.9201326370239,6.0633544921875
20181009,12,40,-35,40000,7246.3017578125,240.199996948242,-5.13918161392212,18.387279510498
20181009,18,40,-35,40000,7261.8720703125,241.401168823242,-12.0740232467651,14.17431640625
20181010,0,40,-35,40000,7298.78125,241.741973876953,-9.2622013092041,9.81398296356201
20181010,6,40,-35,40000,7311.37353515625,242.300003051758,-12.1122951507568,5.03209829330444
20181010,12,40,-35,40000,7333.78857421875,242.397216796875,-11.0022401809692,2.13470149040222
20181010,18,40,-35,40000,7322.83251953125,241.899993896484,-7.51396799087524,0.567492663860321
20181011,0,40,-35,40000,7338.29052734375,241.743576049805,-2.21528005599976,-1.24892580509186
20181011,6,40,-35,40000,7339.33740234375,241.800003051758,3.02119445800781,-3.05947256088257
20181011,12,40,-35,40000,7344.400390625,241.382766723633,4.42788696289063,-3.294677734375
20181011,18,40,-35,40000,7329.0654296875,240.800003051758,4.96236896514893,-4.43103647232056
20181012,0,40,-35,40000,7334.78759765625,240.253372192383,1.39790034294128,-7.89998769760132
20181012,6,40,-35,40000,7321.2548828125,240.300003051758,-1.1958281993866,-10.0599002838135
20181012,12,40,-35,40000,7314.31884765625,240.600006103516,1.1895843744278,-9.56167602539063
20181012,18,40,-35,40000,7297.76123046875,240.199996948242,2.48542475700378,-6.87025165557861
20181013,0,40,-35,40000,7301.99169921875,240.300003051758,1.96502685546875,-6.76754760742188
20181013,6,40,-35,40000,7302.6201171875,241.324462890625,5.95915222167969,-4.62666034698486
20181013,12,40,-35,40000,7315.58056640625,242.353851318359,8.41537189483643,-1.17878413200378
20181013,18,40,-35,40000,7318.06201171875,242.292526245117,8.43699073791504,-0.488885492086411
20181014,0,40,-35,40000,7334.18701171875,243.729156494141,7.19070720672607,-2.91237187385559
20181014,6,40,-35,40000,7348.36865234375,245.5,7.44683218002319,-4.21711444854736
20181014,12,40,-35,40000,7380.1298828125,246.300003051758,11.0543031692505,-2.60216665267944
20181014,18,40,-35,40000,7380.6611328125,246.800003051758,11.6419830322266,-7.83673095703125
20181015,0,40,-35,40000,7395.1982421875,247.499969482422,9.58140850067139,-12.6727962493896
20181015,6,40,-35,40000,7397.966796875,247.800003051758,2.71601557731628,-14.8267517089844
20181015,12,40,-35,40000,7400.744140625,247,5.91632080078125,-14.441370010376
20181015,18,40,-35,40000,7372.455078125,246.699996948242,1.17683410644531,-20.4065608978271
20181016,0,40,-35,40000,7360.603515625,247.199981689453,-8.42316246032715,-24.7998237609863
20181016,6,40,-35,40000,7334.24853515625,246.29997253418,-0.341946423053741,-28.7128658294678
20181016,12,40,-35,40000,7332.4462890625,246.399993896484,-10.9424467086792,-26.7363891601563
20181016,18,40,-35,40000,7273.29833984375,246.146118164063,-9.82437133789063,-29.3116569519043
20181017,0,40,-35,40000,7245.36376953125,242.600006103516,-10.0815000534058,-26.7385559082031
20181017,6,40,-35,40000,7196.76171875,239.899993896484,-0.126208499073982,-14.9979677200317
20181017,12,40,-35,40000,7199.18359375,239.999969482422,-1.96845698356628,-13.1583194732666
20181017,18,40,-35,40000,7168.533203125,239,1.37464594841003,-6.90552997589111
20181018,0,40,-35,40000,7191.21142578125,239.300003051758,9.87969017028809,7.49872446060181
20181018,6,40,-35,40000,7241.73046875,243.800003051758,18.8104915618896,18.0528316497803
20181018,12,40,-35,40000,7315.10009765625,245.099975585938,16.0568237304688,10.1369380950928
20181018,18,40,-35,40000,7334.06298828125,246.199996948242,18.6485176086426,4.35948467254639
20181019,0,40,-35,40000,7344.62890625,246.800003051758,20.5065364837646,-8.73780536651611
20181019,6,40,-35,40000,7317.48291015625,247.199996948242,21.3295993804932,-17.2069511413574
20181019,18,40,-35,40000,7198.93505859375,242.999969482422,19.4693412780762,-36.0798530578613
20181020,0,40,-35,40000,7168.6943359375,241.199981689453,13.6225643157959,-30.8345584869385
20181020,6,40,-35,40000,7191.98388671875,241.667877197266,3.89378356933594,25.1224727630615
20181020,12,40,-35,40000,7275.4013671875,244.360595703125,6.33395671844482,23.4869632720947
20181020,18,40,-35,40000,7292.5029296875,245.300003051758,10.7829618453979,17.0935554504395
20181021,0,40,-35,40000,7326.861328125,245.595581054688,11.4274044036865,12.7508420944214
20181021,6,40,-35,40000,7334.095703125,245.492523193359,15.7078580856323,4.38048076629639
20181021,12,40,-35,40000,7332.818359375,245.685302734375,15.4899168014526,-3.04704594612122
20181021,18,40,-35,40000,7301.84814453125,246.600006103516,18.5337524414063,-11.2367649078369
20181022,0,40,-35,40000,7278.056640625,245.899993896484,24.0763740539551,-20.9994773864746
20181022,6,40,-35,40000,7234.9873046875,241.399993896484,22.0340824127197,-19.6441230773926
20181022,12,40,-35,40000,7214.45458984375,240.175537109375,28.5945892333984,-21.5519523620605
20181022,18,40,-35,40000,7175.31494140625,239.87809753418,26.1914920806885,-29.8975162506104
20181023,0,40,-35,40000,7139.6845703125,238.543853759766,24.9561462402344,-19.9778442382813
20181023,6,40,-35,40000,7143.734375,239.385299682617,25.0689277648926,-5.76513051986694
20181023,12,40,-35,40000,7178.044921875,239.938919067383,22.5476493835449,0.749194324016571
20181023,18,40,-35,40000,7207.203125,240.20002746582,27.0904026031494,15.0084409713745
20181024,0,40,-35,40000,7267.7373046875,241.292526245117,24.0515632629395,3.69996333122253
20181024,6,40,-35,40000,7289.2080078125,241.899993896484,19.9124088287354,0.690026879310608
20181024,12,40,-35,40000,7299.158203125,242.300003051758,17.0559997558594,-3.67753911018372
20181024,18,40,-35,40000,7274.1474609375,241.999969482422,21.3440494537354,-4.12379741668701
20181025,0,40,-35,40000,7253.49560546875,242.399993896484,29.7193794250488,-7.94411611557007
20181025,6,40,-35,40000,7246.52294921875,243.761077880859,14.1863460540771,21.5257511138916
20181025,12,40,-35,40000,7288.125,243.592498779297,24.1874198913574,16.6013488769531
20181025,18,40,-35,40000,7301.92333984375,246.19255065918,26.2753238677979,10.8961915969849
20181026,0,40,-35,40000,7315.69189453125,247.5,25.7802619934082,10.485631942749
20181026,6,40,-35,40000,7328.44140625,246.899978637695,18.439769744873,9.10234355926514
20181026,12,40,-35,40000,7328.51708984375,246.307464599609,25.1589622497559,7.28579711914063
20181026,18,40,-35,40000,7265.505859375,245.600006103516,38.5160140991211,-1.54049074649811
20181027,0,40,-35,40000,7201.7216796875,245.04345703125,43.0631294250488,16.8131217956543
20181027,6,40,-35,40000,7252.9248046875,244.382369995117,30.341854095459,18.200023651123
20181027,12,40,-35,40000,7275.7275390625,242.943481445313,22.2953281402588,18.8293762207031
20181027,18,40,-35,40000,7286.60986328125,244.599975585938,21.6465511322021,19.4736442565918
20181028,0,40,-35,40000,7306.22021484375,244.468307495117,20.8426322937012,10.6223878860474
20181028,6,40,-35,40000,7303.89453125,245.300003051758,21.975154876709,10.3579711914063
20181028,12,40,-35,40000,7309.48583984375,245.020309448242,21.3166236877441,12.0670042037964
20181028,18,40,-35,40000,7303.35693359375,244.597442626953,19.8931770324707,14.0833988189697
20181029,0,40,-35,40000,7330.85107421875,244.933319091797,20.8178863525391,12.8281192779541
20181029,6,40,-35,40000,7347.39111328125,246.623046875,20.9968814849854,9.90158653259277
20181029,12,40,-35,40000,7366.44580078125,247.741943359375,24.7040100097656,1.36538696289063
20181029,18,40,-35,40000,7355.97265625,247.600006103516,27.4012031555176,0.269696056842804
20181030,0,40,-35,40000,7349.7841796875,247.800003051758,31.9922637939453,-4.00463247299194
20181030,6,40,-35,40000,7324.55419921875,247.399993896484,38.6857032775879,-6.04884052276611
20181030,12,40,-35,40000,7303.98876953125,246.599975585938,46.4008941650391,-4.63323354721069
20181030,18,40,-35,40000,7295.4462890625,246,44.0319137573242,-0.390832513570786
20181031,0,40,-35,40000,7306.47119140625,244.613067626953,42.9018287658691,0.400006115436554
20181031,6,40,-35,40000,7324.556640625,244.20002746582,39.6884231567383,5.89669179916382
20181031,12,40,-35,40000,7351.626953125,245.199996948242,37.4707679748535,7.59926748275757
20181031,18,40,-35,40000,7365.67333984375,247.71305847168,38.4265556335449,-0.502966284751892
20181101,0,40,-35,40000,7391.125,248.340530395508,34.5153579711914,-6.8333740234375
20181101,6,40,-35,40000,7397.0888671875,247.899993896484,30.1073970794678,-11.2029113769531
20181101,12,40,-35,40000,7387.63623046875,249.300003051758,32.7564239501953,-12.0197458267212
20181101,18,40,-35,40000,7346.0908203125,248.537261962891,30.7153511047363,-21.3501167297363
20181102,0,40,-35,40000,7281.54443359375,247.600006103516,44.0851669311523,-22.6150207519531
20181102,6,40,-35,40000,7200.81640625,245.399978637695,59.1008682250977,-17.0144157409668
20181102,12,40,-35,40000,7160.00927734375,247.01887512207,69.0799179077148,12.0374879837036
20181102,18,40,-35,40000,7216.99853515625,246.94921875,55.446704864502,13.8325500488281
20181103,0,40,-35,40000,7283.134765625,246.184524536133,32.1269607543945,8.50236797332764
20181103,6,40,-35,40000,7308.8701171875,245.800003051758,27.1377067565918,7.6429443359375
20181103,12,40,-35,40000,7336.47705078125,245.711700439453,27.8149147033691,6.09587383270264
20181103,18,40,-35,40000,7317.080078125,246.699996948242,28.3252201080322,-5.27486562728882
20181104,0,40,-35,40000,7278.900390625,246.300003051758,37.1550140380859,-9.19887733459473
20181104,6,40,-35,40000,7284.263671875,247.236373901367,35.2145576477051,3.72647094726563
20181104,12,40,-35,40000,7308.73486328125,248.600006103516,33.5141258239746,-8.48878192901611
20181104,18,40,-35,40000,7281.28125,248.79997253418,22.9073429107666,-15.3418092727661
20181105,0,40,-35,40000,7284.888671875,249.199981689453,22.6556434631348,-7.09442138671875
20181105,6,40,-35,40000,7259.5654296875,247.600006103516,22.7060356140137,-11.394495010376
20181105,12,40,-35,40000,7251.9912109375,247.824462890625,28.5523014068604,-17.8998355865479
20181105,18,40,-35,40000,7212.85546875,247.199996948242,35.5803527832031,-21.8289184570313
20181106,0,40,-35,40000,7209.7216796875,246.600006103516,33.4212799072266,-28.2452144622803
20181106,6,40,-35,40000,7143.7392578125,245.708404541016,45.6037368774414,-33.7657051086426
20181106,12,40,-35,40000,7096.78125,244.556549072266,51.8789176940918,-32.8689880371094
20181106,18,40,-35,40000,7019.0673828125,241.6005859375,52.4817810058594,-32.3998413085938
20181107,0,40,-35,40000,6978.06884765625,238.949188232422,38.9420051574707,-29.7731323242188
20181107,6,40,-35,40000,6965.837890625,235.969528198242,19.0306644439697,1.14771723747253
20181107,12,40,-35,40000,7049.240234375,239.032318115234,10.6335144042969,27.3105964660645
20181107,18,40,-35,40000,7129.0732421875,241.405029296875,16.4894752502441,19.2432613372803
20181108,0,40,-35,40000,7182.0712890625,242.325927734375,20.0734977722168,7.08088397979736
20181108,6,40,-35,40000,7188.92822265625,241.437774658203,21.7815361022949,3.44541025161743
20181108,12,40,-35,40000,7188.8818359375,241.708786010742,27.5465908050537,2.32014155387878
20181108,18,40,-35,40000,7166.8388671875,240.600006103516,27.3457221984863,-3.44400024414063
20181109,0,40,-35,40000,7142.484375,238.563629150391,26.334924697876,-10.1398439407349
20181109,6,40,-35,40000,7135.69873046875,240.100006103516,9.10617065429688,16.9711055755615
20181109,12,40,-35,40000,7210.94921875,243.199996948242,15.4732418060303,11.9156465530396
20181109,18,40,-35,40000,7224.46240234375,244.027557373047,18.00461769104,15.0292663574219
20181110,0,40,-35,40000,7278.07861328125,245.100006103516,12.098108291626,14.7603759765625
20181110,6,40,-35,40000,7307.24951171875,245,19.4427242279053,6.45385122299194
20181110,12,40,-35,40000,7313.51513671875,243.800003051758,22.4884433746338,0.300006091594696
20181110,18,40,-35,40000,7293.92919921875,242.382247924805,25.9305229187012,1.60077512264252
20181111,0,40,-35,40000,7314.455078125,240.999969482422,15.8625946044922,8.8676815032959
20181111,6,40,-35,40000,7347.0576171875,243,8.09246253967285,6.79368877410889
20181111,12,40,-35,40000,7378.04736328125,244.814727783203,10.5633211135864,4.21896362304688
20181111,18,40,-35,40000,7371.65380859375,246.800003051758,11.2302980422974,-0.479406744241714
20181112,0,40,-35,40000,7382.31494140625,247.699996948242,13.5928401947021,0.435662835836411
20181112,6,40,-35,40000,7377.00927734375,249.244964599609,19.7974491119385,-0.826568603515625
20181112,12,40,-35,40000,7382.1279296875,249.199981689453,14.9505710601807,-7.0584716796875
20181112,18,40,-35,40000,7347.4482421875,248.606964111328,12.8917970657349,-13.6477661132813
20181113,0,40,-35,40000,7333.326171875,246.899993896484,18.764965057373,-13.6489105224609
20181113,6,40,-35,40000,7324.8642578125,246.699996948242,18.7391471862793,-12.5961179733276
20181113,12,40,-35,40000,7321.89697265625,246.17805480957,15.0732517242432,-11.2861576080322
20181113,18,40,-35,40000,7309.94677734375,246.224456787109,13.4542846679688,-5.50764751434326
20181114,0,40,-35,40000,7308.2841796875,245.899978637695,21.3642063140869,-10.1236209869385
20181114,6,40,-35,40000,7275.03857421875,245.100006103516,30.0295448303223,-17.2735347747803
20181114,12,40,-35,40000,7212.46240234375,239.807342529297,32.3555335998535,-10.8290767669678
20181114,18,40,-35,40000,7194.37255859375,238.899993896484,29.7444343566895,5.08348703384399
20181115,0,40,-35,40000,7269.81005859375,239.199996948242,14.0682315826416,4.4266357421875
20181115,6,40,-35,40000,7277.36669921875,238.79997253418,5.78533315658569,-2.74764108657837
20181115,12,40,-35,40000,7320.75634765625,244.899993896484,13.8137302398682,11.3072538375854
20181115,18,40,-35,40000,7305.0595703125,244.965255737305,21.9539947509766,-3.13205575942993
20181116,0,40,-35,40000,7263.33740234375,242.946136474609,29.7355155944824,-7.22463703155518
20181116,6,40,-35,40000,7244.95751953125,243.300003051758,24.8220710754395,7.17706918716431
20181116,12,40,-35,40000,7284.61572265625,242.277801513672,9.70280456542969,15.2596073150635
20181116,18,40,-35,40000,7314.12353515625,243.899993896484,6.21674823760986,17.3086204528809
20181117,0,40,-35,40000,7358.81201171875,244.79997253418,6.59171772003174,12.5770721435547
20181117,6,40,-35,40000,7375.50634765625,244.699996948242,3.89990854263306,5.83558368682861
20181117,12,40,-35,40000,7388.01953125,244.55403137207,5.65388774871826,-1.71536862850189
20181117,18,40,-35,40000,7363.62255859375,243.899993896484,7.56974792480469,-3.74781489372253
20181118,0,40,-35,40000,7368.5283203125,243.859832763672,6.09070730209351,0.3599853515625
20181118,6,40,-35,40000,7369.896484375,245.011642456055,6.34872722625732,4.9588623046875
20181118,12,40,-35,40000,7383.07861328125,245.800003051758,5.66177988052368,4.33488178253174
20181118,18,40,-35,40000,7376.8193359375,247.699996948242,8.03474712371826,3.60006713867188
20181119,0,40,-35,40000,7378.62109375,247.800003051758,8.93641948699951,-3.01961660385132
20181119,6,40,-35,40000,7369.85009765625,248.399993896484,9.29212665557861,-7.70437002182007
20181119,12,40,-35,40000,7359.794921875,248.199981689453,13.2116641998291,-9.89799785614014
20181119,18,40,-35,40000,7322.17431640625,246.199996948242,14.5299129486084,-13.8349485397339
20181120,0,40,-35,40000,7296.95751953125,246.301956176758,18.2388000488281,-18.2999687194824
20181120,6,40,-35,40000,7246.98193359375,247.499969482422,9.7372989654541,-28.0985469818115
20181120,12,40,-35,40000,7198.85107421875,244.300003051758,4.822265625,-33.331714630127
20181120,18,40,-35,40000,7114.505859375,242.600006103516,15.0797548294067,-23.4041805267334
20181121,0,40,-35,40000,7081.9599609375,241.300003051758,19.3056144714355,-25.0000190734863
20181121,6,40,-35,40000,7041.056640625,239.800003051758,13.5808620452881,-28.3308601379395
20181121,12,40,-35,40000,7015.71630859375,236.5,-0.13003845512867,-26.6988773345947
20181121,18,40,-35,40000,6950.6650390625,235.600006103516,-28.5135898590088,-10.9533081054688
20181122,0,40,-35,40000,6972.14013671875,237.199996948242,-32.1113815307617,-3.47042846679688
20181122,6,40,-35,40000,7026.87109375,239.300003051758,-14.9080810546875,6.19553232192993
20181122,12,40,-35,40000,7094.43701171875,241.302658081055,-9.00326824188232,11.0596981048584
20181122,18,40,-35,40000,7126.57080078125,243.128707885742,-2.84684443473816,6.11304950714111
20181123,0,40,-35,40000,7157.48291015625,243.805374145508,-6.59912109375,6.39994525909424
20181123,6,40,-35,40000,7184.359375,243.233322143555,-5.30841684341431,13.7999820709229
20181123,12,40,-35,40000,7218.6806640625,243.64778137207,3.11720585823059,8.92119121551514
20181123,18,40,-35,40000,7194.91015625,242.25944519043,8.14647483825684,11.6460695266724
20181124,0,40,-35,40000,7194.44580078125,241.473846435547,6.04855346679688,14.7557373046875
20181124,6,40,-35,40000,7203.36767578125,243.462280273438,4.78975820541382,8.44659996032715
20181124,12,40,-35,40000,7200.45458984375,243.679733276367,6.36187744140625,9.8413028717041
20181124,18,40,-35,40000,7181.8779296875,242.86067199707,-2.77825927734375,5.80258464813232
20181125,0,40,-35,40000,7201.90576171875,243.072479248047,-5.60230112075806,6.39303302764893
20181125,6,40,-35,40000,7219.57861328125,244.100006103516,-3.74522709846497,8.57087707519531
20181125,12,40,-35,40000,7250.05322265625,244.872467041016,0.0333691388368607,11.1627836227417
20181125,18,40,-35,40000,7247.81640625,244.572479248047,3.00811529159546,4.91844749450684
20181126,0,40,-35,40000,7254.9638671875,244.300003051758,5.64459705352783,-0.261166989803314
20181126,6,40,-35,40000,7244.287109375,244.140548706055,5.81328725814819,-0.496795654296875
20181126,12,40,-35,40000,7235.1201171875,243.600006103516,2.48743152618408,-2.71419930458069
20181126,18,40,-35,40000,7201.68505859375,242.699996948242,2.13833618164063,-3.43598031997681
20181127,0,40,-35,40000,7205.85693359375,243,-0.153210446238518,-1.21951901912689
20181127,6,40,-35,40000,7211.1494140625,243.199996948242,-1.94042360782623,1.68220829963684
20181127,12,40,-35,40000,7224.818359375,243.072509765625,-0.916293919086456,3.41290044784546
20181127,18,40,-35,40000,7227.37353515625,242.699996948242,1.40940678119659,7.22142601013184
20181128,0,40,-35,40000,7259.38818359375,242.578689575195,2.61853265762329,6.9111328125
20181128,6,40,-35,40000,7276.9189453125,245.500030517578,3.81511235237122,11.1352396011353
20181128,12,40,-35,40000,7299.4150390625,245.820892333984,6.23679208755493,7.14227056503296
20181128,18,40,-35,40000,7284.03369140625,244.899993896484,7.50086402893066,4.72980451583862
20181129,0,40,-35,40000,7292.765625,244.3896484375,6.61678457260132,5.00171518325806
20181129,6,40,-35,40000,7293.71484375,245.103881835938,5.59914255142212,4.38162851333618
20181129,12,40,-35,40000,7291.939453125,246.100006103516,6.4287748336792,2.90004873275757
20181129,18,40,-35,40000,7267.29638671875,246.300003051758,11.1443433761597,-0.870395481586456
20181130,0,40,-35,40000,7261.30078125,244,19.9184017181396,-2.48774409294128
20181130,6,40,-35,40000,7239.59228515625,242.699996948242,29.3114376068115,1.27833986282349
20181130,12,40,-35,40000,7273.25244140625,245.921020507813,21.2722110748291,4.61385250091553
20181130,18,40,-35,40000,7273.85888671875,246.033493041992,22.2746028900146,-0.571132838726044
20181201,0,40,-35,40000,7274.1748046875,245.58464050293,18.7613620758057,-10.7687072753906
20181201,6,40,-35,40000,7256.568359375,247.318771362305,28.8837337493896,-15.5856447219849
20181201,12,40,-35,40000,7192.158203125,246.300003051758,20.6999168395996,-27.998119354248
20181201,18,40,-35,40000,7032.4755859375,240.640548706055,19.4776649475098,-28.8932991027832
20181202,0,40,-35,40000,7051.77685546875,243.194427490234,40.1147651672363,10.2959957122803
20181202,6,40,-35,40000,7102.9619140625,244.891082763672,41.4041557312012,12.500226020813
20181202,12,40,-35,40000,7141.79833984375,244.526092529297,39.8975791931152,10.4467287063599
20181202,18,40,-35,40000,7144.1767578125,243.816207885742,44.4045944213867,14.7692079544067
20181203,0,40,-35,40000,7182.958984375,245.327514648438,45.0438919067383,26.9133186340332
20181203,6,40,-35,40000,7248.24560546875,246.712768554688,39.5018692016602,17.9799556732178
20181203,12,40,-35,40000,7298.31201171875,247.199996948242,25.9584712982178,14.3068056106567
20181203,18,40,-35,40000,7320.859375,248.133697509766,20.4267387390137,11.6729860305786
20181204,0,40,-35,40000,7358.60986328125,247.224563598633,18.3098640441895,9.01029014587402
20181204,6,40,-35,40000,7384.89892578125,247.285369873047,12.3136539459229,12.5400638580322
20181204,12,40,-35,40000,7417.814453125,247.713287353516,12.3414821624756,7.40534067153931
20181204,18,40,-35,40000,7411.845703125,246.399932861328,12.3814754486084,0.399731457233429
20181205,0,40,-35,40000,7430.72998046875,244.999969482422,10.4037170410156,1.59998774528503
20181205,6,40,-35,40000,7437.7001953125,246.214630126953,5.27054119110107,3.09760737419128
20181205,12,40,-35,40000,7458.7080078125,249.899993896484,4.26467895507813,2.31605839729309
20181205,18,40,-35,40000,7454.6025390625,250.702423095703,9.62679767608643,-1.23933720588684
20181206,0,40,-35,40000,7469.15576171875,250.800018310547,10.4838562011719,-0.622692883014679
20181206,6,40,-35,40000,7472.10107421875,250.910736083984,14.3360290527344,-2.79691171646118
20181206,12,40,-35,40000,7479.7080078125,250.928985595703,18.5340023040771,-5.61260986328125
20181206,18,40,-35,40000,7473.34130859375,251.127975463867,19.2656745910645,-6.82885122299194
20181207,0,40,-35,40000,7472.65478515625,249.961456298828,16.2597713470459,-12.1627864837646
20181207,6,40,-35,40000,7458.83740234375,250.771774291992,22.7251529693604,-7.91992807388306
20181207,12,40,-35,40000,7453.7529296875,249.86784362793,19.9974613189697,-14.2835083007813
20181207,18,40,-35,40000,7425.61181640625,248.400024414063,23.0634994506836,-19.4193496704102
20181208,0,40,-35,40000,7418.0205078125,247.45133972168,23.7785892486572,-17.4728317260742
20181208,6,40,-35,40000,7412.25634765625,246.91389465332,24.7214546203613,-15.719277381897
20181208,12,40,-35,40000,7403.12353515625,245.204467773438,27.8654556274414,-11.2742671966553
20181208,18,40,-35,40000,7388.8125,244.818359375,17.9139404296875,-4.63739919662476
20181209,0,40,-35,40000,7389.078125,244.800003051758,10.1099977493286,-4.38323736190796
20181209,6,40,-35,40000,7365.048828125,244.60400390625,17.6606044769287,-8.60704326629639
20181209,12,40,-35,40000,7343.17138671875,244.600006103516,21.3746585845947,-5.53019523620605
20181209,18,40,-35,40000,7330.81396484375,243.69140625,20.0722370147705,7.24270629882813
20181210,0,40,-35,40000,7363.21142578125,243.915802001953,13.9749145507813,5.72481679916382
20181210,6,40,-35,40000,7381.10986328125,244.88883972168,13.3778867721558,3.53750610351563
20181210,12,40,-35,40000,7394.00830078125,245.4267578125,12.9532899856567,3.36977529525757
20181210,18,40,-35,40000,7380.40625,245.199981689453,8.57084083557129,1.38496708869934
20181211,0,40,-35,40000,7389.466796875,244.476959228516,6.29992055892944,-3.12453603744507
20181211,6,40,-35,40000,7380.572265625,244.554977416992,10.1416959762573,-1.4892578125
20181211,12,40,-35,40000,7378.5576171875,245.472442626953,13.4999942779541,5.57061767578125
20181211,18,40,-35,40000,7358.49365234375,245.806762695313,8.6810245513916,-3.61550903320313
20181212,0,40,-35,40000,7348.55810546875,244.980926513672,10.6512203216553,-6.14900207519531
20181212,6,40,-35,40000,7332.09521484375,248.199996948242,15.0851287841797,-6.80782794952393
20181212,12,40,-35,40000,7313.98291015625,248.385589599609,10.1344814300537,-13.6921539306641
20181212,18,40,-35,40000,7272.44677734375,249.087860107422,4.58663654327393,-14.6814756393433
20181213,0,40,-35,40000,7263.6298828125,249.627532958984,-6.15173053741455,-12.4836483001709
20181213,6,40,-35,40000,7291.24609375,250.829147338867,-11.6689701080322,-6.92675161361694
20181213,12,40,-35,40000,7336.2744140625,251.800003051758,-20.6042213439941,4.67614126205444
20181213,18,40,-35,40000,7348.01953125,251.400024414063,-23.1555786132813,4.75422382354736
20181214,0,40,-35,40000,7379.775390625,251.220260620117,-21.7084503173828,9.26646709442139
20181214,6,40,-35,40000,7393.89794921875,251.100006103516,-21.0074462890625,-7.31910419464111
20181214,12,40,-35,40000,7410.57177734375,251.621658325195,-21.7827644348145,-3.39913940429688
20181214,18,40,-35,40000,7385.11328125,250.5,-21.772533416748,-4.87859487533569
20181215,0,40,-35,40000,7383.1875,250.100006103516,-23.3285465240479,-10.2996397018433
20181215,6,40,-35,40000,7350.8623046875,248.660369873047,-20.8958740234375,-7.67060565948486
20181215,12,40,-35,40000,7309.7412109375,248.213088989258,-27.7872772216797,-6.42630004882813
20181215,18,40,-35,40000,7241.16552734375,243.504974365234,-16.7997245788574,-6.67106628417969
20181216,0,40,-35,40000,7247.9814453125,243.899978637695,-10.796856880188,1.51282048225403
20181216,6,40,-35,40000,7260.697265625,246.899978637695,2.45034790039063,15.3341579437256
20181216,12,40,-35,40000,7318.70947265625,249.400024414063,10.9442873001099,18.9601287841797
20181216,18,40,-35,40000,7343.890625,249.800003051758,15.8284664154053,9.81945514678955
20181217,0,40,-35,40000,7379.98681640625,249.699996948242,20.8321132659912,5.65693950653076
20181217,6,40,-35,40000,7386.1494140625,249,26.5862483978271,10.1000423431396
20181217,12,40,-35,40000,7408.6748046875,248.704391479492,25.0222930908203,3.74479985237122
20181217,18,40,-35,40000,7385.7431640625,249.141143798828,30.8187255859375,5.41743755340576
20181218,0,40,-35,40000,7399.67431640625,250.173919677734,33.4045639038086,8.79323768615723
20181218,6,40,-35,40000,7416.650390625,250.73486328125,23.3050384521484,8.72219848632813
20181218,12,40,-35,40000,7427.09814453125,251.087738037109,16.4916687011719,2.81059575080872
