20180720,0,-47,140,40000,7574.453125,249,2.80262756347656,-0.0846679657697678
20180720,6,-47,140,40000,7579.3349609375,249.08528137207,4.96010732650757,-5.52277851104736
20180720,12,-47,140,40000,7602.333984375,251.199996948242,6.37683725357056,-7.78837299346924
20180720,18,-47,140,40000,7618.49072265625,252.385299682617,7.87579965591431,-3.4111328125
20180721,0,-47,140,40000,7622.88623046875,254.014694213867,9.41327476501465,0.479333490133286
20180721,6,-47,140,40000,7605.06640625,252.899978637695,15.0650939941406,-1.78386235237122
20180721,12,-47,140,40000,7603.14794921875,251.399993896484,6.98267221450806,1.10451054573059
20180721,18,-47,140,40000,7603.337890625,250.699996948242,10.6694211959839,-3.70386362075806
20180722,0,-47,140,40000,7606.57958984375,251.5,15.6488161087036,-6.23862314224243
20180722,6,-47,140,40000,7596.07177734375,251.399993896484,16.7914848327637,-7.18722534179688
20180722,12,-47,140,40000,7595.85498046875,252.199996948242,19.8382148742676,-10.4357604980469
20180722,18,-47,140,40000,7599.720703125,252.300003051758,22.5049018859863,-10.0696840286255
20180723,0,-47,140,40000,7589.08203125,252.599975585938,23.211706161499,-4.80840444564819
20180723,6,-47,140,40000,7549.37255859375,251.899978637695,18.5332984924316,-3.88560795783997
20180723,12,-47,140,40000,7534.22021484375,251.699996948242,16.852575302124,-6.8035306930542
20180723,18,-47,140,40000,7542.48388671875,252.437744140625,16.9277458190918,-13.0602293014526
20180724,0,-47,140,40000,7533.91943359375,253.399993896484,28.112133026123,-10.8956661224365
20180724,6,-47,140,40000,7447.94482421875,252.899993896484,42.9197311401367,-2.0162353515625
20180724,12,-47,140,40000,7413.9736328125,247.79997253418,27.5404167175293,-28.9460983276367
20180724,18,-47,140,40000,7467.95947265625,250.498489379883,16.1399517059326,-25.6590137481689
20180725,0,-47,140,40000,7490.53369140625,249.200042724609,15.7994174957275,-19.0478210449219
20180725,6,-47,140,40000,7485.30517578125,250.800003051758,14.5869626998901,-12.4355039596558
20180725,12,-47,140,40000,7506.55126953125,254.486038208008,18.2360172271729,-11.3414125442505
20180725,18,-47,140,40000,7513.4267578125,255.300003051758,26.5529289245605,-16.2340240478516
20180726,0,-47,140,40000,7522.84423828125,255.568313598633,27.4350967407227,-19.4848728179932
20180726,6,-47,140,40000,7524.490234375,255.931686401367,23.8533000946045,-23.3625869750977
20180726,12,-47,140,40000,7546.1630859375,255.600006103516,21.3185691833496,-14.1424608230591
20180726,18,-47,140,40000,7567.98681640625,255.267868041992,19.2193431854248,-10.8093070983887
20180727,0,-47,140,40000,7578.12353515625,253.399993896484,21.9549827575684,-10.4609622955322
20180727,6,-47,140,40000,7559.99267578125,252.399993896484,21.9045333862305,-0.530297875404358
20180727,12,-47,140,40000,7536.6376953125,252.0751953125,9.67986583709717,-6.67284679412842
20180727,18,-47,140,40000,7573.45703125,255.377151489258,15.923300743103,-9.82584953308105
20180728,0,-47,140,40000,7575.12744140625,255.699981689453,24.527738571167,-5.03759765625
20180728,6,-47,140,40000,7539.45458984375,255.5,29.6267471313477,-9.26457500457764
20180728,12,-47,140,40000,7548.337890625,255.199996948242,23.5055904388428,-10.311203956604
20180728,18,-47,140,40000,7559.453125,253.785736083984,24.1763286590576,-6.59253883361816
20180729,0,-47,140,40000,7552.0498046875,254.100006103516,20.8533744812012,-5.79415035247803
20180729,6,-47,140,40000,7527.8212890625,254.300003051758,23.4057369232178,-4.81409168243408
20180729,12,-47,140,40000,7523.70361328125,253.600006103516,24.4477348327637,-8.87023448944092
20180729,18,-47,140,40000,7533.5,253.600006103516,25.3476715087891,-11.1156253814697
20180730,0,-47,140,40000,7534.6142578125,254.245315551758,21.7506446838379,-6.08046865463257
20180730,6,-47,140,40000,7523.47119140625,254.13623046875,22.9159107208252,-6.72389650344849
20180730,12,-47,140,40000,7521.0205078125,254.214691162109,21.9927635192871,-4.69327402114868
20180730,18,-47,140,40000,7525.99853515625,254.521926879883,23.1795272827148,1.29934573173523
20180731,0,-47,140,40000,7511.82373046875,253.592529296875,25.9550018310547,2.55859375
20180731,6,-47,140,40000,7471.3779296875,253.099975585938,27.9824886322021,10.3973636627197
20180731,12,-47,140,40000,7428.091796875,250.74723815918,35.5376358032227,5.3055419921875
20180731,18,-47,140,40000,7407.080078125,248.800689697266,30.7720947265625,1.90903317928314
20180801,0,-47,140,40000,7395.494140625,248.460601806641,28.4973201751709,3.4468047618866
20180801,6,-47,140,40000,7366.58251953125,246.886032104492,25.3501167297363,-4.34193420410156
20180801,12,-47,140,40000,7382.31982421875,247.200241088867,16.6731147766113,-8.86897563934326
20180801,18,-47,140,40000,7393.60107421875,247.100006103516,14.1263885498047,-3.42499399185181
20180802,0,-47,140,40000,7400.166015625,245.699996948242,6.51113271713257,-4.49850463867188
20180802,6,-47,140,40000,7432.0810546875,247.5,-1.54952085018158,-15.6019039154053
20180802,12,-47,140,40000,7478.802734375,248.300003051758,2.98307180404663,-12.9650392532349
20180802,18,-47,140,40000,7507.5693359375,249,1.9572479724884,-9.48198223114014
20180803,0,-47,140,40000,7542.0087890625,251.492523193359,-1.36068117618561,-5.60264873504639
20180803,6,-47,140,40000,7551.25927734375,253.238922119141,5.04434204101563,0.506018042564392
20180803,12,-47,140,40000,7560.78564453125,254.300003051758,10.3063869476318,1.74675905704498
20180803,18,-47,140,40000,7570.82373046875,255.521926879883,13.9273958206177,-2.47327876091003
20180804,0,-47,140,40000,7562.673828125,255.899978637695,18.9827270507813,0.298937976360321
20180804,6,-47,140,40000,7528.31103515625,254.899993896484,25.6280097961426,2.86014413833618
20180804,12,-47,140,40000,7517.3857421875,254.399978637695,24.8704891204834,3.49992370605469
20180804,18,-47,140,40000,7508.24267578125,253.407470703125,25.2049312591553,6.03211069107056
20180805,0,-47,140,40000,7491.14697265625,251,22.8965187072754,2.14874887466431
20180805,6,-47,140,40000,7484.63916015625,249,16.7561302185059,-4.40592670440674
20180805,12,-47,140,40000,7509.90234375,249.206985473633,13.5682649612427,-3.93135690689087
20180805,18,-47,140,40000,7530.27001953125,250.753387451172,15.4500045776367,-2.57441401481628
20180806,0,-47,140,40000,7541.587890625,252.199996948242,13.5710849761963,-2.05319213867188
20180806,6,-47,140,40000,7530.27001953125,251.951705932617,14.8870162963867,-0.139433592557907
20180806,12,-47,140,40000,7523.79443359375,251.212448120117,18.7610969543457,1.60204100608826
20180806,18,-47,140,40000,7529.0986328125,251.085647583008,18.7400970458984,-2.0845263004303
20180807,0,-47,140,40000,7535.5029296875,251.487396240234,14.6441259384155,-4.93560552597046
20180807,6,-47,140,40000,7528.7080078125,251.199981689453,14.5831689834595,-4.65291023254395
20180807,12,-47,140,40000,7535.068359375,250.850799560547,14.9758815765381,-4.08024406433105
20180807,18,-47,140,40000,7543.05126953125,251.399993896484,11.9717359542847,-1.02041506767273
20180808,0,-47,140,40000,7535.4130859375,251.199996948242,9.33004760742188,2.02219247817993
20180808,6,-47,140,40000,7517.14892578125,251.070846557617,11.8569669723511,3.7547607421875
20180808,12,-47,140,40000,7518.90185546875,250.99055480957,11.3363828659058,3.10589599609375
20180808,18,-47,140,40000,7521.462890625,252.610061645508,11.0544834136963,-0.938098132610321
20180809,0,-47,140,40000,7525.67138671875,253.857574462891,9.40824604034424,0.833636462688446
20180809,6,-47,140,40000,7505.16455078125,254.399993896484,9.70967388153076,6.45350360870361
20180809,12,-47,140,40000,7497.7431640625,253.810012817383,12.8660860061646,9.41755390167236
20180809,18,-47,140,40000,7484.451171875,252.183547973633,12.967737197876,8.88985633850098
20180810,0,-47,140,40000,7485.2763671875,252.199996948242,17.0774269104004,-5.94536113739014
20180810,6,-47,140,40000,7501.53076171875,254.237594604492,17.5558528900146,-7.76929950714111
20180810,12,-47,140,40000,7536.47314453125,255.5,15.9999179840088,-6.17223501205444
20180810,18,-47,140,40000,7566.52685546875,255.40202331543,15.4117860794067,-3.52208256721497
20180811,0,-47,140,40000,7593.79248046875,255.943603515625,12.2676696777344,-5.39400625228882
20180811,6,-47,140,40000,7597.58544921875,255.11003112793,11.3830232620239,1.93267822265625
20180811,12,-47,140,40000,7604.0986328125,254.699996948242,10.4000120162964,6.87395000457764
20180811,18,-47,140,40000,7605.01611328125,254.243576049805,9.99088764190674,10.5555601119995
20180812,0,-47,140,40000,7594.90869140625,253.399993896484,14.5326080322266,11.5264005661011
20180812,6,-47,140,40000,7560.220703125,253,15.5043668746948,10.2271423339844
20180812,12,-47,140,40000,7551.12890625,252.899993896484,15.8574066162109,6.80574941635132
20180812,18,-47,140,40000,7534.505859375,253.100006103516,14.7287874221802,9.06700420379639
20180813,0,-47,140,40000,7495.06396484375,251.711639404297,19.8999996185303,14.5902652740479
20180813,6,-47,140,40000,7447.5439453125,249.800003051758,21.5017852783203,5.26831674575806
20180813,12,-47,140,40000,7453.7451171875,248.936431884766,15.8653135299683,-4.72515869140625
20180813,18,-47,140,40000,7482.5849609375,251.382766723633,9.46739482879639,-9.70989990234375
20180814,0,-47,140,40000,7498.45947265625,251.870849609375,11.36474609375,-2.46186518669128
20180814,6,-47,140,40000,7498.92041015625,252.122161865234,9.94942855834961,-2.52158212661743
20180814,12,-47,140,40000,7515.744140625,252.100006103516,11.8079490661621,-1.25449216365814
20180814,18,-47,140,40000,7530.25,252.100006103516,15.3307590484619,-3.56167960166931
20180815,0,-47,140,40000,7543.6279296875,252,13.8443775177002,-4.99234390258789
20180815,6,-47,140,40000,7543.6806640625,250.800003051758,12.285924911499,-4.13440418243408
20180815,12,-47,140,40000,7560.99072265625,250.929153442383,10.2526168823242,1.01827144622803
20180815,18,-47,140,40000,7574.62646484375,251.229156494141,9.37867450714111,1.42118167877197
20180816,0,-47,140,40000,7579.25927734375,251.190673828125,7.35283470153809,2.62427234649658
20180816,6,-47,140,40000,7560.3720703125,251.199996948242,5.47465324401855,5.60885238647461
20180816,12,-47,140,40000,7550.9169921875,251.899993896484,6.88931655883789,6.94137191772461
20180816,18,-47,140,40000,7546.4970703125,253.391998291016,11.1767063140869,4.7372899055481
20180817,0,-47,140,40000,7533.994140625,253.899993896484,6.37169456481934,3.68394041061401
20180817,6,-47,140,40000,7501.02734375,253.104446411133,10.5918045043945,3.81928706169128
20180817,12,-47,140,40000,7493.22607421875,253.349166870117,16.3045902252197,6.76094341278076
20180817,18,-47,140,40000,7466.97314453125,252.800003051758,20.8775939941406,13.1834201812744
20180818,0,-47,140,40000,7445.21875,251.214767456055,21.2627201080322,10.0291318893433
20180818,6,-47,140,40000,7435.58203125,250.899993896484,17.7331657409668,7.23951721191406
20180818,12,-47,140,40000,7450.90576171875,251.784210205078,4.56346416473389,0.619013667106628
20180818,18,-47,140,40000,7472.6181640625,252.199996948242,2.22339773178101,-3.14259028434753
20180819,0,-47,140,40000,7491.91357421875,253.399978637695,5.03836917877197,-5.72893571853638
20180819,6,-47,140,40000,7493.0419921875,253.899978637695,9.13997077941895,-2.22422862052917
20180819,12,-47,140,40000,7513.56005859375,254.300003051758,14.5623826980591,-0.771748065948486
20180819,18,-47,140,40000,7518.57568359375,254.021926879883,19.5517559051514,4.63618659973145
20180820,0,-47,140,40000,7502.61181640625,254.199981689453,25.2925643920898,10.7362937927246
20180820,6,-47,140,40000,7455.64501953125,254.44612121582,26.0571899414063,13.4666213989258
20180820,12,-47,140,40000,7407.26513671875,250.399978637695,26.7937602996826,13.8314647674561
20180820,18,-47,140,40000,7444.0537109375,248.399993896484,6.3483738899231,-25.408935546875
20180821,0,-47,140,40000,7520.4755859375,251.099975585938,13.9614181518555,-13.0402193069458
20180821,6,-47,140,40000,7539.822265625,251.653854370117,10.0303220748901,-12.5923929214478
20180821,12,-47,140,40000,7564.8935546875,250.746124267578,10.1322069168091,-4.19504404067993
20180821,18,-47,140,40000,7571.38671875,250.399993896484,13.4779005050659,-8.02317905426025
20180822,0,-47,140,40000,7580.02197265625,251.199996948242,11.6688051223755,-1.43717038631439
20180822,6,-47,140,40000,7561.0341796875,251.700241088867,9.61327838897705,1.73188471794128
20180822,12,-47,140,40000,7569.669921875,253.499755859375,11.430456161499,-4.19539785385132
20180822,18,-47,140,40000,7586.9638671875,254.44612121582,13.4567813873291,-3.89324951171875
20180823,0,-47,140,40000,7592.7861328125,255.507476806641,11.3928890228271,2.41328120231628
20180823,6,-47,140,40000,7583.53271484375,255.207473754883,10.8895473480225,-0.453027337789536
20180823,12,-47,140,40000,7590.93505859375,254.5,11.9783630371094,4.87682485580444
20180823,18,-47,140,40000,7595.4248046875,253.499969482422,12.2096462249756,2.78608393669128
20180824,0,-47,140,40000,7600.255859375,253.399993896484,10.8909730911255,1.81721186637878
20180824,6,-47,140,40000,7588.17626953125,254.100006103516,10.5298919677734,2.73269033432007
20180824,12,-47,140,40000,7598.830078125,253.585296630859,10.0450592041016,2.37861943244934
20180824,18,-47,140,40000,7606.57080078125,254.79997253418,9.12545204162598,-1.93272709846497
20180825,0,-47,140,40000,7609.35205078125,253.79997253418,9.92632484436035,3.77692866325378
20180825,6,-47,140,40000,7585.9580078125,252,13.4999265670776,4.41668701171875
20180825,12,-47,140,40000,7570.3623046875,252,19.0048522949219,7.02528667449951
20180825,18,-47,140,40000,7556.51123046875,251.100006103516,20.6063804626465,1.06136476993561
20180826,0,-47,140,40000,7549.88671875,250.199996948242,10.2108335494995,0.0306579582393169
20180826,6,-47,140,40000,7526.7685546875,249.999969482422,12.1157712936401,-0.784124732017517
20180826,12,-47,140,40000,7520.41943359375,250.468307495117,14.153302192688,-0.028985595330596
20180826,18,-47,140,40000,7504.384765625,249.800003051758,14.7754364013672,-0.203082278370857
20180827,0,-47,140,40000,7478.43359375,249.399978637695,21.2792720794678,-0.255847156047821
20180827,6,-47,140,40000,7448.529296875,249.100021362305,22.8777980804443,-2.955078125
20180827,12,-47,140,40000,7448.42236328125,249,24.8180332183838,-6.25057363510132
20180827,18,-47,140,40000,7455.560546875,250.100006103516,24.8265285491943,-3.82164311408997
20180828,0,-47,140,40000,7451.60791015625,250.5,17.5005836486816,2.38469243049622
20180828,6,-47,140,40000,7426.0029296875,252.999969482422,20.1146469116211,5.81984376907349
20180828,12,-47,140,40000,7416.60107421875,252.100006103516,15.6697025299072,9.64365196228027
20180828,18,-47,140,40000,7388.4033203125,250.100006103516,18.5428848266602,10.4281196594238
20180829,0,-47,140,40000,7379.138671875,249.638916015625,17.0467185974121,7.9438624382019
20180829,6,-47,140,40000,7383.80419921875,249.868316650391,12.4515914916992,-2.4213182926178
20180829,12,-47,140,40000,7417.43505859375,250.546112060547,9.05510711669922,-8.12503910064697
20180829,18,-47,140,40000,7452.947265625,251.600006103516,8.68196773529053,-6.17318868637085
20180830,0,-47,140,40000,7489.92041015625,254.699996948242,9.76756572723389,-12.2075986862183
20180830,6,-47,140,40000,7513.6943359375,254.699996948242,14.6410884857178,-7.207763671875
20180830,12,-47,140,40000,7536.78515625,256.199981689453,16.5629081726074,-2.19044804573059
20180830,18,-47,140,40000,7555.02880859375,255.699996948242,14.6147212982178,-1.78580319881439
20180831,0,-47,140,40000,7561.66259765625,255.500030517578,11.6351566314697,-1.31369626522064
20180831,6,-47,140,40000,7547.521484375,255,15.1575927734375,3.58356332778931
20180831,12,-47,140,40000,7537.89013671875,254.399993896484,18.4265937805176,4.9991455078125
20180831,18,-47,140,40000,7524.0400390625,253.100006103516,24.6739749908447,6.81232929229736
20180901,0,-47,140,40000,7489.5576171875,252,29.1153621673584,6.10037851333618
20180901,6,-47,140,40000,7439.45458984375,247.5,34.340991973877,2.70918583869934
20180901,12,-47,140,40000,7471.62890625,247.399978637695,24.0880317687988,-11.5345029830933
20180901,18,-47,140,40000,7495.279296875,248.5,20.2156734466553,-10.0035152435303
20180902,0,-47,140,40000,7517.8193359375,249.100006103516,16.9871311187744,-9.05803203582764
20180902,6,-47,140,40000,7523.21044921875,249.043609619141,10.3500642776489,-6.08667898178101
20180902,12,-47,140,40000,7537.5888671875,249.743606567383,8.18978881835938,-2.6319580078125
20180902,18,-47,140,40000,7536.33642578125,249.81005859375,8.13380718231201,4.28665781021118
20180903,0,-47,140,40000,7531.09423828125,248.800003051758,10.1096620559692,3.51445007324219
20180903,6,-47,140,40000,7514.7236328125,248.899993896484,9.45255088806152,5.74368286132813
20180903,12,-47,140,40000,7509.857421875,249.44660949707,13.6036710739136,-0.766757190227509
20180903,18,-47,140,40000,7505.15478515625,249.306976318359,10.8663053512573,-1.23162531852722
20180904,0,-47,140,40000,7510.16259765625,250.79997253418,5.76701354980469,-6.09602355957031
20180904,6,-47,140,40000,7504.6279296875,250.300003051758,5.74241924285889,-5.59517812728882
20180904,12,-47,140,40000,7505.162109375,250.899993896484,7.92282962799072,-3.1598436832428
20180904,18,-47,140,40000,7499.03271484375,251.999969482422,13.1854248046875,0.308842778205872
20180905,0,-47,140,40000,7483.287109375,252.5,14.0199880599976,2.29920887947083
20180905,6,-47,140,40000,7450.865234375,251.79997253418,18.0941772460938,5.16775512695313
20180905,12,-47,140,40000,7435.91015625,250.206985473633,30.0951194763184,9.90003681182861
20180905,18,-47,140,40000,7410.05126953125,248.800003051758,32.4637832641602,6.19786977767944
20180906,0,-47,140,40000,7387.453125,247,39.9489364624023,1.95621585845947
20180906,6,-47,140,40000,7395.556640625,247.899993896484,32.6072959899902,-6.93032836914063
20180906,12,-47,140,40000,7421.341796875,248.899993896484,23.664831161499,-8.48150062561035
20180906,18,-47,140,40000,7456.9404296875,253.5,19.8988952636719,-10.1608276367188
20180907,0,-47,140,40000,7478.58056640625,254.485305786133,21.3989009857178,-8.53730487823486
20180907,6,-47,140,40000,7462.13330078125,253.899978637695,24.2121334075928,-3.21951603889465
20180907,12,-47,140,40000,7452.310546875,253,28.737813949585,-1.277099609375
20180907,18,-47,140,40000,7438.82763671875,252.192535400391,30.7977046966553,-0.199975579977036
20180908,0,-47,140,40000,7426.2255859375,251.399978637695,34.4381484985352,-0.54345703125
20180908,6,-47,140,40000,7414.8076171875,250.199996948242,32.6354560852051,0.293603509664536
20180908,12,-47,140,40000,7414.705078125,250.899978637695,31.9642448425293,7.60001850128174
20180908,18,-47,140,40000,7421.572265625,252,35.3367767333984,6.76994609832764
20180909,0,-47,140,40000,7428.0625,252.100006103516,31.3207759857178,9.6005916595459
20180909,6,-47,140,40000,7408.33251953125,251.699996948242,26.9383964538574,19.1195621490479
20180909,12,-47,140,40000,7375.82568359375,252.300003051758,39.5935440063477,21.115894317627
20180909,18,-47,140,40000,7359.5712890625,252.199996948242,45.030517578125,22.8436813354492
20180910,0,-47,140,40000,7344.525390625,252.099975585938,45.8624153137207,31.9542083740234
20180910,6,-47,140,40000,7300.20068359375,250,50.0398063659668,21.715259552002
20180910,12,-47,140,40000,7281.16015625,246.899993896484,45.6564483642578,13.0424022674561
20180910,18,-47,140,40000,7266.94921875,245.100006103516,44.2651901245117,13.2220268249512
20180911,0,-47,140,40000,7272.60546875,241,21.3995742797852,-3.72951173782349
20180911,6,-47,140,40000,7357.1474609375,243.399993896484,7.34949636459351,-19.0007133483887
20180911,12,-47,140,40000,7411.34521484375,244.800003051758,13.4195251464844,-9.44585609436035
20180911,18,-47,140,40000,7439.5263671875,245.399993896484,7.84080219268799,-15.2629880905151
20180912,0,-47,140,40000,7478.72802734375,247.185302734375,9.32761859893799,-10.8999452590942
20180912,6,-47,140,40000,7468.35009765625,246.100006103516,13.4693546295166,-2.42297053337097
20180912,12,-47,140,40000,7462.9248046875,247.414672851563,14.430438041687,-1.05176997184753
20180912,18,-47,140,40000,7456.86328125,248.771530151367,11.7886905670166,0.680920422077179
20180913,0,-47,140,40000,7435.47119140625,248.100006103516,12.147008895874,2.46503901481628
20180913,6,-47,140,40000,7396.04248046875,248.800018310547,11.9313049316406,6.58921194076538
20180913,12,-47,140,40000,7387.609375,248.199996948242,8.65548706054688,5.48253154754639
20180913,18,-47,140,40000,7392.3154296875,248.100006103516,1.95726323127747,-3.54276728630066
20180914,12,-47,140,40000,7371.47265625,246.199981689453,8.04227924346924,-1.57471311092377
20180914,18,-47,140,40000,7366.91357421875,244.79997253418,12.8138065338135,-1.64238893985748
20180915,0,-47,140,40000,7391.8642578125,246.199996948242,2.29984736442566,-14.7984981536865
20180915,6,-47,140,40000,7416.8505859375,248.399978637695,8.75531959533691,-12.8290224075317
20180915,12,-47,140,40000,7436.4462890625,250.600006103516,10.4492797851563,-7.39101552963257
20180915,18,-47,140,40000,7445.25830078125,251,10.6184387207031,-6.91532611846924
20180916,0,-47,140,40000,7429.43359375,250.29997253418,16.9980564117432,-1.86424565315247
20180916,12,-47,140,40000,7354.45556640625,247.100006103516,32.0654296875,-6.35387563705444
20180916,18,-47,140,40000,7332.88427734375,247.199996948242,35.8791961669922,1.59707033634186
20180917,0,-47,140,40000,7276.123046875,244.699996948242,38.8000373840332,11.0780639648438
20180917,6,-47,140,40000,7198.576171875,240.300003051758,43.4748001098633,-4.82030010223389
20180917,12,-47,140,40000,7219.55859375,244.600006103516,41.7697982788086,-28.382776260376
20180917,18,-47,140,40000,7266.9404296875,248.999969482422,46.8256301879883,-14.9727230072021
20180918,0,-47,140,40000,7280.841796875,249.100006103516,44.4491310119629,-11.9211082458496
20180918,6,-47,140,40000,7273.6943359375,248.800003051758,44.0560340881348,-12.5440139770508
20180918,12,-47,140,40000,7281.5498046875,248.399978637695,41.4475860595703,-7.18453598022461
20180918,18,-47,140,40000,7280.11083984375,248.300003051758,40.9774627685547,-2.62436032295227
20180919,0,-47,140,40000,7259.8564453125,247.699996948242,38.2652816772461,-1.59612309932709
20180919,6,-47,140,40000,7248.6005859375,248.199996948242,42.4654083251953,-1.7400244474411
20180919,12,-47,140,40000,7254.27734375,247.699996948242,42.1959266662598,1.84018552303314
20180919,18,-47,140,40000,7261.36669921875,247.199981689453,42.7116355895996,-4.27738666534424
20180920,0,-47,140,40000,7278.96142578125,248.100006103516,47.8537254333496,-2.08967781066895
20180920,6,-47,140,40000,7291.06982421875,248.199996948242,42.686653137207,2.69996333122253
20180920,12,-47,140,40000,7299.5439453125,247.999969482422,34.1316184997559,6.15653800964355
20180920,18,-47,140,40000,7306.083984375,249.399993896484,25.0496444702148,11.4810304641724
20180921,0,-47,140,40000,7281.16552734375,250.731689453125,29.3490676879883,17.3066310882568
20180921,6,-47,140,40000,7232.10107421875,249.29997253418,26.8308448791504,25.5275630950928
20180921,12,-47,140,40000,7196.517578125,244.629150390625,23.024621963501,18.0257453918457
20180921,18,-47,140,40000,7171.9013671875,241.58576965332,16.5137577056885,8.43052387237549
20180922,0,-47,140,40000,7185.56005859375,241,16.8648929595947,11.8024873733521
20180922,6,-47,140,40000,7201.56103515625,242.399993896484,12.859148979187,-1.90665590763092
20180922,12,-47,140,40000,7336.98291015625,250.300003051758,5.81603717803955,-17.0824890136719
20180922,18,-47,140,40000,7430.85009765625,253.968307495117,9.07422161102295,-6.82877826690674
20180923,0,-47,140,40000,7469.89892578125,254.199996948242,9.98892498016357,4.3427734375
20180923,6,-47,140,40000,7463.21728515625,253.600006103516,11.9635524749756,9.31998252868652
20180923,12,-47,140,40000,7464.3681640625,252.099975585938,16.2588691711426,13.168194770813
20180923,18,-47,140,40000,7459.4638671875,250.5,23.6942138671875,7.66666269302368
20180924,0,-47,140,40000,7458.7998046875,250.300003051758,24.066234588623,9.30374145507813
20180924,6,-47,140,40000,7448.5087890625,249.600006103516,24.9899406433105,9.94464111328125
20180924,12,-47,140,40000,7446.189453125,249.399978637695,21.8369560241699,14.9000339508057
20180924,18,-47,140,40000,7415.70458984375,251.199996948242,30.5860633850098,22.3544120788574
20180925,0,-47,140,40000,7381.76708984375,250.899978637695,18.7443237304688,30.9938850402832
20180925,6,-47,140,40000,7300.83935546875,249.100006103516,25.2769012451172,34.2808456420898
20180925,12,-47,140,40000,7252.63623046875,247.899993896484,27.4276924133301,38.8913955688477
20180925,18,-47,140,40000,7219.81298828125,247.399993896484,24.3672542572021,43.2834777832031
20180926,0,-47,140,40000,7204.7099609375,245.939407348633,12.8099002838135,42.6184539794922
20180926,6,-47,140,40000,7231.86669921875,245.199981689453,21.6624336242676,33.3366775512695
20180926,12,-47,140,40000,7300.08740234375,248.100006103516,23.3826503753662,20.007116317749
20180926,18,-47,140,40000,7378.07080078125,249.100006103516,10.6618041992188,-1.43325197696686
20180927,0,-47,140,40000,7442.14208984375,247.631683349609,0.027459716424346,-7.54836130142212
20180927,6,-47,140,40000,7479.7099609375,249.100006103516,-3.74565124511719,-6.58688354492188
20180927,12,-47,140,40000,7521.220703125,250.321929931641,-9.31820106506348,-6.14128398895264
20180927,18,-47,140,40000,7550.076171875,250.885284423828,-11.8222904205322,-3.79658818244934
20180928,0,-47,140,40000,7572.17041015625,250.5,-13.907452583313,0.68255615234375
20180928,6,-47,140,40000,7562.337890625,250.100006103516,-7.1326265335083,5.17329120635986
20180928,12,-47,140,40000,7566.431640625,250.199996948242,-1.62334287166595,0.61993408203125
20180928,18,-47,140,40000,7569.66943359375,250.100006103516,0.377465814352036,1.57770991325378
20180929,0,-47,140,40000,7575.74755859375,252,-2.37710928916931,-3.41374015808105
20180929,6,-47,140,40000,7567.6025390625,251.899993896484,-4.00001811981201,0.0165832526981831
20180929,12,-47,140,40000,7570.8349609375,252.675537109375,-5.32293701171875,2.02194213867188
20180929,18,-47,140,40000,7569.66259765625,253.07551574707,-2.64436340332031,5.46331167221069
20180930,0,-47,140,40000,7569.69482421875,251.699996948242,-3.23916625976563,9.27796649932861
20180930,6,-47,140,40000,7553.43994140625,250.399993896484,5.54270935058594,15.356463432312
20180930,12,-47,140,40000,7560.7119140625,250.699996948242,5.94409799575806,16.4863586425781
20180930,18,-47,140,40000,7554.57763671875,250.800003051758,9.39393901824951,19.1560611724854
20181001,0,-47,140,40000,7539.822265625,250,9.02113342285156,19.9999752044678
20181001,6,-47,140,40000,7518.05615234375,249.310012817383,8.86767864227295,16.8437385559082
20181001,12,-47,140,40000,7513.50390625,249.199996948242,9.74659156799316,15.4612913131714
20181001,18,-47,140,40000,7500.36767578125,248.899993896484,10.8392887115479,13.8048038482666
20181002,0,-47,140,40000,7474.638671875,248.682769775391,11.1076908111572,10.8618106842041
20181002,6,-47,140,40000,7439.17041015625,248.682769775391,12.619592666626,9.51289653778076
20181002,12,-47,140,40000,7418.7080078125,249.199996948242,16.1049690246582,8.27670860290527
20181002,18,-47,140,40000,7386.13134765625,247.300003051758,21.4119205474854,9.73122596740723
20181003,0,-47,140,40000,7361.5537109375,247,22.4423217773438,15.6006774902344
20181003,6,-47,140,40000,7326.84521484375,245.017242431641,29.7651557922363,9.68170928955078
20181003,12,-47,140,40000,7326.876953125,244.699996948242,26.5101470947266,-0.191021725535393
20181003,18,-47,140,40000,7353.4443359375,246.699996948242,26.3220100402832,-6.3526759147644
20181004,0,-47,140,40000,7375.19482421875,246,25.2587280273438,-2.00001835823059
20181004,6,-47,140,40000,7362.205078125,244.499969482422,25.9464015960693,-2.79004216194153
20181004,12,-47,140,40000,7362.6904296875,241.79997253418,18.5059814453125,-6.44410991668701
20181004,18,-47,140,40000,7371.71826171875,243.70002746582,22.3138580322266,-14.2193508148193
20181005,0,-47,140,40000,7416.91015625,247.508331298828,14.9322805404663,-23.6720657348633
20181005,6,-47,140,40000,7459.21142578125,250.199996948242,14.8854370117188,-12.3999423980713
20181005,12,-47,140,40000,7491.0732421875,250.599975585938,16.639087677002,-3.53229975700378
20181005,18,-47,140,40000,7483.35009765625,249.42268371582,18.6037349700928,1.97083735466003
20181006,0,-47,140,40000,7473.447265625,248.600006103516,19.1193904876709,0.117559812963009
20181006,6,-47,140,40000,7459.30517578125,249.300003051758,19.5751342773438,1.44118165969849
20181006,12,-47,140,40000,7451.81884765625,250.131805419922,18.0796051025391,6.42081308364868
20181006,18,-47,140,40000,7426.13134765625,250.899993896484,26.3792114257813,4.93571758270264
20181007,0,-47,140,40000,7396.42822265625,250.5,27.7699089050293,13.6363954544067
20181007,6,-47,140,40000,7358.4736328125,248.899993896484,32.214599609375,15.085657119751
20181007,12,-47,140,40000,7338.71728515625,247.378082275391,31.7457065582275,-1.95607912540436
20181007,18,-47,140,40000,7341.12255859375,249.72444152832,39.3248291015625,5.95870351791382
20181008,0,-47,140,40000,7308.6943359375,248.199996948242,39.2705497741699,8.40478515625
20181008,6,-47,140,40000,7257.5380859375,247.182769775391,38.2722816467285,6.6565089225769
20181008,12,-47,140,40000,7203.306640625,245.899993896484,40.6588249206543,13.2722215652466
20181008,18,-47,140,40000,7072.439453125,238.699996948242,38.8481216430664,12.8544731140137
20181009,0,-47,140,40000,6978.05517578125,234.699996948242,32.194694519043,2.97504878044128
20181009,6,-47,140,40000,6930.25439453125,236,13.3201322555542,-13.8366451263428
20181009,12,-47,140,40000,6982.02197265625,235.399993896484,21.360818862915,-16.5127201080322
20181009,18,-47,140,40000,7002.51171875,238.401168823242,34.5259780883789,-32.6256828308105
20181010,0,-47,140,40000,7042.5810546875,242.141967773438,40.8377990722656,-32.8860168457031
20181010,6,-47,140,40000,7030.93359375,242.100006103516,44.4877052307129,-30.0679016113281
20181010,12,-47,140,40000,7037.10888671875,244.197219848633,47.6977615356445,-21.6652984619141
20181010,18,-47,140,40000,6988.3525390625,243.399993896484,52.0860366821289,-16.1325073242188
20181011,0,-47,140,40000,6858.53076171875,239.243576049805,48.4847183227539,-12.5489253997803
20181011,6,-47,140,40000,6789.8173828125,236,37.3211936950684,-11.2594728469849
20181011,12,-47,140,40000,6756.400390625,233.582763671875,27.4278869628906,-7.69467782974243
20181011,18,-47,140,40000,6735.42578125,231,15.8623685836792,-7.43103647232056
20181012,0,-47,140,40000,6762.3876953125,227.553375244141,7.097900390625,-6.19998788833618
20181012,6,-47,140,40000,6823.4150390625,231.800003051758,15.7041721343994,-17.6599006652832
20181012,12,-47,140,40000,6973.43896484375,243.399993896484,37.3895835876465,-44.4616775512695
20181012,18,-47,140,40000,7092.201171875,245.899993896484,40.1854248046875,-26.5702514648438
20181013,0,-47,140,40000,7185.431640625,250,47.4650268554688,-21.3675479888916
20181013,6,-47,140,40000,7257.580078125,251.124465942383,46.6591529846191,0.17333984375
20181013,12,-47,140,40000,7281.82080078125,252.953857421875,42.9153709411621,7.32121562957764
20181013,18,-47,140,40000,7247.3818359375,254.592529296875,49.1369895935059,-6.68888568878174
20181014,0,-47,140,40000,7336.06689453125,252.029144287109,46.7907066345215,-3.41237187385559
20181014,6,-47,140,40000,7362.96875,252.399993896484,42.4468307495117,6.38288593292236
20181014,12,-47,140,40000,7350.2900390625,253.600006103516,36.2543029785156,19.4978332519531
20181014,18,-47,140,40000,7312.541015625,254.5,29.1419830322266,24.6632690429688
20181015,0,-47,140,40000,7170.8779296875,251.699981689453,38.3814086914063,35.2272033691406
20181015,6,-47,140,40000,7103.76708984375,247.300003051758,46.6160163879395,21.0732479095459
20181015,12,-47,140,40000,7049.42431640625,243.399993896484,46.8163223266602,14.1586303710938
20181015,18,-47,140,40000,7053.4150390625,238.199996948242,33.7768325805664,7.19343852996826
20181016,0,-47,140,40000,7060.763671875,238.099975585938,29.0768375396729,3.70017695426941
20181016,6,-47,140,40000,7123.56884765625,236.699981689453,28.4580535888672,-12.0128660202026
20181016,12,-47,140,40000,7281.72607421875,241.800003051758,23.5575523376465,-15.1363887786865
20181016,18,-47,140,40000,7346.01806640625,246.146118164063,19.5756282806396,3.98834228515625
20181017,0,-47,140,40000,7372.12353515625,249.399993896484,25.9184989929199,12.8614444732666
20181017,6,-47,140,40000,7342.8818359375,248.800003051758,25.173791885376,17.8020324707031
20181017,12,-47,140,40000,7296.5439453125,247.29997253418,34.2315444946289,31.8416805267334
20181017,18,-47,140,40000,7260.212890625,246.399993896484,34.7746467590332,18.3944702148438
20181018,0,-47,140,40000,7269.85107421875,247.199996948242,44.8796920776367,7.49872446060181
20181018,6,-47,140,40000,7286.29052734375,249.800003051758,48.2104911804199,18.65283203125
20181018,12,-47,140,40000,7298.4599609375,251.699981689453,35.0568237304688,41.3369369506836
20181018,18,-47,140,40000,7294.7431640625,250.100006103516,45.0485153198242,21.259485244751
20181019,0,-47,140,40000,7279.94873046875,250.800003051758,42.9065361022949,37.3621940612793
20181019,6,-47,140,40000,7228.52294921875,252.699996948242,39.4295997619629,49.1930465698242
20181019,18,-47,140,40000,7092.53515625,247.499969482422,42.1693420410156,58.6201477050781
20181020,0,-47,140,40000,7071.6943359375,242.899978637695,38.9225654602051,49.6654434204102
20181020,6,-47,140,40000,7075.74365234375,239.267868041992,35.0937843322754,38.4224739074707
20181020,12,-47,140,40000,7152.88134765625,239.960601806641,38.9339561462402,4.58696269989014
20181020,18,-47,140,40000,7322.5830078125,242.300003051758,24.9829616546631,3.19355463981628
20181021,0,-47,140,40000,7390.861328125,244.095581054688,29.8274040222168,4.95084238052368
20181021,6,-47,140,40000,7438.53564453125,246.992523193359,30.1078586578369,5.28048086166382
20181021,12,-47,140,40000,7498.17822265625,249.285308837891,22.6899166107178,2.6529541015625
20181021,18,-47,140,40000,7534.2080078125,250.699996948242,15.2337522506714,3.1632354259491
20181022,0,-47,140,40000,7556.57666015625,251.300003051758,11.2763729095459,7.70052194595337
20181022,6,-47,140,40000,7558.58740234375,251.899993896484,6.63408184051514,14.755877494812
20181022,12,-47,140,40000,7558.17431640625,251.875534057617,3.59458923339844,24.748046875
20181022,18,-47,140,40000,7541.634765625,252.078094482422,2.09149169921875,27.4024848937988
20181023,0,-47,140,40000,7523.92431640625,250.94384765625,1.75614619255066,21.7221565246582
20181023,6,-47,140,40000,7493.6142578125,249.885299682617,3.86892700195313,17.8348693847656
20181023,12,-47,140,40000,7471.80517578125,249.538909912109,10.2476501464844,8.94919395446777
20181023,18,-47,140,40000,7452.72314453125,248.600021362305,16.9904022216797,12.2084407806396
20181024,0,-47,140,40000,7446.7373046875,247.392532348633,14.9515628814697,12.2999629974365
20181024,6,-47,140,40000,7435.80810546875,245.699996948242,10.1124086380005,12.490026473999
20181024,12,-47,140,40000,7433.75830078125,244.800003051758,11.4559993743896,8.5224609375
20181024,18,-47,140,40000,7425.34765625,244.899978637695,8.54404926300049,6.27620220184326
20181025,0,-47,140,40000,7421.73583984375,246.600006103516,11.3193788528442,7.05588388442993
20181025,6,-47,140,40000,7415.04296875,247.861083984375,13.2863464355469,5.82575082778931
20181025,12,-47,140,40000,7425.884765625,248.192504882813,7.98742055892944,7.40134906768799
20181025,18,-47,140,40000,7433.283203125,248.892547607422,11.1753234863281,10.09619140625
20181026,0,-47,140,40000,7453.69189453125,249.699996948242,8.28026103973389,11.1856327056885
20181026,6,-47,140,40000,7460.2412109375,251.099975585938,6.83977031707764,15.3023433685303
20181026,12,-47,140,40000,7466.9970703125,251.807464599609,8.55896282196045,18.6857967376709
20181026,18,-47,140,40000,7470.74560546875,251.899993896484,8.51601600646973,22.2595100402832
20181027,0,-47,140,40000,7473.44189453125,250.943450927734,9.16312885284424,26.0131225585938
20181027,6,-47,140,40000,7482.40478515625,249.782379150391,12.5418548583984,25.700023651123
20181027,12,-47,140,40000,7485.04736328125,249.74348449707,14.4953279495239,25.3293762207031
20181027,18,-47,140,40000,7475.330078125,246.899978637695,20.5465507507324,24.3736457824707
20181028,0,-47,140,40000,7497.85986328125,248.268310546875,26.4426326751709,5.22238779067993
20181028,6,-47,140,40000,7491.734375,247.899993896484,29.2751560211182,8.15797138214111
20181028,12,-47,140,40000,7486.12548828125,249.720306396484,33.5166244506836,-1.93299555778503
20181028,18,-47,140,40000,7493.39697265625,250.097442626953,28.0931758880615,-3.91660165786743
20181029,0,-47,140,40000,7489.4111328125,251.33332824707,29.4178867340088,-7.07188129425049
20181029,6,-47,140,40000,7491.9912109375,251.423049926758,26.0968818664551,-5.9984130859375
20181029,12,-47,140,40000,7490.845703125,252.041946411133,27.6040096282959,-8.53461265563965
20181029,18,-47,140,40000,7498.732421875,251.699996948242,30.2012023925781,-6.43030405044556
20181030,0,-47,140,40000,7486.9443359375,251.5,28.9922637939453,-3.60463261604309
20181030,6,-47,140,40000,7466.994140625,250.300003051758,27.785701751709,2.85115957260132
20181030,12,-47,140,40000,7450.02880859375,249.999969482422,34.0008926391602,3.96676635742188
20181030,18,-47,140,40000,7440.76611328125,250.399993896484,32.7319145202637,5.40916728973389
20181031,0,-47,140,40000,7431.03125,251.21305847168,30.0018272399902,9.60000610351563
20181031,6,-47,140,40000,7402.9970703125,250.600021362305,31.3884239196777,12.9966917037964
20181031,12,-47,140,40000,7383.14697265625,249.5,27.9707679748535,18.499267578125
20181031,18,-47,140,40000,7351.1533203125,249.813064575195,24.1265563964844,21.0970344543457
20181101,0,-47,140,40000,7324.76513671875,250.840530395508,21.2153568267822,18.866626739502
20181101,6,-47,140,40000,7289.68896484375,251.300003051758,14.7073974609375,24.0970878601074
20181101,12,-47,140,40000,7204.15625,253.399993896484,12.9464235305786,49.9402542114258
20181101,18,-47,140,40000,7106.130859375,253.737258911133,15.1153507232666,20.3498840332031
20181102,0,-47,140,40000,7097.0244140625,247.300003051758,16.3851680755615,8.68497943878174
20181102,6,-47,140,40000,7094.49609375,242.29997253418,36.3008651733398,-4.81441640853882
20181102,12,-47,140,40000,7133.32958984375,246.418869018555,49.9799156188965,-17.7625122070313
20181102,18,-47,140,40000,7209.11865234375,246.44921875,44.0466995239258,-14.867449760437
20181103,0,-47,140,40000,7276.615234375,247.184524536133,44.6269607543945,-15.7976322174072
20181103,6,-47,140,40000,7313.39013671875,247,45.8377075195313,-9.8570556640625
20181103,12,-47,140,40000,7341.43701171875,246.711700439453,47.7149124145508,-21.0041255950928
20181103,18,-47,140,40000,7388.68017578125,249,40.7252197265625,-24.4748649597168
20181104,0,-47,140,40000,7440.50048828125,250.899993896484,33.1550140380859,-16.9988765716553
20181104,6,-47,140,40000,7460.3037109375,251.336380004883,38.5145568847656,-12.8735294342041
20181104,12,-47,140,40000,7460.73486328125,250.800003051758,41.7141265869141,-5.18878173828125
20181104,18,-47,140,40000,7404.1611328125,248.899978637695,45.7073440551758,6.55819082260132
20181105,0,-47,140,40000,7314.8486328125,249.099975585938,57.455638885498,8.70557880401611
20181105,6,-47,140,40000,7235.12548828125,248.300003051758,65.5060348510742,3.40550541877747
20181105,12,-47,140,40000,7169.271484375,245.724456787109,69.2523040771484,-3.49983525276184
20181105,18,-47,140,40000,7077.57568359375,243.600006103516,56.2803535461426,-4.32891845703125
20181106,0,-47,140,40000,7101.162109375,241,46.2212791442871,-35.6452140808105
20181106,6,-47,140,40000,7155.45947265625,242.008392333984,43.8037338256836,-23.4657039642334
20181106,12,-47,140,40000,7144.94140625,239.256546020508,40.4789161682129,-16.1689872741699
20181106,18,-47,140,40000,7116.3076171875,239.300582885742,39.9817810058594,-16.299840927124
20181107,0,-47,140,40000,7104.30859375,237.24919128418,28.9420051574707,-16.8731327056885
20181107,6,-47,140,40000,7125.1181640625,238.669525146484,33.3306655883789,-28.8522834777832
20181107,12,-47,140,40000,7215.8798828125,245.932327270508,30.3335151672363,-31.4894046783447
20181107,18,-47,140,40000,7279.9931640625,248.505035400391,37.3894729614258,-19.65673828125
20181108,0,-47,140,40000,7306.75146484375,248.725921630859,33.6735000610352,-8.41911602020264
20181108,6,-47,140,40000,7265.2080078125,247.937774658203,39.1815376281738,4.44541025161743
20181108,12,-47,140,40000,7183.0419921875,248.0087890625,59.0465927124023,14.6201419830322
20181108,18,-47,140,40000,7089.55859375,248.5,74.1457214355469,12.2559995651245
20181109,0,-47,140,40000,6990.84423828125,245.263626098633,64.4349212646484,-5.03984355926514
20181109,6,-47,140,40000,7041.77880859375,246.600006103516,67.206169128418,-8.72889423370361
20181109,12,-47,140,40000,7078.9892578125,245.899993896484,62.8732414245605,-7.18435382843018
20181109,18,-47,140,40000,7056.8623046875,244.027557373047,57.804615020752,-1.07073366641998
20181110,0,-47,140,40000,6980.27880859375,238.600006103516,39.4981079101563,-1.93962407112122
20181110,6,-47,140,40000,6982.32958984375,234.300003051758,22.4427242279053,-11.9461488723755
20181110,12,-47,140,40000,7051.6748046875,237.300003051758,28.5884437561035,-20.2999935150146
20181110,18,-47,140,40000,7172.92919921875,244.48225402832,37.5305252075195,-39.5992240905762
20181111,0,-47,140,40000,7254.5751953125,246.199981689453,37.2625961303711,-25.3323173522949
20181111,6,-47,140,40000,7306.53759765625,248.300003051758,34.892463684082,-14.2063112258911
20181111,12,-47,140,40000,7334.12744140625,249.614715576172,29.2633209228516,-6.78103637695313
20181111,18,-47,140,40000,7313.93359375,249.5,31.8302974700928,10.820592880249
20181112,0,-47,140,40000,7259.9951171875,246.800003051758,37.0928421020508,12.535662651062
20181112,6,-47,140,40000,7199.32958984375,244.544967651367,44.3974494934082,21.8734321594238
20181112,12,-47,140,40000,7142.4482421875,244.499969482422,42.1505699157715,24.4415283203125
20181112,18,-47,140,40000,7065.68798828125,242.80696105957,50.4917984008789,22.5522346496582
20181113,0,-47,140,40000,6984.646484375,238.800003051758,50.3649673461914,26.0510902404785
20181113,6,-47,140,40000,6858.46435546875,234.600006103516,35.0391464233398,19.803882598877
20181113,12,-47,140,40000,6816.77685546875,232.478057861328,29.4732513427734,-1.08615720272064
20181113,18,-47,140,40000,6833.70703125,230.724456787109,32.2542839050293,-13.9076480865479
20181114,0,-47,140,40000,6911.244140625,233.899978637695,28.3642063140869,-29.923620223999
20181114,6,-47,140,40000,7022.99853515625,239.5,36.0295448303223,-45.0735359191895
20181114,12,-47,140,40000,7103.822265625,242.307342529297,35.055534362793,-14.8290767669678
20181114,18,-47,140,40000,7131.41259765625,247.399993896484,47.2444343566895,3.58348703384399
20181115,0,-47,140,40000,7030.1298828125,246.399993896484,58.7682304382324,22.3266353607178
20181115,6,-47,140,40000,6759.0068359375,242.099975585938,69.085334777832,34.1523590087891
20181115,12,-47,140,40000,6534.3564453125,234.5,31.8137302398682,11.8072538375854
20181115,18,-47,140,40000,6477.25927734375,231.965255737305,35.5539932250977,3.86794424057007
20181116,0,-47,140,40000,6539.21728515625,231.946136474609,23.5355167388916,-16.02463722229
20181116,6,-47,140,40000,6703.99755859375,234,35.0220718383789,-33.622932434082
20181116,12,-47,140,40000,6821.45556640625,233.57780456543,21.4028053283691,-20.8403930664063
20181116,18,-47,140,40000,6903.66357421875,237.5,32.8167495727539,-31.4913787841797
20181117,0,-47,140,40000,7023.45166015625,242.29997253418,38.1917190551758,-34.9229278564453
20181117,6,-47,140,40000,7106.76611328125,243.899993896484,36.8999099731445,-20.4644165039063
20181117,12,-47,140,40000,7153.49951171875,245.55403137207,41.7538871765137,-3.91536855697632
20181117,18,-47,140,40000,7096.90234375,244.699996948242,42.5697479248047,18.8521842956543
20181118,0,-47,140,40000,6919.84814453125,241.959838867188,36.9907073974609,9.75998497009277
20181118,6,-47,140,40000,6886.49609375,241.61164855957,41.0487289428711,0.558862328529358
20181118,12,-47,140,40000,6911.87890625,241.800003051758,52.9617805480957,-5.06511831283569
20181118,18,-47,140,40000,6888.099609375,236.100006103516,33.3347473144531,-1.49993288516998
20181119,0,-47,140,40000,6883.6611328125,235.5,39.6364212036133,-3.31961679458618
20181119,6,-47,140,40000,6895.2900390625,235.399993896484,43.6921272277832,-9.90437030792236
20181119,12,-47,140,40000,6934.7548828125,234.499969482422,36.5116653442383,-6.59799814224243
20181119,18,-47,140,40000,6973.494140625,234.100006103516,36.4299125671387,-12.1349487304688
20181120,0,-47,140,40000,7032.59765625,235.401947021484,32.3387985229492,-13.199969291687
20181120,6,-47,140,40000,7084.74169921875,235.999969482422,30.9372978210449,-10.3985471725464
20181120,12,-47,140,40000,7134.21142578125,236.199996948242,24.1222648620605,-6.83171367645264
20181120,18,-47,140,40000,7186.185546875,236.199996948242,25.6797542572021,-11.2041807174683
20181121,0,-47,140,40000,7243.759765625,238.399993896484,28.005615234375,-10.4000186920166
20181121,6,-47,140,40000,7265.13671875,241.399993896484,26.7808628082275,-0.330859363079071
20181121,12,-47,140,40000,7290.59619140625,242.899993896484,18.6699619293213,1.70112299919128
20181121,18,-47,140,40000,7297.384765625,246.100006103516,21.9864101409912,7.74669170379639
20181122,0,-47,140,40000,7269.89990234375,247.800003051758,18.6886196136475,14.7295713424683
20181122,6,-47,140,40000,7214.271484375,244.800003051758,17.791919708252,18.3955326080322
20181122,12,-47,140,40000,7186.876953125,241.502655029297,15.4967317581177,5.95969867706299
20181122,18,-47,140,40000,7171.6904296875,241.128707885742,13.9531555175781,7.01304912567139
20181123,0,-47,140,40000,7173.0830078125,241.705368041992,16.3008785247803,6.79994487762451
20181123,6,-47,140,40000,7162.1591796875,241.133331298828,28.5915832519531,12.499981880188
20181123,12,-47,140,40000,7138.80078125,241.047775268555,15.9172058105469,20.5211906433105
20181123,18,-47,140,40000,7092.35009765625,240.059448242188,18.3464756011963,29.046070098877
20181124,0,-47,140,40000,6990.765625,237.673858642578,14.4485530853271,47.6557388305664
20181124,6,-47,140,40000,6858.767578125,234.562286376953,9.18975830078125,41.4466018676758
20181124,12,-47,140,40000,6741.37451171875,231.079742431641,11.2618770599365,24.5413017272949
20181124,18,-47,140,40000,6766.79833984375,227.260665893555,30.821741104126,-1.79741513729095
20181125,0,-47,140,40000,6791.505859375,231.872482299805,44.6977005004883,6.69303274154663
20181125,6,-47,140,40000,6767.49853515625,238.300003051758,70.7547760009766,7.57087707519531
20181125,12,-47,140,40000,6768.81298828125,239.972457885742,66.8133697509766,4.84278297424316
20181125,18,-47,140,40000,6731.9560546875,234.072479248047,56.9081153869629,2.74844717979431
20181126,0,-47,140,40000,6739.74365234375,234.5,40.8045959472656,-5.3211669921875
20181126,6,-47,140,40000,6771.5869140625,235.640548706055,30.0132865905762,-1.99679565429688
20181126,12,-47,140,40000,6988.43994140625,242.600006103516,30.0574321746826,-19.3442001342773
20181126,18,-47,140,40000,7045.94482421875,244.100006103516,30.4383354187012,0.464019775390625
20181127,0,-47,140,40000,7022.876953125,244.800003051758,19.0467891693115,8.98048114776611
20181127,6,-47,140,40000,6970.08935546875,243.899993896484,17.3595771789551,5.38220834732056
20181127,12,-47,140,40000,6953.8779296875,240.872512817383,18.223705291748,-2.65709972381592
20181127,18,-47,140,40000,6927.19384765625,236.399993896484,15.4994068145752,-3.06857419013977
20181128,0,-47,140,40000,6950.30810546875,232.078689575195,6.17853260040283,-7.55886697769165
20181128,6,-47,140,40000,6986.43896484375,234.20002746582,22.3051128387451,-8.57476043701172
20181128,12,-47,140,40000,7043.93505859375,240.320892333984,35.386791229248,-12.3177299499512
20181128,18,-47,140,40000,7093.173828125,239.899993896484,32.3608627319336,-11.910195350647
20181129,0,-47,140,40000,7155.04541015625,241.689651489258,25.416784286499,-4.99828481674194
20181129,6,-47,140,40000,7172.03515625,246.503875732422,27.1991424560547,9.98162841796875
20181129,12,-47,140,40000,7196.17919921875,246.699996948242,23.5287742614746,12.5000486373901
20181129,18,-47,140,40000,7132.75634765625,246.300003051758,19.4243431091309,33.5496063232422
20181130,0,-47,140,40000,7005.560546875,237.699996948242,26.1184005737305,18.8322563171387
20181130,6,-47,140,40000,6964.232421875,236.600006103516,23.6214370727539,30.54833984375
20181130,12,-47,140,40000,6970.59228515625,238.521026611328,32.0522117614746,28.023853302002
20181130,18,-47,140,40000,6954.1787109375,239.633499145508,16.1346015930176,27.4388675689697
20181201,0,-47,140,40000,6897.77490234375,236.984649658203,0.761361718177795,18.5312919616699
20181201,6,-47,140,40000,6836.8681640625,236.818771362305,3.28373408317566,7.11435556411743
20181201,12,-47,140,40000,6855.75830078125,236.600006103516,5.79991769790649,-6.49812030792236
20181201,18,-47,140,40000,6929.67578125,237.440551757813,9.67766380310059,-8.19329833984375
20181202,0,-47,140,40000,6958.296875,237.094436645508,3.21476435661316,0.495996087789536
20181202,6,-47,140,40000,6960.10205078125,234.391082763672,-0.995843529701233,-1.59977412223816
20181202,12,-47,140,40000,6977.35791015625,233.826095581055,-1.2024199962616,-1.25327146053314
20181202,18,-47,140,40000,6998.13671875,234.416213989258,2.40459299087524,-0.630792260169983
20181203,0,-47,140,40000,7022.0986328125,234.02751159668,1.1438934803009,0.613317847251892
20181203,6,-47,140,40000,7037.32568359375,233.512771606445,2.20186758041382,-2.9200439453125
20181203,12,-47,140,40000,7079.931640625,235.699996948242,6.85847187042236,-12.6931943893433
20181203,18,-47,140,40000,7156.83935546875,242.233688354492,10.7267398834229,-19.5270137786865
20181204,0,-47,140,40000,7194.10986328125,245.524566650391,22.9098625183105,-8.78970909118652
20181204,6,-47,140,40000,7189.03857421875,246.285369873047,26.0136528015137,6.04006338119507
20181204,12,-47,140,40000,7165.4345703125,245.713287353516,33.8414840698242,5.80534076690674
20181204,18,-47,140,40000,7118.28564453125,246.199920654297,51.1814765930176,21.0997314453125
20181205,0,-47,140,40000,7077.14990234375,244.899978637695,47.6037178039551,23.5999870300293
20181205,6,-47,140,40000,7014.52001953125,244.214630126953,48.3705406188965,28.6976070404053
20181205,12,-47,140,40000,6994.42822265625,242.300003051758,46.0646781921387,26.5160579681396
20181205,18,-47,140,40000,6938.72265625,237.702423095703,38.8267974853516,27.7606620788574
20181206,0,-47,140,40000,6867.17578125,238.100021362305,38.7838554382324,25.1773071289063
20181206,6,-47,140,40000,6895.8212890625,239.210739135742,50.6360282897949,2.50308847427368
20181206,12,-47,140,40000,7034.908203125,237.02897644043,47.234001159668,-3.61260986328125
20181206,18,-47,140,40000,7178.76123046875,243.327972412109,44.565673828125,8.87114906311035
20181207,0,-47,140,40000,7230.05517578125,246.961456298828,29.0597724914551,21.0372123718262
20181207,6,-47,140,40000,7089.5576171875,244.371780395508,29.5251522064209,49.0800704956055
20181207,12,-47,140,40000,7016.11328125,241.667846679688,54.6974601745605,33.7164916992188
20181207,18,-47,140,40000,7038.49169921875,241.100021362305,56.0734977722168,27.320650100708
20181208,0,-47,140,40000,7066.42041015625,240.351348876953,52.0885887145996,27.5471687316895
20181208,6,-47,140,40000,7088.736328125,240.313888549805,48.6914558410645,22.2207221984863
20181208,12,-47,140,40000,7117.16357421875,237.704467773438,33.9454574584961,33.7957305908203
20181208,18,-47,140,40000,7110.8125,238.118362426758,26.9139404296875,33.1626014709473
20181209,0,-47,140,40000,7092.39794921875,239.100006103516,23.0599975585938,32.0567626953125
20181209,6,-47,140,40000,7032.9287109375,238.60400390625,13.2606048583984,33.4929580688477
20181209,12,-47,140,40000,6880.17138671875,235.699996948242,16.9246578216553,37.8498039245605
20181209,18,-47,140,40000,6745.2939453125,233.491409301758,27.9722347259521,43.0427055358887
20181210,0,-47,140,40000,6697.17138671875,228.915802001953,17.3749141693115,10.224817276001
20181210,6,-47,140,40000,6706.35009765625,227.688842773438,14.1778869628906,7.03750610351563
20181210,12,-47,140,40000,6741.84814453125,229.026763916016,23.2532901763916,-3.03022456169128
20181210,18,-47,140,40000,6828.4462890625,234.999969482422,49.0708389282227,-8.51503276824951
20181211,0,-47,140,40000,6930.70703125,239.376953125,64.6999206542969,-3.0245361328125
20181211,6,-47,140,40000,6941.09228515625,238.654983520508,39.2416954040527,31.1107425689697
20181211,12,-47,140,40000,6864.197265625,240.172439575195,8.89999389648438,26.8706169128418
20181211,18,-47,140,40000,6718.2939453125,234.806762695313,39.8810234069824,17.6844902038574
20181212,0,-47,140,40000,6683.837890625,229.78092956543,29.5512199401855,-2.84900212287903
20181212,6,-47,140,40000,6848.09521484375,235.100006103516,52.8851318359375,-25.5078277587891
20181212,12,-47,140,40000,7010.6630859375,240.085601806641,58.5344848632813,-9.29215431213379
20181212,18,-47,140,40000,7088.8466796875,246.087860107422,46.9866371154785,22.0185241699219
20181213,0,-47,140,40000,7040.5498046875,245.627532958984,41.1482696533203,34.2163505554199
20181213,6,-47,140,40000,6895.72607421875,241.029144287109,38.9310302734375,48.0732498168945
20181213,12,-47,140,40000,6735.1142578125,238.199996948242,31.5957794189453,12.8761415481567
20181213,18,-47,140,40000,6783.779296875,232.800018310547,10.244421005249,4.55422353744507
20181214,0,-47,140,40000,6777.53564453125,228.620269775391,11.4915494918823,-0.133532717823982
20181214,6,-47,140,40000,6791.3779296875,229.899993896484,17.792552947998,-1.41910398006439
20181214,12,-47,140,40000,6809.77197265625,229.721649169922,20.8172359466553,-6.49913930892944
20181214,18,-47,140,40000,6810.9130859375,229.100006103516,20.9274654388428,-1.97859501838684
20181215,0,-47,140,40000,6820.66748046875,228.600006103516,19.2714538574219,-12.0996398925781
20181215,6,-47,140,40000,6879.982421875,229.760375976563,20.7041263580322,-21.5706062316895
20181215,12,-47,140,40000,6999.701171875,236.313079833984,28.81272315979,-26.2262992858887
20181215,18,-47,140,40000,7031.24560546875,237.804977416992,32.0002746582031,-5.57106637954712
20181216,0,-47,140,40000,7009.18115234375,237.099975585938,43.2031440734863,4.31282043457031
20181216,6,-47,140,40000,6897.1376953125,236.79997253418,54.4503479003906,33.1341590881348
20181216,12,-47,140,40000,6711.54931640625,232.100021362305,29.9442863464355,5.26012897491455
20181216,18,-47,140,40000,6683.130859375,228.600006103516,21.0284671783447,-0.980545043945313
20181217,0,-47,140,40000,6718.02685546875,226.199996948242,8.03211402893066,-11.0430603027344
20181217,6,-47,140,40000,6804.54931640625,227.699996948242,2.38624882698059,-9.29995727539063
20181217,12,-47,140,40000,6931.27490234375,233.00439453125,14.7222929000854,-13.5552005767822
20181217,18,-47,140,40000,7033.462890625,240.241134643555,21.4187259674072,-31.0825614929199
20181218,0,-47,140,40000,7127.71435546875,241.373931884766,23.6045627593994,-20.006763458252
20181218,6,-47,140,40000,7179.8505859375,243.73486328125,21.0050392150879,-2.17780160903931
20181218,12,-47,140,40000,7187.7783203125,245.087738037109,22.4916687011719,8.71059608459473
