20180720,0,53,-112,2000,25081.197265625,202.517242431641,87.8324127197266,21.1681346893311
20180720,6,53,-112,2000,25116.177734375,205.100006103516,84.9100189208984,21.6975879669189
20180720,12,53,-112,2000,25143.099609375,205.5,88.8147277832031,19.4233551025391
20180720,18,53,-112,2000,25162.88671875,203.399978637695,88.3048858642578,23.6238670349121
20180721,0,53,-112,2000,25228.9140625,201.499969482422,84.3500061035156,22.3401165008545
20180721,6,53,-112,2000,25304.1640625,201.49626159668,78.0060119628906,22.8614177703857
20180721,12,53,-112,2000,25359.82421875,201.5,76.4000015258789,15.7767086029053
20180721,18,53,-112,2000,25390.625,201.199981689453,76.140007019043,11.4639701843262
20180722,0,53,-112,2000,25348.142578125,201,78.7100067138672,8.28996086120605
20180722,6,53,-112,2000,25299.16015625,201.300003051758,77.9066390991211,4.29879379272461
20180722,12,53,-112,2000,25202.990234375,200.799987792969,83.2842407226563,-3.17856693267822
20180722,18,53,-112,2000,25084.5,202.29997253418,87.8000106811523,-4.27461671829224
20180723,0,53,-112,2000,24922.7890625,203.79997253418,83.2200088500977,-4.73369407653809
20180723,6,53,-112,2000,24786.01953125,202.399978637695,78.7300033569336,-1.61630368232727
20180723,12,53,-112,2000,24728.841796875,201.899993896484,79.5400085449219,-0.0346447750926018
20180723,18,53,-112,2000,24677.884765625,199.099990844727,77.5366668701172,4.0912184715271
20180724,0,53,-112,2000,24625.0546875,197.979675292969,75.9304580688477,0.841347634792328
20180724,6,53,-112,2000,24549.98046875,197.499969482422,72.5300064086914,-5.21877431869507
20180724,12,53,-112,2000,24487.400390625,198.499984741211,69.120002746582,-7.48961687088013
20180724,18,53,-112,2000,24441.5,197.699981689453,69.5000915527344,-2.89950680732727
20180725,0,53,-112,2000,24405.072265625,196.399993896484,64.4400024414063,1.11957025527954
20180725,6,53,-112,2000,24436.419921875,198.399993896484,57.9251747131348,6.80310297012329
20180725,12,53,-112,2000,24503.494140625,199,59.8300018310547,7.10480213165283
20180725,18,53,-112,2000,24577.814453125,194.999984741211,63.8300018310547,10.061408996582
20180726,0,53,-112,2000,24630.884765625,195.599975585938,66.8505859375,7.9038233757019
20180726,6,53,-112,2000,24658.275390625,197.599990844727,68.3199996948242,-2.71612071990967
20180726,12,53,-112,2000,24646.4375,197.799987792969,69.0299987792969,-8.47391605377197
20180726,18,53,-112,2000,24588.5078125,197.899978637695,64.9002914428711,-8.22123527526855
20180727,0,53,-112,2000,24578.404296875,200.399978637695,57.3166885375977,-4.36785411834717
20180727,6,53,-112,2000,24623.4296875,201.099990844727,53.2166976928711,2.25547361373901
20180727,12,53,-112,2000,24695.6484375,198.699981689453,57.439998626709,8.88557815551758
20180727,18,53,-112,2000,24805.5,197.499969482422,61.3366737365723,19.4136981964111
20180728,0,53,-112,2000,24957.3828125,199.199981689453,63.8400039672852,19.5237007141113
20180728,6,53,-112,2000,25095.15234375,199.999984741211,66.8896942138672,14.1495800018311
20180728,12,53,-112,2000,25166.994140625,199.799987792969,72.0769500732422,8.27974987030029
20180728,18,53,-112,2000,25178.318359375,200.599990844727,73.8124160766602,5.57898664474487
20180729,0,53,-112,2000,25193.02734375,203.399993896484,74.7900085449219,3.76481556892395
20180729,6,53,-112,2000,25208.962890625,205.699981689453,78.6900024414063,0.660129368305206
20180729,12,53,-112,2000,25193.71484375,207.699981689453,81.3000030517578,-3.03080821037292
20180729,18,53,-112,2000,25191.58203125,212.800003051758,79.036735534668,1.94331908226013
20180730,0,53,-112,2000,25225.095703125,216.199981689453,84.6401596069336,1.50656247138977
20180730,6,53,-112,2000,25260.185546875,215.206985473633,88.5800018310547,-2.03802728652954
20180730,12,53,-112,2000,25276.849609375,216.099975585938,86.8780975341797,-4.98659181594849
20180730,18,53,-112,2000,25275.55078125,213.800003051758,86.7799987792969,-8.25635147094727
20180731,0,53,-112,2000,25234.912109375,211.399978637695,86.1877899169922,-8.04618740081787
20180731,6,53,-112,2000,25214.9296875,210.399978637695,83.4003295898438,-10.6534299850464
20180731,12,53,-112,2000,25155.77734375,208.300003051758,86.6766586303711,-17.3663558959961
20180731,18,53,-112,2000,25091.2578125,206.79997253418,86.5102996826172,-19.6724224090576
20180801,0,53,-112,2000,24995.20703125,205.399978637695,83.0800094604492,-22.5192985534668
20180801,6,53,-112,2000,24908.876953125,205.5,77.8133239746094,-27.913724899292
20180801,12,53,-112,2000,24787.703125,206.100006103516,79.9700012207031,-30.7424030303955
20180801,18,53,-112,2000,24704.23046875,206.699981689453,76.4105606079102,-25.5244770050049
20180802,0,53,-112,2000,24629.7265625,204.600006103516,77.1994018554688,-20.374906539917
20180802,6,53,-112,2000,24605.98828125,204.099975585938,70.5986709594727,-13.5699100494385
20180802,12,53,-112,2000,24619.07421875,203.199981689453,74.5899963378906,-11.4779567718506
20180802,18,53,-112,2000,24652.005859375,198.799987792969,73.7100219726563,-11.5799026489258
20180803,0,53,-112,2000,24663.1015625,198.699981689453,67.8300018310547,-9.56592559814453
20180803,6,53,-112,2000,24692.712890625,198.799987792969,63.7933883666992,-11.3453807830811
20180803,12,53,-112,2000,24726.080078125,198.43212890625,64.3000030517578,-12.5801315307617
20180803,18,53,-112,2000,24745.115234375,197.499984741211,62.8102645874023,-10.3004341125488
20180804,0,53,-112,2000,24778.400390625,199.699981689453,62.7200012207031,-7.47524404525757
20180804,6,53,-112,2000,24847.1328125,202.099975585938,59.5200042724609,-8.59723377227783
20180804,12,53,-112,2000,24890.134765625,200.599975585938,61.7101516723633,-10.686354637146
20180804,18,53,-112,2000,24909.607421875,199.099990844727,65.3099975585938,-6.06867170333862
20180805,0,53,-112,2000,24966.072265625,201.999984741211,67.3064575195313,-4.17253398895264
20180805,6,53,-112,2000,25025.662109375,203.999984741211,69.6227798461914,-3.09005379676819
20180805,12,53,-112,2000,25070.1796875,204.699981689453,74.2100067138672,-7.34328842163086
20180805,18,53,-112,2000,25104.5234375,206.5,78.3457794189453,-6.02721309661865
20180806,0,53,-112,2000,25117.8828125,206.199996948242,82.9297866821289,-6.719566822052
20180806,6,53,-112,2000,25122.232421875,207.100006103516,83.1057739257813,-7.85520029067993
20180806,12,53,-112,2000,25103.921875,207.300003051758,84.909782409668,-8.92306804656982
20180806,18,53,-112,2000,25073.26953125,206.29997253418,85.2117691040039,-3.35553455352783
20180807,0,53,-112,2000,25042.0546875,205.100006103516,84.9134216308594,-0.374959707260132
20180807,6,53,-112,2000,25043.939453125,205.100006103516,82.0167999267578,1.38062870502472
20180807,12,53,-112,2000,25053.3359375,204.699981689453,78.0212326049805,2.20721793174744
20180807,18,53,-112,2000,25084.82421875,204.399993896484,79.043083190918,6.1857590675354
20180808,0,53,-112,2000,25114.2265625,203.699981689453,81.4072647094727,8.96861839294434
20180808,6,53,-112,2000,25182.470703125,203.899978637695,81.2004776000977,6.00136709213257
20180808,12,53,-112,2000,25235.126953125,204,82.0000076293945,1.93156003952026
20180808,18,53,-112,2000,25273.302734375,204.899993896484,80.0700073242188,-1.17793452739716
20180809,0,53,-112,2000,25307.466796875,206.350738525391,81.4199981689453,-5.58262205123901
20180809,6,53,-112,2000,25334.578125,207.800003051758,78.1086578369141,-11.4221019744873
20180809,12,53,-112,2000,25331.359375,209.099975585938,78.3800201416016,-15.5471611022949
20180809,18,53,-112,2000,25329.234375,209.100006103516,77.1783294677734,-14.3138475418091
20180810,0,53,-112,2000,25342.3671875,210.399978637695,78.4800109863281,-10.1700630187988
20180810,6,53,-112,2000,25394.359375,210.499969482422,76.4700088500977,-8.38248062133789
20180810,12,53,-112,2000,25450.046875,210.928619384766,78.1700057983398,-8.91560554504395
20180810,18,53,-112,2000,25500.92578125,210,78.7700042724609,-7.99525880813599
20180811,0,53,-112,2000,25513.939453125,209.199371337891,78.1700134277344,-8.77217483520508
20180811,6,53,-112,2000,25531.095703125,210.699981689453,78.3300399780273,-13.303747177124
20180811,12,53,-112,2000,25507.470703125,211.499969482422,84.9899978637695,-17.4156131744385
20180811,18,53,-112,2000,25451.197265625,209.199996948242,88.8700180053711,-19.1161823272705
20180812,0,53,-112,2000,25385.404296875,210.699996948242,86.380012512207,-18.9275951385498
20180812,6,53,-112,2000,25345.373046875,210.999969482422,83.0999984741211,-16.7541122436523
20180812,12,53,-112,2000,25324.35546875,209.5,81.6704864501953,-14.7100858688354
20180812,18,53,-112,2000,25356.544921875,209,82.6982192993164,-7.99007797241211
20180813,0,53,-112,2000,25399.072265625,208.899978637695,81.7900085449219,-1.29276490211487
20180813,6,53,-112,2000,25510.515625,209.79997253418,77.2900085449219,-1.25476932525635
20180813,12,53,-112,2000,25612.3203125,210.5,78.2702331542969,-2.99564695358276
20180813,18,53,-112,2000,25676.10546875,211.599975585938,81.5630645751953,-4.65319585800171
20180814,0,53,-112,2000,25691.29296875,212.100006103516,82.6634368896484,-6.77233171463013
20180814,6,53,-112,2000,25747.36328125,214.508087158203,76.8600082397461,-14.7379856109619
20180814,12,53,-112,2000,25744.029296875,215.600006103516,75.9600067138672,-19.6283187866211
20180814,18,53,-112,2000,25726.224609375,216.899993896484,78.3600006103516,-16.5194320678711
20180815,0,53,-112,2000,25669.431640625,217,79.2500610351563,-16.7634353637695
20180815,6,53,-112,2000,25662.677734375,218.300003051758,76.4800109863281,-18.6605339050293
20180815,12,53,-112,2000,25655.84765625,218.999969482422,77.8500061035156,-16.5130844116211
20180815,18,53,-112,2000,25647.876953125,219.800003051758,78.8700103759766,-11.039511680603
20180816,0,53,-112,2000,25656.439453125,219.300003051758,75.9500122070313,-13.2485103607178
20180816,6,53,-112,2000,25684.01953125,219.699996948242,74.5498733520508,-16.212158203125
20180816,12,53,-112,2000,25657.990234375,221.099975585938,78.370002746582,-18.0559921264648
20180816,18,53,-112,2000,25620.158203125,221.699996948242,81.4600067138672,-19.1599922180176
20180817,0,53,-112,2000,25538.287109375,222.199996948242,83.2699966430664,-22.6367874145508
20180817,6,53,-112,2000,25495.19921875,225.300003051758,84.1800079345703,-28.3006687164307
20180817,12,53,-112,2000,25411.552734375,223.800003051758,91.3458404541016,-31.1219844818115
20180817,18,53,-112,2000,25377.880859375,226,93.7100067138672,-27.354284286499
20180818,0,53,-112,2000,25328.08984375,225.79997253418,91.7100067138672,-31.9139595031738
20180818,6,53,-112,2000,25271.775390625,226.120513916016,89.1864852905273,-35.7716369628906
20180818,12,53,-112,2000,25234.22265625,226.199996948242,89.3600006103516,-36.0711326599121
20180818,18,53,-112,2000,25179.9375,225.300003051758,88.5925369262695,-32.4046897888184
20180819,0,53,-112,2000,25129.509765625,224,83.1823425292969,-27.2639007568359
20180819,6,53,-112,2000,25123.8359375,222.699996948242,77.7799987792969,-22.422966003418
20180819,12,53,-112,2000,25155.849609375,219.999969482422,79.6999969482422,-15.7775783538818
20180819,18,53,-112,2000,25193.970703125,216.199996948242,79.0699996948242,-10.8972463607788
20180820,0,53,-112,2000,25223.669921875,214.499969482422,81.6198043823242,-1.97962892055511
20180820,6,53,-112,2000,25329.328125,213.399993896484,76.4904861450195,0.520410180091858
20180820,12,53,-112,2000,25443.693359375,215.29997253418,80.2800445556641,1.21919429302216
20180820,18,53,-112,2000,25563.1328125,216.399978637695,81.6600036621094,2.76213383674622
20180821,0,53,-112,2000,25636.41015625,217.599975585938,77.7369689941406,1.09992671012878
20180821,6,53,-112,2000,25695.900390625,218.899978637695,72.5400085449219,-3.59569096565247
20180821,12,53,-112,2000,25732.091796875,219.899993896484,74.7467346191406,-5.20339345932007
20180821,18,53,-112,2000,25750.60546875,221,74.5457153320313,-5.55079364776611
20180822,0,53,-112,2000,25734.11328125,220.800003051758,72.6500091552734,-10.5326662063599
20180822,6,53,-112,2000,25711.5,221.5,72.9477767944336,-17.4802913665771
20180822,12,53,-112,2000,25662.26953125,222.800003051758,77.9641723632813,-19.7235565185547
20180822,18,53,-112,2000,25615.255859375,223.800003051758,81.2600021362305,-19.856128692627
20180823,0,53,-112,2000,25573.220703125,224.199996948242,83.9800109863281,-19.2734527587891
20180823,6,53,-112,2000,25545.9296875,224.099975585938,82.2746505737305,-23.1599369049072
20180823,12,53,-112,2000,25521.0625,223.699981689453,86.8667373657227,-23.2244968414307
20180823,18,53,-112,2000,25500.560546875,223.006988525391,86.7834091186523,-21.1196537017822
20180824,0,53,-112,2000,25454.078125,219.399993896484,83.9676971435547,-21.1639289855957
20180824,6,53,-112,2000,25449.509765625,218.599975585938,78.7933120727539,-20.381908416748
20180824,12,53,-112,2000,25467.767578125,215.100006103516,82.0400085449219,-15.5664291381836
20180824,18,53,-112,2000,25507.224609375,213.099975585938,80.3522338867188,-5.89970350265503
20180825,0,53,-112,2000,25532.16015625,210.100006103516,76.201042175293,-0.558859884738922
20180825,6,53,-112,2000,25591.408203125,208.100006103516,72.7700119018555,-2.48256587982178
20180825,12,53,-112,2000,25638.890625,208.899993896484,74.4600067138672,-5.98740243911743
20180825,18,53,-112,2000,25641.212890625,210.199996948242,76.2600021362305,-1.59659910202026
20180826,0,53,-112,2000,25622.48046875,208.699996948242,76.0600128173828,-2.21323490142822
20180826,6,53,-112,2000,25624.8984375,207.100006103516,77.6286163330078,-2.09086179733276
20180826,12,53,-112,2000,25629.1640625,207.899993896484,79.7200012207031,-4.60040760040283
20180826,18,53,-112,2000,25649.4921875,207.393020629883,82.3600006103516,-3.3180103302002
20180827,0,53,-112,2000,25636.765625,207.399993896484,84.0826110839844,-4.90557384490967
20180827,6,53,-112,2000,25624.345703125,206.5,83.6699981689453,-11.5515403747559
20180827,12,53,-112,2000,25664.197265625,207.899978637695,83.390007019043,-17.1755084991455
20180827,18,53,-112,2000,25629.162109375,206.600006103516,86.571159362793,-23.3726119995117
20180828,0,53,-112,2000,25558.716796875,205.699996948242,86.8700103759766,-27.0955047607422
20180828,6,53,-112,2000,25494.376953125,206.100006103516,85.640022277832,-29.0624446868896
20180828,12,53,-112,2000,25470.40234375,206.699996948242,82.4700012207031,-24.0685710906982
20180828,18,53,-112,2000,25447.251953125,206.300003051758,76.6600036621094,-15.1331205368042
20180829,0,53,-112,2000,25461.376953125,205.099975585938,71.2922286987305,-8.34994506835938
20180829,6,53,-112,2000,25505.068359375,203.999969482422,69.4799957275391,-4.15634775161743
20180829,12,53,-112,2000,25561.8828125,203.899993896484,70.5777740478516,-3.23927736282349
20180829,18,53,-112,2000,25586.880859375,204.799987792969,71.0699996948242,-1.24220454692841
20180830,0,53,-112,2000,25587.357421875,205.79997253418,74.2699966430664,-1.77998900413513
20180830,6,53,-112,2000,25602.908203125,207.699996948242,73.9700164794922,-5.19692611694336
20180830,12,53,-112,2000,25600.82421875,209.599975585938,75.888053894043,-7.45241689682007
20180830,18,53,-112,2000,25561.474609375,211.599975585938,78.5632247924805,-6.16951656341553
20180831,0,53,-112,2000,25525.1171875,212.800003051758,80.2800064086914,-4.24271249771118
20180831,6,53,-112,2000,25512.88671875,213.899978637695,81.9550018310547,-2.77684926986694
20180831,12,53,-112,2000,25535.1640625,215.599975585938,85.7400207519531,-2.49227666854858
20180831,18,53,-112,2000,25520.587890625,216.5,87.3499984741211,-1.52897953987122
20180901,0,53,-112,2000,25455.517578125,218.199996948242,90.4531631469727,-2.66094732284546
20180901,6,53,-112,2000,25393.25,220.600006103516,89.9897842407227,-4.75601434707642
20180901,12,53,-112,2000,25341.89453125,220.699981689453,89.7886123657227,-0.640480935573578
20180901,18,53,-112,2000,25274.556640625,218.867874145508,90.0953903198242,3.84995126724243
20180902,0,53,-112,2000,25215.287109375,216.499969482422,90.5317153930664,7.17979717254639
20180902,6,53,-112,2000,25205.38671875,214.699493408203,87.1076049804688,6.20211410522461
20180902,12,53,-112,2000,25199.744140625,213.499969482422,87.9199981689453,6.83974123001099
20180902,18,53,-112,2000,25201.533203125,209.5,83.7786102294922,9.16746139526367
20180903,0,53,-112,2000,25200.97265625,206.999969482422,80.9100112915039,8.20639610290527
20180903,6,53,-112,2000,25227.779296875,206.699981689453,76.1100082397461,2.52748537063599
20180903,12,53,-112,2000,25234.046875,204.199981689453,79.8777847290039,-2.80410647392273
20180903,18,53,-112,2000,25198.77734375,201.999984741211,77.1999969482422,-0.0258056633174419
20180904,0,53,-112,2000,25128.0703125,201.099990844727,75.2900085449219,-0.438535153865814
20180904,6,53,-112,2000,25116.275390625,203.199996948242,70.3000030517578,-1.23017573356628
20180904,12,53,-112,2000,25126.5703125,204.999969482422,70.0032653808594,3.76542735099792
20180904,18,53,-112,2000,25151.056640625,206.79997253418,69.6962966918945,14.8498268127441
20180905,0,53,-112,2000,25228.052734375,210.100006103516,72.7200012207031,26.5691699981689
20180905,6,53,-112,2000,25409.115234375,214.399993896484,78.7966613769531,36.2152137756348
20180905,12,53,-112,2000,25590.693359375,217.800003051758,79.5100021362305,32.8900566101074
20180905,18,53,-112,2000,25695.880859375,216.399993896484,75.1100006103516,21.8437728881836
20180906,0,53,-112,2000,25730.849609375,218.29997253418,75.1000061035156,17.9201126098633
20180906,6,53,-112,2000,25773.875,220.600006103516,73.5,12.4385843276978
20180906,12,53,-112,2000,25801.439453125,223.399993896484,73.7200012207031,6.94189691543579
20180906,18,53,-112,2000,25769.794921875,224.163650512695,76.6041030883789,4.53841781616211
20180907,0,53,-112,2000,25714.703125,226.210006713867,78.5199966430664,-1.90033447742462
20180907,6,53,-112,2000,25652.017578125,227.800003051758,82.6150131225586,-5.53543472290039
20180907,12,53,-112,2000,25536.365234375,228.899993896484,89.7699966430664,-5.58339357376099
20180907,18,53,-112,2000,25397.78515625,226.300003051758,89.6809310913086,-2.00152349472046
20180908,0,53,-112,2000,25275.392578125,221.999969482422,85.1100006103516,2.50273203849792
20180908,6,53,-112,2000,25246.53515625,216.699996948242,79.5077819824219,4.88123512268066
20180908,12,53,-112,2000,25193.240234375,212.399993896484,82.9000015258789,4.85341787338257
20180908,18,53,-112,2000,25160.66015625,209.79997253418,81.9386138916016,6.40010976791382
20180909,0,53,-112,2000,25090.91015625,209.399978637695,79,6.10009765625
20180909,6,53,-112,2000,25056.33203125,205.999969482422,76.3890151977539,3.10009765625
20180909,12,53,-112,2000,25067.8203125,205.399993896484,73.8000030517578,2.30009770393372
20180909,18,53,-112,2000,25067.189453125,204.499984741211,72.5,2.89992070198059
20180910,0,53,-112,2000,25070.134765625,203.499969482422,72.3000030517578,0.799920678138733
20180910,6,53,-112,2000,25099.14453125,202.099975585938,70.4000091552734,-4.39990234375
20180910,12,53,-112,2000,25070.439453125,201.79997253418,73.4000015258789,-8.40775775909424
20180910,18,53,-112,2000,25020.39453125,201.499984741211,69.6999969482422,-10.0999326705933
20180911,0,53,-112,2000,24927.23046875,200.999969482422,70.4691162109375,-5.13995361328125
20180911,6,53,-112,2000,24910.177734375,201.099990844727,67.390007019043,3.01994132995605
20180911,12,53,-112,2000,24957.90234375,201.999969482422,71.9800033569336,15.6739988327026
20180911,18,53,-112,2000,25073.591796875,204.299987792969,74.2167053222656,24.5359916687012
20180912,0,53,-112,2000,25220.060546875,205.100006103516,77.6899948120117,30.6702632904053
20180912,6,53,-112,2000,25365.796875,206.899993896484,77.8899993896484,28.7574558258057
20180912,12,53,-112,2000,25473.1875,207.5,78.370002746582,23.1352787017822
20180912,18,53,-112,2000,25534.162109375,206.699981689453,77.2349700927734,19.6881294250488
20180913,0,53,-112,2000,25519.4453125,204.599990844727,77.7084274291992,14.400110244751
20180913,6,53,-112,2000,25535.697265625,204.699630737305,75.5,16.6131229400635
20180913,12,53,-112,2000,25612.373046875,208.600006103516,78.0918960571289,23.2667484283447
20180913,18,53,-112,2000,25720.822265625,213.5,73.9000015258789,25.4406623840332
20180914,12,53,-112,2000,25966.33984375,217.899993896484,61.1000061035156,2.61143183708191
20180914,18,53,-112,2000,25982.072265625,217.79997253418,62.1222229003906,-0.889453113079071
20180915,0,53,-112,2000,25946.046875,218.199996948242,63.7150039672852,-5.69992685317993
20180915,6,53,-112,2000,25919.998046875,217.399993896484,64.1999969482422,-10.2998714447021
20180915,12,53,-112,2000,25865.79296875,217.199996948242,68.4038543701172,-15.0809631347656
20180915,18,53,-112,2000,25800.484375,216.599975585938,71.9000015258789,-17.0001468658447
20180916,0,53,-112,2000,25717.0625,214.399978637695,75.9719696044922,-21.5803604125977
20180916,12,53,-112,2000,25596.2421875,214.399993896484,72.4700012207031,-17.0226287841797
20180916,18,53,-112,2000,25610.509765625,216.599975585938,75.0765991210938,-9.10945320129395
20180917,0,53,-112,2000,25657.0859375,217.899993896484,76.5500030517578,-9.33303928375244
20180917,6,53,-112,2000,25714.884765625,219.399993896484,74.8399963378906,-14.9844388961792
20180917,12,53,-112,2000,25728.142578125,221.999313354492,76.25,-14.2051048278809
20180917,18,53,-112,2000,25746.7734375,223.300003051758,78.9449996948242,-11.2417697906494
20180918,0,53,-112,2000,25754.4609375,223.899993896484,82.4400100708008,-7.29628896713257
20180918,6,53,-112,2000,25860.498046875,224.699996948242,77.3186187744141,-6.34861326217651
20180918,12,53,-112,2000,25984.654296875,224.29997253418,70.5299987792969,-6.7249755859375
20180918,18,53,-112,2000,26049.97265625,224.199996948242,62.6400032043457,-10.1062154769897
20180919,0,53,-112,2000,26045.1171875,222.29997253418,60.8400039672852,-16.0473918914795
20180919,6,53,-112,2000,26012.091796875,222.499969482422,59.6599998474121,-24.8388767242432
20180919,12,53,-112,2000,25934.734375,223,62.9799995422363,-31.0797214508057
20180919,18,53,-112,2000,25787.54296875,223.199981689453,68.8034057617188,-35.0938110351563
20180920,0,53,-112,2000,25603.716796875,221.099975585938,70.5800018310547,-29.6210060119629
20180920,6,53,-112,2000,25522.498046875,217.399978637695,69.0400085449219,-20.2692356109619
20180920,12,53,-112,2000,25542.482421875,213.899978637695,68.8399963378906,-5.29396486282349
20180920,18,53,-112,2000,25625.02734375,212.899993896484,69.0058898925781,3.99360108375549
20180921,0,53,-112,2000,25746.2890625,215.800003051758,68.9500122070313,4.10792970657349
20180921,6,53,-112,2000,25883.529296875,218.5,63.639965057373,-3.67243051528931
20180921,12,53,-112,2000,25970.515625,221.300003051758,61.3047294616699,-6.69989633560181
20180921,18,53,-112,2000,26052.033203125,223.736358642578,55.2000007629395,-11.8398380279541
20180922,0,53,-112,2000,26056.685546875,225.600006103516,50.7999992370605,-19.475269317627
20180922,6,53,-112,2000,26076.32421875,227,47.3686141967773,-24.2332763671875
20180922,12,53,-112,2000,26056.814453125,230.710037231445,48.5999984741211,-27.7000122070313
20180922,18,53,-112,2000,26026.380859375,229.600006103516,52.7999992370605,-30.3999576568604
20180923,0,53,-112,2000,25966.966796875,230.199996948242,53.5000076293945,-31.4723873138428
20180923,6,53,-112,2000,25917.126953125,231.600006103516,55.2999992370605,-32.8549880981445
20180923,12,53,-112,2000,25879.625,232,58.5999984741211,-33.9999923706055
20180923,18,53,-112,2000,25825.470703125,231.699981689453,60.4000015258789,-36.4810791015625
20180924,0,53,-112,2000,25754.33984375,231.800003051758,63.5999984741211,-36.4810600280762
20180924,6,53,-112,2000,25731.5546875,231.699996948242,67.0511245727539,-37.2924423217773
20180924,12,53,-112,2000,25707.849609375,233,71.0999984741211,-34.4188117980957
20180924,18,53,-112,2000,25650.654296875,233.699996948242,72,-35.0661506652832
20180925,0,53,-112,2000,25569.994140625,230.300003051758,75.8000030517578,-32.099983215332
20180925,6,53,-112,2000,25541.9609375,227.300003051758,74.7000274658203,-27.5999698638916
20180925,12,53,-112,2000,25578.5,222.899993896484,77.1532669067383,-16.8999137878418
20180925,18,53,-112,2000,25605.767578125,218.899978637695,74.8000106811523,-10.9478511810303
20180926,0,53,-112,2000,25646.962890625,216.199996948242,73.7819519042969,-6.17312002182007
20180926,6,53,-112,2000,25729.494140625,213.199981689453,72.1800003051758,-6.14744138717651
20180926,12,53,-112,2000,25833.349609375,214.699996948242,75.9700012207031,-2.28226566314697
20180926,18,53,-112,2000,25922.494140625,217.800003051758,73.8400115966797,-2.89879631996155
20180927,0,53,-112,2000,25948.3046875,216.199996948242,70.9520721435547,-8.69830322265625
20180927,6,53,-112,2000,25951.515625,214.991622924805,69.870002746582,-12.6028051376343
20180927,12,53,-112,2000,25935.275390625,214.100006103516,70.9700012207031,-13.5328636169434
20180927,18,53,-112,2000,25893.4375,214.199996948242,71.6699981689453,-10.1122264862061
20180928,0,53,-112,2000,25853.033203125,214.899993896484,73.2687759399414,-3.25992918014526
20180928,6,53,-112,2000,25899.220703125,217.29997253418,74.6800003051758,4.38133525848389
20180928,12,53,-112,2000,25978.109375,220.300003051758,78.8422241210938,11.5619802474976
20180928,18,53,-112,2000,26057.484375,222.399993896484,79.2513961791992,15.1687650680542
20180929,0,53,-112,2000,26109.748046875,223.600006103516,78.4237518310547,8.53728008270264
20180929,6,53,-112,2000,26175.943359375,226.099975585938,74.4000015258789,1.32460200786591
20180929,12,53,-112,2000,26215.51953125,228.699996948242,74.2200012207031,1.25835943222046
20180929,18,53,-112,2000,26245.3671875,231.399978637695,70.7399978637695,0.775795876979828
20180930,0,53,-112,2000,26241.10546875,231.699996948242,66.7436752319336,-5.30416011810303
20180930,6,53,-112,2000,26253.29296875,233.79997253418,65.422492980957,-8.90489292144775
20180930,12,53,-112,2000,26291.123046875,236.600006103516,62.9300003051758,-7.29815912246704
20180930,18,53,-112,2000,26319.83984375,236.899978637695,59.7400016784668,-9.77964878082275
20181001,0,53,-112,2000,26288.875,236.199996948242,61.3300018310547,-12.8300533294678
20181001,6,53,-112,2000,26311.599609375,239.800003051758,58.6399993896484,-17.5339736938477
20181001,12,53,-112,2000,26324.3515625,242.100006103516,59.1399993896484,-16.3271579742432
20181001,18,53,-112,2000,26320.720703125,242.800003051758,54.9599990844727,-19.734411239624
20181002,0,53,-112,2000,26249.435546875,241.800003051758,55.0400009155273,-28.9516983032227
20181002,6,53,-112,2000,26212.017578125,243.600006103516,56.6400108337402,-31.0977840423584
20181002,12,53,-112,2000,26172.83203125,244.29997253418,54.5699996948242,-26.8325977325439
20181002,18,53,-112,2000,26114.251953125,243.511627197266,53.680004119873,-25.3168334960938
20181003,0,53,-112,2000,26043.470703125,242.300003051758,56.3600006103516,-25.6056060791016
20181003,6,53,-112,2000,26018.232421875,240.636032104492,56.2700004577637,-19.8593463897705
20181003,12,53,-112,2000,26028.255859375,238.800003051758,57.5900001525879,-11.704704284668
20181003,18,53,-112,2000,26028.09765625,236.523040771484,57.1699981689453,-4.61004400253296
20181004,0,53,-112,2000,26047.171875,233.100006103516,55.8600006103516,-3.83256340026855
20181004,6,53,-112,2000,26099.453125,230.797241210938,55.8500213623047,-5.2318434715271
20181004,12,53,-112,2000,26149.529296875,230.399993896484,52.9447479248047,-1.99933838844299
20181004,18,53,-112,2000,26183.97265625,230.399993896484,49.3499984741211,-6.65040302276611
20181005,0,53,-112,2000,26189.099609375,229.784820556641,51.7299995422363,-6.3003101348877
20181005,6,53,-112,2000,26214.3359375,232.399978637695,51.1200103759766,-11.285774230957
20181005,12,53,-112,2000,26259.59765625,234.699996948242,48.4600105285645,-8.94768524169922
20181005,18,53,-112,2000,26275.162109375,233.300003051758,42.7599983215332,-12.4097337722778
20181006,0,53,-112,2000,26214.94921875,229.699981689453,40.4775161743164,-19.4569549560547
20181006,6,53,-112,2000,26178.1875,229.888916015625,43.7197151184082,-20.3030757904053
20181006,12,53,-112,2000,26147.578125,231.413528442383,45.9900093078613,-20.720531463623
20181006,18,53,-112,2000,26070.203125,230.399993896484,50.2000007629395,-25.6180667877197
20181007,0,53,-112,2000,25952.751953125,230.199996948242,56.9300003051758,-30.3911418914795
20181007,6,53,-112,2000,25907.6328125,230.100006103516,62.7000045776367,-31.2599506378174
20181007,12,53,-112,2000,25844.185546875,229,67.4100036621094,-27.9157466888428
20181007,18,53,-112,2000,25792.193359375,226.100006103516,67.0199966430664,-25.3367729187012
20181008,0,53,-112,2000,25735.255859375,223.199996948242,70.7900085449219,-24.2076072692871
20181008,6,53,-112,2000,25755,223.5,72.4899978637695,-20.325756072998
20181008,12,53,-112,2000,25730.642578125,223.100006103516,73.2799987792969,-18.6772708892822
20181008,18,53,-112,2000,25710.626953125,223.046676635742,70.9199981689453,-16.4643707275391
20181009,0,53,-112,2000,25678.375,222.204559326172,69.5975112915039,-15.1097993850708
20181009,6,53,-112,2000,25662.015625,221.5,69.7200012207031,-11.2228364944458
20181009,12,53,-112,2000,25647.884765625,219.300003051758,68.6699981689453,-7.87718772888184
20181009,18,53,-112,2000,25642.54296875,215.5,63.1599998474121,0.389008790254593
20181010,0,53,-112,2000,25698.755859375,212.999969482422,60.8699989318848,4.60844707489014
20181010,6,53,-112,2000,25787.818359375,213.599975585938,62.3699989318848,9.953125
20181010,12,53,-112,2000,25910.1640625,214.5,62.1699981689453,14.9325923919678
20181010,18,53,-112,2000,26026.857421875,218.800003051758,59.439998626709,22.4014549255371
20181011,0,53,-112,2000,26130.556640625,221.699996948242,55.8100090026855,12.5420532226563
20181011,6,53,-112,2000,26223.197265625,225,49.6199989318848,4.07557106018066
20181011,12,53,-112,2000,26291.056640625,228.199996948242,45.8800010681152,0.161774903535843
20181011,18,53,-112,2000,26307.3828125,228.899978637695,41.4500007629395,-2.9896776676178
20181012,0,53,-112,2000,26268.705078125,227.699981689453,39.6600036621094,-6.98454093933105
20181012,6,53,-112,2000,26277.1328125,227.199981689453,38.0700035095215,-5.44477558135986
20181012,12,53,-112,2000,26302.109375,225.5,38.6575088500977,-2.60258793830872
20181012,18,53,-112,2000,26317.435546875,224,40.2500038146973,2.53957509994507
20181013,0,53,-112,2000,26318.318359375,223.199981689453,37.2600059509277,5.85622549057007
20181013,6,53,-112,2000,26377.009765625,225.999969482422,34.4799156188965,-0.178930670022964
20181013,12,53,-112,2000,26396.880859375,227.899993896484,35.8876037597656,-0.781479477882385
20181013,18,53,-112,2000,26411.181640625,228,36.2799987792969,-0.757207036018372
20181014,0,53,-112,2000,26383.70703125,227.599975585938,38.4799957275391,-1.16612792015076
20181014,6,53,-112,2000,26417.357421875,227.599975585938,36.7467575073242,-2.00998544692993
20181014,12,53,-112,2000,26460.255859375,228.600006103516,34.180004119873,-4.144775390625
20181014,18,53,-112,2000,26469.607421875,227.5,34.9499969482422,-5.53593730926514
20181015,0,53,-112,2000,26435.740234375,227.399993896484,36.680004119873,-6.74001693725586
20181015,6,53,-112,2000,26453.365234375,227.992523193359,36.6466445922852,-7.86590814590454
20181015,12,53,-112,2000,26469.39453125,228.29997253418,37.9799995422363,-7.7959885597229
20181015,18,53,-112,2000,26462.33203125,228.199996948242,38.6400032043457,-7.74251937866211
20181016,0,53,-112,2000,26417.310546875,227.100006103516,41.7400016784668,-8.92867183685303
20181016,6,53,-112,2000,26421.140625,228.100006103516,41.570011138916,-9.15104007720947
20181016,12,53,-112,2000,26433.1015625,228.5,43.439998626709,-7.12613534927368
20181016,18,53,-112,2000,26419.71484375,228.100006103516,43.7299957275391,-6.66665029525757
20181017,0,53,-112,2000,26388.35546875,226.999969482422,46.7400016784668,-5.86667490005493
20181017,6,53,-112,2000,26396.357421875,227.399978637695,45.6800003051758,-5.49758529663086
20181017,12,53,-112,2000,26404.947265625,227.5,45.4400062561035,-3.91867923736572
20181017,18,53,-112,2000,26416.421875,228,42.1500129699707,1.37426996231079
20181018,0,53,-112,2000,26422.04296875,228.100006103516,38.2700004577637,6.20791006088257
20181018,6,53,-112,2000,26474.58984375,228.100006103516,33.8500061035156,3.0340576171875
20181018,12,53,-112,2000,26498.318359375,226.300003051758,34.2700042724609,3.18197274208069
20181018,18,53,-112,2000,26515.40234375,225.300003051758,30.6700000762939,8.08109855651855
20181019,0,53,-112,2000,26535.376953125,224.100006103516,26.3299999237061,10.2927198410034
20181019,6,53,-112,2000,26601.318359375,224.699981689453,22.6399993896484,6.0335693359375
20181019,18,53,-112,2000,26669.1484375,226.099975585938,20.2700004577637,8.01234340667725
20181020,0,53,-112,2000,26658.9375,226.099975585938,21.4607448577881,6.11200666427612
20181020,6,53,-112,2000,26698.427734375,227.172653198242,19.5700073242188,4.23006820678711
20181020,12,53,-112,2000,26717.6953125,228.899978637695,20.2947330474854,3.98619151115417
20181020,18,53,-112,2000,26737.1953125,229.199981689453,17.7700023651123,4.67221212387085
20181021,0,53,-112,2000,26717.970703125,228.800003051758,17.7600173950195,2.69481444358826
20181021,6,53,-112,2000,26742.685546875,230,14.5699996948242,0.371547847986221
20181021,12,53,-112,2000,26761.8671875,230.29997253418,14.1700019836426,-2.39689946174622
20181021,18,53,-112,2000,26752.072265625,230.100006103516,13.3700046539307,-4.35113048553467
20181022,0,53,-112,2000,26694.462890625,229.699996948242,15.4000101089478,-8.35791492462158
20181022,6,53,-112,2000,26696.140625,230.699996948242,15.5955667495728,-8.63467502593994
20181022,12,53,-112,2000,26672.0859375,230.300003051758,16.8900032043457,-11.7103929519653
20181022,18,53,-112,2000,26627.08984375,231.199981689453,17.2800045013428,-10.7207450866699
20181023,0,53,-112,2000,26559.609375,230.899948120117,18.0699996948242,-11.2202491760254
20181023,6,53,-112,2000,26523.119140625,230.899993896484,20.0880508422852,-14.449951171875
20181023,12,53,-112,2000,26496.7421875,231.599975585938,25.2716522216797,-12.3508329391479
20181023,18,53,-112,2000,26475.47265625,232.100006103516,26.691650390625,-8.43995094299316
20181024,0,53,-112,2000,26452.015625,230.600006103516,27.370002746582,-6.18651390075684
20181024,6,53,-112,2000,26467.76171875,231.099975585938,26.6900081634521,-5.6397385597229
20181024,12,53,-112,2000,26495.0546875,231.899993896484,27.4699974060059,-4.05485105514526
20181024,18,53,-112,2000,26498.369140625,232.199996948242,24.6700057983398,-4.557861328125
20181025,0,53,-112,2000,26476.115234375,232.300003051758,25.3752727508545,-5.39602279663086
20181025,6,53,-112,2000,26487.5546875,232.800003051758,23.9700050354004,-7.15662336349487
20181025,12,53,-112,2000,26494.10546875,233.499969482422,27.4652690887451,-6.77815914154053
20181025,18,53,-112,2000,26485.2265625,233.899993896484,28.3647308349609,-3.40599131584167
20181026,0,53,-112,2000,26459.439453125,234.699996948242,27.4900054931641,-2.53401851654053
20181026,6,53,-112,2000,26484.953125,234.499969482422,26.1700000762939,-2.09658193588257
20181026,12,53,-112,2000,26508.98046875,235.199981689453,26.9699974060059,1.03594732284546
20181026,18,53,-112,2000,26530.759765625,234.600006103516,25.5700073242188,6.7864842414856
20181027,0,53,-112,2000,26520.98046875,232.800003051758,23.0908298492432,4.5413818359375
20181027,6,53,-112,2000,26548.4296875,232.499969482422,22.5000057220459,-1.29038083553314
20181027,12,53,-112,2000,26553.732421875,231.399993896484,24.9699954986572,0.150405272841454
20181027,18,53,-112,2000,26539.818359375,231,25.7699966430664,1.62211668491364
20181028,0,53,-112,2000,26502.552734375,230.300003051758,27.290002822876,3.26348638534546
20181028,6,53,-112,2000,26515.427734375,230.199996948242,25.5700073242188,1.47738528251648
20181028,12,53,-112,2000,26525.744140625,229.300003051758,27.7699966430664,0.604108870029449
20181028,18,53,-112,2000,26514.26171875,228.999969482422,28.2600021362305,1.83151614665985
20181029,0,53,-112,2000,26474.7578125,228.199981689453,28.2900066375732,-0.287202149629593
20181029,6,53,-112,2000,26485.2109375,228.399993896484,27.090015411377,-2.53869867324829
20181029,12,53,-112,2000,26485.068359375,227.699996948242,29.8905982971191,-4.39595699310303
20181029,18,53,-112,2000,26452.908203125,227.399993896484,30.4699993133545,-5.13301992416382
20181030,0,53,-112,2000,26407.4296875,226.600006103516,32.644889831543,-5.88667249679565
20181030,6,53,-112,2000,26387.58203125,227.300003051758,32.8831672668457,-9.56532955169678
20181030,12,53,-112,2000,26376.623046875,227.600006103516,37.4137992858887,-11.5519828796387
20181030,18,53,-112,2000,26316.30078125,226.5,42.7505035400391,-10.745566368103
20181031,0,53,-112,2000,26238.0078125,225.79997253418,48.5393447875977,-8.21022415161133
20181031,6,53,-112,2000,26241.4375,226,48.3846664428711,-5.77486562728882
20181031,12,53,-112,2000,26261.720703125,225.29997253418,49.1195526123047,-1.01557123661041
20181031,18,53,-112,2000,26294.220703125,224.79997253418,43.9500007629395,3.4068603515625
20181101,0,53,-112,2000,26302.33203125,224.5,39.2500038146973,1.600830078125
20181101,6,53,-112,2000,26344.748046875,224.599975585938,35.6000022888184,-3.45261240005493
20181101,12,53,-112,2000,26375.689453125,225.399993896484,36.0000038146973,-5.49993896484375
20181101,18,53,-112,2000,26362.390625,225.100006103516,35.2999992370605,-8.29993915557861
20181102,0,53,-112,2000,26326.783203125,225.199981689453,36.3999977111816,-13.3099422454834
20181102,6,53,-112,2000,26305.5078125,227.099975585938,37.5999984741211,-16.7999210357666
20181102,12,53,-112,2000,26272.572265625,229,40.5488777160645,-19.6999015808105
20181102,18,53,-112,2000,26198.6328125,229.399993896484,43.9600067138672,-22.0899467468262
20181103,0,53,-112,2000,26091.421875,230.5,49.6065444946289,-21.5102157592773
20181103,6,53,-112,2000,26039.8125,230.79997253418,53.6416778564453,-19.3444290161133
20181103,12,53,-112,2000,26027.255859375,226,50.7633514404297,-7.43411111831665
20181103,18,53,-112,2000,26061.77734375,221.100006103516,47.7166595458984,2.47237300872803
20181104,0,53,-112,2000,26102.02734375,219.100006103516,46.4109992980957,8.22803688049316
20181104,6,53,-112,2000,26198.873046875,220.399993896484,43.0499992370605,8.05758762359619
20181104,12,53,-112,2000,26266.15234375,222.399993896484,41.7547378540039,7.07513666152954
20181104,18,53,-112,2000,26301.1328125,223.399993896484,36.4000015258789,6.50006723403931
20181105,0,53,-112,2000,26298.572265625,224,35.1947822570801,-0.399951159954071
20181105,6,53,-112,2000,26300.732421875,224.5,33.6874961853027,-3.89998769760132
20181105,12,53,-112,2000,26311.931640625,224.899993896484,34.0884323120117,-5.29997539520264
20181105,18,53,-112,2000,26305.3828125,224.399993896484,33.9068870544434,-6.199951171875
20181106,0,53,-112,2000,26280.1171875,223.199996948242,32.7729568481445,-10.0291261672974
20181106,6,53,-112,2000,26266.61328125,223.100006103516,31.892261505127,-15.5999393463135
20181106,12,53,-112,2000,26262.880859375,225.100006103516,37.1558723449707,-13.5999450683594
20181106,18,53,-112,2000,26242.16796875,227.460601806641,39.5487022399902,-16.0999450683594
20181107,0,53,-112,2000,26179.6640625,227.899978637695,41.2817878723145,-23.6780052185059
20181107,6,53,-112,2000,26109.029296875,229.899993896484,45.48828125,-29.8999423980713
20181107,12,53,-112,2000,26011.755859375,232.699996948242,54.119213104248,-31.6999702453613
20181107,18,53,-112,2000,25845.5546875,235.099975585938,56.952220916748,-31.5999813079834
20181108,0,53,-112,2000,25690.158203125,230.899993896484,55.6490173339844,-20.1999549865723
20181108,6,53,-112,2000,25664.072265625,225.5,52.3650207519531,-3.89996957778931
20181108,12,53,-112,2000,25749.501953125,220.5,52.342113494873,11.7000246047974
20181108,18,53,-112,2000,25869.046875,216.800003051758,50.6698379516602,24.2000179290771
20181109,0,53,-112,2000,25989.431640625,216.79997253418,45.9493141174316,27.800012588501
20181109,6,53,-112,2000,26136.328125,218.899993896484,37.3843383789063,23.300012588501
20181109,12,53,-112,2000,26274.412109375,222.300003051758,31.1105079650879,21.5000190734863
20181109,18,53,-112,2000,26371.205078125,222.600006103516,25.5254516601563,15.3999881744385
20181110,0,53,-112,2000,26417.537109375,223.600006103516,19.123815536499,12.4467716217041
20181110,6,53,-112,2000,26485.515625,225.399993896484,15.686731338501,6.00002431869507
20181110,12,53,-112,2000,26542.08203125,226.392532348633,13.4027309417725,2.00002431869507
20181110,18,53,-112,2000,26555.474609375,227,11.2545499801636,-2.48273324966431
20181111,0,53,-112,2000,26544.78515625,228,11.010009765625,-5.19993877410889
20181111,6,53,-112,2000,26552.814453125,228.600006103516,10.4999904632568,-8.49996376037598
20181111,12,53,-112,2000,26563.21484375,229.699981689453,10.9000034332275,-8.29990863800049
20181111,18,53,-112,2000,26539.66796875,229.29997253418,11.6300020217896,-9.00009155273438
20181112,0,53,-112,2000,26512.625,228.800003051758,11.7194185256958,-8.29998779296875
20181112,6,53,-112,2000,26503.935546875,228.100006103516,12.162088394165,-10.0023622512817
20181112,12,53,-112,2000,26508.2265625,227.931686401367,13.8199996948242,-9.2711353302002
20181112,18,53,-112,2000,26485.41015625,227.100006103516,15.3558320999146,-10.3268184661865
20181113,0,53,-112,2000,26437.669921875,226.599975585938,18.168550491333,-9.86489486694336
20181113,6,53,-112,2000,26433.314453125,226.899993896484,18.8343162536621,-8.70000267028809
20181113,12,53,-112,2000,26435.2109375,226.399978637695,19.0033740997314,-5.28999519348145
20181113,18,53,-112,2000,26435.947265625,226.899993896484,17.5930290222168,-3.41000008583069
20181114,0,53,-112,2000,26419.775390625,227.699981689453,14.6963424682617,-2.95932626724243
20181114,6,53,-112,2000,26416.5546875,228,15.5077934265137,-9.06532192230225
20181114,12,53,-112,2000,26405.30078125,228.79997253418,19.6085395812988,-9.36842727661133
20181114,18,53,-112,2000,26355.58984375,230.699996948242,21.1002292633057,-10.9800148010254
20181115,0,53,-112,2000,26295.490234375,231.899978637695,23.1789970397949,-12.0410032272339
20181115,6,53,-112,2000,26251.40234375,233.79997253418,26.5916042327881,-15.4299802780151
20181115,12,53,-112,2000,26223.232421875,236.5,30.8497848510742,-17.3199996948242
20181115,18,53,-112,2000,26146.130859375,238.600006103516,34.8201522827148,-17.7200088500977
20181116,0,53,-112,2000,26066.751953125,240.100006103516,37.5992584228516,-15.8000516891479
20181116,6,53,-112,2000,26015.2578125,241.099945068359,40.6191940307617,-15.3556985855103
20181116,12,53,-112,2000,25997.841796875,241.5,43.1468124389648,-11.6099996566772
20181116,18,53,-112,2000,25964.248046875,237.699981689453,40.0081024169922,-7.65076637268066
20181117,0,53,-112,2000,25935.685546875,233.199981689453,38.8086090087891,-6.57999992370605
20181117,6,53,-112,2000,25938.71484375,231.5,38.0860481262207,-4.88143062591553
20181117,12,53,-112,2000,25987.203125,230.600006103516,37.5750732421875,-5.97570323944092
20181117,18,53,-112,2000,25977.705078125,229.599975585938,37.4999923706055,-7.72786378860474
20181118,0,53,-112,2000,25970.876953125,228.906982421875,38.3007049560547,-10.3500146865845
20181118,6,53,-112,2000,25969.79296875,229,39.1235122680664,-14.8624000549316
20181118,12,53,-112,2000,25998.884765625,230.870407104492,40.0299758911133,-17.7467231750488
20181118,18,53,-112,2000,25944.51953125,232.699996948242,40.4805526733398,-21.9958209991455
20181119,0,53,-112,2000,25875.09765625,235.600006103516,41.4923400878906,-23.7978515625
20181119,6,53,-112,2000,25847.064453125,235.5,37.9529304504395,-19.0156402587891
20181119,12,53,-112,2000,25894.546875,232.300003051758,34.6454124450684,-11.7594432830811
20181119,18,53,-112,2000,25936.54296875,226.300003051758,34.2543182373047,-1.70998287200928
20181120,0,53,-112,2000,26030.990234375,219.899993896484,27.0347213745117,6.78050804138184
20181120,6,53,-112,2000,26147.009765625,216.300003051758,20.7081527709961,7.4204273223877
20181120,12,53,-112,2000,26251.677734375,215.699996948242,14.9330959320068,3.52801036834717
20181120,18,53,-112,2000,26268.677734375,215.800003051758,13.6899833679199,-2.7235643863678
20181121,0,53,-112,2000,26230.052734375,218,12.9461793899536,-6.77782964706421
20181121,6,53,-112,2000,26175.5,218.814697265625,15.9365234375,-11.6413869857788
20181121,12,53,-112,2000,26126.79296875,223.899978637695,22.7150020599365,-10.4219779968262
20181121,18,53,-112,2000,26054.1328125,226.199996948242,25.8177909851074,-9.03738784790039
20181122,0,53,-112,2000,25987.9140625,230.600006103516,27.7726058959961,-9.87746620178223
20181122,6,53,-112,2000,25929.5546875,234.499969482422,30.6223602294922,-13.0587739944458
20181122,12,53,-112,2000,25917.255859375,235.5,30.2687816619873,-6.85856914520264
20181122,18,53,-112,2000,25895.314453125,234.099975585938,23.8035049438477,-0.353366702795029
20181123,0,53,-112,2000,25900.4609375,233,20.4559936523438,3.42800784111023
20181123,6,53,-112,2000,25937.775390625,231.199981689453,16.0439872741699,6.85022449493408
20181123,12,53,-112,2000,26021.482421875,229.300003051758,13.4560012817383,10.6793460845947
20181123,18,53,-112,2000,26063.10546875,227.100006103516,8.81999492645264,14.0113525390625
20181124,0,53,-112,2000,26103.369140625,225.300003051758,5.79601335525513,16.4294586181641
20181124,6,53,-112,2000,26166.59765625,223.829147338867,1.69657957553864,16.9302978515625
20181124,12,53,-112,2000,26249.849609375,223.829147338867,-2.01336193084717,19.4507026672363
20181124,18,53,-112,2000,26296.23828125,221.800003051758,-6.53774166107178,21.3600044250488
20181125,0,53,-112,2000,26331.2734375,220.5,-11.5212745666504,20.4251804351807
20181125,6,53,-112,2000,26379.5078125,220.399993896484,-10.9625539779663,17.3522109985352
20181125,12,53,-112,2000,26436.08203125,221.5,-10.518723487854,13.9100151062012
20181125,18,53,-112,2000,26455.4140625,221.899978637695,-11.2139253616333,11.6138257980347
20181126,0,53,-112,2000,26462.466796875,222.399978637695,-12.4277858734131,8.65332794189453
20181126,6,53,-112,2000,26493.04296875,222.699981689453,-11.0431127548218,5.15001964569092
20181126,12,53,-112,2000,26535.9765625,224.300003051758,-11.8561840057373,4.41999006271362
20181126,18,53,-112,2000,26540.77734375,224.199981689453,-11.6407985687256,3.08580565452576
20181127,0,53,-112,2000,26539.359375,224.600006103516,-12.0262575149536,3.29907703399658
20181127,6,53,-112,2000,26558.9375,225.300003051758,-12.2899827957153,0.721284151077271
20181127,12,53,-112,2000,26591.421875,225.899978637695,-10.5414333343506,2.19899892807007
20181127,18,53,-112,2000,26585.234375,226,-11.4871311187744,1.29102051258087
20181128,0,53,-112,2000,26580.58203125,225.699996948242,-10.7992992401123,1.2823486328125
20181128,6,53,-112,2000,26593.126953125,226,-10.4394807815552,-0.0999938994646072
20181128,12,53,-112,2000,26624.76171875,226.399978637695,-9.25840187072754,-0.399996936321259
20181128,18,53,-112,2000,26625.33984375,226.100006103516,-9.14101600646973,0.570855736732483
20181129,0,53,-112,2000,26608.1640625,225.800003051758,-9.86563110351563,0.499993890523911
20181129,6,53,-112,2000,26621.51953125,226,-9.35342979431152,-0.200000002980232
20181129,12,53,-112,2000,26660.75,226.699996948242,-9.92001914978027,1.50000607967377
20181129,18,53,-112,2000,26660.83984375,226.499969482422,-10.9012632369995,0.599987804889679
20181130,0,53,-112,2000,26649.79296875,226.300003051758,-12.5720701217651,0.399993896484375
20181130,6,53,-112,2000,26672.267578125,226.5,-12.9012022018433,-2.00001215934753
20181130,12,53,-112,2000,26704.015625,227.5,-12.8353214263916,-2.00001215934753
20181130,18,53,-112,2000,26691.70703125,227.099975585938,-13.3966398239136,-1.37808835506439
20181201,0,53,-112,2000,26673.892578125,227.199996948242,-13.497766494751,-1.90001225471497
20181201,6,53,-112,2000,26674.072265625,227.300003051758,-13.6811771392822,-2.60000610351563
20181201,12,53,-112,2000,26687.72265625,227.899993896484,-13.3288269042969,-2.09999990463257
20181201,18,53,-112,2000,26678.76953125,227.800003051758,-13.3059997558594,-1.20000612735748
20181202,0,53,-112,2000,26651.4375,227.300003051758,-13.6891117095947,-0.77085268497467
20181202,6,53,-112,2000,26651.4296875,227.699996948242,-13.9461231231689,-2.10218739509583
20181202,12,53,-112,2000,26671.0859375,227.911666870117,-13.2966918945313,-1.25754392147064
20181202,18,53,-112,2000,26653.5078125,227.600006103516,-14.3369092941284,-1.35999023914337
20181203,0,53,-112,2000,26637.703125,227.100006103516,-14.6343288421631,-0.990009784698486
20181203,6,53,-112,2000,26637.712890625,227.199996948242,-14.9675264358521,-2.48999500274658
20181203,12,53,-112,2000,26662.533203125,227.600006103516,-13.4555416107178,-1.61688959598541
20181203,18,53,-112,2000,26658.3046875,227.199996948242,-14.2498731613159,-2.41392087936401
20181204,0,53,-112,2000,26640.36328125,227.600006103516,-13.8214159011841,-3.38166999816895
20181204,6,53,-112,2000,26649.205078125,228,-13.827841758728,-5.06634759902954
20181204,12,53,-112,2000,26666.03515625,229.199996948242,-12.3843994140625,-6.01404047012329
20181204,18,53,-112,2000,26648.71484375,229.199996948242,-12.1205148696899,-6.29166030883789
20181205,0,53,-112,2000,26621.376953125,229.5,-10.7314720153809,-7.2765040397644
20181205,6,53,-112,2000,26616.259765625,230.199996948242,-9.60562133789063,-8.65060424804688
20181205,12,53,-112,2000,26624.515625,230.699981689453,-7.97572803497314,-8.69996356964111
20181205,18,53,-112,2000,26609.0546875,231.199996948242,-8.83040428161621,-7.59996938705444
20181206,0,53,-112,2000,26571.115234375,231.199996948242,-8.16045188903809,-7.69996929168701
20181206,6,53,-112,2000,26556.439453125,232.300003051758,-8.65356922149658,-8.28995323181152
20181206,12,53,-112,2000,26564.005859375,233.20442199707,-6.09232616424561,-6.94356679916382
20181206,18,53,-112,2000,26548.880859375,233.795562744141,-5.96437358856201,-4.5999755859375
20181207,0,53,-112,2000,26520.765625,233.79997253418,-4.96481037139893,-2.39998173713684
20181207,6,53,-112,2000,26524.474609375,234,-4.30079936981201,-1.54194331169128
20181207,12,53,-112,2000,26558.892578125,234.100006103516,-4.12546062469482,1.00000607967377
20181207,18,53,-112,2000,26558.525390625,233.300003051758,-5.55519104003906,3.14360952377319
20181208,0,53,-112,2000,26557.328125,232.599975585938,-6.82595825195313,3.20001220703125
20181208,6,53,-112,2000,26573.8515625,232.300003051758,-7.21178913116455,2.90001821517944
20181208,12,53,-112,2000,26608.376953125,231.800003051758,-7.24931621551514,3.55640268325806
20181208,18,53,-112,2000,26620.435546875,231.600006103516,-8.54595756530762,4.19999980926514
20181209,0,53,-112,2000,26601.625,230.399993896484,-9.86265850067139,4.40001201629639
20181209,6,53,-112,2000,26610.98046875,230.5,-9.14019584655762,2.80000615119934
20181209,12,53,-112,2000,26636.212890625,230.5,-8.93172454833984,3.39999389648438
20181209,18,53,-112,2000,26635.1171875,230.300003051758,-9.14477729797363,3.00001215934753
20181210,0,53,-112,2000,26601.818359375,229.899993896484,-9.91391754150391,3.70010995864868
20181210,6,53,-112,2000,26608.9296875,230.199981689453,-8.85483074188232,1.19999384880066
20181210,12,53,-112,2000,26622.134765625,230.699996948242,-8.77445697784424,2.20000004768372
20181210,18,53,-112,2000,26600.3984375,230.800003051758,-8.76847267150879,2.09999394416809
20181211,0,53,-112,2000,26573.125,230.399978637695,-9.28161430358887,2.19998788833618
20181211,6,53,-112,2000,26578.640625,230.999969482422,-9.27540016174316,0.399993896484375
20181211,12,53,-112,2000,26605.193359375,231.199996948242,-7.80756855010986,1.59999394416809
20181211,18,53,-112,2000,26606.794921875,231.499969482422,-8.8462495803833,2
20181212,0,53,-112,2000,26583.0546875,230.800003051758,-8.5330228805542,3.09999394416809
20181212,6,53,-112,2000,26591.48828125,230.699981689453,-8.49999713897705,1.79999089241028
20181212,12,53,-112,2000,26622.23828125,230.699996948242,-7.14645862579346,3.00001215934753
20181212,18,53,-112,2000,26625.224609375,230.399978637695,-8.11149883270264,3.49999380111694
20181213,0,53,-112,2000,26607.052734375,229.5,-8.40620899200439,3.60000610351563
20181213,6,53,-112,2000,26621.578125,230,-8.51896381378174,1.70000612735748
20181213,12,53,-112,2000,26655.984375,229.899993896484,-6.90978384017944,2.59999990463257
20181213,18,53,-112,2000,26647.6875,230.199981689453,-8.83609008789063,1.50136721134186
20181214,0,53,-112,2000,26635.205078125,229.199996948242,-8.29531574249268,2.20000600814819
20181214,6,53,-112,2000,26649.248046875,230.100006103516,-8.89609718322754,-0.250823974609375
20181214,12,53,-112,2000,26672.560546875,230,-7.400146484375,0.399987787008286
20181214,18,53,-112,2000,26659.177734375,230.199996948242,-8.83110618591309,0.400012195110321
20181215,0,53,-112,2000,26635.7421875,229.699996948242,-8.40292072296143,0.300000011920929
20181215,6,53,-112,2000,26638.2265625,230.300003051758,-8.68735980987549,-1.20000612735748
20181215,12,53,-112,2000,26663.4140625,230.599975585938,-7.25444650650024,0.208563238382339
20181215,18,53,-112,2000,26653.966796875,230.5,-7.84113454818726,-0.70001220703125
20181216,0,53,-112,2000,26635.130859375,230.199996948242,-8.50415325164795,0.499987781047821
20181216,6,53,-112,2000,26632.009765625,230.300003051758,-8.731201171875,-1.59671628475189
20181216,12,53,-112,2000,26660.1171875,230.699996948242,-7.55864572525024,-0.10000915825367
20181216,18,53,-112,2000,26645.330078125,230.5,-8.38751220703125,-0.800006091594696
20181217,0,53,-112,2000,26628.6484375,230.202789306641,-8.39063739776611,0.100000001490116
20181217,6,53,-112,2000,26638.97265625,230.199996948242,-8.15168476104736,-1.60000002384186
20181217,12,53,-112,2000,26670.73046875,231,-7.32180786132813,-0.116113282740116
20181217,18,53,-112,2000,26653.251953125,230.699996948242,-8.65451049804688,-1.30003666877747
20181218,0,53,-112,2000,26625.5,230.5,-9.4268798828125,-0.300048828125
20181218,6,53,-112,2000,26632.525390625,230.800003051758,-8.90879535675049,-2.20001220703125
20181218,12,53,-112,2000,26652.296875,231.399993896484,-8.30419921875,-1.10001826286316
