20180720,0,38,1,40000,7168.693359375,240.899993896484,17.502628326416,10.21533203125
20180720,6,38,1,40000,7209.615234375,242.285278320313,14.7601070404053,14.8772220611572
20180720,12,38,1,40000,7253.25390625,242.699996948242,13.9768371582031,12.2116270065308
20180720,18,38,1,40000,7274.0908203125,242.185302734375,15.175799369812,4.48886728286743
20180721,0,38,1,40000,7287.5263671875,242.214691162109,19.3132743835449,3.77933359146118
20180721,6,38,1,40000,7296.74609375,243.29997253418,20.7650947570801,3.31613779067993
20180721,12,38,1,40000,7304.8681640625,243.199996948242,13.4826717376709,-4.19548940658569
20180721,18,38,1,40000,7271.7783203125,242.699996948242,20.5694217681885,-9.00386333465576
20180722,0,38,1,40000,7252.29931640625,242,18.748815536499,-14.6386232376099
20180722,6,38,1,40000,7206.95166015625,239.899993896484,25.5914859771729,-17.2872257232666
20180722,12,38,1,40000,7186.615234375,239.899993896484,24.7382144927979,-21.6357612609863
20180722,18,38,1,40000,7180.4404296875,239.699996948242,26.2049007415771,-11.3696842193604
20180723,0,38,1,40000,7183.44189453125,240.399978637695,23.4117069244385,-18.1084041595459
20180723,6,38,1,40000,7166.13232421875,239.79997253418,23.8332977294922,-16.785608291626
20180723,12,38,1,40000,7155.3798828125,239,20.2525749206543,-15.2035312652588
20180723,18,38,1,40000,7139.32373046875,238.837738037109,14.6277465820313,-17.560230255127
20180724,0,38,1,40000,7130.67919921875,239.199996948242,13.1121339797974,-22.4956665039063
20180724,6,38,1,40000,7091.02490234375,238.5,8.31973266601563,-22.1162357330322
20180724,12,38,1,40000,7061.1337890625,238.099975585938,-1.88958251476288,-18.8960990905762
20180724,18,38,1,40000,7041.1591796875,238.198486328125,4.25995111465454,-2.94901371002197
20180725,0,38,1,40000,7051.93359375,238.800048828125,14.1994171142578,8.05217933654785
20180725,6,38,1,40000,7050.4248046875,236.800003051758,20.2869625091553,9.06449604034424
20180725,12,38,1,40000,7065.75146484375,237.986038208008,29.4360160827637,22.4585876464844
20180725,18,38,1,40000,7090.70703125,238.5,34.2829284667969,11.6059761047363
20180726,0,38,1,40000,7094.12451171875,238.768310546875,36.0250968933105,7.6151270866394
20180726,6,38,1,40000,7089.72998046875,238.431686401367,40.0233001708984,2.17741203308105
20180726,12,38,1,40000,7092.4033203125,237.899993896484,34.1485710144043,-0.942460954189301
20180726,18,38,1,40000,7081.787109375,236.367874145508,28.2293434143066,-0.949306666851044
20180727,0,38,1,40000,7065.7236328125,234.699996948242,26.5849838256836,-2.90096187591553
20180727,6,38,1,40000,7046.99267578125,234.300003051758,23.1545333862305,-1.89029788970947
20180727,12,38,1,40000,7039.6376953125,233.375198364258,18.0898666381836,6.25715351104736
20180727,18,38,1,40000,7057.69677734375,234.977142333984,26.9533004760742,4.70415019989014
20180728,0,38,1,40000,7054.8876953125,235.29997253418,22.4677391052246,5.80240249633789
20180728,6,38,1,40000,7054.974609375,234.600006103516,20.3367481231689,6.0454249382019
20180728,12,38,1,40000,7050.337890625,233.399993896484,20.0255908966064,3.30879640579224
20180728,18,38,1,40000,7059.6533203125,236.585739135742,17.0663280487061,12.0574607849121
20180729,0,38,1,40000,7078.009765625,238.899993896484,18.6433734893799,1.22584962844849
20180729,6,38,1,40000,7043.26123046875,237.199996948242,27.555736541748,7.055908203125
20180729,12,38,1,40000,7075.78369140625,238.699996948242,35.0377349853516,13.0697660446167
20180729,18,38,1,40000,7057.22021484375,239,39.4876708984375,16.5843753814697
20180730,0,38,1,40000,7068.9345703125,238.145309448242,30.0506439208984,27.3095321655273
20180730,6,38,1,40000,7145.67138671875,238.236236572266,24.4159107208252,23.9061031341553
20180730,12,38,1,40000,7186.54052734375,239.614700317383,26.2927646636963,21.8067264556885
20180730,18,38,1,40000,7210.7587890625,241.121917724609,18.2695255279541,12.3593454360962
20180731,0,38,1,40000,7217.94384765625,240.992523193359,12.0550022125244,2.45859384536743
20180731,6,38,1,40000,7196.3779296875,239.29997253418,4.88248920440674,-0.70263671875
20180731,12,38,1,40000,7194.49169921875,238.24723815918,0.63763427734375,-4.99445819854736
20180731,18,38,1,40000,7188.60009765625,238.20068359375,4.37209463119507,-3.79096674919128
20180801,0,38,1,40000,7200.37451171875,237.460601806641,3.39732050895691,3.04680490493774
20180801,6,38,1,40000,7206.0625,237.886032104492,6.15011596679688,3.85806584358215
20180801,12,38,1,40000,7213.64013671875,238.200241088867,9.47311401367188,2.33102416992188
20180801,18,38,1,40000,7214.72119140625,237.699996948242,9.92638874053955,0.775006115436554
20180802,0,38,1,40000,7217.84619140625,237.899993896484,8.61113262176514,-2.19850468635559
20180802,6,38,1,40000,7208.76123046875,237.600006103516,11.6504793167114,-2.60190439224243
20180802,12,38,1,40000,7202.7626953125,237,13.6830720901489,-5.76503896713257
20180802,18,38,1,40000,7185.28955078125,237.100006103516,10.3572483062744,-9.781982421875
20180803,0,38,1,40000,7179.208984375,236.692535400391,8.93931865692139,-7.70264911651611
20180803,6,38,1,40000,7175.099609375,236.738922119141,5.74434185028076,-9.39398193359375
20180803,12,38,1,40000,7181.505859375,236.800003051758,1.50638735294342,-12.2532405853271
20180803,18,38,1,40000,7187.98388671875,237.621917724609,-3.27260446548462,-12.3732786178589
20180804,0,38,1,40000,7200.6337890625,238.699981689453,-3.41727304458618,-16.2010612487793
20180804,6,38,1,40000,7209.271484375,239.600006103516,1.32800900936127,-17.5398559570313
20180804,12,38,1,40000,7228.74560546875,240.699981689453,2.47048950195313,-16.7000770568848
20180804,18,38,1,40000,7223.5625,240.507476806641,-1.39506840705872,-13.067889213562
20180805,0,38,1,40000,7228.10693359375,240.699996948242,-0.803482055664063,-10.3512516021729
20180805,6,38,1,40000,7213.359375,240,-3.64386892318726,-10.6059265136719
20180805,12,38,1,40000,7208.22265625,240.306976318359,-9.53173542022705,-15.4313564300537
20180805,18,38,1,40000,7192.58984375,239.653396606445,-7.14999532699585,-18.6644134521484
20180806,0,38,1,40000,7191.6279296875,238.5,-4.02891540527344,-16.5531921386719
20180806,6,38,1,40000,7187.7900390625,238.151702880859,1.59701657295227,-14.2694339752197
20180806,12,38,1,40000,7201.234375,239.412445068359,-1.47890377044678,-12.657958984375
20180806,18,38,1,40000,7208.05859375,238.985641479492,0.790097653865814,-10.0745267868042
20180807,0,38,1,40000,7223.783203125,238.887405395508,2.20412588119507,-11.3956050872803
20180807,6,38,1,40000,7231.18798828125,240.199981689453,6.57316875457764,-6.27291011810303
20180807,12,38,1,40000,7267.908203125,242.650802612305,8.46588134765625,8.20975589752197
20180807,18,38,1,40000,7275.25146484375,242.300003051758,13.0117359161377,1.34958493709564
20180808,0,38,1,40000,7289.212890625,243.199996948242,12.030047416687,-8.47780799865723
20180808,6,38,1,40000,7278.4287109375,244.470855712891,12.0569667816162,-8.04523944854736
20180808,12,38,1,40000,7259.2216796875,244.290557861328,11.2363834381104,-18.0941047668457
20180808,18,38,1,40000,7221.8232421875,241.910064697266,2.15448307991028,-24.6380977630615
20180809,0,38,1,40000,7179.87109375,242.857574462891,12.5082454681396,-13.0663633346558
20180809,6,38,1,40000,7216.96435546875,239.600006103516,24.2096748352051,14.053503036499
20180809,12,38,1,40000,7247.623046875,239.510009765625,23.3660850524902,8.81755352020264
20180809,18,38,1,40000,7256.81103515625,238.683547973633,22.3677368164063,2.08985590934753
20180810,0,38,1,40000,7258.71630859375,238.5,21.9774265289307,-5.04536151885986
20180810,6,38,1,40000,7237.130859375,238.237594604492,22.9558525085449,-4.56929922103882
20180810,12,38,1,40000,7225.953125,236.800003051758,22.4999179840088,-4.67223501205444
20180810,18,38,1,40000,7208.806640625,236.302032470703,27.5117855072021,-2.82208251953125
20180811,0,38,1,40000,7195.232421875,236.443603515625,24.8676700592041,1.10599362850189
20180811,6,38,1,40000,7204.3857421875,237.410034179688,3.38302302360535,8.13267803192139
20180811,12,38,1,40000,7227.57861328125,237.5,-5.19998788833618,9.77395057678223
20180811,18,38,1,40000,7222.7763671875,237.743576049805,1.19088745117188,5.55556011199951
20180812,0,38,1,40000,7222.3486328125,237.800003051758,4.2326078414917,4.72640085220337
20180812,6,38,1,40000,7201.380859375,238.100006103516,3.0043671131134,6.12714242935181
20180812,12,38,1,40000,7192.52880859375,239.100006103516,-3.34259343147278,5.00574970245361
20180812,18,38,1,40000,7173.98583984375,239.899993896484,-0.571212768554688,2.76700448989868
20180813,0,38,1,40000,7167.3037109375,239.61164855957,2.40000009536743,-1.40973508358002
20180813,6,38,1,40000,7140.263671875,239.800003051758,9.60178565979004,-0.631683349609375
20180813,12,38,1,40000,7127.14501953125,239.536422729492,10.6653137207031,-3.32515859603882
20180813,18,38,1,40000,7105.14501953125,238.782760620117,12.1673946380615,-9.50990009307861
20180814,0,38,1,40000,7042.099609375,238.270843505859,-6.88525390625,-18.0418643951416
20180814,6,38,1,40000,6970.28076171875,234.22216796875,12.2494287490845,-7.45158195495605
20180814,12,38,1,40000,6963.50439453125,234.800003051758,14.357949256897,0.885507822036743
20180814,18,38,1,40000,6953.490234375,235.199996948242,12.8107595443726,-0.7216796875
20180815,0,38,1,40000,6969.0283203125,234.600006103516,14.7343778610229,5.9576563835144
20180815,6,38,1,40000,6994.640625,235.800003051758,8.76592540740967,13.2855958938599
20180815,12,38,1,40000,7058.310546875,237.629150390625,9.95261764526367,19.1882705688477
20180815,18,38,1,40000,7095.06640625,239.529144287109,10.718674659729,22.1511821746826
20180816,0,38,1,40000,7137.33935546875,240.290679931641,15.0328340530396,10.1642723083496
20180816,6,38,1,40000,7144.1318359375,240.399993896484,16.0046539306641,4.49885272979736
20180816,12,38,1,40000,7141.876953125,240,19.1293163299561,-0.758627951145172
20180816,18,38,1,40000,7128.69677734375,239.191986083984,22.9967060089111,-3.71270990371704
20180817,0,38,1,40000,7123.1943359375,239.600006103516,26.6016941070557,-10.3660593032837
20180817,6,38,1,40000,7064.70751953125,237.804443359375,19.731803894043,-12.2107124328613
20180817,12,38,1,40000,7060.1064453125,236.349166870117,21.4045906066895,-5.33905649185181
20180817,18,38,1,40000,7046.693359375,236.100006103516,22.5775947570801,-8.81657981872559
20180818,0,38,1,40000,7019.85888671875,235.81477355957,24.2627201080322,-10.9708681106567
20180818,6,38,1,40000,6988.94189453125,234.800003051758,20.533166885376,-2.86048269271851
20180818,12,38,1,40000,6989.86572265625,233.584197998047,17.6234645843506,4.25901365280151
20180818,18,38,1,40000,6989.97802734375,234.199996948242,29.1233978271484,8.25741004943848
20180819,0,38,1,40000,7001.43359375,234.699981689453,32.3383674621582,12.4510641098022
20180819,6,38,1,40000,7028.841796875,234.899978637695,30.8899707794189,13.2957715988159
20180819,12,38,1,40000,7072.83984375,235.100006103516,27.0723819732666,10.0282516479492
20180819,18,38,1,40000,7095.73583984375,236.821929931641,27.5617561340332,2.12618660926819
20180820,0,38,1,40000,7124.9716796875,238.199981689453,26.2525634765625,-4.10370588302612
20180820,6,38,1,40000,7128.44482421875,240.44612121582,27.0371894836426,-13.2733793258667
20180820,12,38,1,40000,7116.6650390625,240.199981689453,18.5837593078613,-26.4385356903076
20180820,18,38,1,40000,7074.81396484375,240.100006103516,25.2983741760254,-31.3189353942871
20180821,0,38,1,40000,7013.95556640625,238.999969482422,19.3614177703857,-35.6902198791504
20180821,6,38,1,40000,6964.0625,236.653854370117,26.6403217315674,-21.1923923492432
20180821,12,38,1,40000,6953.013671875,236.44612121582,32.4922065734863,-18.7550430297852
20180821,18,38,1,40000,6969.22705078125,234.199996948242,24.3879013061523,-10.4931783676147
20180822,0,38,1,40000,7000.70166015625,232.800003051758,24.8688049316406,-3.73717045783997
20180822,6,38,1,40000,7041.1142578125,234.700241088867,32.2132797241211,-8.76811504364014
20180822,12,38,1,40000,7076.39013671875,236.099761962891,35.7304573059082,-10.0953979492188
20180822,18,38,1,40000,7092.44384765625,237.246124267578,23.7567806243896,-12.3932495117188
20180823,0,38,1,40000,7092.42626953125,238.607467651367,22.5928897857666,-18.7867183685303
20180823,6,38,1,40000,7045.37255859375,238.007476806641,20.6895484924316,-30.35302734375
20180823,12,38,1,40000,6989.455078125,236.899993896484,22.0783634185791,-26.6231746673584
20180823,18,38,1,40000,6944.22509765625,231.79997253418,18.0096473693848,-6.013916015625
20180824,0,38,1,40000,6935.1357421875,231.5,17.0909729003906,0.5172119140625
20180824,6,38,1,40000,6956.896484375,232.699996948242,9.52989196777344,8.73269081115723
20180824,12,38,1,40000,6966.02978515625,232.685302734375,17.5450592041016,8.47861957550049
20180824,18,38,1,40000,6980.49072265625,233.599975585938,16.125452041626,12.2672729492188
20180825,0,38,1,40000,7018.7919921875,234.199981689453,16.0263252258301,16.4769287109375
20180825,6,38,1,40000,7059.67822265625,236.600006103516,18.7999267578125,30.9166870117188
20180825,12,38,1,40000,7112.7626953125,238.5,21.0048522949219,22.8252868652344
20180825,18,38,1,40000,7138.1513671875,239.699996948242,14.3063812255859,15.1613645553589
20180826,0,38,1,40000,7162.52685546875,240.100006103516,7.01083374023438,12.6306581497192
20180826,6,38,1,40000,7182.9287109375,239.79997253418,-0.484228521585464,12.1158752441406
20180826,12,38,1,40000,7210.45947265625,239.268310546875,-3.44669795036316,11.1710147857666
20180826,18,38,1,40000,7219.26513671875,239.100006103516,-6.72456359863281,7.59691762924194
20180827,0,38,1,40000,7241.19384765625,238.79997253418,-5.42072772979736,2.44415283203125
20180827,6,38,1,40000,7256.12939453125,238.70002746582,-0.522201538085938,0.444921880960464
20180827,12,38,1,40000,7269.74267578125,238.699996948242,1.51803278923035,-2.55057382583618
20180827,18,38,1,40000,7268.6806640625,238.600006103516,6.02652883529663,-4.42164325714111
20180828,0,38,1,40000,7278.00830078125,239.600006103516,10.0405836105347,-1.0653076171875
20180828,6,38,1,40000,7282.3232421875,242.399978637695,11.1146459579468,1.08984375
20180828,12,38,1,40000,7284.84130859375,242.699996948242,8.73970222473145,-5.79634761810303
20180828,18,38,1,40000,7261.4033203125,241.300003051758,11.3628854751587,-11.6418800354004
20180829,0,38,1,40000,7261.65869140625,240.438919067383,17.0367183685303,-9.38613796234131
20180829,6,38,1,40000,7251.2841796875,240.168304443359,17.4015922546387,-12.0313186645508
20180829,12,38,1,40000,7241.9150390625,239.246124267578,16.6251068115234,-10.7350387573242
20180829,18,38,1,40000,7227.107421875,240.199996948242,11.3219680786133,-14.2731885910034
20180830,0,38,1,40000,7226.08056640625,241.399993896484,9.76756572723389,-11.1075992584229
20180830,6,38,1,40000,7203.45458984375,241.800003051758,6.94108867645264,-22.3077640533447
20180830,12,38,1,40000,7159.7451171875,241.199981689453,0.162908941507339,-32.8904495239258
20180830,18,38,1,40000,7099.708984375,239,-0.7852783203125,-27.7858028411865
20180831,0,38,1,40000,7065.9423828125,237.300018310547,-0.764843761920929,-18.4136962890625
20180831,6,38,1,40000,7050.361328125,235.600006103516,12.7575931549072,-12.8164367675781
20180831,12,38,1,40000,7043.490234375,235.5,7.22659301757813,-16.9008541107178
20180831,18,38,1,40000,7040.16015625,234.5,8.573974609375,-6.58767080307007
20180901,0,38,1,40000,7055.517578125,236.199996948242,10.015362739563,2.90037846565247
20180901,6,38,1,40000,7105.45458984375,241.899993896484,27.940990447998,12.8091859817505
20180901,12,38,1,40000,7143.86865234375,243.399978637695,21.6880302429199,-2.43450307846069
20180901,18,38,1,40000,7131.359375,241.699996948242,14.0156736373901,-15.8035154342651
20180902,0,38,1,40000,7093.779296875,239.399993896484,24.6871299743652,-13.4580326080322
20180902,6,38,1,40000,7111.37060546875,241.743606567383,17.0500640869141,-14.2866792678833
20180902,12,38,1,40000,7110.6689453125,240.343597412109,20.6897888183594,-15.3319578170776
20180902,18,38,1,40000,7108.6962890625,239.510055541992,27.3338069915771,-17.8133430480957
20180903,0,38,1,40000,7115.09423828125,238.399993896484,24.5096626281738,-24.6855506896973
20180903,6,38,1,40000,7101.44384765625,238.399993896484,16.7525520324707,-29.3563175201416
20180903,12,38,1,40000,7098.7373046875,238.346603393555,11.5036716461182,-30.0667572021484
20180903,18,38,1,40000,7068.9951171875,237.106979370117,11.6663055419922,-27.3316249847412
20180904,0,38,1,40000,7072.482421875,237.499969482422,6.96701335906982,-23.69602394104
20180904,6,38,1,40000,7075.46826171875,237.300003051758,1.84241938591003,-19.7951774597168
20180904,12,38,1,40000,7073.0419921875,236.199996948242,-6.58717060089111,-11.7798433303833
20180904,18,38,1,40000,7078.3525390625,234.79997253418,-13.3745756149292,-4.90115737915039
20180905,0,38,1,40000,7101.126953125,235.399993896484,-23.2400131225586,-1.79079103469849
20180905,6,38,1,40000,7105.6650390625,236.999969482422,-21.1058235168457,4.96775531768799
20180905,12,38,1,40000,7109.22998046875,237.106979370117,-25.5048789978027,7.50003671646118
20180905,18,38,1,40000,7121.37109375,239.600006103516,-20.7362174987793,8.89787006378174
20180906,0,38,1,40000,7142.77294921875,239.300003051758,-11.9910640716553,6.97621583938599
20180906,6,38,1,40000,7146.037109375,240.399993896484,-10.1927032470703,8.6696720123291
20180906,12,38,1,40000,7139.94189453125,240.800003051758,-10.0351686477661,10.5184993743896
20180906,18,38,1,40000,7117.140625,241.699996948242,-5.20110464096069,9.03917217254639
20180907,0,38,1,40000,7107.2607421875,239.985305786133,-6.5010986328125,-1.2373046875
20180907,6,38,1,40000,7093.212890625,238.29997253418,-8.48786640167236,0.280484020709991
20180907,12,38,1,40000,7096.11083984375,238.800003051758,-7.66218566894531,0.522900402545929
20180907,18,38,1,40000,7091.50732421875,239.692535400391,-1.90229487419128,2.50002431869507
20180908,0,38,1,40000,7092.505859375,240.399978637695,3.83815002441406,4.45654296875
20180908,6,38,1,40000,7080.5673828125,240.800003051758,1.73545527458191,7.693603515625
20180908,12,38,1,40000,7072.5849609375,240.899978637695,4.26424551010132,12.2000179290771
20180908,18,38,1,40000,7061.9326171875,240.600006103516,6.1367769241333,15.3699464797974
20180909,0,38,1,40000,7075.42236328125,241,7.22077655792236,16.1005916595459
20180909,6,38,1,40000,7085.8525390625,240.899993896484,13.1383972167969,14.4195613861084
20180909,12,38,1,40000,7096.0654296875,240.300003051758,14.9935426712036,13.2158937454224
20180909,18,38,1,40000,7112.7314453125,239.600006103516,19.3505153656006,13.1036815643311
20180910,0,38,1,40000,7143.005859375,240.29997253418,15.1524171829224,8.41420936584473
20180910,6,38,1,40000,7144.560546875,240.600006103516,8.33980751037598,0.215258792042732
20180910,12,38,1,40000,7144.31982421875,239.899993896484,2.11645030975342,0.942402362823486
20180910,18,38,1,40000,7135.42919921875,239.699996948242,1.61519038677216,-1.71797358989716
20180911,0,38,1,40000,7137.28564453125,239.399993896484,3.3695752620697,-0.599511742591858
20180911,6,38,1,40000,7135.50732421875,238.800003051758,5.5494966506958,5.39928579330444
20180911,12,38,1,40000,7140.26513671875,238.300003051758,6.91952514648438,11.2541446685791
20180911,18,38,1,40000,7166.80615234375,238.100006103516,5.44080209732056,15.8370113372803
20180912,0,38,1,40000,7216.84814453125,238.685302734375,3.22761845588684,20.3000545501709
20180912,6,38,1,40000,7264.990234375,241.5,0.569354236125946,15.2770290374756
20180912,12,38,1,40000,7305.0849609375,242.21467590332,7.03043842315674,12.2482299804688
20180912,18,38,1,40000,7323.02294921875,242.871536254883,5.18869018554688,15.1809206008911
20180913,0,38,1,40000,7347.19140625,242.899993896484,9.34700965881348,11.3650388717651
20180913,6,38,1,40000,7356.40234375,242.900024414063,13.0313053131104,9.38921165466309
20180913,12,38,1,40000,7355.44921875,242.399993896484,18.0554866790771,7.58253192901611
20180913,18,38,1,40000,7343.99560546875,242.199996948242,23.5572624206543,9.85723304748535
20180914,12,38,1,40000,7360.79248046875,243.899978637695,1.84227907657623,8.82528686523438
20180914,18,38,1,40000,7370.43359375,244.599975585938,0.113806150853634,3.75761103630066
20180915,0,38,1,40000,7382.984375,244.600006103516,-2.10015249252319,-0.0984985381364822
20180915,6,38,1,40000,7383.29052734375,244.499969482422,-3.34468078613281,-4.02902221679688
20180915,12,38,1,40000,7380.326171875,244.399993896484,-4.85072040557861,-9.19101524353027
20180915,18,38,1,40000,7361.578125,243.699996948242,-4.38156127929688,-11.7153263092041
20180916,0,38,1,40000,7349.513671875,242.699981689453,-5.90194416046143,-17.4642448425293
20180916,12,38,1,40000,7296.49560546875,241.399993896484,3.46542978286743,-18.3538761138916
20180916,18,38,1,40000,7283.5244140625,240.899993896484,9.57919597625732,-13.8029298782349
20180917,0,38,1,40000,7306.203125,242.300003051758,13.000036239624,-3.82193613052368
20180917,6,38,1,40000,7319.37646484375,242.699996948242,11.3748016357422,2.27969980239868
20180917,12,38,1,40000,7333.7587890625,243.5,9.86979675292969,-5.78277587890625
20180917,18,38,1,40000,7335.30078125,243.899978637695,7.12563180923462,-11.772723197937
20180918,0,38,1,40000,7339.681640625,245.399993896484,13.7091312408447,-12.7311086654663
20180918,6,38,1,40000,7346.6142578125,246.100006103516,16.93603515625,-13.5940132141113
20180918,12,38,1,40000,7352.22998046875,246.699981689453,10.4575901031494,-7.53453636169434
20180918,18,38,1,40000,7348.67041015625,246.5,-0.972539067268372,-9.0343599319458
20180919,0,38,1,40000,7345.6962890625,247.800003051758,-0.724719226360321,-10.236123085022
20180919,6,38,1,40000,7321.640625,246.600006103516,-11.1245918273926,-13.3100242614746
20180919,12,38,1,40000,7302.91748046875,246.800003051758,-2.42406988143921,-9.93981456756592
20180919,18,38,1,40000,7286.36669921875,246.099975585938,-1.98836362361908,-9.17738628387451
20180920,0,38,1,40000,7287.76123046875,244.800003051758,-3.74627447128296,-11.7396774291992
20180920,6,38,1,40000,7254.06982421875,244.300003051758,1.98665463924408,-3.40003657341003
20180920,12,38,1,40000,7230.02392578125,243.399978637695,9.16161823272705,-1.87346196174622
20180920,18,38,1,40000,7219.16357421875,242,13.8296432495117,-3.01896977424622
20180921,0,38,1,40000,7219.525390625,243.031692504883,13.0390672683716,-7.46336936950684
20180921,6,38,1,40000,7201.94140625,241.999969482422,12.4308443069458,-8.77243614196777
20180921,12,38,1,40000,7208.59765625,242.129150390625,11.2246217727661,-11.1742553710938
20180921,18,38,1,40000,7195.42138671875,240.885772705078,1.91375732421875,-13.3694763183594
20180922,0,38,1,40000,7197.240234375,240.100006103516,-1.03510737419128,-13.6975126266479
20180922,6,38,1,40000,7198.60107421875,240.5,-3.24085092544556,-4.30665588378906
20180922,12,38,1,40000,7198.7431640625,240.699996948242,-7.18396282196045,7.81751108169556
20180922,18,38,1,40000,7191.3701171875,240.868316650391,-11.0257778167725,10.0712223052979
20180923,0,38,1,40000,7191.2587890625,240.600006103516,-5.21107482910156,8.24277305603027
20180923,6,38,1,40000,7192.33740234375,241.399993896484,-3.83644723892212,16.1199836730957
20180923,12,38,1,40000,7214.2080078125,242.79997253418,4.35886859893799,11.4681949615479
20180923,18,38,1,40000,7210.103515625,242.100006103516,15.7942142486572,1.46666264533997
20180924,0,38,1,40000,7201.16015625,240.899993896484,20.966236114502,-8.39625835418701
20180924,6,38,1,40000,7171.74853515625,241.399993896484,25.3899421691895,-14.0553588867188
20180924,12,38,1,40000,7101.66943359375,239.999969482422,30.9369564056396,-28.1999664306641
20180924,18,38,1,40000,7028.8642578125,238.199996948242,30.5860633850098,-20.2455863952637
20180925,0,38,1,40000,6947.9267578125,237.499969482422,31.5443229675293,-21.6061153411865
20180925,6,38,1,40000,6928.19921875,237.600006103516,24.2769012451172,5.68084716796875
20180925,12,38,1,40000,6994.236328125,237.199996948242,25.2276916503906,7.29139423370361
20180925,18,38,1,40000,7051.77294921875,236.699996948242,23.9672546386719,8.1834774017334
20180926,0,38,1,40000,7071.27001953125,236.239410400391,24.2098999023438,2.3184540271759
20180926,6,38,1,40000,7065.3466796875,236.099975585938,26.2624320983887,-0.163323968648911
20180926,12,38,1,40000,7070.28759765625,236.5,23.7826499938965,2.20711660385132
20180926,18,38,1,40000,7072.91064453125,236.600006103516,20.061803817749,2.76674795150757
20180927,0,38,1,40000,7097.82177734375,236.331695556641,21.4274597167969,1.95163881778717
20180927,6,38,1,40000,7094.9501953125,235,20.2543487548828,0.613116443157196
20180927,12,38,1,40000,7102.140625,233.821929931641,16.1817989349365,0.758715808391571
20180927,18,38,1,40000,7104.076171875,233.385284423828,13.0777101516724,2.10341191291809
20180928,0,38,1,40000,7125.45068359375,233.800003051758,10.6925477981567,-1.01744389533997
20180928,6,38,1,40000,7127.41796875,235.100006103516,13.9673738479614,-2.126708984375
20180928,12,38,1,40000,7122.31201171875,233.399993896484,6.37665700912476,-3.88006591796875
20180928,18,38,1,40000,7119.70947265625,233.5,6.67746591567993,2.67771005630493
20180929,0,38,1,40000,7137.86767578125,234.199996948242,5.34289073944092,6.7762598991394
20180929,6,38,1,40000,7168.12255859375,236.800003051758,5.09998178482056,16.8165836334229
20180929,12,38,1,40000,7228.8349609375,238.975540161133,3.27706289291382,32.0219421386719
20180929,18,38,1,40000,7287.42236328125,239.975509643555,5.55563640594482,23.2633113861084
20180930,0,38,1,40000,7323.455078125,241.600006103516,2.56083369255066,10.7779664993286
20180930,6,38,1,40000,7339.27978515625,242.800003051758,6.94270944595337,5.35646343231201
20180930,12,38,1,40000,7348.15185546875,242.899993896484,7.44409799575806,2.78635859489441
20180930,18,38,1,40000,7343.1376953125,242.5,6.09393930435181,-1.14393925666809
20181001,0,38,1,40000,7348.78271484375,242.399993896484,7.7211332321167,-6.00002431869507
20181001,6,38,1,40000,7337.97607421875,242.310012817383,8.26767921447754,-8.25626182556152
20181001,12,38,1,40000,7314.62353515625,241.199996948242,9.54659080505371,-10.7387084960938
20181001,18,38,1,40000,7282.32763671875,241.100006103516,13.3392887115479,-9.59519672393799
20181002,0,38,1,40000,7266.71875,240.282760620117,19.1076908111572,-9.73818969726563
20181002,6,38,1,40000,7263.650390625,240.282760620117,14.3195924758911,1.51289677619934
20181002,12,38,1,40000,7273.9482421875,239.800003051758,12.7049684524536,3.17670893669128
20181002,18,38,1,40000,7278.05126953125,240.300003051758,15.3119201660156,1.93122553825378
20181003,0,38,1,40000,7295.91357421875,241.600006103516,18.842321395874,1.20067751407623
20181003,6,38,1,40000,7302.84521484375,242.817230224609,18.0651569366455,1.13170897960663
20181003,12,38,1,40000,7322.39697265625,243.899993896484,12.1101474761963,-1.99102175235748
20181003,18,38,1,40000,7315.76416015625,244.699996948242,11.5720090866089,-6.59267568588257
20181004,0,38,1,40000,7311.43505859375,243.899993896484,11.658727645874,-14.8000183105469
20181004,6,38,1,40000,7285.52490234375,243.599975585938,19.6464023590088,-13.3900423049927
20181004,12,38,1,40000,7272.57080078125,242.399978637695,18.0059814453125,-16.8441104888916
20181004,18,38,1,40000,7275.837890625,241.800018310547,17.1038570404053,2.65064930915833
20181005,0,38,1,40000,7308.06982421875,241.908325195313,15.5722799301147,1.61793458461761
20181005,6,38,1,40000,7318.53125,242.5,18.5854377746582,0.60005795955658
20181005,12,38,1,40000,7330.79296875,243.29997253418,21.739086151123,11.2677001953125
20181005,18,38,1,40000,7334.91015625,243.322677612305,26.503734588623,8.37083721160889
20181006,0,38,1,40000,7348.5673828125,243.899993896484,22.9193916320801,9.31756019592285
20181006,6,38,1,40000,7351.18505859375,243.899993896484,14.9451341629028,7.83118152618408
20181006,12,38,1,40000,7346.85888671875,243.531814575195,12.5796051025391,2.12081289291382
20181006,18,38,1,40000,7317.451171875,243.100006103516,14.7792110443115,-0.364282220602036
20181007,0,38,1,40000,7300.068359375,242.800003051758,15.7699098587036,0.536395251750946
20181007,6,38,1,40000,7276.353515625,242.399993896484,15.1145992279053,2.98565673828125
20181007,12,38,1,40000,7251.15771484375,241.078079223633,20.9457054138184,3.04392099380493
20181007,18,38,1,40000,7234.28271484375,240.124435424805,11.7248287200928,9.95870399475098
20181008,0,38,1,40000,7239.29443359375,239.800003051758,9.77055072784424,12.1047849655151
20181008,6,38,1,40000,7247.01806640625,240.382766723633,7.47228288650513,7.81650876998901
20181008,12,38,1,40000,7250.18701171875,240.800003051758,8.76882362365723,3.35222172737122
20181008,18,38,1,40000,7240.71923828125,241.199996948242,7.79812240600586,0.664472639560699
20181009,0,38,1,40000,7243.134765625,240.699996948242,7.89469289779663,-1.62495112419128
20181009,6,38,1,40000,7236.8544921875,241.300003051758,7.3201322555542,1.76335453987122
20181009,12,38,1,40000,7232.181640625,241.300003051758,5.76081848144531,-0.612719714641571
20181009,18,38,1,40000,7223.6318359375,241.201171875,6.42597675323486,-1.72568356990814
20181010,0,38,1,40000,7236.06103515625,241.641967773438,6.63779926300049,-0.0860168486833572
20181010,6,38,1,40000,7240.57373046875,242,7.68770456314087,6.93209838867188
20181010,12,38,1,40000,7258.86865234375,241.997222900391,10.6977596282959,3.33470153808594
20181010,18,38,1,40000,7261.95263671875,241.5,13.6860322952271,1.76749265193939
20181011,0,38,1,40000,7280.45068359375,242.84358215332,13.1847200393677,0.85107421875
20181011,6,38,1,40000,7278.25732421875,243.100006103516,12.5211944580078,-3.85947275161743
20181011,12,38,1,40000,7256.880859375,243.382766723633,16.2278861999512,-8.69467735290527
20181011,18,38,1,40000,7206.62548828125,243,17.5623683929443,-16.2310371398926
20181012,0,38,1,40000,7125.66748046875,240.053375244141,24.8978996276855,-28.8999881744385
20181012,6,38,1,40000,7126.97509765625,241.600006103516,29.7041721343994,-11.2599000930786
20181012,12,38,1,40000,7128.71875,242.300003051758,27.5895843505859,-17.4616756439209
20181012,18,38,1,40000,7065.96142578125,240.100006103516,26.6854248046875,-29.970251083374
20181013,0,38,1,40000,7028.03173828125,233.100006103516,12.0650272369385,-9.96754741668701
20181013,6,38,1,40000,7041.66015625,233.724456787109,11.4591522216797,4.17333984375
20181013,12,38,1,40000,7099.50048828125,236.053863525391,18.815372467041,19.7212162017822
20181013,18,38,1,40000,7117.421875,236.092529296875,18.936990737915,14.3111143112183
20181014,0,38,1,40000,7151.3466796875,235.729156494141,8.49070739746094,10.6876277923584
20181014,6,38,1,40000,7185.36865234375,236.5,9.2468318939209,12.5828857421875
20181014,12,38,1,40000,7216.72998046875,235.399993896484,6.65430307388306,11.1978330612183
20181014,18,38,1,40000,7227.94140625,236.600006103516,7.54198312759399,12.9632692337036
20181015,0,38,1,40000,7248.91796875,237.099975585938,7.18140888214111,14.3272037506104
20181015,6,38,1,40000,7269.966796875,238.100006103516,7.71601581573486,14.0732479095459
20181015,12,38,1,40000,7281.9443359375,237.899993896484,10.9163208007813,10.058629989624
20181015,18,38,1,40000,7268.01513671875,237.699996948242,15.6768341064453,9.59343910217285
20181016,0,38,1,40000,7261.24365234375,237.199981689453,14.276837348938,9.70017719268799
20181016,6,38,1,40000,7263.60888671875,238.79997253418,8.75805377960205,9.28713417053223
20181016,12,38,1,40000,7261.68603515625,239.399993896484,6.45755290985107,4.46361064910889
20181016,18,38,1,40000,7255.6982421875,240.546112060547,5.47562885284424,6.78834247589111
20181017,0,38,1,40000,7275.44384765625,243,7.01849985122681,7.66144418716431
20181017,6,38,1,40000,7281.8017578125,242.699996948242,10.3737916946411,7.30203247070313
20181017,12,38,1,40000,7293.90380859375,242.899978637695,11.0315427780151,6.74168109893799
20181017,18,38,1,40000,7301.05322265625,244.300003051758,1.67464601993561,7.99447011947632
20181018,0,38,1,40000,7330.37109375,245.5,7.17969036102295,8.99872398376465
20181018,6,38,1,40000,7326.33056640625,243.899993896484,15.5104923248291,12.8528318405151
20181018,12,38,1,40000,7343.580078125,239.999969482422,0.156823724508286,20.436939239502
20181018,18,38,1,40000,7366.22314453125,241.5,5.04851675033569,17.259485244751
20181019,0,38,1,40000,7396.82861328125,243.600006103516,5.50653696060181,14.462194442749
20181019,6,38,1,40000,7409.962890625,244.199996948242,1.3295990228653,13.6930484771729
20181019,18,38,1,40000,7425.2548828125,243.899978637695,7.56934213638306,10.8201475143433
20181020,0,38,1,40000,7436.37451171875,244.499969482422,6.02256488800049,6.16544198989868
20181020,6,38,1,40000,7433.4638671875,244.967864990234,12.4937839508057,4.82247304916382
20181020,12,38,1,40000,7423.361328125,244.860595703125,13.1339569091797,4.58696269989014
20181020,18,38,1,40000,7404.98291015625,244.899993896484,14.8829622268677,4.3935546875
20181021,0,38,1,40000,7399.50146484375,244.995574951172,14.2274045944214,8.05084228515625
20181021,6,38,1,40000,7385.45556640625,245.592529296875,12.9078578948975,13.3804807662964
20181021,12,38,1,40000,7382.4580078125,244.185302734375,5.18991708755493,12.5529537200928
20181021,18,38,1,40000,7373.96826171875,243.300003051758,3.43375253677368,11.3632354736328
20181022,0,38,1,40000,7377.3369140625,243.399993896484,1.07637333869934,12.6005220413208
20181022,6,38,1,40000,7376.86767578125,243.5,-3.96591806411743,11.255877494812
20181022,12,38,1,40000,7374.734375,243.775543212891,-0.20541076362133,14.5480470657349
20181022,18,38,1,40000,7347.9150390625,242.778106689453,-7.30850839614868,22.4024848937988
20181023,0,38,1,40000,7348.404296875,243.44384765625,-16.7438545227051,19.422155380249
20181023,6,38,1,40000,7360.8544921875,244.485305786133,-18.3310737609863,12.6348695755005
20181023,12,38,1,40000,7374.48486328125,244.838912963867,-16.1523494720459,8.24919414520264
20181023,18,38,1,40000,7369.4033203125,244.70002746582,-14.2095975875854,5.30844116210938
20181024,0,38,1,40000,7378.017578125,244.792526245117,-10.6484375,1.89996337890625
20181024,6,38,1,40000,7365.72802734375,244.800003051758,-4.78759145736694,2.29002690315247
20181024,12,38,1,40000,7352.63818359375,244.399993896484,-0.544000267982483,5.92246103286743
20181024,18,38,1,40000,7323.9873046875,244.199981689453,1.34404909610748,6.67620229721069
20181025,0,38,1,40000,7312.015625,244,6.61937856674194,4.6558837890625
20181025,6,38,1,40000,7289.4033203125,244.361083984375,10.3863468170166,1.52575075626373
20181025,12,38,1,40000,7263.56494140625,244.292510986328,12.9874210357666,-4.89865112304688
20181025,18,38,1,40000,7217.36328125,241.392547607422,15.0753231048584,-7.90380859375
20181026,0,38,1,40000,7209.931640625,238.699996948242,17.7802619934082,11.1856327056885
20181026,6,38,1,40000,7229.4814453125,240.499969482422,14.9397706985474,12.3023433685303
20181026,12,38,1,40000,7245.47705078125,241.207473754883,14.6589632034302,5.58579730987549
20181026,18,38,1,40000,7240.86572265625,241.100006103516,16.2160148620605,1.05950927734375
20181027,0,38,1,40000,7255.1220703125,242.843460083008,16.0631294250488,-0.886877417564392
20181027,6,38,1,40000,7254.1650390625,244.082366943359,17.1418552398682,-6.19997549057007
20181027,12,38,1,40000,7250.04736328125,244.24348449707,15.4953279495239,-13.4706239700317
20181027,18,38,1,40000,7227.330078125,244.29997253418,11.946551322937,-10.9263553619385
20181028,0,38,1,40000,7218.2998046875,243.468307495117,14.0426330566406,-19.2776126861572
20181028,6,38,1,40000,7196.6943359375,243.5,11.2751560211182,-14.4420289993286
20181028,12,38,1,40000,7181.16552734375,242.920318603516,8.01662254333496,-17.032995223999
20181028,18,38,1,40000,7141.19677734375,242.097442626953,7.29317617416382,-21.4166011810303
20181029,0,38,1,40000,7121.85107421875,241.033325195313,6.41788625717163,-17.9718818664551
20181029,6,38,1,40000,7064.63134765625,240.323043823242,1.79688107967377,-24.198413848877
20181029,12,38,1,40000,7004.7255859375,237.041946411133,9.00401020050049,-13.0346126556396
20181029,18,38,1,40000,7025.13232421875,238.100006103516,25.5012016296387,-13.2303037643433
20181030,0,38,1,40000,7063.224609375,238.300003051758,18.9922637939453,-17.6046333312988
20181030,6,38,1,40000,7052.75439453125,237.699996948242,11.2857027053833,-10.4488401412964
20181030,12,38,1,40000,7055.94873046875,236.29997253418,3.10089421272278,-0.133233636617661
20181030,18,38,1,40000,7070.3662109375,236.300003051758,2.03191518783569,5.00916767120361
20181031,0,38,1,40000,7100.51123046875,237.513061523438,8.40182781219482,11.7000064849854
20181031,6,38,1,40000,7126.47705078125,240.800018310547,16.3884239196777,18.4966926574707
20181031,12,38,1,40000,7131.26708984375,240.100006103516,20.7707672119141,7.89926767349243
20181031,18,38,1,40000,7114.033203125,239.21305847168,25.5265560150146,6.39703369140625
20181101,0,38,1,40000,7098.96484375,238.240524291992,22.5153560638428,-6.8333740234375
20181101,6,38,1,40000,7041.64892578125,235.800003051758,4.30739736557007,-10.6029109954834
20181101,12,38,1,40000,7041.99609375,234.300003051758,-2.10357666015625,1.9202538728714
20181101,18,38,1,40000,7055.7705078125,233.437255859375,-2.78464961051941,2.74988412857056
20181102,0,38,1,40000,7094.8642578125,235,5.18516826629639,6.38497924804688
20181102,6,38,1,40000,7164.05615234375,239.999969482422,2.80086660385132,39.7855834960938
20181102,12,38,1,40000,7220.5693359375,243.718872070313,9.37991619110107,36.1374893188477
20181102,18,38,1,40000,7250.638671875,246.349212646484,13.7467012405396,33.6325492858887
20181103,0,38,1,40000,7296.53515625,248.084518432617,12.5269594192505,30.2023677825928
20181103,6,38,1,40000,7316.509765625,249,20.5377082824707,13.3429441452026
20181103,12,38,1,40000,7315.31689453125,247.711700439453,14.8149137496948,6.69587421417236
20181103,18,38,1,40000,7288,244.899993896484,24.2252197265625,2.42513418197632
20181104,0,38,1,40000,7229.900390625,245.699996948242,43.9550132751465,7.901123046875
20181104,6,38,1,40000,7209.4638671875,245.736373901367,42.6145553588867,4.92647075653076
20181104,12,38,1,40000,7196.09521484375,244.399993896484,35.4141273498535,11.711217880249
20181104,18,38,1,40000,7225.64111328125,244.499969482422,23.3073425292969,16.0581912994385
20181105,0,38,1,40000,7267.0888671875,245.099975585938,16.8556423187256,6.90557861328125
20181105,6,38,1,40000,7285.44580078125,245.699996948242,12.706036567688,3.70550537109375
20181105,12,38,1,40000,7299.31103515625,245.724456787109,9.25230121612549,2.40016484260559
20181105,18,38,1,40000,7306.33544921875,243.699996948242,4.88035297393799,6.97108173370361
20181106,0,38,1,40000,7335.60205078125,243.600006103516,1.8212798833847,5.35478496551514
20181106,6,38,1,40000,7346.45947265625,243.808395385742,0.00373535160906613,3.83429574966431
20181106,12,38,1,40000,7361.861328125,244.256546020508,-4.32108449935913,1.73101198673248
20181106,18,38,1,40000,7365.46728515625,245.6005859375,-6.31821918487549,-2.79984140396118
20181107,0,38,1,40000,7391.10888671875,246.74919128418,-7.05799579620361,-3.47313237190247
20181107,6,38,1,40000,7405.91796875,248.669525146484,-7.46933603286743,-5.35228252410889
20181107,12,38,1,40000,7431.2001953125,249.932327270508,-5.26648569107056,-4.889404296875
20181107,18,38,1,40000,7439.31298828125,250.405029296875,-2.41052556037903,1.54326176643372
20181108,0,38,1,40000,7465.43115234375,251.225921630859,-2.62650156021118,2.08088374137878
20181108,6,38,1,40000,7469.60791015625,251.53776550293,-1.01846313476563,1.04541015625
20181108,12,38,1,40000,7473.9619140625,251.0087890625,-1.05340886116028,-1.9798583984375
20181108,18,38,1,40000,7459.03857421875,251.600006103516,0.0457214340567589,-0.644000232219696
20181109,0,38,1,40000,7446.984375,251.063629150391,0.534924328327179,-2.63984370231628
20181109,6,38,1,40000,7414.93896484375,250.399993896484,3.40617060661316,-5.42889404296875
20181109,12,38,1,40000,7394.54931640625,249.199996948242,9.0732421875,-8.18435382843018
20181109,18,38,1,40000,7370.34228515625,247.527557373047,14.8046169281006,-6.77073383331299
20181110,0,38,1,40000,7378.8388671875,246.800003051758,16.7981071472168,-9.03962421417236
20181110,6,38,1,40000,7379.96923828125,246.800003051758,15.3427248001099,-9.0461483001709
20181110,12,38,1,40000,7386.0751953125,246.199996948242,15.4884433746338,-3.49999380111694
20181110,18,38,1,40000,7381.28955078125,245.682250976563,14.7305240631104,-0.599224865436554
20181111,0,38,1,40000,7397.65478515625,245.199981689453,12.0625944137573,-2.13231801986694
20181111,6,38,1,40000,7383.9775390625,245.100006103516,10.5924625396729,-7.50631093978882
20181111,12,38,1,40000,7375.607421875,245.014724731445,13.2633209228516,-6.48103618621826
20181111,18,38,1,40000,7353.61376953125,244.5,14.5302982330322,-5.17940664291382
20181112,0,38,1,40000,7353.6748046875,244,17.0928401947021,-4.46433734893799
20181112,6,38,1,40000,7323.12939453125,242.744964599609,25.2974491119385,-3.72656869888306
20181112,12,38,1,40000,7330.087890625,244.499969482422,14.2505702972412,3.4415283203125
20181112,18,38,1,40000,7320.60791015625,243.906951904297,20.6917972564697,-0.64776611328125
20181113,0,38,1,40000,7313.68603515625,243.800003051758,26.764965057373,0.351089477539063
20181113,6,38,1,40000,7321.38427734375,242.899993896484,14.0391483306885,10.2038822174072
20181113,12,38,1,40000,7342.3369140625,242.17805480957,11.8732509613037,8.21384239196777
20181113,18,38,1,40000,7354.94677734375,242.624465942383,2.55428457260132,7.79235219955444
20181114,0,38,1,40000,7372.3642578125,242.899978637695,1.36420595645905,5.67637920379639
20181114,6,38,1,40000,7377.8388671875,242.800003051758,-0.770455956459045,6.62646484375
20181114,12,38,1,40000,7382.9423828125,242.407348632813,-3.74446725845337,5.67092275619507
20181114,18,38,1,40000,7378.53271484375,242.600006103516,-4.05556631088257,3.78348684310913
20181115,0,38,1,40000,7387.490234375,243.199996948242,-4.43176889419556,3.62663578987122
20181115,6,38,1,40000,7382.52685546875,243.199981689453,-3.81466674804688,1.35235905647278
20181115,12,38,1,40000,7376.1962890625,243.199996948242,-3.28627014160156,0.507254004478455
20181115,18,38,1,40000,7355.37939453125,242.865264892578,-2.14600515365601,0.867944359779358
20181116,0,38,1,40000,7355.0576171875,243.146148681641,-2.66448354721069,0.97536313533783
20181116,6,38,1,40000,7342.3173828125,243.199996948242,-1.77792966365814,0.177069097757339
20181116,12,38,1,40000,7333.57568359375,243.07780456543,0.202804565429688,-0.240393072366714
20181116,18,38,1,40000,7314.78369140625,243,-0.483251959085464,1.20862126350403
20181117,0,38,1,40000,7313.89208984375,243.199981689453,-0.108282469213009,-0.422927856445313
20181117,6,38,1,40000,7301.80615234375,243.600006103516,0.799908459186554,-2.46441650390625
20181117,12,38,1,40000,7287.49951171875,243.354034423828,3.35388803482056,-5.31536865234375
20181117,18,38,1,40000,7258.302734375,243.199996948242,3.7697479724884,-6.84781503677368
20181118,0,38,1,40000,7248.88818359375,242.359832763672,6.69070720672607,-9.44001483917236
20181118,6,38,1,40000,7228.736328125,242.911651611328,10.1487274169922,-6.64113759994507
20181118,12,38,1,40000,7212.07861328125,242,10.7617797851563,-8.8651180267334
20181118,18,38,1,40000,7187.619140625,240.800003051758,14.134747505188,-14.7999324798584
20181119,0,38,1,40000,7193.541015625,242.600006103516,7.63641977310181,-18.9196166992188
20181119,6,38,1,40000,7170.72998046875,242.800003051758,5.69212627410889,-21.904369354248
20181119,12,38,1,40000,7162.0751953125,241.899978637695,6.81166362762451,-16.4979972839355
20181119,18,38,1,40000,7154.494140625,241.300003051758,5.92991352081299,-19.7349491119385
20181120,0,38,1,40000,7176.03759765625,242.001953125,3.93880009651184,-20.9999694824219
20181120,6,38,1,40000,7157.58203125,241.599975585938,5.23729848861694,-24.298547744751
20181120,12,38,1,40000,7139.69140625,240.800003051758,4.22226572036743,-31.5317134857178
20181120,18,38,1,40000,7086.62548828125,240.199996948242,17.3797550201416,-29.5041809082031
20181121,0,38,1,40000,7116.68017578125,237,17.6056156158447,-22.0000190734863
20181121,6,38,1,40000,7110.93701171875,237.399993896484,7.48086261749268,-18.130859375
20181121,12,38,1,40000,7107.99609375,236.199996948242,5.7699613571167,-13.6988773345947
20181121,18,38,1,40000,7087.34521484375,237.199996948242,2.78641057014465,-17.6533088684082
20181122,0,38,1,40000,7083.10009765625,236.699996948242,-1.11137998104095,-17.9704284667969
20181122,6,38,1,40000,7077.03125,238.600006103516,-0.108081057667732,-0.804467797279358
20181122,12,38,1,40000,7133.716796875,243.202667236328,17.5967311859131,16.3596992492676
20181122,18,38,1,40000,7202.73046875,246.828704833984,25.3531551361084,23.7130489349365
20181123,0,38,1,40000,7260.76318359375,246.805374145508,23.5008792877197,17.6999454498291
20181123,6,38,1,40000,7298.2392578125,248.33332824707,24.2915840148926,17.3999824523926
20181123,12,38,1,40000,7324.80078125,248.247772216797,18.6172065734863,7.12119150161743
20181123,18,38,1,40000,7321.39013671875,247.75944519043,18.5464744567871,4.04606914520264
20181124,0,38,1,40000,7339.48583984375,248.673858642578,16.8485527038574,-2.7442626953125
20181124,6,38,1,40000,7331.20751953125,249.062286376953,16.5897579193115,-12.3533992767334
20181124,12,38,1,40000,7315.01416015625,248.679733276367,11.7618770599365,-13.3586978912354
20181124,18,38,1,40000,7289.75830078125,247.86067199707,5.92174053192139,-11.2974147796631
20181125,0,38,1,40000,7268.86572265625,246.772491455078,6.49769878387451,-11.3069667816162
20181125,6,38,1,40000,7234.0185546875,246.699996948242,1.85477292537689,-11.5291233062744
20181125,12,38,1,40000,7203.453125,243.972457885742,-1.1366308927536,-7.72721672058105
20181125,18,38,1,40000,7191.37646484375,243.672485351563,11.2681150436401,-4.93155288696289
20181126,0,38,1,40000,7214.40380859375,245.199996948242,12.884596824646,-6.16116714477539
20181126,6,38,1,40000,7212.90673828125,244.940551757813,11.7132873535156,-4.59679555892944
20181126,12,38,1,40000,7225.89990234375,244.300003051758,11.2174320220947,-10.2141990661621
20181126,18,38,1,40000,7204.30517578125,243.300003051758,11.3383359909058,-10.9359798431396
20181127,0,38,1,40000,7207.77685546875,243.899993896484,13.246789932251,-8.71951866149902
20181127,6,38,1,40000,7219.869140625,247.100006103516,10.4595766067505,-10.717791557312
20181127,12,38,1,40000,7211.51806640625,247.072509765625,0.713706076145172,-12.0070991516113
20181127,18,38,1,40000,7176.833984375,245.699996948242,-7.5005931854248,2.06142568588257
20181128,0,38,1,40000,7184.248046875,245.97868347168,-4.57146739959717,4.92113304138184
20181128,6,38,1,40000,7201.65869140625,246.000030517578,1.18511235713959,5.58523941040039
20181128,12,38,1,40000,7220.51513671875,245.4208984375,4.7267918586731,2.78227043151855
20181128,18,38,1,40000,7228.31396484375,244.600006103516,5.70086431503296,3.56980466842651
20181129,0,38,1,40000,7254.3857421875,244.3896484375,11.6167850494385,2.80171513557434
20181129,6,38,1,40000,7275.05517578125,243.80387878418,11.8991422653198,4.58162832260132
20181129,12,38,1,40000,7304.13916015625,246.5,16.3287754058838,14.2000484466553
20181129,18,38,1,40000,7310.25634765625,245.199996948242,13.084342956543,3.19960451126099
20181130,0,38,1,40000,7313.42041015625,245.399993896484,13.0384006500244,2.94225597381592
20181130,6,38,1,40000,7324.65234375,246.399993896484,12.7214384078979,4.25833988189697
20181130,12,38,1,40000,7337.41259765625,247.121017456055,10.9022121429443,-1.04614746570587
20181130,18,38,1,40000,7335.65869140625,247.83349609375,13.4246025085449,-5.31113290786743
20181201,0,38,1,40000,7336.955078125,247.08464050293,5.06136178970337,-12.4687070846558
20181201,6,38,1,40000,7317.50830078125,246.518768310547,5.78373432159424,-12.0856447219849
20181201,12,38,1,40000,7318.91796875,246.399993896484,4.39991760253906,-7.09812021255493
20181201,18,38,1,40000,7305.11572265625,244.74055480957,-1.22233581542969,-10.593297958374
20181202,0,38,1,40000,7314.13671875,246.594436645508,0.314764410257339,-25.60400390625
20181202,6,38,1,40000,7301.74169921875,246.491088867188,-2.59584355354309,-16.3997745513916
20181202,12,38,1,40000,7279.89794921875,245.42610168457,-6.20242023468018,-14.4532718658447
20181202,18,38,1,40000,7246.27685546875,243.516204833984,1.10459291934967,-10.2307920455933
20181203,0,38,1,40000,7273.5986328125,245.327514648438,12.0438938140869,-8.48668193817139
20181203,6,38,1,40000,7280.82568359375,245.712768554688,2.30186772346497,-12.4200439453125
20181203,12,38,1,40000,7286.01171875,245.899993896484,5.15847158432007,-6.99319458007813
20181203,18,38,1,40000,7290.53955078125,245.733688354492,11.5267391204834,-1.62701416015625
20181204,0,38,1,40000,7317.27001953125,246.824554443359,11.2098636627197,-0.489709466695786
20181204,6,38,1,40000,7330.05859375,245.585372924805,22.7136535644531,0.140063479542732
20181204,12,38,1,40000,7346.13427734375,246.813278198242,22.3414821624756,-8.49465942382813
20181204,18,38,1,40000,7332.845703125,246.899932861328,28.4814758300781,-11.3002681732178
20181205,0,38,1,40000,7323.81005859375,246.399978637695,31.0037174224854,-19.300012588501
20181205,6,38,1,40000,7299.2001953125,246.81462097168,33.670539855957,-17.0023918151855
20181205,12,38,1,40000,7280.80810546875,246.399993896484,31.3646793365479,-15.8839416503906
20181205,18,38,1,40000,7244.46240234375,245.30241394043,32.2267990112305,-21.4393367767334
20181206,0,38,1,40000,7191.37548828125,244.400024414063,37.9838562011719,-31.8226928710938
20181206,6,38,1,40000,7115.021484375,239.5107421875,18.8360290527344,-13.5969114303589
20181206,12,38,1,40000,7130.30810546875,236.328979492188,8.83400249481201,6.38739013671875
20181206,18,38,1,40000,7158.64111328125,235.927978515625,2.46567392349243,14.0711488723755
20181207,0,38,1,40000,7210.2548828125,238.361450195313,-1.74022829532623,19.0372123718262
20181207,6,38,1,40000,7254.11767578125,241.371780395508,-4.17484760284424,29.0800724029541
20181207,12,38,1,40000,7302.55322265625,245.667846679688,-4.20253896713257,31.7164916992188
20181207,18,38,1,40000,7338.01171875,246.100021362305,-1.33650147914886,30.240650177002
20181208,0,38,1,40000,7379.78076171875,247.151336669922,1.95858883857727,31.0171680450439
20181208,6,38,1,40000,7401.33642578125,248.41389465332,3.29145503044128,25.2807235717773
20181208,12,38,1,40000,7413.763671875,248.40446472168,4.7354564666748,20.9457321166992
20181208,18,38,1,40000,7408.17236328125,249.718353271484,7.31394052505493,26.5626010894775
20181209,0,38,1,40000,7423.63818359375,250.300003051758,5.45999765396118,19.506763458252
20181209,6,38,1,40000,7417.40869140625,250.003997802734,9.16060447692871,12.6929569244385
20181209,12,38,1,40000,7407.85107421875,249.100006103516,8.0846586227417,11.3798046112061
20181209,18,38,1,40000,7385.2939453125,248.591400146484,6.87223672866821,10.2427062988281
20181210,0,38,1,40000,7384.4111328125,249.01579284668,9.67491436004639,10.724817276001
20181210,6,38,1,40000,7367.02978515625,249.088836669922,12.4778871536255,15.9375057220459
20181210,12,38,1,40000,7366.64794921875,248.4267578125,12.353289604187,12.4697751998901
20181210,18,38,1,40000,7347.92626953125,247.699981689453,14.2708406448364,8.98496723175049
20181211,0,38,1,40000,7352.70703125,247.876953125,11.2999210357666,9.57546424865723
20181211,6,38,1,40000,7347.97265625,248.054977416992,11.0416965484619,7.5107421875
20181211,12,38,1,40000,7344.27734375,247.372436523438,12.8999938964844,0.970617651939392
20181211,18,38,1,40000,7322.77392578125,246.406768798828,15.1810245513916,-2.01550912857056
20181212,0,38,1,40000,7316.79833984375,245.480926513672,9.15122032165527,-4.34900188446045
20181212,6,38,1,40000,7303.53515625,244.800003051758,7.68512868881226,-2.50782775878906
20181212,12,38,1,40000,7309.26318359375,244.085601806641,6.13448190689087,4.00784587860107
20181212,18,38,1,40000,7317.72705078125,244.487869262695,6.68663644790649,2.41852426528931
20181213,0,38,1,40000,7331.6298828125,244.627532958984,2.4482696056366,-0.483648687601089
20181213,6,38,1,40000,7334.24609375,244.329147338867,2.23103022575378,-0.826751708984375
20181213,12,38,1,40000,7340.474609375,243.699996948242,2.69577932357788,-0.823858618736267
20181213,18,38,1,40000,7332.57958984375,242.500030517578,2.64442133903503,-2.5457763671875
20181214,0,38,1,40000,7350.935546875,243.020263671875,2.59154963493347,-3.03353261947632
20181214,6,38,1,40000,7345.05810546875,242.699996948242,2.69255375862122,-2.51910400390625
20181214,12,38,1,40000,7348.61181640625,242.421661376953,0.717236340045929,-2.79913949966431
20181214,18,38,1,40000,7339.7529296875,242.300003051758,0.627465844154358,-1.17859494686127
20181215,0,38,1,40000,7357.3876953125,242.899993896484,-2.62854623794556,4.30036020278931
20181215,6,38,1,40000,7364.62255859375,243.460372924805,-4.79587411880493,6.72939443588257
20181215,12,38,1,40000,7377.38134765625,243.513092041016,-5.98727703094482,8.1737003326416
20181215,18,38,1,40000,7399.12548828125,246.60498046875,-14.5997257232666,11.8289337158203
20181216,0,38,1,40000,7439.8212890625,247.999969482422,-12.0968570709229,12.1128206253052
20181216,6,38,1,40000,7462.45751953125,248.399978637695,-8.84965229034424,13.4341583251953
20181216,12,38,1,40000,7480.74951171875,248.70002746582,-4.25571298599243,9.66012859344482
20181216,18,38,1,40000,7479.57080078125,248.600006103516,-4.87153339385986,2.91945505142212
20181217,0,38,1,40000,7493.7470703125,249.199996948242,-5.16788625717163,-0.543060302734375
20181217,6,38,1,40000,7487.9091796875,249.199996948242,-6.01375102996826,-0.799957275390625
20181217,12,38,1,40000,7477.19482421875,248.804397583008,-5.07770681381226,-1.9552001953125
20181217,18,38,1,40000,7443.38330078125,248.141143798828,-4.08127450942993,0.617437720298767
20181218,0,38,1,40000,7425.3544921875,248.27392578125,-4.79543781280518,1.29323732852936
20181218,6,38,1,40000,7392.73046875,248.334869384766,-0.894961535930634,2.92219853401184
20181218,12,38,1,40000,7368.93798828125,249.087738037109,3.59166860580444,1.21059572696686
