20180720,0,-30,72,40000,7656.373046875,257.200012207031,-9.39737224578857,4.21533203125
20180720,6,-30,72,40000,7661.09521484375,257.285278320313,-8.43989276885986,3.37722158432007
20180720,12,-30,72,40000,7645.73388671875,256.200012207031,-7.72316265106201,1.01162719726563
20180720,18,-30,72,40000,7656.9306640625,256.785308837891,-9.4242000579834,2.78886723518372
20180721,0,-30,72,40000,7651.00634765625,257.314697265625,-10.8867244720459,6.57933330535889
20180721,6,-30,72,40000,7658.26611328125,256.799987792969,-10.0349063873291,7.11613750457764
20180721,12,-30,72,40000,7644.8681640625,256.799987792969,-7.81732797622681,10.604510307312
20180721,18,-30,72,40000,7662.21826171875,257.299987792969,-6.93057870864868,10.1961364746094
20180722,0,-30,72,40000,7672.8193359375,258,-6.45118427276611,5.46137714385986
20180722,6,-30,72,40000,7679.07177734375,258.399993896484,-8.70851421356201,7.91277456283569
20180722,12,-30,72,40000,7667.21484375,257.399993896484,-7.96178579330444,6.56423950195313
20180722,18,-30,72,40000,7680.16064453125,257.200012207031,-8.5950984954834,6.73031616210938
20180723,0,-30,72,40000,7685.56201171875,257.299987792969,-7.58829355239868,4.89159536361694
20180723,6,-30,72,40000,7688.732421875,257.299987792969,-8.16670227050781,10.214391708374
20180723,12,-30,72,40000,7679.18017578125,257.200012207031,-7.84742450714111,6.09646892547607
20180723,18,-30,72,40000,7691.9638671875,257.137756347656,-4.37225341796875,6.43977069854736
20180724,0,-30,72,40000,7698.3994140625,257.399993896484,-6.08786630630493,2.10433340072632
20180724,6,-30,72,40000,7705.90478515625,257.700012207031,-5.88026714324951,4.88376474380493
20180724,12,-30,72,40000,7688.013671875,256.699981689453,-1.45958256721497,4.20390129089355
20180724,18,-30,72,40000,7707.4794921875,256.498474121094,-5.57004880905151,-0.0890136733651161
20180725,0,-30,72,40000,7704.53369140625,256.900054931641,-5.70058298110962,-2.14782094955444
20180725,6,-30,72,40000,7709.705078125,257.100006103516,-3.81303715705872,-4.63550424575806
20180725,12,-30,72,40000,7689.2314453125,255.586029052734,-2.76398324966431,-5.24141216278076
20180725,18,-30,72,40000,7703.22705078125,255.899993896484,-6.7470703125,-3.14402341842651
20180726,0,-30,72,40000,7680.80419921875,257.168304443359,-4.74490213394165,-4.59487295150757
20180726,6,-30,72,40000,7693.93017578125,257.531677246094,-9.26669883728027,2.097412109375
20180726,12,-30,72,40000,7668.4033203125,256.899993896484,1.9085693359375,0.577539086341858
20180726,18,-30,72,40000,7675.466796875,257.667877197266,-7.36065673828125,-5.60930681228638
20180727,0,-30,72,40000,7673.9638671875,258.299987792969,-6.52501726150513,-4.33096170425415
20180727,6,-30,72,40000,7672.232421875,258.200012207031,-1.52546632289886,-4.89029788970947
20180727,12,-30,72,40000,7640.5576171875,258.475189208984,-6.30013418197632,-2.43284678459167
20180727,18,-30,72,40000,7655.93701171875,257.877136230469,-4.40669918060303,-0.175849616527557
20180728,0,-30,72,40000,7655.7275390625,258.299987792969,-4.27226066589355,0.352402329444885
20180728,6,-30,72,40000,7660.734375,257.899993896484,-2.19325184822083,-1.08457517623901
20180728,12,-30,72,40000,7646.5380859375,258,-3.20440912246704,-0.811203598976135
20180728,18,-30,72,40000,7663.4130859375,257.685729980469,-3.47367191314697,-3.02253913879395
20180729,0,-30,72,40000,7665.25,258.899993896484,-4.28662586212158,-1.58415043354034
20180729,6,-30,72,40000,7673.021484375,257.700012207031,-1.09426271915436,-3.77409172058105
20180729,12,-30,72,40000,7655.5439453125,257.399993896484,-2.49226570129395,-2.90023446083069
20180729,18,-30,72,40000,7670.10009765625,258.299987792969,-3.89232921600342,-1.15562498569489
20180730,0,-30,72,40000,7665.01416015625,258.845306396484,-2.57935547828674,-1.01046872138977
20180730,6,-30,72,40000,7668.51123046875,258.13623046875,-2.91408944129944,-1.64389646053314
20180730,12,-30,72,40000,7653.98046875,257.214691162109,-1.70723569393158,0.406726062297821
20180730,18,-30,72,40000,7669.55859375,257.621917724609,0.479526370763779,2.04934573173523
20180731,0,-30,72,40000,7665.1435546875,257.392517089844,5.05500173568726,-4.04140615463257
20180731,6,-30,72,40000,7664.21826171875,257.299987792969,-4.51751089096069,2.39736318588257
20180731,12,-30,72,40000,7645.77197265625,257.647247314453,-0.762365698814392,3.90554189682007
20180731,18,-30,72,40000,7647.9599609375,258.000671386719,-1.92790532112122,1.40903317928314
20180801,0,-30,72,40000,7656.6142578125,257.860595703125,-4.10267925262451,2.14680480957031
20180801,6,-30,72,40000,7662.2626953125,257.386047363281,-4.24988412857056,0.55806577205658
20180801,12,-30,72,40000,7647.64013671875,257.100250244141,-3.52688598632813,-3.46897578239441
20180801,18,-30,72,40000,7661.521484375,256.899993896484,-7.87361145019531,-6.02499389648438
20180802,0,-30,72,40000,7656.84619140625,257.299987792969,-6.78886699676514,-3.99850463867188
20180802,6,-30,72,40000,7661.96142578125,257.700012207031,-5.74952077865601,-2.90190434455872
20180802,12,-30,72,40000,7648.5625,256.899993896484,-5.4169282913208,-5.46503925323486
20180802,18,-30,72,40000,7662.92919921875,256.899993896484,-1.74275207519531,-1.88198244571686
20180803,0,-30,72,40000,7660.40869140625,258.192535400391,-1.56068110466003,-3.60264897346497
20180803,6,-30,72,40000,7655.939453125,257.338928222656,-1.45565795898438,-0.593981921672821
20180803,12,-30,72,40000,7651.70556640625,256.700012207031,2.10638737678528,-2.75324106216431
20180803,18,-30,72,40000,7661.3837890625,256.821929931641,-2.77260446548462,-4.17327880859375
20180804,0,-30,72,40000,7654.7939453125,257.499969482422,3.18272709846497,-8.80106163024902
20180804,6,-30,72,40000,7661.8310546875,256.5,-0.671990990638733,-2.73985600471497
20180804,12,-30,72,40000,7640.86572265625,257.299987792969,-2.92951059341431,-5.10007619857788
20180804,18,-30,72,40000,7657.16259765625,257.807464599609,-9.59506797790527,-5.26788949966431
20180805,0,-30,72,40000,7652.7470703125,258,-10.7034816741943,-6.25125122070313
20180805,6,-30,72,40000,7654.71923828125,257.5,-10.1438694000244,-2.00592660903931
20180805,12,-30,72,40000,7651.34228515625,257.706970214844,-9.73173522949219,-4.03135681152344
20180805,18,-30,72,40000,7669.669921875,257.053405761719,-8.69999504089355,-2.9544141292572
20180806,0,-30,72,40000,7658.7880859375,257.799987792969,-11.0289154052734,-3.85319209098816
20180806,6,-30,72,40000,7659.02978515625,258.151702880859,-11.9629831314087,-4.78943347930908
20180806,12,-30,72,40000,7650.79443359375,257.112457275391,-8.23890399932861,-7.36795902252197
20180806,18,-30,72,40000,7659.1787109375,256.885650634766,-13.7899026870728,-6.09452629089355
20180807,0,-30,72,40000,7648.462890625,256.987396240234,-12.6258735656738,-6.89560556411743
20180807,6,-30,72,40000,7645.18798828125,257.799987792969,-12.7168312072754,-2.99291014671326
20180807,12,-30,72,40000,7628.18798828125,256.850799560547,-11.0741186141968,-1.01024413108826
20180807,18,-30,72,40000,7637.291015625,256.399993896484,-10.4282646179199,3.41958498954773
20180808,0,-30,72,40000,7628.05322265625,256.799987792969,-8.66995239257813,-0.3778076171875
20180808,6,-30,72,40000,7634.98876953125,256.470855712891,-8.64303302764893,2.35476064682007
20180808,12,-30,72,40000,7624.5419921875,256.490539550781,-3.26361703872681,6.10589599609375
20180808,18,-30,72,40000,7639.38330078125,256.81005859375,-0.745516955852509,2.56190180778503
20180809,0,-30,72,40000,7627.59130859375,257.757568359375,-4.79175424575806,1.63363647460938
20180809,6,-30,72,40000,7636.64453125,257.799987792969,-4.19032573699951,-0.746496558189392
20180809,12,-30,72,40000,7618.8232421875,257.309997558594,3.56608581542969,7.51755380630493
20180809,18,-30,72,40000,7634.3310546875,257.583557128906,4.16773700714111,7.18985605239868
20180810,0,-30,72,40000,7635.15625,258.200012207031,4.87742614746094,3.55463862419128
20180810,6,-30,72,40000,7637.7705078125,257.237609863281,4.45585346221924,-2.56929922103882
20180810,12,-30,72,40000,7618.193359375,256.899993896484,3.19991755485535,-0.972235083580017
20180810,18,-30,72,40000,7629.0869140625,257.202026367188,6.91178607940674,3.57791757583618
20180811,0,-30,72,40000,7621.3125,257.243591308594,9.16766929626465,2.30599355697632
20180811,6,-30,72,40000,7618.025390625,257.210021972656,3.58302307128906,-5.46732187271118
20180811,12,-30,72,40000,7597.49853515625,256.700012207031,2.70001220703125,-1.8260498046875
20180811,18,-30,72,40000,7607.21630859375,256.643585205078,4.89088726043701,0.0555603019893169
20180812,0,-30,72,40000,7601.02880859375,257.100006103516,3.43260812759399,2.82640075683594
20180812,6,-30,72,40000,7605.380859375,257,4.90436697006226,-1.77285766601563
20180812,12,-30,72,40000,7586.36865234375,256.200012207031,3.85740661621094,-1.39425051212311
20180812,18,-30,72,40000,7600.74560546875,256.200012207031,2.62878727912903,-2.03299570083618
20180813,0,-30,72,40000,7596.66357421875,257.011657714844,2.59999990463257,-0.809735119342804
20180813,6,-30,72,40000,7610.18359375,257.899993896484,2.90178537368774,-2.63168334960938
20180813,12,-30,72,40000,7591.26513671875,257.636413574219,0.665313720703125,-5.22515869140625
20180813,18,-30,72,40000,7603.625,257.082763671875,-3.63260507583618,-2.10989999771118
20180814,0,-30,72,40000,7606.01953125,257.870849609375,-2.34525394439697,-0.701865255832672
20180814,6,-30,72,40000,7612.7607421875,257.522155761719,-2.60057139396667,-1.16158199310303
20180814,12,-30,72,40000,7593.984375,257.399993896484,-6.13205099105835,-0.284492194652557
20180814,18,-30,72,40000,7610.25,257.100006103516,-6.91924095153809,2.76832032203674
20180815,0,-30,72,40000,7608.748046875,257.100006103516,-1.18562257289886,5.27765607833862
20180815,6,-30,72,40000,7619.00048828125,257.100006103516,1.50592529773712,4.44559574127197
20180815,12,-30,72,40000,7608.83056640625,257.029144287109,0.782617211341858,2.36827158927917
20180815,18,-30,72,40000,7626.54638671875,257.729156494141,-0.551325678825378,5.26118183135986
20180816,0,-30,72,40000,7626.41943359375,257.990661621094,-0.757165551185608,3.48427248001099
20180816,6,-30,72,40000,7639.2119140625,257.5,1.97465336322784,0.808852553367615
20180816,12,-30,72,40000,7633.796875,257.299987792969,-1.68068361282349,4.77137184143066
20180816,18,-30,72,40000,7657.216796875,257.591979980469,-2.43329334259033,5.4872899055481
20180817,0,-30,72,40000,7663.51416015625,257.899993896484,-0.108305662870407,3.1639404296875
20180817,6,-30,72,40000,7673.50732421875,256.804443359375,-2.65819573402405,1.72928714752197
20180817,12,-30,72,40000,7657.7861328125,256.949157714844,-0.595410168170929,-2.63905644416809
20180817,18,-30,72,40000,7669.85302734375,257.299987792969,-5.02240610122681,-0.716580212116241
20180818,0,-30,72,40000,7672.0986328125,257.614776611328,-2.73728036880493,-1.27086794376373
20180818,6,-30,72,40000,7678.3818359375,258.299987792969,-6.56683349609375,2.53951716423035
20180818,12,-30,72,40000,7660.94580078125,257.384216308594,-5.02653551101685,-1.3509863615036
20180818,18,-30,72,40000,7666.25830078125,256.799987792969,-7.27660226821899,-2.24259042739868
20180819,0,-30,72,40000,7655.15380859375,257.299987792969,-4.671630859375,-0.888935565948486
20180819,6,-30,72,40000,7652.921875,256.999969482422,-2.98002934455872,-2.28422856330872
20180819,12,-30,72,40000,7636.1201171875,257.200012207031,-5.10761737823486,-5.80174827575684
20180819,18,-30,72,40000,7652.1357421875,257.221923828125,-7.40824460983276,-3.95381355285645
20180820,0,-30,72,40000,7640.412109375,256.899963378906,-7.34743642807007,-5.85370588302612
20180820,6,-30,72,40000,7648.96484375,258.146118164063,-4.84281015396118,-3.8933789730072
20180820,12,-30,72,40000,7638.705078125,256.599975585938,-6.27624034881592,-1.98853516578674
20180820,18,-30,72,40000,7647.77392578125,256.5,-8.2916259765625,2.2710645198822
20180821,0,-30,72,40000,7644.4755859375,257.199981689453,-8.19858169555664,3.02978038787842
20180821,6,-30,72,40000,7643.1826171875,257.753845214844,-10.9796781539917,4.17760753631592
20180821,12,-30,72,40000,7630.013671875,256.846130371094,-4.26779317855835,9.13495635986328
20180821,18,-30,72,40000,7647.5068359375,256.899993896484,2.39790034294128,6.73682117462158
20180822,0,-30,72,40000,7651.74169921875,257.600006103516,-0.731195092201233,2.66282963752747
20180822,6,-30,72,40000,7657.994140625,257.300231933594,-0.686721801757813,2.63188481330872
20180822,12,-30,72,40000,7641.509765625,256.599761962891,-1.16954350471497,4.00460195541382
20180822,18,-30,72,40000,7654.8037109375,256.546112060547,-0.843218982219696,2.90675044059753
20180823,0,-30,72,40000,7647.826171875,257.007476806641,1.19288945198059,4.01328134536743
20180823,6,-30,72,40000,7647.892578125,256.807464599609,0.18954773247242,4.04697275161743
20180823,12,-30,72,40000,7630.53515625,256.5,1.27836298942566,4.77682495117188
20180823,18,-30,72,40000,7640.22509765625,256.799987792969,0.509646594524384,2.986083984375
20180824,0,-30,72,40000,7619.49560546875,257.200012207031,1.29097294807434,3.21721196174622
20180824,6,-30,72,40000,7617.6962890625,256.600006103516,0.329891979694366,5.53269052505493
20180824,12,-30,72,40000,7601.35009765625,256.685302734375,-0.654940783977509,2.17861938476563
20180824,18,-30,72,40000,7612.37060546875,256.599975585938,-4.17454814910889,3.56727290153503
20180825,0,-30,72,40000,7601.671875,256.599975585938,1.02632451057434,6.77692890167236
20180825,6,-30,72,40000,7613.837890625,256.700012207031,1.2999267578125,5.51668691635132
20180825,12,-30,72,40000,7606.04248046875,257.100006103516,2.50485229492188,6.42528676986694
20180825,18,-30,72,40000,7626.31103515625,257.5,-1.89361882209778,10.1613645553589
20180826,0,-30,72,40000,7629.287109375,257.799987792969,1.11083376407623,11.4306583404541
20180826,6,-30,72,40000,7643.64892578125,256.999969482422,0.915771484375,7.31587505340576
20180826,12,-30,72,40000,7629.01953125,256.468322753906,2.05330204963684,7.97101449966431
20180826,18,-30,72,40000,7648.06494140625,256.899993896484,3.17543649673462,6.79691791534424
20180827,0,-30,72,40000,7641.513671875,256.899963378906,3.8792724609375,2.94415283203125
20180827,6,-30,72,40000,7645.44921875,256.300018310547,2.07779836654663,0.244921877980232
20180827,12,-30,72,40000,7627.70263671875,256.5,0.918032824993134,-3.15057373046875
20180827,18,-30,72,40000,7645.400390625,256.399993896484,-2.57347106933594,-3.22164297103882
20180828,0,-30,72,40000,7632.76806640625,256.899993896484,-2.9194164276123,-2.09530758857727
20180828,6,-30,72,40000,7630.80322265625,255.899978637695,-1.13535404205322,-3.58015632629395
20180828,12,-30,72,40000,7614.0810546875,255,-3.59029793739319,-2.60634756088257
20180828,18,-30,72,40000,7638.60302734375,255.699996948242,-4.06711435317993,-2.2318799495697
20180829,0,-30,72,40000,7632.0185546875,255.838912963867,-4.12328147888184,-3.17613768577576
20180829,6,-30,72,40000,7631.5244140625,255.068313598633,-10.908408164978,-5.68131828308105
20180829,12,-30,72,40000,7617.27490234375,254.44612121582,-13.8748922348022,-1.59503901004791
20180829,18,-30,72,40000,7632.82763671875,254.5,-10.6780319213867,6.01681137084961
20180830,0,-30,72,40000,7617.96044921875,256.899993896484,-3.43243408203125,3.39240121841431
20180830,6,-30,72,40000,7634.33447265625,256.299987792969,-0.658911108970642,5.59223651885986
20180830,12,-30,72,40000,7612.98486328125,254.599975585938,-1.23709106445313,1.80955195426941
20180830,18,-30,72,40000,7627.62890625,255.199996948242,0.0147216795012355,6.51419687271118
20180831,0,-30,72,40000,7621.78271484375,256.100036621094,-0.364843755960464,3.38630366325378
20180831,6,-30,72,40000,7626.2412109375,256.399993896484,-1.94240725040436,1.48356318473816
20180831,12,-30,72,40000,7608.93017578125,255.5,-3.47340703010559,4.09914541244507
20180831,18,-30,72,40000,7626.1201171875,255.699996948242,-0.726025402545929,2.91232919692993
20180901,0,-30,72,40000,7621.3173828125,255.300003051758,-4.18463754653931,-1.19962155818939
20180901,6,-30,72,40000,7617.01416015625,256.899993896484,1.34099125862122,-10.4908142089844
20180901,12,-30,72,40000,7607.18896484375,255.999969482422,3.58803105354309,-8.2345027923584
20180901,18,-30,72,40000,7615.87939453125,255.199996948242,6.815673828125,-5.50351572036743
20180902,0,-30,72,40000,7611.0595703125,256.100006103516,7.88713073730469,-5.55803203582764
20180902,6,-30,72,40000,7608.7705078125,255.743606567383,9.7500638961792,-6.68667888641357
20180902,12,-30,72,40000,7594.6689453125,255.843597412109,14.5897884368896,-6.73195791244507
20180902,18,-30,72,40000,7593.5361328125,255.81005859375,15.633807182312,-3.21334218978882
20180903,0,-30,72,40000,7584.21435546875,255.600006103516,16.5096626281738,0.614450097084045
20180903,6,-30,72,40000,7584.6435546875,254.600006103516,15.7525510787964,2.84368276596069
20180903,12,-30,72,40000,7570.0576171875,253.546600341797,17.5036716461182,-1.06675720214844
20180903,18,-30,72,40000,7574.03515625,254.306976318359,15.7663059234619,-2.43162536621094
20180904,0,-30,72,40000,7577.88232421875,255.199981689453,14.3670139312744,-3.29602360725403
20180904,6,-30,72,40000,7582.14794921875,254.899993896484,17.0424194335938,-3.49517822265625
20180904,12,-30,72,40000,7572.24169921875,254.800003051758,13.3428297042847,-3.09984374046326
20180904,18,-30,72,40000,7593.67236328125,254.79997253418,7.28542470932007,0.0388427749276161
20180905,0,-30,72,40000,7589.20703125,254.399993896484,5.53998756408691,6.17920875549316
20180905,6,-30,72,40000,7592.18505859375,253.999969482422,7.99417734146118,3.56775522232056
20180905,12,-30,72,40000,7584.47021484375,253.706985473633,4.59512042999268,1.80003666877747
20180905,18,-30,72,40000,7604.01123046875,253.699996948242,0.56378173828125,5.99786996841431
20180906,0,-30,72,40000,7610.29296875,254.5,0.158935546875,4.44621562957764
20180906,6,-30,72,40000,7611.95703125,255.699996948242,3.60729670524597,5.06967163085938
20180906,12,-30,72,40000,7599.501953125,254.600006103516,0.364831537008286,5.61849975585938
20180906,18,-30,72,40000,7613.3408203125,254.899993896484,2.79889535903931,4.23917245864868
20180907,0,-30,72,40000,7605.30078125,255.485305786133,4.39890146255493,5.06269550323486
20180907,6,-30,72,40000,7611.212890625,255.599975585938,4.21213388442993,-4.11951589584351
20180907,12,-30,72,40000,7590.23046875,255.199996948242,2.83781433105469,-6.97709941864014
20180907,18,-30,72,40000,7600.947265625,255.692535400391,-0.702294945716858,-6.19997549057007
20180908,0,-30,72,40000,7599.62548828125,256.699981689453,0.438150018453598,-3.04345703125
20180908,6,-30,72,40000,7601.84765625,256.200012207031,3.13545536994934,-3.10639643669128
20180908,12,-30,72,40000,7583.26513671875,255.999969482422,1.06424558162689,-6.19998168945313
20180908,18,-30,72,40000,7599.21240234375,256.799987792969,-5.56322336196899,-9.4300537109375
20180909,0,-30,72,40000,7600.38232421875,258.600006103516,-7.87922382354736,-7.59940814971924
20180909,6,-30,72,40000,7609.9326171875,258.799987792969,-4.56160259246826,-4.78043842315674
20180909,12,-30,72,40000,7592.025390625,257.700012207031,-2.30645751953125,-6.0841064453125
20180909,18,-30,72,40000,7607.3310546875,257.5,-1.26948487758636,-4.17631816864014
20180910,0,-30,72,40000,7602.28564453125,257.299987792969,-0.537582993507385,-5.38579082489014
20180910,6,-30,72,40000,7610.20068359375,257.200012207031,2.93980717658997,-7.28474140167236
20180910,12,-30,72,40000,7592.64013671875,257,3.38645029067993,-9.76759719848633
20180910,18,-30,72,40000,7604.9892578125,256.799987792969,3.4451904296875,-10.4779739379883
20180911,0,-30,72,40000,7595.765625,256.799987792969,2.60957527160645,-9.53951168060303
20180911,6,-30,72,40000,7601.66748046875,257.600006103516,-0.650503516197205,-11.2007141113281
20180911,12,-30,72,40000,7597.5849609375,257,-1.68047487735748,-8.34585571289063
20180911,18,-30,72,40000,7619.40625,257.100006103516,0.140801995992661,-3.66298818588257
20180912,0,-30,72,40000,7610.60791015625,257.385314941406,3.42761850357056,-0.599945068359375
20180912,6,-30,72,40000,7621.22998046875,257.399993896484,5.36935424804688,0.377029418945313
20180912,12,-30,72,40000,7609.44482421875,256.514678955078,4.43043804168701,1.64822995662689
20180912,18,-30,72,40000,7625.02294921875,256.371520996094,1.38869023323059,5.18092060089111
20180913,0,-30,72,40000,7613.51123046875,256.799987792969,1.04700922966003,5.6650390625
20180913,6,-30,72,40000,7619.642578125,256.700012207031,1.63130497932434,5.18921184539795
20180913,12,-30,72,40000,7610.00927734375,256.799987792969,2.95548701286316,4.48253154754639
20180913,18,-30,72,40000,7625.515625,256.600006103516,1.65726315975189,5.35723257064819
20180914,12,-30,72,40000,7619.1123046875,256.399963378906,3.74227905273438,2.32528686523438
20180914,18,-30,72,40000,7625.27392578125,256.499969482422,0.613806128501892,1.65761113166809
20180915,0,-30,72,40000,7619.14453125,257.100006103516,0.899847388267517,-0.0984985381364822
20180915,6,-30,72,40000,7628.25048828125,256.599975585938,2.15531921386719,2.97097778320313
20180915,12,-30,72,40000,7616.5263671875,256,3.44927978515625,0.308984369039536
20180915,18,-30,72,40000,7628.6181640625,256.299987792969,-0.281561285257339,-0.115325927734375
20180916,0,-30,72,40000,7618.353515625,257.199981689453,-0.201943963766098,-1.26424562931061
20180916,12,-30,72,40000,7615.17578125,257.200012207031,1.96542966365814,-6.35387563705444
20180916,18,-30,72,40000,7624.92431640625,258,-1.62080383300781,-7.0029296875
20180917,0,-30,72,40000,7616.123046875,258.5,-4.89996337890625,-4.82193613052368
20180917,6,-30,72,40000,7624.97607421875,258.700012207031,-3.72519826889038,-4.72030019760132
20180917,12,-30,72,40000,7609.15869140625,258.799987792969,-3.9302031993866,-3.18277597427368
20180917,18,-30,72,40000,7625.3408203125,259.199981689453,-5.87436819076538,1.02727663516998
20180918,0,-30,72,40000,7620.48193359375,259.200012207031,-6.20086908340454,3.0588915348053
20180918,6,-30,72,40000,7632.25439453125,259,-4.01396465301514,2.58598637580872
20180918,12,-30,72,40000,7616.75,258.499969482422,-2.37240958213806,0.255463868379593
20180918,18,-30,72,40000,7623.2705078125,258.100006103516,-1.74253904819489,1.9956396818161
20180919,0,-30,72,40000,7608.93603515625,257.700012207031,-1.30471920967102,2.85387706756592
20180919,6,-30,72,40000,7604.32080078125,258.299987792969,0.0354077145457268,3.38997554779053
20180919,12,-30,72,40000,7585.3173828125,258.299987792969,1.44593012332916,5.61018562316895
20180919,18,-30,72,40000,7585.1669921875,258.799987792969,0.51163637638092,7.92261362075806
20180920,0,-30,72,40000,7567.3212890625,258.700012207031,1.09372556209564,8.61032199859619
20180920,6,-30,72,40000,7566.509765625,258.5,1.28665471076965,9.59996318817139
20180920,12,-30,72,40000,7547.02392578125,258.699981689453,6.97161865234375,0.536538064479828
20180920,18,-30,72,40000,7573.28369140625,258.200012207031,8.6996431350708,2.56103038787842
20180921,0,-30,72,40000,7578.845703125,257.231689453125,11.0590677261353,6.06663084030151
20180921,6,-30,72,40000,7595.42138671875,257.299987792969,9.23084449768066,2.1275634765625
20180921,12,-30,72,40000,7589.27734375,257.629150390625,7.82462167739868,1.62574458122253
20180921,18,-30,72,40000,7610.50146484375,259.085754394531,8.11375713348389,1.73052370548248
20180922,0,-30,72,40000,7613.27978515625,258.799987792969,8.66489219665527,1.80248713493347
20180922,6,-30,72,40000,7623.4013671875,259.200012207031,8.05914878845215,1.39334416389465
20180922,12,-30,72,40000,7610.30322265625,258.5,6.01603698730469,0.617510974407196
20180922,18,-30,72,40000,7623.1298828125,258.468322753906,6.57422161102295,2.67122197151184
20180923,0,-30,72,40000,7614.05859375,258.399993896484,7.38892507553101,1.94277346134186
20180923,6,-30,72,40000,7621.0576171875,258.600006103516,8.46355247497559,-0.180017083883286
20180923,12,-30,72,40000,7607.2880859375,257.899963378906,6.65886831283569,-3.03180551528931
20180923,18,-30,72,40000,7623.02392578125,258.5,4.1942138671875,-1.53333735466003
20180924,0,-30,72,40000,7612.7998046875,258.399993896484,5.46623516082764,1.40374147891998
20180924,6,-30,72,40000,7622.06884765625,258,6.98994159698486,1.14464116096497
20180924,12,-30,72,40000,7602.58935546875,257.299987792969,5.93695688247681,1.20003354549408
20180924,18,-30,72,40000,7618.66455078125,257.399993896484,4.68606281280518,4.75441265106201
20180925,0,-30,72,40000,7609.40673828125,257.699981689453,7.04432392120361,6.29388427734375
20180925,6,-30,72,40000,7615.119140625,257.600006103516,9.47690105438232,3.38084721565247
20180925,12,-30,72,40000,7600.59619140625,256.899993896484,9.1276912689209,0.791394054889679
20180925,18,-30,72,40000,7617.81298828125,256.700012207031,6.26725482940674,0.883477807044983
20180926,0,-30,72,40000,7614.58984375,256.739410400391,10.2098999023438,-0.681546032428741
20180926,6,-30,72,40000,7619.86669921875,256.299987792969,11.4624328613281,-2.16332387924194
20180926,12,-30,72,40000,7600.40771484375,255.699996948242,12.6826505661011,-4.79288339614868
20180926,18,-30,72,40000,7615.07080078125,255,11.8618040084839,-4.03325176239014
20180927,0,-30,72,40000,7603.06201171875,254.931686401367,8.22745990753174,-6.64836120605469
20180927,6,-30,72,40000,7602.75,253.100006103516,0.85434877872467,-10.8868837356567
20180927,12,-30,72,40000,7591.2607421875,253.621917724609,-2.51820063591003,-12.6412839889526
20180927,18,-30,72,40000,7611.83642578125,254.385284423828,-4.92228984832764,-8.79658794403076
20180928,0,-30,72,40000,7605.7705078125,254.399993896484,-4.30745220184326,-8.81744384765625
20180928,6,-30,72,40000,7607.4580078125,254.600006103516,-2.73262643814087,-7.42670917510986
20180928,12,-30,72,40000,7595.912109375,254,-0.423342883586884,-6.78006601333618
20180928,18,-30,72,40000,7606.1494140625,254.100006103516,-1.32253420352936,-6.12229013442993
20180929,0,-30,72,40000,7598.02734375,254.300003051758,-2.02710938453674,-2.43374013900757
20180929,6,-30,72,40000,7604.12255859375,254.600006103516,-0.200018316507339,-2.28341674804688
20180929,12,-30,72,40000,7592.955078125,254.175537109375,-2.82293701171875,-2.07805776596069
20180929,18,-30,72,40000,7606.90234375,254.875518798828,-2.9443633556366,1.16331171989441
20180930,0,-30,72,40000,7598.134765625,255.300003051758,-2.23916625976563,3.87796640396118
20180930,6,-30,72,40000,7601.16015625,255.800003051758,1.24270939826965,3.85646367073059
20180930,12,-30,72,40000,7594.07177734375,255.600006103516,1.14409792423248,3.48635864257813
20180930,18,-30,72,40000,7609.77734375,256.100006103516,0.793939232826233,4.15606069564819
20181001,0,-30,72,40000,7595.22265625,257,5.7211332321167,6.99997568130493
20181001,6,-30,72,40000,7601.21630859375,256.910003662109,5.76767873764038,7.24373769760132
20181001,12,-30,72,40000,7592.5439453125,256.5,6.9465913772583,9.66129112243652
20181001,18,-30,72,40000,7604.8076171875,256.899993896484,4.23928833007813,13.2048034667969
20181002,0,-30,72,40000,7604.19873046875,257.582763671875,9.20769023895264,13.2618103027344
20181002,6,-30,72,40000,7610.45068359375,257.882751464844,10.2195920944214,9.7128963470459
20181002,12,-30,72,40000,7603.66796875,258.600006103516,10.2049684524536,5.876708984375
20181002,18,-30,72,40000,7620.53125,258.799987792969,7.31192016601563,6.6312255859375
20181003,0,-30,72,40000,7612.11376953125,259,6.84232187271118,8.2006778717041
20181003,6,-30,72,40000,7614.9248046875,258.517242431641,6.38515615463257,8.6917085647583
20181003,12,-30,72,40000,7595.7568359375,257.299987792969,6.61014699935913,7.20897817611694
20181003,18,-30,72,40000,7605.80419921875,256.899993896484,4.60200929641724,8.83732414245605
20181004,0,-30,72,40000,7596.6748046875,257.600006103516,7.75872802734375,9.69998168945313
20181004,6,-30,72,40000,7602.84521484375,256.699981689453,9.14640235900879,7.50995779037476
20181004,12,-30,72,40000,7594.8505859375,255.999969482422,9.70598125457764,5.15588998794556
20181004,18,-30,72,40000,7609.1982421875,255.900024414063,8.77385711669922,3.8606493473053
20181005,0,-30,72,40000,7597.10986328125,255.70832824707,10.9422798156738,4.23793458938599
20181005,6,-30,72,40000,7594.6513671875,255.600006103516,9.48543739318848,3.70005798339844
20181005,12,-30,72,40000,7579.033203125,255.199981689453,6.9390869140625,6.7677001953125
20181005,18,-30,72,40000,7576.830078125,254.822677612305,7.60373544692993,12.2708377838135
20181006,0,-30,72,40000,7549.5673828125,254.600006103516,15.0193910598755,12.6175594329834
20181006,6,-30,72,40000,7534.10498046875,254.699996948242,19.3551349639893,15.3711814880371
20181006,12,-30,72,40000,7510.81884765625,252.031814575195,12.2796049118042,-1.17918705940247
20181006,18,-30,72,40000,7529.93115234375,251.699996948242,8.37921142578125,-2.06428217887878
20181007,0,-30,72,40000,7517.0283203125,252.100006103516,8.46990966796875,0.836395263671875
20181007,6,-30,72,40000,7512.31396484375,252.399993896484,12.6145992279053,5.28565692901611
20181007,12,-30,72,40000,7471.71728515625,252.178070068359,16.0457057952881,7.74392080307007
20181007,18,-30,72,40000,7461.92236328125,251.624435424805,20.4248294830322,13.0587034225464
20181008,0,-30,72,40000,7419.41455078125,250.399993896484,25.4705505371094,15.2047853469849
20181008,6,-30,72,40000,7378.818359375,248.782760620117,32.0822830200195,22.2565078735352
20181008,12,-30,72,40000,7340.4267578125,247.899993896484,35.6588249206543,19.2622222900391
20181008,18,-30,72,40000,7338.67919921875,246.699996948242,30.6081218719482,19.6144733428955
20181009,0,-30,72,40000,7318.65478515625,246.800003051758,13.6946926116943,9.97504901885986
20181009,6,-30,72,40000,7348.45458984375,248.600006103516,27.3201332092285,-5.33664560317993
20181009,12,-30,72,40000,7350.02197265625,247.100006103516,26.9608192443848,-5.21271991729736
20181009,18,-30,72,40000,7365.83203125,248.801177978516,26.3259773254395,-4.12568378448486
20181010,0,-30,72,40000,7410.42138671875,251.541961669922,13.0377988815308,-20.0860176086426
20181010,6,-30,72,40000,7468.93359375,252.399993896484,13.8877048492432,-8.4679012298584
20181010,12,-30,72,40000,7478.4287109375,252.597213745117,13.8977603912354,-0.565298438072205
20181010,18,-30,72,40000,7495.79248046875,252.5,9.98603248596191,4.16749286651611
20181011,0,-30,72,40000,7485.970703125,251.543579101563,11.7847194671631,8.35107421875
20181011,6,-30,72,40000,7489.9775390625,250.899993896484,12.0211944580078,8.34052753448486
20181011,12,-30,72,40000,7479.7607421875,252.682769775391,20.3278865814209,7.90532207489014
20181011,18,-30,72,40000,7499.54541015625,254.100006103516,20.7623691558838,12.3689632415771
20181012,0,-30,72,40000,7502.1474609375,254.153366088867,23.597900390625,12.5000123977661
20181012,6,-30,72,40000,7513.53515625,254.800003051758,14.8041715621948,16.8400993347168
20181012,12,-30,72,40000,7516.43896484375,254.199996948242,16.1895847320557,22.8383235931396
20181012,18,-30,72,40000,7508.28125,255.399993896484,12.2854251861572,15.7297487258911
20181013,0,-30,72,40000,7487.07177734375,255,22.2650260925293,-2.16754770278931
20181013,6,-30,72,40000,7502.66015625,254.724456787109,28.4591522216797,1.77333986759186
20181013,12,-30,72,40000,7505.380859375,254.953857421875,24.2153720855713,10.4212160110474
20181013,18,-30,72,40000,7508.3818359375,254.892532348633,25.2369899749756,13.5111141204834
20181014,0,-30,72,40000,7489.546875,254.529144287109,25.2907066345215,17.1876277923584
20181014,6,-30,72,40000,7478.80859375,254.899993896484,28.4468326568604,17.9828853607178
20181014,12,-30,72,40000,7462.009765625,254.800003051758,34.2543029785156,14.3978328704834
20181014,18,-30,72,40000,7482.06103515625,254.600006103516,28.9419822692871,16.6632690429688
20181015,0,-30,72,40000,7478.59814453125,253.399978637695,24.2814083099365,19.2272033691406
20181015,6,-30,72,40000,7467.2470703125,251.300003051758,18.916015625,22.5732479095459
20181015,12,-30,72,40000,7437.1845703125,249.300003051758,16.4163208007813,23.4586296081543
20181015,18,-30,72,40000,7435.85498046875,248.800003051758,15.276834487915,17.9934387207031
20181016,0,-30,72,40000,7415.68359375,248.599975585938,16.1768379211426,16.1001777648926
20181016,6,-30,72,40000,7425.0888671875,250.199981689453,25.3580532073975,14.3871335983276
20181016,12,-30,72,40000,7426.4462890625,254.5,34.0575523376465,20.7636108398438
20181016,18,-30,72,40000,7457.6982421875,253.44612121582,27.1756286621094,18.2883415222168
20181017,0,-30,72,40000,7468.44384765625,252.899993896484,23.1184997558594,19.1614437103271
20181017,6,-30,72,40000,7488.76171875,252.399993896484,21.2737922668457,16.6020317077637
20181017,12,-30,72,40000,7491.02392578125,251.499969482422,16.4315433502197,15.241681098938
20181017,18,-30,72,40000,7516.533203125,252.399993896484,12.974645614624,15.8944702148438
20181018,0,-30,72,40000,7516.451171875,253.800003051758,14.2796907424927,16.5987243652344
20181018,6,-30,72,40000,7530.0908203125,253.800003051758,13.6104917526245,15.15283203125
20181018,12,-30,72,40000,7525.02001953125,252.899978637695,14.5568237304688,14.4369382858276
20181018,18,-30,72,40000,7549.462890625,253.5,14.3485164642334,16.0594844818115
20181019,0,-30,72,40000,7545.708984375,253.5,14.5065364837646,15.5621948242188
20181019,6,-30,72,40000,7554.123046875,253.800003051758,13.9295988082886,17.5930480957031
20181019,18,-30,72,40000,7552.77490234375,252.099975585938,10.7693424224854,16.0201473236084
20181020,0,-30,72,40000,7542.654296875,251.899978637695,12.2225646972656,15.1654415130615
20181020,6,-30,72,40000,7554.62353515625,252.167877197266,9.99378395080566,12.2224731445313
20181020,12,-30,72,40000,7543.64111328125,251.160598754883,8.43395709991455,10.7869625091553
20181020,18,-30,72,40000,7547.38330078125,250.5,5.88296222686768,11.7935543060303
20181021,0,-30,72,40000,7536.14111328125,249.79557800293,5.32740497589111,10.9508419036865
20181021,6,-30,72,40000,7537.73583984375,249.592529296875,8.10785865783691,8.18048095703125
20181021,12,-30,72,40000,7530.578125,250.285308837891,10.9899168014526,9.55295372009277
20181021,18,-30,72,40000,7534.2880859375,250.600006103516,11.4337520599365,11.7632350921631
20181022,0,-30,72,40000,7525.01708984375,252.699996948242,12.7763729095459,10.1005220413208
20181022,6,-30,72,40000,7528.58740234375,252.300003051758,12.0340824127197,8.75587749481201
20181022,12,-30,72,40000,7513.01416015625,252.375534057617,14.9945888519287,10.3480472564697
20181022,18,-30,72,40000,7518.9951171875,252.678100585938,17.0914916992188,9.50248432159424
20181023,0,-30,72,40000,7518.16455078125,253.843841552734,15.8561458587646,9.12215614318848
20181023,6,-30,72,40000,7519.814453125,252.985305786133,17.7689266204834,11.9348697662354
20181023,12,-30,72,40000,7503.44482421875,253.138916015625,12.4476499557495,12.8491945266724
20181023,18,-30,72,40000,7507.2431640625,253.100021362305,11.89040184021,14.3084411621094
20181024,0,-30,72,40000,7475.33740234375,251.992523193359,13.5515623092651,15.8999633789063
20181024,6,-30,72,40000,7465.328125,250.300003051758,13.9124088287354,7.99002695083618
20181024,12,-30,72,40000,7473.318359375,251.899993896484,20.2560005187988,-6.77753925323486
20181024,18,-30,72,40000,7507.2275390625,252.699981689453,17.1440486907959,2.47620248794556
20181025,0,-30,72,40000,7500.255859375,252.199996948242,17.0193786621094,4.95588397979736
20181025,6,-30,72,40000,7507.2431640625,251.161087036133,16.8863468170166,5.52575063705444
20181025,12,-30,72,40000,7488.0849609375,250.392501831055,17.5874214172363,4.00134897232056
20181025,18,-30,72,40000,7488.962890625,249.592559814453,14.8753232955933,-0.203808590769768
20181026,0,-30,72,40000,7464.77197265625,248.699996948242,13.980260848999,-1.61436772346497
20181026,6,-30,72,40000,7452.28125,247.599975585938,13.9397706985474,-2.19765615463257
20181026,12,-30,72,40000,7450.9970703125,248.707473754883,-2.3410370349884,-18.9142036437988
20181026,18,-30,72,40000,7508.90576171875,250.800003051758,-14.583984375,-24.6404914855957
20181027,0,-30,72,40000,7537.841796875,252.04345703125,-5.43687152862549,-14.9868774414063
20181027,6,-30,72,40000,7564.60498046875,253.482376098633,-1.55814516544342,-10.2999753952026
20181027,12,-30,72,40000,7570.5673828125,253.543487548828,0.79532778263092,-9.17062377929688
20181027,18,-30,72,40000,7595.97021484375,254.199981689453,0.146551519632339,-9.12635517120361
20181028,0,-30,72,40000,7592.93994140625,254.668304443359,-4.35736703872681,-6.07761240005493
20181028,6,-30,72,40000,7609.9345703125,254.699996948242,-2.82484436035156,-0.64202880859375
20181028,12,-30,72,40000,7605.005859375,254.520309448242,-0.383377075195313,2.76700448989868
20181028,18,-30,72,40000,7616.31689453125,254.297439575195,-0.506823718547821,6.08339834213257
20181029,0,-30,72,40000,7604.37109375,254.233322143555,1.11788630485535,9.8281192779541
20181029,6,-30,72,40000,7607.03125,254.123046875,3.39688110351563,11.0015869140625
20181029,12,-30,72,40000,7590.04541015625,253.541946411133,6.80400991439819,9.2653865814209
20181029,18,-30,72,40000,7588.9326171875,253.100006103516,8.50120258331299,5.96969604492188
20181030,0,-30,72,40000,7560.62451171875,252.5,9.49226379394531,6.89536762237549
20181030,6,-30,72,40000,7547.91455078125,252.399993896484,11.9857025146484,6.95115947723389
20181030,12,-30,72,40000,7516.5087890625,251.999969482422,13.7008943557739,8.5667667388916
20181030,18,-30,72,40000,7502.80615234375,252.600006103516,19.2319145202637,7.90916728973389
20181031,0,-30,72,40000,7460.63134765625,250.913055419922,25.5018272399902,10.0000057220459
20181031,6,-30,72,40000,7441.23681640625,249.100021362305,24.2884254455566,3.09669184684753
20181031,12,-30,72,40000,7395.546875,245.899993896484,26.5707664489746,3.19926762580872
20181031,18,-30,72,40000,7401.873046875,246.513061523438,27.1265563964844,-17.502965927124
20181101,0,-30,72,40000,7413.64501953125,246.240524291992,21.915355682373,-11.3333740234375
20181101,6,-30,72,40000,7419.1689453125,245.800003051758,16.007396697998,-15.502911567688
20181101,12,-30,72,40000,7426.75634765625,248.199996948242,21.2764225006104,-17.3997459411621
20181101,18,-30,72,40000,7459.25048828125,249.737258911133,15.6153507232666,-15.5501155853271
20181102,0,-30,72,40000,7471.8642578125,250.399993896484,13.3851680755615,-12.8150205612183
20181102,6,-30,72,40000,7491.05615234375,250.599975585938,7.10086679458618,-21.5144157409668
20181102,12,-30,72,40000,7506.20947265625,251.918869018555,2.17991638183594,-15.1625118255615
20181102,18,-30,72,40000,7538.478515625,253.349212646484,6.34670114517212,-14.1674499511719
20181103,0,-30,72,40000,7543.05517578125,255.084518432617,5.12695932388306,-13.2976322174072
20181103,6,-30,72,40000,7544.43017578125,254.600006103516,10.3377075195313,-10.8570556640625
20181103,12,-30,72,40000,7511.9169921875,253.211700439453,19.9149131774902,-4.40412616729736
20181103,18,-30,72,40000,7512.080078125,250.5,7.2252197265625,-17.9748649597168
20181104,0,-30,72,40000,7511.380859375,251.899993896484,10.1550140380859,-16.8988761901855
20181104,6,-30,72,40000,7527.34375,252.836380004883,8.51455688476563,-11.2735290527344
20181104,12,-30,72,40000,7523.294921875,253.399993896484,9.4141263961792,-8.08878135681152
20181104,18,-30,72,40000,7542.0810546875,253.79997253418,6.90734243392944,-8.84180927276611
20181105,0,-30,72,40000,7545.728515625,255.099975585938,7.25564289093018,-7.19442129135132
20181105,6,-30,72,40000,7561.36572265625,254.5,5.00603628158569,-9.79449462890625
20181105,12,-30,72,40000,7560.03125,255.024459838867,10.2523012161255,-8.39983558654785
20181105,18,-30,72,40000,7566.85546875,254.600006103516,14.0803527832031,-4.12891864776611
20181106,0,-30,72,40000,7556.0419921875,254.100006103516,13.9212799072266,-3.74521493911743
20181106,6,-30,72,40000,7561.619140625,254.808395385742,16.1037349700928,-0.165704339742661
20181106,12,-30,72,40000,7549.8212890625,254.656539916992,17.078914642334,0.731011986732483
20181106,18,-30,72,40000,7553.78759765625,254.000579833984,17.7817802429199,2.00015878677368
20181107,0,-30,72,40000,7544.02880859375,253.049194335938,17.6420040130615,-2.17313241958618
20181107,6,-30,72,40000,7546.1181640625,251.969528198242,20.5306644439697,0.547717273235321
20181107,12,-30,72,40000,7531.7998046875,252.232330322266,23.4335136413574,-0.589404284954071
20181107,18,-30,72,40000,7542.63330078125,252.305023193359,23.8894748687744,-0.456738293170929
20181108,0,-30,72,40000,7528.03125,252.825927734375,21.4734992980957,-0.419116199016571
20181108,6,-30,72,40000,7528.72802734375,252.53776550293,20.6815376281738,-1.25458979606628
20181108,12,-30,72,40000,7514.52197265625,252.108795166016,22.0465908050537,-0.0798583999276161
20181108,18,-30,72,40000,7516.8388671875,251.800003051758,20.3457221984863,1.65599977970123
20181109,0,-30,72,40000,7496.62451171875,251.863616943359,23.0349235534668,3.56015634536743
20181109,6,-30,72,40000,7496.93896484375,251.800003051758,24.3061714172363,4.47110605239868
20181109,12,-30,72,40000,7466.2294921875,250.5,24.0732421875,6.81564617156982
20181109,18,-30,72,40000,7470.74267578125,249.627563476563,19.50461769104,8.1292667388916
20181110,0,-30,72,40000,7449.11865234375,249.300003051758,20.2981071472168,7.06037616729736
20181110,6,-30,72,40000,7456.32958984375,249.899993896484,21.6427249908447,6.55385112762451
20181110,12,-30,72,40000,7442.0751953125,249.5,23.1884422302246,8.10000610351563
20181110,18,-30,72,40000,7449.24951171875,249.182250976563,23.9305229187012,8.70077514648438
20181111,0,-30,72,40000,7434.09521484375,248.899978637695,24.7625942230225,6.86768198013306
20181111,6,-30,72,40000,7439.177734375,248.300003051758,19.2924613952637,5.29368877410889
20181111,12,-30,72,40000,7422.28759765625,247.814727783203,18.963321685791,2.91896367073059
20181111,18,-30,72,40000,7429.0537109375,247.399993896484,21.630298614502,3.22059321403503
20181112,0,-30,72,40000,7409.43505859375,246.800003051758,21.8928413391113,-2.76433706283569
20181112,6,-30,72,40000,7410.92919921875,245.644973754883,15.097448348999,-8.92656898498535
20181112,12,-30,72,40000,7390.88818359375,244.199981689453,15.4505710601807,-6.65847158432007
20181112,18,-30,72,40000,7381.92822265625,243.30696105957,20.1917972564697,-6.04776620864868
20181113,0,-30,72,40000,7349.00634765625,242.100006103516,22.164966583252,-18.4489097595215
20181113,6,-30,72,40000,7356.064453125,242.699996948242,15.1391477584839,-28.4961185455322
20181113,12,-30,72,40000,7360.65673828125,242.17805480957,2.67325139045715,-25.486156463623
20181113,18,-30,72,40000,7400.3466796875,243.324462890625,-0.845715343952179,-25.9076480865479
20181114,0,-30,72,40000,7409.484375,245.499969482422,-7.03579425811768,-26.6236209869385
20181114,6,-30,72,40000,7446.71875,248.899993896484,-4.17045593261719,-22.0735359191895
20181114,12,-30,72,40000,7455.62255859375,248.70735168457,5.45553302764893,-12.7290773391724
20181114,18,-30,72,40000,7474.53271484375,248.899993896484,8.34443378448486,-8.71651268005371
20181115,0,-30,72,40000,7453.93017578125,248.5,10.7682313919067,-3.17336416244507
20181115,6,-30,72,40000,7437.68701171875,246.599975585938,10.5853328704834,2.05235910415649
20181115,12,-30,72,40000,7417.1962890625,246.199996948242,7.81372976303101,-2.99274587631226
20181115,18,-30,72,40000,7433.0595703125,247.865264892578,8.05399513244629,-6.83205556869507
20181116,0,-30,72,40000,7435.017578125,249.646148681641,9.5355167388916,-10.9246368408203
20181116,6,-30,72,40000,7451.79736328125,250.699996948242,10.7220706939697,-5.62293100357056
20181116,12,-30,72,40000,7445.17578125,250.677810668945,13.0028047561646,0.959606945514679
20181116,18,-30,72,40000,7437.52392578125,249.800003051758,16.7167472839355,2.70862126350403
20181117,0,-30,72,40000,7427.8720703125,249.999969482422,17.9917182922363,-0.822927832603455
20181117,6,-30,72,40000,7432.2060546875,249.800003051758,16.4999084472656,2.43558359146118
20181117,12,-30,72,40000,7417.6591796875,249.354034423828,16.2538871765137,4.08463144302368
20181117,18,-30,72,40000,7419.54248046875,247.800003051758,16.6697483062744,1.65218508243561
20181118,0,-30,72,40000,7419.5283203125,247.859832763672,19.5907077789307,-2.6400146484375
20181118,6,-30,72,40000,7432.29638671875,248.61164855957,21.4487266540527,0.9588623046875
20181118,12,-30,72,40000,7415.35888671875,246.800003051758,21.7617797851563,3.83488154411316
20181118,18,-30,72,40000,7419.29931640625,245.699996948242,22.6347465515137,2.80006718635559
20181119,0,-30,72,40000,7412.541015625,246.800003051758,23.7364196777344,-1.31961667537689
20181119,6,-30,72,40000,7422.89013671875,246.5,18.1921272277832,-0.6043701171875
20181119,12,-30,72,40000,7411.03515625,245.79997253418,16.4116630554199,-0.797998070716858
20181119,18,-30,72,40000,7430.25439453125,245.600006103516,19.3299140930176,-2.13494873046875
20181120,0,-30,72,40000,7436.4775390625,247.101959228516,20.2388000488281,-2.59996938705444
20181120,6,-30,72,40000,7449.14208984375,247.599975585938,18.1372985839844,2.10145258903503
20181120,12,-30,72,40000,7429.93115234375,246.699996948242,18.9222660064697,7.56828594207764
20181120,18,-30,72,40000,7434.66552734375,246.800003051758,20.7797546386719,12.7958192825317
20181121,0,-30,72,40000,7405.68017578125,246.600006103516,31.005615234375,11.1999816894531
20181121,6,-30,72,40000,7431.73681640625,248.600006103516,30.8808631896973,-1.23085939884186
20181121,12,-30,72,40000,7442.236328125,248.600006103516,27.0699615478516,-5.39887714385986
20181121,18,-30,72,40000,7474.02490234375,249.199996948242,23.7864112854004,-4.15330791473389
20181122,0,-30,72,40000,7490.22021484375,252.300003051758,26.6886196136475,-9.77042865753174
20181122,6,-30,72,40000,7521.47119140625,252.899993896484,20.9919185638428,-4.00446796417236
20181122,12,-30,72,40000,7522.15673828125,253.202667236328,25.1967315673828,2.15969848632813
20181122,18,-30,72,40000,7523.0908203125,253.528717041016,25.4531555175781,6.91304922103882
20181123,0,-30,72,40000,7491.84326171875,253.105377197266,28.0008792877197,6.69994497299194
20181123,6,-30,72,40000,7481.51953125,252.733322143555,30.1915836334229,9.0999813079834
20181123,12,-30,72,40000,7473.16064453125,252.347778320313,31.2172050476074,0.22119140625
20181123,18,-30,72,40000,7474.990234375,251.959442138672,26.1464748382568,-0.253930658102036
20181124,0,-30,72,40000,7456.04541015625,252.273849487305,26.3485527038574,2.45573735237122
20181124,6,-30,72,40000,7454.32763671875,251.862274169922,23.3897590637207,6.94660043716431
20181124,12,-30,72,40000,7425.654296875,251.679733276367,25.1618766784668,8.04130268096924
20181124,18,-30,72,40000,7419.23828125,250.86067199707,24.1217403411865,9.30258464813232
20181125,0,-30,72,40000,7392.78564453125,249.272491455078,22.6976985931396,9.69303321838379
20181125,6,-30,72,40000,7393.3388671875,248.300003051758,18.5547733306885,8.37087726593018
20181125,12,-30,72,40000,7367.3330078125,246.172454833984,9.58336925506592,5.16278314590454
20181125,18,-30,72,40000,7365.33642578125,245.072479248047,2.10811519622803,-1.60155272483826
20181126,0,-30,72,40000,7372.70361328125,245.5,4.13459730148315,-3.53116703033447
20181126,6,-30,72,40000,7403.787109375,247.040557861328,13.4132871627808,-3.49679565429688
20181126,12,-30,72,40000,7400.240234375,246.699996948242,15.3474311828613,0.275800794363022
20181126,18,-30,72,40000,7411.72509765625,245.5,16.8383369445801,3.16401982307434
20181127,0,-30,72,40000,7404.97705078125,245.5,13.5467891693115,2.58048105239868
20181127,6,-30,72,40000,7418.8095703125,245.699996948242,9.15957641601563,1.78220820426941
20181127,12,-30,72,40000,7417.75830078125,245.572509765625,1.37370610237122,0.882900416851044
20181127,18,-30,72,40000,7434.25390625,245.899993896484,-2.39059329032898,-0.468574225902557
20181128,0,-30,72,40000,7424.087890625,246.47868347168,-4.74146747589111,-4.74886703491211
20181128,6,-30,72,40000,7439.49853515625,248.20002746582,-5.67488765716553,-10.0147609710693
20181128,12,-30,72,40000,7442.65478515625,248.9208984375,2.47679209709167,-9.13772964477539
20181128,18,-30,72,40000,7465.37353515625,250.300003051758,7.31086444854736,-3.93019533157349
20181129,0,-30,72,40000,7458.32568359375,250.189651489258,15.0167846679688,-11.9982852935791
20181129,6,-30,72,40000,7469.794921875,249.503875732422,18.099142074585,-7.51837158203125
20181129,12,-30,72,40000,7462.79931640625,250.800003051758,23.5287742614746,-4.39995098114014
20181129,18,-30,72,40000,7465.736328125,250.100006103516,23.0243434906006,5.19960451126099
20181130,0,-30,72,40000,7432.1806640625,249.699996948242,31.0884017944336,8.33225631713867
20181130,6,-30,72,40000,7390.99267578125,247.899993896484,36.7414398193359,15.508339881897
20181130,12,-30,72,40000,7301.63232421875,246.421020507813,54.6822128295898,4.84385251998901
20181130,18,-30,72,40000,7318.478515625,247.633499145508,49.9745979309082,-17.2211322784424
20181201,0,-30,72,40000,7359.05517578125,249.484649658203,39.9613609313965,-8.76870727539063
20181201,6,-30,72,40000,7380.72802734375,250.118774414063,35.9837341308594,-11.28564453125
20181201,12,-30,72,40000,7385.1982421875,249.899993896484,32.8999176025391,-8.79812049865723
20181201,18,-30,72,40000,7397.6357421875,251.24055480957,31.0776634216309,-7.29329824447632
20181202,0,-30,72,40000,7393.216796875,251.79443359375,35.2147636413574,-10.4040040969849
20181202,6,-30,72,40000,7396.86181640625,251.69108581543,34.5041580200195,-4.09977436065674
20181202,12,-30,72,40000,7388.1181640625,252.026092529297,36.7975807189941,-7.45327138900757
20181202,18,-30,72,40000,7400.11669921875,251.416213989258,37.7045936584473,-6.53079223632813
20181203,0,-30,72,40000,7410.138671875,251.327514648438,38.7438926696777,-5.18668222427368
20181203,6,-30,72,40000,7430.1455078125,251.41276550293,34.7018661499023,-0.820043921470642
20181203,12,-30,72,40000,7432.27197265625,250.600006103516,33.9584732055664,0.006805419921875
20181203,18,-30,72,40000,7446.53955078125,249.633697509766,34.1267395019531,1.07298588752747
20181204,0,-30,72,40000,7452.10986328125,249.224563598633,28.60986328125,-8.58970928192139
20181204,6,-30,72,40000,7474.27880859375,250.285369873047,20.0136528015137,0.340063482522964
20181204,12,-30,72,40000,7475.6943359375,250.513275146484,25.1414833068848,0.005340576171875
20181204,18,-30,72,40000,7488.32568359375,250.699920654297,20.1814765930176,6.89973163604736
20181205,0,-30,72,40000,7469.35009765625,250.29997253418,21.4037170410156,6.99998760223389
20181205,6,-30,72,40000,7474.759765625,249.414627075195,24.4705410003662,6.797607421875
20181205,12,-30,72,40000,7458.68798828125,248.5,23.2646789550781,9.2160587310791
20181205,18,-30,72,40000,7458.46240234375,249.002410888672,20.8267974853516,10.9606628417969
20181206,0,-30,72,40000,7428.07568359375,248.900024414063,22.4838562011719,9.07730674743652
20181206,6,-30,72,40000,7424.1611328125,248.810745239258,27.9360294342041,14.1030883789063
20181206,12,-30,72,40000,7408.48828125,247.628982543945,30.0340023040771,13.9873905181885
20181206,18,-30,72,40000,7414.12109375,248.327972412109,32.9656753540039,17.8711490631104
20181207,0,-30,72,40000,7400.1748046875,247.66145324707,31.1597709655762,20.7372131347656
20181207,6,-30,72,40000,7392.517578125,246.57177734375,24.4251518249512,23.5800724029541
20181207,12,-30,72,40000,7363.27294921875,245.967849731445,21.8974609375,29.0164909362793
20181207,18,-30,72,40000,7352.251953125,245.000030517578,13.2134981155396,25.4506492614746
20181208,0,-30,72,40000,7304.0205078125,242.95133972168,11.9485893249512,9.09716796875
20181208,6,-30,72,40000,7306.65625,244.613891601563,20.4314556121826,-7.18927717208862
20181208,12,-30,72,40000,7373.48388671875,246.90446472168,16.6254558563232,-22.6642684936523
20181208,18,-30,72,40000,7446.052734375,248.918365478516,16.3139400482178,-20.6373996734619
20181209,0,-30,72,40000,7463.9580078125,248.5,15.9899978637695,-11.6132373809814
20181209,6,-30,72,40000,7481.68896484375,248.704010009766,18.060604095459,-7.00704336166382
20181209,12,-30,72,40000,7475.81103515625,248.399993896484,17.1346588134766,-9.04019546508789
20181209,18,-30,72,40000,7496.61376953125,248.791412353516,17.3722362518311,-10.1572933197021
20181210,0,-30,72,40000,7488.09130859375,248.715789794922,16.6749153137207,-10.275182723999
20181210,6,-30,72,40000,7494.10986328125,248.788848876953,15.7778873443604,-5.86249399185181
20181210,12,-30,72,40000,7484.328125,248.4267578125,17.8532905578613,-3.83022451400757
20181210,18,-30,72,40000,7498.00634765625,247.999969482422,19.170841217041,-2.01503300666809
20181211,0,-30,72,40000,7480.626953125,248.676956176758,20.3999214172363,6.07546377182007
20181211,6,-30,72,40000,7479.0126953125,248.654983520508,21.3416957855225,8.81074237823486
20181211,12,-30,72,40000,7462.4775390625,249.57243347168,27.4999942779541,11.170618057251
20181211,18,-30,72,40000,7449.45361328125,249.806762695313,28.9810237884521,12.2844905853271
20181212,0,-30,72,40000,7425.0380859375,249.080932617188,26.251220703125,9.85099792480469
20181212,6,-30,72,40000,7403.134765625,246.300003051758,21.5851287841797,15.1921720504761
20181212,12,-30,72,40000,7352.38330078125,243.685592651367,22.9344825744629,19.2078456878662
20181212,18,-30,72,40000,7312.2470703125,241.587860107422,10.8866367340088,0.918524146080017
20181213,0,-30,72,40000,7350.43017578125,246.2275390625,9.34826946258545,-23.3836479187012
20181213,6,-30,72,40000,7375.00634765625,245.529144287109,18.231029510498,-25.7267513275146
20181213,12,-30,72,40000,7373.55419921875,245.899993896484,23.4957790374756,-27.4238586425781
20181213,18,-30,72,40000,7403.49951171875,246.100021362305,21.3444213867188,-32.6457748413086
20181214,0,-30,72,40000,7425.935546875,248.820266723633,15.6915493011475,-29.833532333374
20181214,6,-30,72,40000,7460.25830078125,250.300003051758,12.2925539016724,-23.7191047668457
20181214,12,-30,72,40000,7473.85205078125,251.321655273438,8.51723670959473,-16.3991394042969
20181214,18,-30,72,40000,7498.033203125,249.800003051758,9.32746601104736,-5.97859477996826
20181215,0,-30,72,40000,7483.3876953125,248.899993896484,8.3714542388916,-0.199639886617661
20181215,6,-30,72,40000,7481.1025390625,249.460372924805,16.0041255950928,5.42939472198486
20181215,12,-30,72,40000,7466.7412109375,250.4130859375,13.81272315979,5.07369995117188
20181215,18,-30,72,40000,7471.12548828125,251.60498046875,10.5002746582031,12.5289335250854
20181216,0,-30,72,40000,7459.22119140625,252.199981689453,19.9031429290771,12.1128206253052
20181216,6,-30,72,40000,7475.49755859375,250.899978637695,13.0503482818604,10.1341581344604
20181216,12,-30,72,40000,7462.189453125,250.900024414063,13.3442869186401,12.2601289749146
20181216,18,-30,72,40000,7455.37060546875,250.699996948242,5.22846698760986,8.91945457458496
20181217,0,-30,72,40000,7419.466796875,248,6.13211345672607,19.6569404602051
20181217,6,-30,72,40000,7386.3095703125,245.199996948242,2.18624877929688,1.30004274845123
20181217,12,-30,72,40000,7408.794921875,248.104400634766,16.12229347229,-5.9552001953125
20181217,18,-30,72,40000,7445.42333984375,249.241134643555,15.8187255859375,-3.18256235122681
20181218,0,-30,72,40000,7417.51416015625,246.873931884766,16.7045631408691,9.1932373046875
20181218,6,-30,72,40000,7345.57080078125,242.634857177734,39.3050384521484,9.82219886779785
20181218,12,-30,72,40000,7287.6181640625,241.787750244141,23.2916679382324,-14.7894039154053
