20180720,0,-43,-59,40000,7585.13330078125,261.5,12.5026273727417,5.51533222198486
20180720,6,-43,-59,40000,7609.85498046875,262.585266113281,1.66010737419128,-5.2227783203125
20180720,12,-43,-59,40000,7635.013671875,263.399993896484,0.176837161183357,-3.28837275505066
20180720,18,-43,-59,40000,7621.21044921875,263.485290527344,-2.12420034408569,2.68886709213257
20180721,0,-43,-59,40000,7615.6064453125,262.314697265625,0.113275147974491,5.57933330535889
20180721,6,-43,-59,40000,7617.18603515625,260.599975585938,4.26509380340576,6.11613750457764
20180721,12,-43,-59,40000,7618.22802734375,259.700012207031,8.88267230987549,6.50451040267944
20180721,18,-43,-59,40000,7598.7783203125,259.299987792969,9.56942176818848,8.7961368560791
20180722,0,-43,-59,40000,7596.099609375,258.5,10.3488159179688,10.0613765716553
20180722,6,-43,-59,40000,7599.5517578125,258.899993896484,12.9914855957031,13.112774848938
20180722,12,-43,-59,40000,7597.85498046875,259.100006103516,11.8382139205933,3.66423940658569
20180722,18,-43,-59,40000,7593.20068359375,258.799987792969,10.1049013137817,3.73031616210938
20180723,0,-43,-59,40000,7596.44189453125,258.999969482422,11.9117069244385,7.19159555435181
20180723,6,-43,-59,40000,7603.892578125,259.899963378906,10.9332981109619,5.01439189910889
20180723,12,-43,-59,40000,7613.22021484375,261.700012207031,7.45257568359375,3.69646906852722
20180723,18,-43,-59,40000,7593.8037109375,261.737731933594,2.02774667739868,9.23977088928223
20180724,0,-43,-59,40000,7575.3193359375,261,4.8121337890625,11.7043333053589
20180724,6,-43,-59,40000,7569.384765625,261.600006103516,3.61973261833191,14.7837648391724
20180724,12,-43,-59,40000,7544.61376953125,261.599975585938,-0.279582530260086,7.77390146255493
20180724,18,-43,-59,40000,7542.5595703125,261.298492431641,13.4599514007568,4.98098611831665
20180725,0,-43,-59,40000,7538.61376953125,260.300048828125,14.8994169235229,12.4521789550781
20180725,6,-43,-59,40000,7550.7451171875,259.399993896484,18.5869636535645,10.9644956588745
20180725,12,-43,-59,40000,7541.55126953125,257.986022949219,16.1360168457031,15.4585876464844
20180725,18,-43,-59,40000,7529.14697265625,256.799987792969,17.9929294586182,17.4459762573242
20180726,0,-43,-59,40000,7527.6044921875,256.668304443359,14.47509765625,8.60512733459473
20180726,6,-43,-59,40000,7553.89013671875,257.531677246094,6.30330085754395,-4.75258779525757
20180726,12,-43,-59,40000,7579.84326171875,258,1.10856938362122,-9.7124605178833
20180726,18,-43,-59,40000,7582.787109375,257.56787109375,-0.250656723976135,-7.09930658340454
20180727,0,-43,-59,40000,7599.44384765625,257.700012207031,-1.48501706123352,-5.24096202850342
20180727,6,-43,-59,40000,7616.67236328125,258.899993896484,-2.92546629905701,-2.19029784202576
20180727,12,-43,-59,40000,7629.6376953125,259.475189208984,2.39986562728882,0.657153308391571
20180727,18,-43,-59,40000,7614.93701171875,258.5771484375,6.5233006477356,-0.525849580764771
20180728,0,-43,-59,40000,7614.927734375,257.799987792969,-0.812260746955872,-7.58759784698486
20180728,6,-43,-59,40000,7626.13427734375,259.5,-8.95325183868408,-9.64457511901855
20180728,12,-43,-59,40000,7646.337890625,261.100006103516,-6.32440900802612,-3.37120366096497
20180728,18,-43,-59,40000,7648.3330078125,263.585754394531,-6.98367166519165,-2.52253913879395
20180729,0,-43,-59,40000,7648.56982421875,264.100006103516,-4.76662588119507,1.8358496427536
20180729,6,-43,-59,40000,7656.30126953125,263.200012207031,-0.914262712001801,4.26590824127197
20180729,12,-43,-59,40000,7670.70361328125,263.200012207031,0.837734401226044,1.06976556777954
20180729,18,-43,-59,40000,7661.85986328125,262.899993896484,1.93767094612122,-0.0656249970197678
20180730,0,-43,-59,40000,7663.05419921875,262.9453125,2.5906445980072,-1.86046874523163
20180730,6,-43,-59,40000,7672.31103515625,262.936218261719,2.72591066360474,-0.783896505832672
20180730,12,-43,-59,40000,7676.86083984375,263.714691162109,-0.307235717773438,-5.89327383041382
20180730,18,-43,-59,40000,7666.7587890625,263.321929931641,0.749526381492615,-3.11065435409546
20180731,0,-43,-59,40000,7667.70361328125,263.092529296875,4.05500173568726,-0.341406255960464
20180731,6,-43,-59,40000,7668.97802734375,263.199981689453,6.88248920440674,-1.20263671875
20180731,12,-43,-59,40000,7675.1318359375,263.547241210938,8.53763389587402,-2.1944580078125
20180731,18,-43,-59,40000,7662.919921875,263.000671386719,9.37209510803223,-1.89096677303314
20180801,0,-43,-59,40000,7665.57421875,263.160583496094,9.09732055664063,-1.0531952381134
20180801,6,-43,-59,40000,7671.2626953125,263.286041259766,9.55011558532715,-0.341934204101563
20180801,12,-43,-59,40000,7680.47998046875,263.700256347656,9.87311363220215,0.731024146080017
20180801,18,-43,-59,40000,7668.3212890625,263.100006103516,11.6263885498047,1.77500605583191
20180802,0,-43,-59,40000,7670.04638671875,262.899993896484,13.4111328125,4.10149526596069
20180802,6,-43,-59,40000,7678.64111328125,262.799987792969,13.1504793167114,4.69809579849243
20180802,12,-43,-59,40000,7679.7626953125,262.700012207031,13.0830717086792,4.13496112823486
20180802,18,-43,-59,40000,7669.5693359375,262.100006103516,12.4572477340698,3.81801748275757
20180803,0,-43,-59,40000,7668.048828125,261.992523193359,11.5393190383911,5.49735116958618
20180803,6,-43,-59,40000,7673.0595703125,262.438903808594,13.3443422317505,5.30601787567139
20180803,12,-43,-59,40000,7670.78564453125,262.399993896484,11.4063873291016,8.34675884246826
20180803,18,-43,-59,40000,7647.423828125,261.221923828125,11.9273958206177,6.02672100067139
20180804,0,-43,-59,40000,7636.31396484375,261.199981689453,16.1827278137207,2.09893798828125
20180804,6,-43,-59,40000,7636.51123046875,260.899993896484,17.6280097961426,1.86014401912689
20180804,12,-43,-59,40000,7631.1455078125,260.599975585938,16.3704891204834,0.799923717975616
20180804,18,-43,-59,40000,7612.12255859375,259.807464599609,11.304931640625,-1.46788942813873
20180805,0,-43,-59,40000,7608.5068359375,260.799987792969,7.89651775360107,-4.95125102996826
20180805,6,-43,-59,40000,7618.63916015625,261.5,9.15613079071045,-2.90592646598816
20180805,12,-43,-59,40000,7620.982421875,260.606994628906,8.96826457977295,-1.93135678768158
20180805,18,-43,-59,40000,7598.02978515625,260.453399658203,11.1600046157837,1.33558595180511
20180806,0,-43,-59,40000,7584.7880859375,260.100006103516,11.5710849761963,-3.75319218635559
20180806,6,-43,-59,40000,7584.14990234375,260.051696777344,10.9170169830322,3.69056630134583
20180806,12,-43,-59,40000,7580.234375,260.712463378906,14.3910961151123,-2.01795887947083
20180806,18,-43,-59,40000,7573.61865234375,260.085632324219,10.8000974655151,0.745473623275757
20180807,0,-43,-59,40000,7570.5029296875,259.787414550781,13.9341259002686,3.05439448356628
20180807,6,-43,-59,40000,7574.54833984375,260.199981689453,15.9331693649292,2.86708974838257
20180807,12,-43,-59,40000,7576.7880859375,260.350799560547,16.4958820343018,0.309755861759186
20180807,18,-43,-59,40000,7563.93115234375,259.299987792969,17.7117366790771,6.23958492279053
20180808,0,-43,-59,40000,7553.77294921875,258.700012207031,22.7300472259521,5.82219219207764
20180808,6,-43,-59,40000,7553.10888671875,258.170837402344,22.2569675445557,1.2547607421875
20180808,12,-43,-59,40000,7555.78173828125,256.290557861328,15.1363830566406,-0.294104009866714
20180808,18,-43,-59,40000,7528.943359375,255.210052490234,17.8544826507568,2.46190190315247
20180809,0,-43,-59,40000,7523.55126953125,255.557571411133,17.7082462310791,-1.76636350154877
20180809,6,-43,-59,40000,7523.00439453125,254.899993896484,20.6096744537354,-1.84649658203125
20180809,12,-43,-59,40000,7510.06298828125,254.010009765625,21.2660865783691,-2.98244619369507
20180809,18,-43,-59,40000,7511.37109375,253.283538818359,10.3677368164063,-17.2101440429688
20180810,0,-43,-59,40000,7535.1162109375,254.600006103516,15.9774265289307,-8.44536113739014
20180810,6,-43,-59,40000,7547.41064453125,256.437591552734,17.1558532714844,-4.66929912567139
20180810,12,-43,-59,40000,7547.67333984375,256.799987792969,8.79991722106934,-0.672235131263733
20180810,18,-43,-59,40000,7529.287109375,255.90202331543,11.0117855072021,2.97791743278503
20180811,0,-43,-59,40000,7519.03271484375,256.943603515625,13.9676694869995,1.80599367618561
20180811,6,-43,-59,40000,7515.42578125,258.010040283203,14.7830228805542,4.63267803192139
20180811,12,-43,-59,40000,7518.978515625,258.5,13.6000118255615,4.87395000457764
20180811,18,-43,-59,40000,7514.7763671875,257.743591308594,10.4908876419067,4.65556049346924
20180812,0,-43,-59,40000,7515.388671875,257.600006103516,9.7326078414917,4.42640066146851
20180812,6,-43,-59,40000,7526.9404296875,258,14.20436668396,5.52714252471924
20180812,12,-43,-59,40000,7529.36865234375,257.5,13.8574066162109,8.10574913024902
20180812,18,-43,-59,40000,7532.94580078125,257.600006103516,19.3287868499756,7.56700420379639
20180813,0,-43,-59,40000,7538.2236328125,257.511657714844,20.6000003814697,6.69026470184326
20180813,6,-43,-59,40000,7542.82373046875,256.5,18.5017852783203,7.56831645965576
20180813,12,-43,-59,40000,7545.98486328125,257.936431884766,21.7653141021729,7.87484121322632
20180813,18,-43,-59,40000,7538.26513671875,256.582763671875,21.367395401001,8.29010009765625
20180814,0,-43,-59,40000,7543.49951171875,256.570861816406,15.61474609375,1.32813477516174
20180814,6,-43,-59,40000,7543.880859375,256.22216796875,20.4394283294678,-1.23158204555511
20180814,12,-43,-59,40000,7550.30419921875,256,11.687949180603,-9.22449207305908
20180814,18,-43,-59,40000,7563.97021484375,256.799987792969,6.80075931549072,-7.93167972564697
20180815,0,-43,-59,40000,7571.46826171875,255.699996948242,0.104377441108227,-12.0323438644409
20180815,6,-43,-59,40000,7605.16064453125,256.100006103516,-6.70407485961914,-12.8444042205811
20180815,12,-43,-59,40000,7626.83056640625,256.629150390625,-4.79738283157349,-10.7517280578613
20180815,18,-43,-59,40000,7634.1064453125,257.629150390625,-2.57132577896118,-8.5988187789917
20180816,0,-43,-59,40000,7642.779296875,258.790679931641,2.98283457756042,-2.15572762489319
20180816,6,-43,-59,40000,7644.89208984375,258.600006103516,3.91465330123901,-2.11114740371704
20180816,12,-43,-59,40000,7649.796875,259.600006103516,6.82931661605835,2.45137214660645
20180816,18,-43,-59,40000,7618.537109375,258.992004394531,12.1767063140869,6.94728994369507
20180817,0,-43,-59,40000,7589.95458984375,258.700012207031,17.0716934204102,11.3739404678345
20180817,6,-43,-59,40000,7564.267578125,258.304443359375,22.4718036651611,11.9692869186401
20180817,12,-43,-59,40000,7544.06640625,256.649169921875,23.3045902252197,8.9609432220459
20180817,18,-43,-59,40000,7502.61328125,255.199996948242,24.8775939941406,11.8834199905396
20180818,0,-43,-59,40000,7480.978515625,254.414764404297,31.862720489502,4.02913188934326
20180818,6,-43,-59,40000,7479.86181640625,252.899993896484,17.2331657409668,-4.26048278808594
20180818,12,-43,-59,40000,7502.58544921875,252.884201049805,3.97346425056458,-8.61098670959473
20180818,18,-43,-59,40000,7506.29833984375,253.800003051758,3.12339782714844,0.457409679889679
20180819,0,-43,-59,40000,7509.7939453125,253.79997253418,2.06836915016174,1.90106439590454
20180819,6,-43,-59,40000,7498.32177734375,254.699981689453,10.4899711608887,6.06577157974243
20180819,12,-43,-59,40000,7489.56005859375,255.399993896484,14.9923830032349,4.77825212478638
20180819,18,-43,-59,40000,7464.9755859375,254.821929931641,13.221755027771,7.37618637084961
20180820,0,-43,-59,40000,7439.89208984375,253.499969482422,18.4025630950928,-0.833706080913544
20180820,6,-43,-59,40000,7420.52490234375,253.646118164063,26.1271896362305,2.58662104606628
20180820,12,-43,-59,40000,7398.705078125,252.499969482422,9.76375961303711,-1.9085351228714
20180820,18,-43,-59,40000,7358.09375,248.899993896484,18.6683731079102,-1.72893559932709
20180821,0,-43,-59,40000,7370.35546875,249.099975585938,16.0114192962646,-14.4002199172974
20180821,6,-43,-59,40000,7425.50244140625,252.553863525391,20.9903221130371,-10.6823921203613
20180821,12,-43,-59,40000,7462.2138671875,254.046112060547,21.4622077941895,-4.09504413604736
20180821,18,-43,-59,40000,7458.5869140625,252,11.4979000091553,-2.60317873954773
20180822,0,-43,-59,40000,7447.02197265625,252.5,6.96880483627319,3.56282949447632
20180822,6,-43,-59,40000,7447.994140625,253.000244140625,12.2132778167725,3.53188467025757
20180822,12,-43,-59,40000,7451.91015625,252.799758911133,7.03045654296875,5.30460214614868
20180822,18,-43,-59,40000,7442.763671875,252.44612121582,5.55678081512451,3.40675044059753
20180823,0,-43,-59,40000,7441.54638671875,251.807464599609,1.59288942813873,2.91328120231628
20180823,6,-43,-59,40000,7444.09228515625,251.807464599609,-0.110452271997929,2.94697260856628
20180823,12,-43,-59,40000,7444.3349609375,251.699996948242,-0.721636950969696,1.67682492733002
20180823,18,-43,-59,40000,7418.8251953125,251.29997253418,-2.49035334587097,3.08608388900757
20180824,0,-43,-59,40000,7398.57568359375,250.399993896484,0.190972894430161,-0.382788091897964
20180824,6,-43,-59,40000,7389.17626953125,250.300003051758,2.52989196777344,1.1326904296875
20180824,12,-43,-59,40000,7383.14990234375,249.585296630859,1.74505925178528,0.278619378805161
20180824,18,-43,-59,40000,7360.53076171875,249.29997253418,2.62545156478882,-3.33272695541382
20180825,0,-43,-59,40000,7374.7919921875,249.899978637695,0.626324474811554,-3.5230712890625
20180825,6,-43,-59,40000,7400.79833984375,252,12.1999263763428,-5.88331317901611
20180825,12,-43,-59,40000,7434.08251953125,253.5,14.5048522949219,-11.3747129440308
20180825,18,-43,-59,40000,7446.39111328125,252.600006103516,21.2063808441162,-4.03863525390625
20180826,0,-43,-59,40000,7452.8466796875,253,16.3108329772949,2.63065791130066
20180826,6,-43,-59,40000,7446.36865234375,251.29997253418,13.5157718658447,0.315875232219696
20180826,12,-43,-59,40000,7448.25927734375,250.868316650391,16.2533016204834,2.07101440429688
20180826,18,-43,-59,40000,7447.625,250.399993896484,17.8754367828369,-7.80308246612549
20180827,0,-43,-59,40000,7480.31396484375,252.999969482422,20.8792724609375,-9.35584735870361
20180827,6,-43,-59,40000,7510.689453125,254.70002746582,21.0777988433838,-8.65507793426514
20180827,12,-43,-59,40000,7517.22265625,255.600006103516,13.5180330276489,1.94942629337311
20180827,18,-43,-59,40000,7496.4404296875,256.100006103516,16.3265285491943,3.87835693359375
20180828,0,-43,-59,40000,7468.568359375,255.5,17.0705833435059,12.5646924972534
20180828,6,-43,-59,40000,7437.56298828125,253.099975585938,23.6046466827393,8.05984401702881
20180828,12,-43,-59,40000,7429.92138671875,252.5,12.7697019577026,-5.01634788513184
20180828,18,-43,-59,40000,7427.123046875,251.800003051758,13.0628852844238,-6.32187986373901
20180829,0,-43,-59,40000,7423.1787109375,251.838912963867,19.9267196655273,-8.43613815307617
20180829,6,-43,-59,40000,7438.16455078125,252.068313598633,18.5015926361084,-10.7913179397583
20180829,12,-43,-59,40000,7454.955078125,252.44612121582,16.9551067352295,-5.42503929138184
20180829,18,-43,-59,40000,7434.9873046875,251.899993896484,23.8719673156738,-4.83318853378296
20180830,0,-43,-59,40000,7408.48046875,250.5,16.3675651550293,-6.00759887695313
20180830,6,-43,-59,40000,7412.494140625,250.600006103516,21.8410892486572,-7.80776357650757
20180830,12,-43,-59,40000,7427.22509765625,248.599975585938,9.96290874481201,-14.0904483795166
20180830,18,-43,-59,40000,7441.98876953125,248.800003051758,8.51472187042236,-10.985803604126
20180831,0,-43,-59,40000,7458.822265625,249.500030517578,4.93515634536743,-8.4136962890625
20180831,6,-43,-59,40000,7490.68115234375,250.199996948242,3.25759267807007,-8.51643657684326
20180831,12,-43,-59,40000,7513.2099609375,251.199996948242,2.22659301757813,-11.5008544921875
20180831,18,-43,-59,40000,7519.47998046875,252.899993896484,0.573974609375,-12.4876708984375
20180901,0,-43,-59,40000,7529.197265625,254.100006103516,5.21536254882813,1.10037839412689
20180901,6,-43,-59,40000,7519.33447265625,254.5,9.44099140167236,1.80918574333191
20180901,12,-43,-59,40000,7512.548828125,257.499969482422,15.8880310058594,-1.53450322151184
20180901,18,-43,-59,40000,7473.79931640625,258.200012207031,17.4156742095947,6.79648447036743
20180902,0,-43,-59,40000,7420.21923828125,256.5,24.787130355835,12.8419675827026
20180902,6,-43,-59,40000,7371.33056640625,254.743606567383,30.7500648498535,3.31332087516785
20180902,12,-43,-59,40000,7348.86865234375,250.943603515625,25.7897891998291,2.06804203987122
20180902,18,-43,-59,40000,7302.93603515625,248.210052490234,23.7338066101074,9.88665771484375
20180903,0,-43,-59,40000,7255.494140625,247.5,0.809661865234375,-12.7855501174927
20180903,6,-43,-59,40000,7301.56396484375,250.399993896484,13.0525512695313,-16.0563163757324
20180903,12,-43,-59,40000,7318.41748046875,249.646606445313,9.40367126464844,-13.4667568206787
20180903,18,-43,-59,40000,7322.31494140625,248.006988525391,11.8663053512573,-14.9316253662109
20180904,0,-43,-59,40000,7305.04248046875,246.699981689453,14.3670139312744,-12.19602394104
20180904,6,-43,-59,40000,7311.068359375,247.300003051758,16.6424198150635,-18.2951774597168
20180904,12,-43,-59,40000,7308.64208984375,246.800003051758,17.9428291320801,-16.58984375
20180904,18,-43,-59,40000,7295.91259765625,247.899978637695,25.235424041748,-19.9711570739746
20180905,0,-43,-59,40000,7306.48681640625,247,19.4099884033203,-14.7007913589478
20180905,6,-43,-59,40000,7307.384765625,246.29997253418,21.8941764831543,-10.1322450637817
20180905,12,-43,-59,40000,7298.830078125,246.906982421875,22.3951206207275,-0.999963402748108
20180905,18,-43,-59,40000,7252.37109375,245.100006103516,26.9637813568115,2.89786982536316
20180906,0,-43,-59,40000,7194.5732421875,243.399993896484,20.1289348602295,8.19621562957764
20180906,6,-43,-59,40000,7171.9169921875,242.199996948242,1.0072968006134,-13.0303287506104
20180906,12,-43,-59,40000,7212.421875,242.899993896484,8.56483173370361,-11.0815000534058
20180906,18,-43,-59,40000,7217.380859375,243.399993896484,5.49889516830444,-15.2608280181885
20180907,0,-43,-59,40000,7241.50048828125,242.185302734375,13.2989015579224,-14.8373050689697
20180907,6,-43,-59,40000,7247.3330078125,243.599975585938,20.7121334075928,-14.6195163726807
20180907,12,-43,-59,40000,7265.99072265625,247,22.0378150939941,-21.777099609375
20180907,18,-43,-59,40000,7298.107421875,248.192535400391,19.7977046966553,-13.8999757766724
20180908,0,-43,-59,40000,7311.3857421875,246.399978637695,16.5381507873535,-6.84345722198486
20180908,6,-43,-59,40000,7316.00732421875,244.600006103516,13.3354549407959,-0.406396478414536
20180908,12,-43,-59,40000,7308.6650390625,242.899978637695,12.3642454147339,2.50001835823059
20180908,18,-43,-59,40000,7289.33251953125,241.699996948242,14.0367765426636,-0.230053707957268
20180909,0,-43,-59,40000,7304.62255859375,241.600006103516,7.9207763671875,-6.29940795898438
20180909,6,-43,-59,40000,7333.29248046875,243.199996948242,6.23839712142944,-8.68043804168701
20180909,12,-43,-59,40000,7368.98583984375,244.5,10.593542098999,-10.6841068267822
20180909,18,-43,-59,40000,7383.771484375,244.699996948242,14.1005153656006,-9.20631790161133
20180910,0,-43,-59,40000,7399.765625,245.499969482422,11.0124168395996,-5.02579116821289
20180910,6,-43,-59,40000,7417.04052734375,246.399993896484,9.73980712890625,-1.4847412109375
20180910,12,-43,-59,40000,7420.1201171875,246.100006103516,6.79645013809204,3.10240244865417
20180910,18,-43,-59,40000,7401.109375,245.800003051758,4.85519027709961,10.3820266723633
20180911,0,-43,-59,40000,7384.5654296875,246.100006103516,6.00957536697388,1.83048832416534
20180911,6,-43,-59,40000,7377.82763671875,246.300003051758,11.4494962692261,4.39928579330444
20180911,12,-43,-59,40000,7384.18505859375,247.600006103516,8.5195255279541,5.65414428710938
20180911,18,-43,-59,40000,7354.646484375,246.300003051758,16.3408012390137,13.6370115280151
20180912,0,-43,-59,40000,7336.92822265625,244.585296630859,21.0276184082031,4.70005512237549
20180912,6,-43,-59,40000,7339.31005859375,244.600006103516,32.1693534851074,5.17702960968018
20180912,12,-43,-59,40000,7356.205078125,245.814666748047,31.9304389953613,-0.25177001953125
20180912,18,-43,-59,40000,7368.6630859375,246.571533203125,28.6886901855469,0.280920416116714
20180913,0,-43,-59,40000,7389.71142578125,246.100006103516,24.5470085144043,-3.3349609375
20180913,6,-43,-59,40000,7426.08251953125,247.600021362305,17.5313053131104,-1.41078794002533
20180913,12,-43,-59,40000,7449.32958984375,247.5,14.5554866790771,-0.317468255758286
20180913,18,-43,-59,40000,7450.03564453125,247.699996948242,11.7572631835938,0.557232677936554
20180914,12,-43,-59,40000,7445.1123046875,249.999969482422,21.7422790527344,-0.474713146686554
20180914,18,-43,-59,40000,7418.353515625,249.399978637695,30.2138061523438,12.6576108932495
20180915,0,-43,-59,40000,7383.984375,249.199996948242,31.0998477935791,7.70150136947632
20180915,6,-43,-59,40000,7369.8505859375,246.79997253418,31.8553199768066,3.47097778320313
20180915,12,-43,-59,40000,7376.92626953125,248,32.0492782592773,-3.69101572036743
20180915,18,-43,-59,40000,7356.73828125,246.199996948242,28.0184383392334,1.88467407226563
20180916,0,-43,-59,40000,7348.75390625,244.999969482422,22.9980564117432,0.435754388570786
20180916,12,-43,-59,40000,7393.9755859375,247.199996948242,11.4654293060303,-6.65387582778931
20180916,18,-43,-59,40000,7407.3642578125,247.300003051758,15.4791965484619,-6.80292987823486
20180917,0,-43,-59,40000,7418.60302734375,246.399993896484,19.1000366210938,-2.52193593978882
20180917,6,-43,-59,40000,7421.93603515625,247.5,25.5748023986816,-3.12030029296875
20180917,12,-43,-59,40000,7420.35888671875,249.800003051758,20.4697971343994,-2.98277592658997
20180917,18,-43,-59,40000,7399.74072265625,249.29997253418,23.0256309509277,-4.37272357940674
20180918,0,-43,-59,40000,7405.0419921875,249.199996948242,25.1191310882568,-6.27110862731934
20180918,6,-43,-59,40000,7410.6142578125,249.399993896484,27.43603515625,-7.55401372909546
20180918,12,-43,-59,40000,7415.39013671875,249.199981689453,31.7875900268555,-8.18453598022461
20180918,18,-43,-59,40000,7412.630859375,250.399993896484,31.3374614715576,-7.61436033248901
20180919,0,-43,-59,40000,7405.97607421875,250,29.0252799987793,-1.40612304210663
20180919,6,-43,-59,40000,7397.8408203125,249.5,23.8954086303711,-2.87002444267273
20180919,12,-43,-59,40000,7391.83740234375,248.600006103516,21.5159301757813,-2.64981436729431
20180919,18,-43,-59,40000,7373.2470703125,247.499969482422,18.5116367340088,-1.07738649845123
20180920,0,-43,-59,40000,7359.92138671875,246.800003051758,18.3037261962891,2.61032223701477
20180920,6,-43,-59,40000,7340.8701171875,245.5,24.0866546630859,8.69996356964111
20180920,12,-43,-59,40000,7303.583984375,244.79997253418,28.9916191101074,12.2165384292603
20180920,18,-43,-59,40000,7243.8037109375,243.899993896484,32.9196434020996,19.3210296630859
20180921,0,-43,-59,40000,7148.20556640625,240.931686401367,33.0190658569336,26.046630859375
20180921,6,-43,-59,40000,7121.78125,240.699981689453,39.6308441162109,7.32756328582764
20180921,12,-43,-59,40000,7124.07763671875,239.629150390625,37.2246208190918,-11.8742551803589
20180921,18,-43,-59,40000,7144.5810546875,239.985763549805,29.813756942749,-0.269476324319839
20180922,0,-43,-59,40000,7125.2001953125,239.300003051758,24.4648933410645,-1.49751281738281
20180922,6,-43,-59,40000,7125.3212890625,239.300003051758,29.1591491699219,-4.0066556930542
20180922,12,-43,-59,40000,7121.54296875,237.699996948242,14.1160373687744,4.61751079559326
20180922,18,-43,-59,40000,7096.77001953125,236.868316650391,14.5742216110229,-8.82877826690674
20180923,0,-43,-59,40000,7100.93896484375,236.199996948242,16.4889259338379,-16.6572265625
20180923,6,-43,-59,40000,7141.37744140625,237.699996948242,15.4635524749756,-23.6800174713135
20180923,12,-43,-59,40000,7193.408203125,239.099975585938,12.358868598938,-18.2318058013916
20180923,18,-43,-59,40000,7215.103515625,239.199996948242,10.2942142486572,-11.9333372116089
20180924,0,-43,-59,40000,7228.31982421875,238.899993896484,11.4662351608276,-12.2962589263916
20180924,6,-43,-59,40000,7240.82861328125,238.399993896484,15.0899410247803,-12.7553586959839
20180924,12,-43,-59,40000,7263.62939453125,239.699981689453,13.0369567871094,-14.7999668121338
20180924,18,-43,-59,40000,7276.34423828125,240.399993896484,12.7860622406006,-11.4455871582031
20180925,0,-43,-59,40000,7286.806640625,241.199981689453,13.5443239212036,-9.00611591339111
20180925,6,-43,-59,40000,7283.99951171875,240.800003051758,11.3769016265869,-3.31915283203125
20180925,12,-43,-59,40000,7288.076171875,240.199996948242,8.82769203186035,-5.60860586166382
20180925,18,-43,-59,40000,7278.693359375,239.100006103516,8.26725482940674,-4.51652240753174
20180926,0,-43,-59,40000,7287.509765625,239.039398193359,3.80989980697632,-7.28154611587524
20180926,6,-43,-59,40000,7302.70703125,240.599975585938,8.26243305206299,-9.6633243560791
20180926,12,-43,-59,40000,7319.20751953125,243.300003051758,9.88265037536621,-14.5928831100464
20180926,18,-43,-59,40000,7319.95068359375,243.399993896484,10.4618043899536,-8.43325233459473
20180927,0,-43,-59,40000,7331.02197265625,244.531692504883,13.4274597167969,-9.24836158752441
20180927,6,-43,-59,40000,7339.06982421875,246.600006103516,13.1543483734131,-2.88688349723816
20180927,12,-43,-59,40000,7323.62060546875,246.421920776367,14.4817991256714,8.95871543884277
20180927,18,-43,-59,40000,7257.67626953125,243.08528137207,10.0777101516724,26.1034126281738
20180928,0,-43,-59,40000,7192.37060546875,239.300003051758,22.8925476074219,18.8825569152832
20180928,6,-43,-59,40000,7183.85791015625,237.899993896484,20.1673736572266,20.2732906341553
20180928,12,-43,-59,40000,7153.07177734375,237.199996948242,4.07665729522705,19.3199348449707
20180928,18,-43,-59,40000,7129.189453125,234.899993896484,24.477466583252,5.7777099609375
20180929,0,-43,-59,40000,7109.1875,234.899993896484,9.99289035797119,21.4962596893311
20180929,6,-43,-59,40000,7073.482421875,237.899993896484,17.5999813079834,12.3165836334229
20180929,12,-43,-59,40000,7060.794921875,235.975540161133,12.4770631790161,-5.57805776596069
20180929,18,-43,-59,40000,7051.9423828125,234.175506591797,9.05563640594482,-1.03668820858002
20180930,0,-43,-59,40000,7038.2548828125,234.399993896484,5.56083393096924,-2.02203369140625
20180930,6,-43,-59,40000,7043.83984375,235.100006103516,-4.45729064941406,-6.04353618621826
20180930,12,-43,-59,40000,7098.5517578125,235.600006103516,-19.4559020996094,-18.3136405944824
20180930,18,-43,-59,40000,7142.41748046875,238,-15.4060611724854,-20.6439399719238
20181001,0,-43,-59,40000,7206.42236328125,240,-2.27886652946472,-11.0000247955322
20181001,6,-43,-59,40000,7247.21630859375,241.510009765625,-5.53232097625732,-13.5562620162964
20181001,12,-43,-59,40000,7276.34375,241.600006103516,-1.2534087896347,-12.138708114624
20181001,18,-43,-59,40000,7287.08740234375,241.600006103516,5.03928852081299,-11.6951961517334
20181002,0,-43,-59,40000,7295.27880859375,242.182769775391,5.80769062042236,-10.5381898880005
20181002,6,-43,-59,40000,7307.130859375,242.882766723633,4.51959228515625,-8.48710346221924
20181002,12,-43,-59,40000,7329.10791015625,243.699996948242,2.90496826171875,-9.123291015625
20181002,18,-43,-59,40000,7340.81103515625,243.800003051758,3.01192021369934,-6.3687744140625
20181003,0,-43,-59,40000,7360.87353515625,243.699996948242,3.54232168197632,-3.29932260513306
20181003,6,-43,-59,40000,7376.52490234375,243.317230224609,3.89515614509583,0.351708978414536
20181003,12,-43,-59,40000,7390.51708984375,243.600006103516,3.81014704704285,1.10897827148438
20181003,18,-43,-59,40000,7385.88427734375,243.600006103516,2.76200938224792,5.18732404708862
20181004,0,-43,-59,40000,7385.47509765625,243.699996948242,0.958728015422821,8.0999813079834
20181004,6,-43,-59,40000,7372.44482421875,243.499969482422,1.14640200138092,8.00995826721191
20181004,12,-43,-59,40000,7365.29052734375,243.199981689453,5.40598154067993,6.15588998794556
20181004,18,-43,-59,40000,7348.998046875,243.100021362305,8.54385757446289,6.57064962387085
20181005,0,-43,-59,40000,7349.27001953125,243.308319091797,10.5022802352905,2.90793466567993
20181005,6,-43,-59,40000,7352.291015625,242.899993896484,16.8854370117188,4.70005798339844
20181005,12,-43,-59,40000,7349.1533203125,243.199981689453,21.8390865325928,9.56770038604736
20181005,18,-43,-59,40000,7311.830078125,243.022674560547,23.003734588623,16.1708374023438
20181006,0,-43,-59,40000,7267.4873046875,243.300003051758,28.1193904876709,18.5175590515137
20181006,6,-43,-59,40000,7211.4248046875,242.800003051758,38.085132598877,16.0711822509766
20181006,12,-43,-59,40000,7173.978515625,240.631805419922,35.479606628418,8.92081260681152
20181006,18,-43,-59,40000,7143.69140625,238.899993896484,31.8792114257813,6.93571758270264
20181007,0,-43,-59,40000,7107.908203125,236.300003051758,29.2699089050293,5.23639535903931
20181007,6,-43,-59,40000,7058.513671875,235.5,29.1145992279053,-1.41434323787689
20181007,12,-43,-59,40000,7098.11767578125,235.578079223633,28.9457054138184,-4.05607891082764
20181007,18,-43,-59,40000,7087.28271484375,236.524444580078,38.7248306274414,4.95870351791382
20181008,0,-43,-59,40000,7068.21435546875,236.699996948242,36.1705513000488,2.50478506088257
20181008,6,-43,-59,40000,7075.4580078125,235.482757568359,25.4422836303711,4.44650888442993
20181008,12,-43,-59,40000,7053.94677734375,232.600006103516,23.9588241577148,3.80222177505493
20181008,18,-43,-59,40000,7028.5595703125,233,28.0081233978271,4.43447256088257
20181009,0,-43,-59,40000,7020.455078125,233.699996948242,27.3946933746338,13.9750490188599
20181009,6,-43,-59,40000,6988.09423828125,232.5,10.6201324462891,7.0633544921875
20181009,12,-43,-59,40000,6998.3017578125,231.699996948242,-0.339181512594223,-15.7127199172974
20181009,18,-43,-59,40000,7009.15185546875,232.601165771484,5.82597637176514,-13.4256839752197
20181010,0,-43,-59,40000,7022.50146484375,232.34196472168,4.93779897689819,-12.4860172271729
20181010,6,-43,-59,40000,7033.25390625,230.800003051758,-2.01229548454285,-11.5679016113281
20181010,12,-43,-59,40000,7089.46875,231.597213745117,-7.50224018096924,-10.2652988433838
20181010,18,-43,-59,40000,7119.1123046875,233.5,-5.11396789550781,-13.7325077056885
20181011,0,-43,-59,40000,7167.0107421875,237.043579101563,-6.81527996063232,-18.8489265441895
20181011,6,-43,-59,40000,7204.697265625,237.100006103516,-4.27880573272705,-14.0594730377197
20181011,12,-43,-59,40000,7238.5205078125,238.282760620117,-0.472113043069839,-9.69467735290527
20181011,18,-43,-59,40000,7245.58544921875,237.899993896484,4.06236886978149,-6.63103628158569
20181012,0,-43,-59,40000,7251.1875,237.853363037109,3.49790048599243,-3.29998779296875
20181012,6,-43,-59,40000,7251.4951171875,237.600006103516,3.20417165756226,-0.759899914264679
20181012,12,-43,-59,40000,7255.5986328125,237.800003051758,2.68958425521851,-0.161676019430161
20181012,18,-43,-59,40000,7244.68115234375,237.600006103516,4.08542490005493,0.529748558998108
20181013,0,-43,-59,40000,7239.51171875,237.800003051758,6.96502685546875,-0.967547595500946
20181013,6,-43,-59,40000,7234.14013671875,239.024459838867,9.75915241241455,-3.52666020393372
20181013,12,-43,-59,40000,7232.78076171875,239.653854370117,11.4153718948364,-1.97878420352936
20181013,18,-43,-59,40000,7210.02197265625,238.092529296875,16.936990737915,-0.688885509967804
20181014,0,-43,-59,40000,7193.02685546875,236.529144287109,18.0907077789307,-7.01237201690674
20181014,6,-43,-59,40000,7238.80859375,239.399993896484,6.94683218002319,-10.2171144485474
20181014,12,-43,-59,40000,7255.41015625,240.600006103516,10.7543029785156,-6.80216693878174
20181014,18,-43,-59,40000,7249.42138671875,240.199996948242,12.9419832229614,-6.73673105239868
20181015,0,-43,-59,40000,7244.71826171875,240.999969482422,13.1814088821411,-6.27279663085938
20181015,6,-43,-59,40000,7240.287109375,240.800003051758,18.5160160064697,-5.82675170898438
20181015,12,-43,-59,40000,7233.1845703125,240.600006103516,13.7163209915161,-5.74136972427368
20181015,18,-43,-59,40000,7214.09521484375,239.800003051758,10.5768337249756,-9.00656127929688
20181016,0,-43,-59,40000,7196.36376953125,238.699981689453,10.4768371582031,-12.299822807312
20181016,6,-43,-59,40000,7171.9287109375,238.79997253418,16.6580543518066,-18.012866973877
20181016,12,-43,-59,40000,7141.12646484375,238.800003051758,19.1575527191162,-24.2363891601563
20181016,18,-43,-59,40000,7116.13818359375,236.546112060547,10.5756282806396,-24.6116580963135
20181017,0,-43,-59,40000,7107.0439453125,235.600006103516,3.91849970817566,-22.8385562896729
20181017,6,-43,-59,40000,7131.36181640625,235.300003051758,-11.1262083053589,-12.5979671478271
20181017,12,-43,-59,40000,7188.263671875,237.599975585938,-12.9684572219849,-17.0583190917969
20181017,18,-43,-59,40000,7211.2529296875,237.600006103516,-5.02535390853882,-13.8055295944214
20181018,0,-43,-59,40000,7232.85107421875,237.199996948242,-1.42030942440033,-11.6012754440308
20181018,6,-43,-59,40000,7240.130859375,236.800003051758,2.81049203872681,-9.54716777801514
20181018,12,-43,-59,40000,7254.580078125,236.899978637695,0.656823754310608,-9.66306114196777
20181018,18,-43,-59,40000,7261.5029296875,236.800003051758,-0.051483154296875,-3.34051513671875
20181019,0,-43,-59,40000,7274.228515625,237.300003051758,-2.59346318244934,2.06219482421875
20181019,6,-43,-59,40000,7282.64306640625,237.800003051758,-0.970400989055634,4.69304800033569
20181019,18,-43,-59,40000,7292.53515625,238.399978637695,4.56934213638306,0.720147728919983
20181020,0,-43,-59,40000,7289.7744140625,238.29997253418,6.22256469726563,2.66544198989868
20181020,6,-43,-59,40000,7285.1435546875,241.167877197266,13.4937839508057,-3.47752690315247
20181020,12,-43,-59,40000,7292.2412109375,241.760589599609,9.73395729064941,-0.413037121295929
20181020,18,-43,-59,40000,7279.9033203125,241.100006103516,12.4829616546631,1.3935546875
20181021,0,-43,-59,40000,7274.30126953125,241.29557800293,14.3274049758911,-4.34915781021118
20181021,6,-43,-59,40000,7267.015625,241.392532348633,10.0078582763672,2.68048095703125
20181021,12,-43,-59,40000,7248.21826171875,240.785308837891,10.1899166107178,3.85295414924622
20181021,18,-43,-59,40000,7208.96826171875,239.600006103516,15.4337520599365,10.6632356643677
20181022,0,-43,-59,40000,7162.537109375,238.300003051758,20.3763732910156,11.6005220413208
20181022,6,-43,-59,40000,7117.0673828125,236.800003051758,20.93408203125,16.3558769226074
20181022,12,-43,-59,40000,7051.814453125,233.575531005859,12.5945892333984,24.9480476379395
20181022,18,-43,-59,40000,7025.6748046875,232.078094482422,12.5914916992188,-12.5975160598755
20181023,0,-43,-59,40000,7054.5244140625,234.94384765625,22.7561454772949,-21.6778450012207
20181023,6,-43,-59,40000,7112.29443359375,237.785308837891,25.9689273834229,-14.1651306152344
20181023,12,-43,-59,40000,7145.72509765625,240.038909912109,27.1476497650146,-8.65080547332764
20181023,18,-43,-59,40000,7155.60302734375,239.600021362305,23.0904026031494,-7.39155864715576
20181024,0,-43,-59,40000,7177.65771484375,239.592529296875,21.6515617370605,-9.20003700256348
20181024,6,-43,-59,40000,7207.3681640625,240.899993896484,26.0124092102051,-11.009973526001
20181024,12,-43,-59,40000,7232.63818359375,240.699996948242,31.2560005187988,-4.17753887176514
20181024,18,-43,-59,40000,7223.54736328125,239.79997253418,26.5440483093262,0.276202380657196
20181025,0,-43,-59,40000,7216.015625,240.300003051758,25.8193778991699,8.95588397979736
20181025,6,-43,-59,40000,7166.3232421875,240.561080932617,29.4863471984863,16.1257514953613
20181025,12,-43,-59,40000,7094.365234375,237.99250793457,16.5874214172363,34.501350402832
20181025,18,-43,-59,40000,6948.76318359375,236.092559814453,21.6753234863281,24.7961921691895
20181026,0,-43,-59,40000,6921.3720703125,231.5,24.0802612304688,-7.81436777114868
20181026,6,-43,-59,40000,6920.201171875,231.29997253418,21.1397705078125,-6.99765634536743
20181026,12,-43,-59,40000,6920.9970703125,232.007476806641,11.1589632034302,-11.7142028808594
20181026,18,-43,-59,40000,6949.025390625,235.300003051758,18.416015625,-34.1404914855957
20181027,0,-43,-59,40000,6976.76171875,233.243453979492,22.4631290435791,-28.9868774414063
20181027,6,-43,-59,40000,6974.68505859375,232.982376098633,24.841854095459,-12.1999759674072
20181027,12,-43,-59,40000,6915.6875,230.043487548828,23.0953273773193,-21.4706230163574
20181027,18,-43,-59,40000,6839.490234375,228.199981689453,26.6465511322021,-28.726354598999
20181028,0,-43,-59,40000,6808.93994140625,231.068313598633,19.0426330566406,-24.7776126861572
20181028,6,-43,-59,40000,6851.734375,231.300003051758,2.47515559196472,-18.2420291900635
20181028,12,-43,-59,40000,6941.6455078125,233.3203125,7.01662302017212,-30.9329948425293
20181028,18,-43,-59,40000,6968.716796875,234.097442626953,16.6931762695313,-27.4166011810303
20181029,0,-43,-59,40000,6999.7314453125,234.433319091797,4.91788625717163,-36.4718818664551
20181029,6,-43,-59,40000,7053.43115234375,236.523040771484,9.2968807220459,-30.698413848877
20181029,12,-43,-59,40000,7083.525390625,236.941940307617,8.1040096282959,-21.4346122741699
20181029,18,-43,-59,40000,7066.41259765625,235.800003051758,16.9012031555176,-12.9303035736084
20181030,0,-43,-59,40000,7047.14453125,234.199996948242,14.9922637939453,-18.6046333312988
20181030,6,-43,-59,40000,7066.0341796875,232.600006103516,-3.61429738998413,-15.4488401412964
20181030,12,-43,-59,40000,7109.548828125,233.999969482422,5.40089416503906,-17.5332336425781
20181030,18,-43,-59,40000,7105.08642578125,234,4.03191518783569,-16.390832901001
20181031,0,-43,-59,40000,7155.31103515625,236.013061523438,-14.4981718063354,-24.0999946594238
20181031,6,-43,-59,40000,7224.35693359375,239.70002746582,-10.7115755081177,-19.2033081054688
20181031,12,-43,-59,40000,7278.7470703125,241.399993896484,-9.12923240661621,-15.1007328033447
20181031,18,-43,-59,40000,7303.51318359375,241.413055419922,-3.77344369888306,-8.00296592712402
20181101,0,-43,-59,40000,7325.044921875,241.04052734375,2.6153564453125,-5.63337421417236
20181101,6,-43,-59,40000,7334.728515625,240.600006103516,0.607397437095642,-2.40291142463684
20181101,12,-43,-59,40000,7349.0361328125,241,0.196423336863518,-0.679746091365814
20181101,18,-43,-59,40000,7345.33056640625,241.437255859375,2.31535029411316,0.649884045124054
20181102,0,-43,-59,40000,7353.224609375,242.100006103516,3.38516855239868,-2.61502075195313
20181102,6,-43,-59,40000,7350.81640625,242.699981689453,6.50086688995361,-0.0144165037199855
20181102,12,-43,-59,40000,7360.00927734375,244.418869018555,9.87991619110107,-1.86251223087311
20181102,18,-43,-59,40000,7361.55859375,245.249221801758,9.94670104980469,-1.36744999885559
20181103,0,-43,-59,40000,7355.615234375,245.284515380859,11.5269594192505,3.40236806869507
20181103,6,-43,-59,40000,7328.14990234375,245,18.8377075195313,7.24294424057007
20181103,12,-43,-59,40000,7310.11669921875,244.911697387695,21.6149139404297,7.59587383270264
20181103,18,-43,-59,40000,7275.8798828125,244.300003051758,21.525218963623,10.4251346588135
20181104,0,-43,-59,40000,7239.74072265625,243.100006103516,22.1550140380859,3.20112299919128
20181104,6,-43,-59,40000,7225.423828125,243.236373901367,29.0145568847656,6.82647085189819
20181104,12,-43,-59,40000,7206.65478515625,241.899993896484,26.2141265869141,4.61121845245361
20181104,18,-43,-59,40000,7180.84130859375,239.099975585938,33.7073440551758,2.25819087028503
20181105,0,-43,-59,40000,7163.52880859375,238.29997253418,31.8556423187256,1.90557861328125
20181105,6,-43,-59,40000,7183.04541015625,238.5,29.4060363769531,3.20550537109375
20181105,12,-43,-59,40000,7188.31103515625,239.724456787109,34.2523002624512,0.700164794921875
20181105,18,-43,-59,40000,7180.095703125,239.199996948242,34.5803527832031,1.27108156681061
20181106,0,-43,-59,40000,7194.921875,238.399993896484,25.4212799072266,-3.04521489143372
20181106,6,-43,-59,40000,7214.49951171875,239.708404541016,23.1037349700928,-1.96570432186127
20181106,12,-43,-59,40000,7222.94140625,240.156539916992,16.578914642334,1.83101201057434
20181106,18,-43,-59,40000,7206.70751953125,238.800582885742,14.6817808151245,3.30015873908997
20181107,0,-43,-59,40000,7195.5888671875,237.549194335938,15.342004776001,4.42686748504639
20181107,6,-43,-59,40000,7188.1982421875,239.969528198242,21.9306640625,2.04771733283997
20181107,12,-43,-59,40000,7188.64013671875,238.932327270508,16.9335136413574,5.110595703125
20181107,18,-43,-59,40000,7166.1533203125,241.205032348633,20.189474105835,11.4432621002197
20181108,0,-43,-59,40000,7142.111328125,240.725921630859,13.5734987258911,13.9808835983276
20181108,6,-43,-59,40000,7109.087890625,239.937774658203,10.2815370559692,15.4454097747803
20181108,12,-43,-59,40000,7081.8818359375,238.908782958984,7.4465913772583,12.1201419830322
20181108,18,-43,-59,40000,7040.87890625,236.100006103516,12.845721244812,8.35599994659424
20181109,0,-43,-59,40000,7017.4443359375,236.463623046875,19.6349239349365,2.26015615463257
20181109,6,-43,-59,40000,7030.49853515625,235.399993896484,22.3061714172363,-10.9288940429688
20181109,12,-43,-59,40000,7069.62939453125,233.800003051758,19.0732421875,-7.78435373306274
20181109,18,-43,-59,40000,7083.42236328125,235.327560424805,30.00461769104,-13.9707336425781
20181110,0,-43,-59,40000,7161.87890625,238.5,30.9981079101563,-14.4396238327026
20181110,6,-43,-59,40000,7195.16943359375,239.600006103516,28.042724609375,-2.14614868164063
20181110,12,-43,-59,40000,7192.43505859375,240.699996948242,25.4884433746338,7.80000591278076
20181110,18,-43,-59,40000,7145.7294921875,239.082244873047,25.9305229187012,11.1007747650146
20181111,0,-43,-59,40000,7131.4951171875,238.199981689453,21.6625938415527,-3.33231806755066
20181111,6,-43,-59,40000,7134.21728515625,238.199996948242,19.0924625396729,-11.506311416626
20181111,12,-43,-59,40000,7148.6474609375,238.314727783203,12.9633207321167,-9.28103637695313
20181111,18,-43,-59,40000,7144.69384765625,237.399993896484,12.7302980422974,-4.47940683364868
20181112,0,-43,-59,40000,7136.03515625,236.699996948242,11.6928405761719,-0.664337158203125
20181112,6,-43,-59,40000,7123.4892578125,236.544967651367,10.6974487304688,-2.72656869888306
20181112,12,-43,-59,40000,7131.88818359375,237.499969482422,9.45057106018066,-9.65847206115723
20181112,18,-43,-59,40000,7136.328125,236.606964111328,9.99179649353027,-7.94776630401611
20181113,0,-43,-59,40000,7149.72607421875,237.300003051758,5.16496562957764,-10.2489109039307
20181113,6,-43,-59,40000,7162.7841796875,238.300003051758,6.93914794921875,-5.79611825942993
20181113,12,-43,-59,40000,7176.73681640625,238.67805480957,10.0732517242432,1.41384279727936
20181113,18,-43,-59,40000,7171.5869140625,237.224456787109,11.4542846679688,-1.00764775276184
20181114,0,-43,-59,40000,7185.80419921875,236.899978637695,6.46420574188232,-5.72362041473389
20181114,6,-43,-59,40000,7193.39892578125,238.600006103516,9.02954387664795,1.82646489143372
20181114,12,-43,-59,40000,7181.9423828125,238.507354736328,20.1555328369141,10.8709230422974
20181114,18,-43,-59,40000,7151.732421875,236.100006103516,25.3444328308105,8.08348655700684
20181115,0,-43,-59,40000,7111.3701171875,234.100006103516,26.8682308197021,12.6266355514526
20181115,6,-43,-59,40000,7060.2470703125,234.199981689453,37.9853324890137,10.1523590087891
20181115,12,-43,-59,40000,7021.43603515625,233.699996948242,43.7137298583984,4.10725402832031
20181115,18,-43,-59,40000,7014.57958984375,231.765258789063,24.5539951324463,-1.03205561637878
20181116,0,-43,-59,40000,7005.65771484375,230.546142578125,14.2355165481567,-5.92463684082031
20181116,6,-43,-59,40000,7010.517578125,232,16.2220706939697,-8.82293128967285
20181116,12,-43,-59,40000,7068.0556640625,234.977813720703,14.3028049468994,-13.5403928756714
20181116,18,-43,-59,40000,7084.68359375,234.699996948242,15.6167478561401,0.60862123966217
20181117,0,-43,-59,40000,7060.3720703125,235.999969482422,19.0917167663574,7.07707214355469
20181117,6,-43,-59,40000,7019.146484375,234.300003051758,18.7999076843262,-0.364416509866714
20181117,12,-43,-59,40000,7000.7392578125,231.654022216797,29.3538875579834,3.38463139533997
20181117,18,-43,-59,40000,6969.1025390625,230.699996948242,20.3697471618652,2.55218505859375
20181118,0,-43,-59,40000,6952.2080078125,231.959838867188,19.2907066345215,0.459985345602036
20181118,6,-43,-59,40000,6912.97607421875,230.511642456055,23.6487274169922,7.55886220932007
20181118,12,-43,-59,40000,6920.5986328125,231.100006103516,25.861780166626,-17.4651184082031
20181118,18,-43,-59,40000,6957.6591796875,231.600006103516,29.9347476959229,-4.19993305206299
20181119,0,-43,-59,40000,6954.62109375,231.100006103516,24.8364200592041,-1.41961669921875
20181119,6,-43,-59,40000,6928.56982421875,230.600006103516,24.1921272277832,2.59562993049622
20181119,12,-43,-59,40000,6923.9150390625,229.79997253418,22.6116638183594,1.10200190544128
20181119,18,-43,-59,40000,6886.8544921875,227.199996948242,29.3299140930176,-0.734948754310608
20181120,0,-43,-59,40000,6875.07763671875,227.701950073242,32.5387992858887,1.10003054141998
20181120,6,-43,-59,40000,6870.74169921875,227.499969482422,30.6372985839844,-1.49854731559753
20181120,12,-43,-59,40000,6887.611328125,228.5,33.0222663879395,-2.93171381950378
20181120,18,-43,-59,40000,6872.505859375,227.399993896484,24.6797542572021,-0.804180920124054
20181121,0,-43,-59,40000,6865.0400390625,228.5,24.7056159973145,-0.600018322467804
20181121,6,-43,-59,40000,6834.57666015625,226.899993896484,28.2808628082275,-3.83085942268372
20181121,12,-43,-59,40000,6811.15625,224.699996948242,32.3699607849121,-7.99887704849243
20181121,18,-43,-59,40000,6822.5048828125,227.600006103516,33.5864105224609,-20.2533073425293
20181122,0,-43,-59,40000,6861.7001953125,229,31.9886207580566,-21.7704277038574
20181122,6,-43,-59,40000,6898.791015625,230,26.9919185638428,-23.8044681549072
20181122,12,-43,-59,40000,6950.35693359375,231.702667236328,21.2967319488525,-17.2403011322021
20181122,18,-43,-59,40000,6975.61083984375,232.728713989258,23.5531558990479,-11.586950302124
20181123,0,-43,-59,40000,6973.4033203125,231.805374145508,12.40087890625,-5.00005483627319
20181123,6,-43,-59,40000,6969.3193359375,231.433319091797,6.39158344268799,-1.20001828670502
20181123,12,-43,-59,40000,6993.28076171875,231.047775268555,2.71720576286316,-6.97880840301514
20181123,18,-43,-59,40000,7018.75,231.559448242188,12.6464748382568,-10.0539302825928
20181124,0,-43,-59,40000,7035.8857421875,234.173858642578,19.6485538482666,-6.04426288604736
20181124,6,-43,-59,40000,7051.52734375,236.562286376953,20.4897575378418,-14.3533992767334
20181124,12,-43,-59,40000,7067.09423828125,235.179733276367,19.961877822876,-2.25869750976563
20181124,18,-43,-59,40000,7031.8779296875,234.460662841797,24.7217407226563,-3.89741516113281
20181125,0,-43,-59,40000,7049.74560546875,235.97248840332,16.7976989746094,-15.8069667816162
20181125,6,-43,-59,40000,7102.93896484375,236.100006103516,7.45477294921875,-15.5291233062744
20181125,12,-43,-59,40000,7176.05322265625,238.672454833984,0.803369164466858,-10.107216835022
20181125,18,-43,-59,40000,7186.6162109375,239.172485351563,6.29811525344849,7.89844703674316
20181126,0,-43,-59,40000,7167.16357421875,239.600006103516,19.3045978546143,13.9688329696655
20181126,6,-43,-59,40000,7095.4267578125,238.74055480957,35.9132881164551,9.80320453643799
20181126,12,-43,-59,40000,7024.39990234375,237.399993896484,53.4174308776855,12.2258005142212
20181126,18,-43,-59,40000,6967.125,238.600006103516,60.7383346557617,2.36401987075806
20181127,0,-43,-59,40000,6947.2568359375,236.899993896484,59.5467910766602,3.48048090934753
20181127,6,-43,-59,40000,6933.4892578125,234.600006103516,54.3595771789551,-1.21779179573059
20181127,12,-43,-59,40000,6935.4580078125,233.272506713867,46.9437065124512,-5.527099609375
20181127,18,-43,-59,40000,6931.93359375,232.199996948242,45.2094039916992,-5.46857404708862
20181128,0,-43,-59,40000,6912.248046875,230.278686523438,46.438533782959,-3.34886717796326
20181128,6,-43,-59,40000,6900.31884765625,230.800018310547,41.2351112365723,-11.5247611999512
20181128,12,-43,-59,40000,6948.93505859375,230.720901489258,39.3367919921875,-14.8677291870117
20181128,18,-43,-59,40000,6966.59375,229.899993896484,33.1608657836914,-16.0401954650879
20181129,0,-43,-59,40000,6971.845703125,230.589645385742,32.7167854309082,-13.8982849121094
20181129,6,-43,-59,40000,7022.294921875,234.003875732422,29.4991416931152,-19.618371963501
20181129,12,-43,-59,40000,7044.939453125,235.199996948242,32.8287734985352,-12.5999507904053
20181129,18,-43,-59,40000,7037.05615234375,235,33.8643417358398,-13.2203950881958
20181130,0,-43,-59,40000,7034.54052734375,234.300003051758,36.5984001159668,-11.6577444076538
20181130,6,-43,-59,40000,7038.49267578125,234.399993896484,35.5414390563965,-12.4216604232788
20181130,12,-43,-59,40000,7067.99267578125,233.72102355957,24.5222110748291,-19.5661468505859
20181130,18,-43,-59,40000,7125.93896484375,235.633499145508,12.044602394104,-14.7911329269409
20181201,0,-43,-59,40000,7165.03515625,236.484649658203,9.66136169433594,-6.06870746612549
20181201,6,-43,-59,40000,7169.087890625,237.018768310547,8.28373432159424,1.01435542106628
20181201,12,-43,-59,40000,7159.47802734375,237.800003051758,-0.400082409381866,8.3018798828125
20181201,18,-43,-59,40000,7122.7158203125,237.340545654297,16.0776634216309,10.0067014694214
20181202,0,-43,-59,40000,7095.3369140625,236.29443359375,20.9147644042969,12.2959957122803
20181202,6,-43,-59,40000,7128.841796875,239.791091918945,24.8041572570801,4.50022602081299
20181202,12,-43,-59,40000,7126.47802734375,239.42610168457,30.0975799560547,17.7467288970947
20181202,18,-43,-59,40000,7092.056640625,239.716217041016,37.6045913696289,21.8692073822021
20181203,0,-43,-59,40000,7041.61865234375,236.327514648438,36.4438934326172,23.613317489624
20181203,6,-43,-59,40000,6997.10546875,233.112762451172,37.1018676757813,19.4799556732178
20181203,12,-43,-59,40000,6970.4716796875,230.300003051758,38.758472442627,19.3068046569824
20181203,18,-43,-59,40000,6888.53955078125,232.833694458008,50.2267379760742,21.6729850769043
20181204,0,-43,-59,40000,6829.18994140625,231.624557495117,40.8098640441895,10.4102907180786
20181204,6,-43,-59,40000,6809.8388671875,228.385375976563,39.2136535644531,-0.659936547279358
20181204,12,-43,-59,40000,6846.6142578125,228.61328125,47.6414833068848,-6.69465923309326
20181204,18,-43,-59,40000,6861.8857421875,229.09992980957,47.2814750671387,-3.00026845932007
20181205,0,-43,-59,40000,6856.169921875,228.499969482422,52.0037155151367,1.39998781681061
20181205,6,-43,-59,40000,6842.60009765625,227.214630126953,52.2705459594727,8.797607421875
20181205,12,-43,-59,40000,6808.68798828125,226.399993896484,46.5646781921387,10.6160583496094
20181205,18,-43,-59,40000,6761.0224609375,225.702423095703,38.526798248291,9.86066246032715
20181206,0,-43,-59,40000,6701.4755859375,225.20002746582,33.2838554382324,4.97730731964111
20181206,6,-43,-59,40000,6663.18115234375,224.810745239258,31.1360282897949,-2.49691152572632
20181206,12,-43,-59,40000,6671.72802734375,223.928985595703,26.3340034484863,-5.11260986328125
20181206,18,-43,-59,40000,6678.6611328125,224.127975463867,26.2656745910645,-10.6288509368896
20181207,0,-43,-59,40000,6712.73486328125,224.761444091797,34.7597732543945,-8.3627872467041
20181207,6,-43,-59,40000,6701.95751953125,224.671783447266,40.0251541137695,-6.21992778778076
20181207,12,-43,-59,40000,6692.873046875,224.767852783203,33.5974617004395,-5.88350820541382
20181207,18,-43,-59,40000,6690.61181640625,225.100021362305,30.0834980010986,-8.77935028076172
20181208,0,-43,-59,40000,6715.78076171875,224.651336669922,21.0485897064209,-11.7328319549561
20181208,6,-43,-59,40000,6782.6962890625,226.113891601563,18.2714557647705,-18.1792774200439
20181208,12,-43,-59,40000,6857.32373046875,227.804473876953,27.8854560852051,-16.5242671966553
20181208,18,-43,-59,40000,6882.0126953125,228.218353271484,33.0139389038086,-13.7373991012573
20181209,0,-43,-59,40000,6904.55810546875,229,30.7199974060059,-6.03323745727539
20181209,6,-43,-59,40000,6917.7685546875,229.503997802734,26.3606052398682,-2.50704336166382
20181209,12,-43,-59,40000,6932.17138671875,229.399993896484,24.4746589660645,-0.630195319652557
20181209,18,-43,-59,40000,6921.61376953125,228.491409301758,23.5722370147705,1.04270625114441
20181210,0,-43,-59,40000,6915.89111328125,228.01579284668,24.4749145507813,-1.37518310546875
20181210,6,-43,-59,40000,6915.22998046875,228.688842773438,32.7778854370117,1.13750612735748
20181210,12,-43,-59,40000,6919.04833984375,231.726760864258,42.9532890319824,4.46977519989014
20181210,18,-43,-59,40000,6877.3662109375,229.499969482422,35.2708396911621,15.9849672317505
20181211,0,-43,-59,40000,6819.6669921875,226.176956176758,12.899920463562,-2.92453622817993
20181211,6,-43,-59,40000,6819.29248046875,226.154983520508,16.1416969299316,-13.4892578125
20181211,12,-43,-59,40000,6885.59765625,228.972442626953,16.0999946594238,-20.6293830871582
20181211,18,-43,-59,40000,6912.1337890625,228.706756591797,16.6810245513916,-15.5155086517334
20181212,0,-43,-59,40000,6921.71826171875,229.680938720703,26.6512203216553,-10.6490020751953
20181212,6,-43,-59,40000,6906.01513671875,231.600006103516,33.8851280212402,-7.60782766342163
20181212,12,-43,-59,40000,6876.462890625,232.085601806641,35.8344802856445,-11.9921541213989
20181212,18,-43,-59,40000,6839.76708984375,230.587860107422,31.8866367340088,-19.7814750671387
20181213,0,-43,-59,40000,6881.39013671875,232.2275390625,25.3482704162598,-33.1836471557617
20181213,6,-43,-59,40000,6963.5263671875,233.829147338867,25.231029510498,-30.2267513275146
20181213,12,-43,-59,40000,7020.994140625,233.600006103516,24.2957801818848,-18.3238582611084
20181213,18,-43,-59,40000,7025.45947265625,231.600021362305,17.4444217681885,-10.7457761764526
20181214,0,-43,-59,40000,7033.8154296875,231.020263671875,14.9915494918823,-10.833532333374
20181214,6,-43,-59,40000,7050.09814453125,231.600006103516,16.8925533294678,-11.619104385376
20181214,12,-43,-59,40000,7080.3720703125,232.721649169922,21.0172367095947,-13.7991390228271
20181214,18,-43,-59,40000,7075.31298828125,232,28.0274658203125,-0.378594964742661
20181215,0,-43,-59,40000,7040.427734375,231.300003051758,33.7714538574219,2.90036010742188
20181215,6,-43,-59,40000,7010.22265625,232.06037902832,34.804126739502,2.72939443588257
20181215,12,-43,-59,40000,6978.30126953125,230.313079833984,28.9127235412598,5.47370004653931
20181215,18,-43,-59,40000,6922.24560546875,230.10498046875,19.0002746582031,-1.8710663318634
20181216,0,-43,-59,40000,6885.26123046875,230.699981689453,20.3031425476074,-3.3871796131134
20181216,6,-43,-59,40000,6842.1376953125,230.099975585938,22.5503482818604,-5.96584177017212
20181216,12,-43,-59,40000,6824.42919921875,227.100021362305,17.9442863464355,-12.8398714065552
20181216,18,-43,-59,40000,6829.810546875,227.600006103516,18.428466796875,-13.3805446624756
20181217,0,-43,-59,40000,6826.90673828125,228.300003051758,16.8321132659912,-13.3430604934692
20181217,6,-43,-59,40000,6851.66943359375,227.399993896484,27.6862487792969,-24.6999568939209
20181217,12,-43,-59,40000,6862.27490234375,228.00439453125,32.7222938537598,-15.6552000045776
20181217,18,-43,-59,40000,6857.7431640625,228.641143798828,24.4187259674072,-14.0825624465942
20181218,0,-43,-59,40000,6870.71435546875,228.27392578125,22.40456199646,-18.7067623138428
20181218,6,-43,-59,40000,6888.49072265625,229.834869384766,31.4050388336182,-20.5778007507324
20181218,12,-43,-59,40000,6896.01806640625,229.287750244141,18.4916687011719,-7.78940439224243
