20180720,0,40,110,15000,13608.005859375,216.514312744141,8.93111324310303,11.4731636047363
20180720,6,40,110,15000,13620.44921875,215.399993896484,14.1183347702026,6.85500001907349
20180720,12,40,110,15000,13612.5849609375,215.697219848633,17.1319484710693,1.7182959318161
20180720,18,40,110,15000,13588.9345703125,216.089996337891,24.268892288208,-3.78421640396118
20180721,0,40,110,15000,13541.5546875,214.5,32.1100006103516,-6.54845237731934
20180721,6,40,110,15000,13519.2216796875,214.817230224609,27.5827827453613,-11.1473922729492
20180721,12,40,110,15000,13487.7216796875,217,28.4999942779541,-9.3410816192627
20180721,18,40,110,15000,13452.7763671875,221.0625,29.0344486236572,-6.9124608039856
20180722,0,40,110,15000,13436.337890625,223.899993896484,22.8527336120605,-5.62816905975342
20180722,6,40,110,15000,13415.8271484375,222.300003051758,27.8780574798584,-9.22939968109131
20180722,12,40,110,15000,13430.1220703125,223.324462890625,25.2312202453613,1.8751220703125
20180722,18,40,110,15000,13464.7490234375,221.78532409668,21.1531352996826,4.16061544418335
20180723,0,40,110,15000,13491.3828125,221.631683349609,19.8993873596191,3.63142085075378
20180723,6,40,110,15000,13518.26171875,221.199981689453,17.7980575561523,-0.952311992645264
20180723,12,40,110,15000,13532.37890625,219.600006103516,20.4206447601318,1.11766850948334
20180723,18,40,110,15000,13558.47265625,219.300003051758,20.1055755615234,-0.6435546875
20180724,0,40,110,15000,13574.4013671875,217.5,18.6115608215332,-0.953041970729828
20180724,6,40,110,15000,13592.1376953125,217.131683349609,16.6026554107666,-1.47512698173523
20180724,12,40,110,15000,13603.75390625,216.378082275391,15.1986446380615,1.58615231513977
20180724,18,40,110,15000,13625.38671875,216,13.7019510269165,-1.86379396915436
20180725,0,40,110,15000,13632.99609375,214.800003051758,14.3229446411133,-3.76796388626099
20180725,6,40,110,15000,13643.1826171875,214.399993896484,16.5089836120605,-3.68967294692993
20180725,12,40,110,15000,13645.45703125,213.512817382813,18.9750003814697,-3.06805419921875
20180725,18,40,110,15000,13643.025390625,213.782760620117,19.8879146575928,-7.42050790786743
20180726,0,40,110,15000,13638.291015625,214.363647460938,18.9066944122314,-8.79532432556152
20180726,6,40,110,15000,13637.97265625,215.899993896484,18.4180965423584,-11.5127096176147
20180726,12,40,110,15000,13628.9853515625,217.029144287109,15.8140678405762,-9.27627468109131
20180726,18,40,110,15000,13625.99609375,217.358810424805,14.6222486495972,-9.23116207122803
20180727,0,40,110,15000,13618.17578125,217.024459838867,12.4138917922974,-9.12967491149902
20180727,6,40,110,15000,13614.4677734375,217.800003051758,11.1034183502197,-8.5185718536377
20180727,12,40,110,15000,13595.201171875,217.199996948242,9.92415523529053,-8.24105453491211
20180727,18,40,110,15000,13594.486328125,217.688568115234,11.7147216796875,-5.71686267852783
20180728,0,40,110,15000,13590.2275390625,217.014694213867,11.9047164916992,-1.44971430301666
20180728,6,40,110,15000,13601.865234375,216.185302734375,14.8802909851074,0.251997083425522
20180728,12,40,110,15000,13600.6103515625,215.199996948242,21.8690128326416,2.25616216659546
20180728,18,40,110,15000,13593.7529296875,215.199996948242,24.8855495452881,-1.51184570789337
20180729,0,40,110,15000,13573.7939453125,218.399993896484,24.8397407531738,-0.851269543170929
20180729,6,40,110,15000,13565.1103515625,221.868316650391,21.6508369445801,2.63152599334717
20180729,12,40,110,15000,13564.5400390625,221.399978637695,19.7200088500977,4.25307846069336
20180729,18,40,110,15000,13559.35546875,220.999969482422,18.8722457885742,7.20349836349487
20180730,0,40,110,15000,13560.0595703125,220.899978637695,18.1764450073242,4.09484386444092
20180730,6,40,110,15000,13539.8154296875,224.5,21.1135940551758,9.75529289245605
20180730,12,40,110,15000,13523.5595703125,224.300003051758,29.0132904052734,11.5809297561646
20180730,18,40,110,15000,13550.9560546875,221.399993896484,23.9461078643799,11.7107763290405
20180731,0,40,110,15000,13542.0458984375,220.748931884766,27.330005645752,11.7799386978149
20180731,6,40,110,15000,13547.0078125,221.600006103516,30.8936576843262,9.07136726379395
20180731,12,40,110,15000,13536.138671875,220.699996948242,33.1900177001953,7.47880840301514
20180731,18,40,110,15000,13538.384765625,220.300003051758,32.312686920166,5.72679710388184
20180801,0,40,110,15000,13528.2353515625,219.261444091797,32.610050201416,4.98440933227539
20180801,6,40,110,15000,13530.54296875,219.199996948242,34.6025009155273,3.43823719024658
20180801,12,40,110,15000,13530.08203125,219.899993896484,29.506763458252,5.6168360710144
20180801,18,40,110,15000,13535.27734375,218.999969482422,26.3157424926758,1.9621924161911
20180802,0,40,110,15000,13533.6298828125,218.899993896484,24.7194766998291,0.465251475572586
20180802,6,40,110,15000,13519.2470703125,218.600006103516,23.4216842651367,-3.50058102607727
20180802,12,40,110,15000,13494.6962890625,218.899993896484,22.2872772216797,-0.692368149757385
20180802,18,40,110,15000,13483.35546875,219.600006103516,21.2909717559814,-3.46454334259033
20180803,0,40,110,15000,13461.4501953125,222,23.1522331237793,-6.81196784973145
20180803,6,40,110,15000,13456.3173828125,223.199996948242,23.319995880127,-1.92266607284546
20180803,12,40,110,15000,13470.8212890625,220.5,20.7960052490234,3.53402090072632
20180803,18,40,110,15000,13491.1083984375,218.399993896484,26.2691707611084,12.4634523391724
20180804,0,40,110,15000,13522.2138671875,212.899993896484,32.3571739196777,13.9300317764282
20180804,6,40,110,15000,13555.6796875,211.300003051758,30.0977783203125,7.0901026725769
20180804,12,40,110,15000,13569.4775390625,212.399993896484,29.3583354949951,7.40610599517822
20180804,18,40,110,15000,13570.6962890625,212.399993896484,32.3400039672852,7.92657709121704
20180805,0,40,110,15000,13586.9677734375,214.399993896484,27.9646148681641,4.88622570037842
20180805,6,40,110,15000,13592.2998046875,216.199996948242,26.760009765625,3.81732177734375
20180805,12,40,110,15000,13606.7587890625,215.907470703125,29.347806930542,7.34748268127441
20180805,18,40,110,15000,13591.36328125,215.699981689453,33.1589241027832,2.37584972381592
20180806,0,40,110,15000,13574.3212890625,216.506988525391,33.7100105285645,-2.0947949886322
20180806,6,40,110,15000,13540.5361328125,216.699996948242,31.4300003051758,-10.0153007507324
20180806,12,40,110,15000,13508.1884765625,214.914260864258,30.6500301361084,-12.1499729156494
20180806,18,40,110,15000,13479.7177734375,215.899993896484,33.6466522216797,-14.1937789916992
20180807,0,40,110,15000,13444.267578125,215.821929931641,28.1605377197266,-17.1660766601563
20180807,6,40,110,15000,13437.431640625,220.5,24.5758113861084,-16.1563701629639
20180807,12,40,110,15000,13461.15234375,221,17.9249973297119,-5.06003904342651
20180807,18,40,110,15000,13512.458984375,218.399993896484,20.0341281890869,5.09132099151611
20180808,0,40,110,15000,13577.0654296875,215.566696166992,16.8100070953369,12.049485206604
20180808,6,40,110,15000,13638.3701171875,209.300003051758,22.1799945831299,14.8789033889771
20180808,12,40,110,15000,13679.2333984375,207.899978637695,22.2027244567871,10.226601600647
20180808,18,40,110,15000,13726.3525390625,207.199981689453,23.8585548400879,4.76335954666138
20180809,0,40,110,15000,13756.63671875,206.700241088867,26.121675491333,-0.00877441372722387
20180809,6,40,110,15000,13751.2861328125,207.399993896484,32.2644500732422,-7.6266918182373
20180809,12,40,110,15000,13747.1796875,210.5,31.21435546875,-11.8158521652222
20180809,18,40,110,15000,13728.1748046875,211.906982421875,30.2447319030762,-19.1810550689697
20180810,0,40,110,15000,13684.849609375,214.800003051758,28.2117977142334,-19.7699661254883
20180810,6,40,110,15000,13647.083984375,217.699996948242,29.3822746276855,-17.1470775604248
20180810,12,40,110,15000,13633.9326171875,216.136383056641,35.2238006591797,-11.2452001571655
20180810,18,40,110,15000,13639.8583984375,213.199996948242,43.5876808166504,-11.3639402389526
20180811,0,40,110,15000,13629.2021484375,210.5,43.8099555969238,-17.6432857513428
20180811,6,40,110,15000,13624.28125,210.699996948242,43.2125091552734,-21.8696804046631
20180811,12,40,110,15000,13603.1923828125,212,42.3115768432617,-22.1795883178711
20180811,18,40,110,15000,13589.119140625,214.687210083008,36.9067573547363,-21.331657409668
20180812,0,40,110,15000,13585.5458984375,214.218307495117,35.2064933776855,-18.9597015380859
20180812,6,40,110,15000,13576.71875,215.276412963867,38.3499984741211,-20.2098407745361
20180812,12,40,110,15000,13563.4072265625,216.100006103516,37.321949005127,-19.8216400146484
20180812,18,40,110,15000,13559.205078125,218.399978637695,29.9000053405762,-18.8373870849609
20180813,0,40,110,15000,13546.009765625,218.568313598633,29.9113578796387,-21.5837020874023
20180813,6,40,110,15000,13532.25390625,220,28.8015823364258,-20.3709468841553
20180813,12,40,110,15000,13512.62109375,220.599975585938,30.1066741943359,-10.9678983688354
20180813,18,40,110,15000,13557.138671875,220.199996948242,28.9966411590576,2.69466304779053
20180814,0,40,110,15000,13607.6708984375,217.5,24.1096343994141,7.17359352111816
20180814,6,40,110,15000,13635.3203125,215.199996948242,26.0061225891113,10.0867433547974
20180814,12,40,110,15000,13645.037109375,216,27.7096195220947,11.4399948120117
20180814,18,40,110,15000,13678.9609375,215.399978637695,27.7671279907227,6.67215347290039
20180815,0,40,110,15000,13688.208984375,214.163375854492,27.9843654632568,6.42940425872803
20180815,6,40,110,15000,13710.6962890625,214.699981689453,26.6022796630859,1.98104250431061
20180815,12,40,110,15000,13724.232421875,213.600006103516,26.4612197875977,0.683718264102936
20180815,18,40,110,15000,13729.55078125,212.699996948242,28.3600006103516,-0.873061537742615
20180816,0,40,110,15000,13726.2333984375,212.5,28.5799999237061,-6.48328113555908
20180816,6,40,110,15000,13715.455078125,210.539794921875,31.4648780822754,-11.122428894043
20180816,12,40,110,15000,13708.8837890625,210.199996948242,31.8046245574951,-11.7363452911377
20180816,18,40,110,15000,13694.1259765625,212.399993896484,33.9533348083496,-13.3765678405762
20180817,0,40,110,15000,13678.9736328125,214.561080932617,36.1300086975098,-9.73491191864014
20180817,6,40,110,15000,13662.990234375,216.399993896484,35.830005645752,-11.8353366851807
20180817,12,40,110,15000,13624.7939453125,220,39.060001373291,-11.4654541015625
20180817,18,40,110,15000,13621.90234375,220.429153442383,35.5744514465332,-13.7461862564087
20180818,0,40,110,15000,13587.13671875,222.199996948242,30.5391998291016,-9.90800094604492
20180818,6,40,110,15000,13528.6337890625,223.199996948242,34.1575050354004,-9.63171672821045
20180818,12,40,110,15000,13495.6298828125,224.300003051758,33.0775032043457,-4.06091547012329
20180818,18,40,110,15000,13530.9853515625,223.699752807617,22.4339008331299,3.59389901161194
20180819,0,40,110,15000,13536.478515625,220.999755859375,18.7536182403564,5.16396951675415
20180819,6,40,110,15000,13567.26171875,218.600006103516,16.132884979248,7.44889402389526
20180819,12,40,110,15000,13601.5654296875,216.599761962891,11.5100049972534,9.77547073364258
20180819,18,40,110,15000,13642.7783203125,216.600006103516,9.99813938140869,12.2036428451538
20180820,0,40,110,15000,13680.0341796875,217.007476806641,9.79524421691895,12.7432346343994
20180820,6,40,110,15000,13704.865234375,217.5,10.1846733093262,9.54196262359619
20180820,12,40,110,15000,13717.068359375,217.599975585938,15.0655956268311,5.74489498138428
20180820,18,40,110,15000,13730.83984375,218.100006103516,18.6800098419189,0.972329080104828
20180821,0,40,110,15000,13720.0888671875,218,20.5911083221436,-5.82558584213257
20180821,6,40,110,15000,13691.5322265625,218.399993896484,22.8980865478516,-9.50406265258789
20180821,12,40,110,15000,13670.5029296875,218.899993896484,23.3108348846436,-7.66478538513184
20180821,18,40,110,15000,13652.3935546875,218.000030517578,22.1899967193604,-7.56841802597046
20180822,0,40,110,15000,13631.357421875,218.236373901367,22.2400054931641,-7.30317640304565
20180822,6,40,110,15000,13604.54296875,215.936370849609,26.8899993896484,-11.7767677307129
20180822,12,40,110,15000,13572.83984375,215.399993896484,29.6556015014648,-13.4759521484375
20180822,18,40,110,15000,13531.3173828125,215.770843505859,23.1452884674072,-16.5755462646484
20180823,0,40,110,15000,13498.4423828125,220.699996948242,20.1197700500488,-11.9213428497314
20180823,6,40,110,15000,13409.369140625,220.113357543945,28.8220310211182,-15.0559301376343
20180823,12,40,110,15000,13372.548828125,221.278076171875,31.7800140380859,-7.73617935180664
20180823,18,40,110,15000,13419.9697265625,221.800003051758,25.4111175537109,10.2320432662964
20180824,0,40,110,15000,13460.896484375,221.099975585938,22.3800106048584,18.1182689666748
20180824,6,40,110,15000,13521.130859375,219,23.7877731323242,18.7724895477295
20180824,12,40,110,15000,13558.2373046875,218,27.3566989898682,18.5674266815186
20180824,18,40,110,15000,13617.8837890625,216.199996948242,26.048168182373,19.1738662719727
20180825,0,40,110,15000,13658.37890625,215.5,25.0926895141602,22.8841361999512
20180825,6,40,110,15000,13698.576171875,216.79997253418,25.542236328125,23.5416259765625
20180825,12,40,110,15000,13704.1728515625,214.5,30.7316513061523,18.2270183563232
20180825,18,40,110,15000,13728.72265625,212.800003051758,29.0152778625488,14.0206422805786
20180826,0,40,110,15000,13731.0361328125,207,32.4794425964355,8.05698013305664
20180826,6,40,110,15000,13712.6728515625,209.100006103516,33.9788932800293,4.2571120262146
20180826,12,40,110,15000,13696.2138671875,210.306976318359,34.9524612426758,3.86584234237671
20180826,18,40,110,15000,13691.6865234375,210.399993896484,35.5511245727539,3.81362056732178
20180827,0,40,110,15000,13666.98828125,211.300003051758,37.3223114013672,-0.586020529270172
20180827,6,40,110,15000,13643.552734375,213.399978637695,41.5600090026855,-8.27023887634277
20180827,12,40,110,15000,13605.76171875,215.914703369141,41.0752868652344,-9.07734107971191
20180827,18,40,110,15000,13587.017578125,216.300003051758,37.8080558776855,-5.47182607650757
20180828,0,40,110,15000,13570.416015625,214.999969482422,40.5055389404297,-2.70918464660645
20180828,6,40,110,15000,13579,212.399993896484,40.2685394287109,-3.25138664245605
20180828,12,40,110,15000,13591.583984375,213.699996948242,38.1699981689453,-7.29439687728882
20180828,18,40,110,15000,13592.1435546875,214.600006103516,37.5649719238281,-9.41355228424072
20180829,0,40,110,15000,13567.19921875,216.79997253418,33.769905090332,-9.71341514587402
20180829,6,40,110,15000,13554.37109375,217.239410400391,36.7139205932617,-9.28302478790283
20180829,12,40,110,15000,13537.306640625,219.100006103516,36.9696731567383,-7.59851551055908
20180829,18,40,110,15000,13538.9326171875,219.100006103516,33.8607902526855,-6.71486330032349
20180830,0,40,110,15000,13537.1279296875,220.600006103516,29.8546485900879,-5.31918478012085
20180830,6,40,110,15000,13543.9287109375,221.199981689453,23.7167167663574,-3.93842530250549
20180830,12,40,110,15000,13544.3935546875,222.082763671875,20.7263469696045,-1.49918699264526
20180830,18,40,110,15000,13559.28515625,222.499969482422,19.4300003051758,0.745795905590057
20180831,0,40,110,15000,13564.7958984375,222.887939453125,19.6100025177002,4.4339599609375
20180831,6,40,110,15000,13571.666015625,224.259231567383,17.9955520629883,1.48516356945038
20180831,12,40,110,15000,13572.0615234375,224.011184692383,18.0966205596924,2.41046380996704
20180831,18,40,110,15000,13581.3583984375,223.820953369141,17.3920516967773,3.39643549919128
20180901,0,40,110,15000,13599.802734375,221.599975585938,16.5927791595459,11.0444555282593
20180901,6,40,110,15000,13627.0927734375,219.600006103516,19.6900005340576,15.2678127288818
20180901,12,40,110,15000,13660.021484375,216.399993896484,24.8200092315674,12.8610935211182
20180901,18,40,110,15000,13694.09765625,217.399993896484,28.6122207641602,13.1116991043091
20180902,0,40,110,15000,13690.4248046875,214.800003051758,35.4294624328613,7.50768804550171
20180902,6,40,110,15000,13696.509765625,215.399993896484,34.7219085693359,2.88182139396667
20180902,12,40,110,15000,13722.04296875,214.600006103516,31.7555522918701,7.80903339385986
20180902,18,40,110,15000,13714.6875,213.100006103516,43.7106246948242,10.9043607711792
20180903,0,40,110,15000,13684.1474609375,214.199996948242,46.6304779052734,7.19504404067993
20180903,6,40,110,15000,13688.744140625,213.699996948242,48.4500007629395,10.2387228012085
20180903,12,40,110,15000,13705.58203125,212.100006103516,51.9666404724121,11.3047971725464
20180903,18,40,110,15000,13731.1708984375,208.699996948242,55.2844543457031,11.5583467483521
20180904,0,40,110,15000,13751.263671875,206.300003051758,54.9921684265137,6.37030506134033
20180904,6,40,110,15000,13758.70703125,207.79997253418,53.6948699951172,-0.145749509334564
20180904,12,40,110,15000,13781.791015625,209.300003051758,56.6991729736328,2.58122801780701
20180904,18,40,110,15000,13778.4697265625,209.999969482422,62.4933547973633,-3.46180415153503
20180905,0,40,110,15000,13753.01953125,210.699996948242,60.7618598937988,-7.9658350944519
20180905,6,40,110,15000,13727.69921875,212.300003051758,60.5549659729004,-12.9433403015137
20180905,12,40,110,15000,13712.625,215.100006103516,57.5434341430664,-15.1750583648682
20180905,18,40,110,15000,13691.7685546875,221.399993896484,49.9675102233887,-8.10245132446289
20180906,0,40,110,15000,13694.806640625,221.900054931641,43.3500099182129,-4.46791982650757
20180906,6,40,110,15000,13708.53515625,221.800003051758,40.7400054931641,-3.87035894393921
20180906,12,40,110,15000,13724.0966796875,219.719436645508,42.5011444091797,-0.139082029461861
20180906,18,40,110,15000,13724.416015625,215.5,52.514476776123,-4.35445070266724
20180907,0,40,110,15000,13722.6240234375,213.694213867188,57.6811218261719,-9.79818153381348
20180907,6,40,110,15000,13719.2138671875,215.5,57.8712615966797,-11.7065696716309
20180907,12,40,110,15000,13723.7783203125,217.800003051758,52.6308250427246,-8.69055652618408
20180907,18,40,110,15000,13739.60546875,218.600006103516,49.1916809082031,-10.8225927352905
20180908,0,40,110,15000,13743.2421875,217.899978637695,46.791690826416,-8.52464389801025
20180908,6,40,110,15000,13757.5791015625,217.699996948242,44.2100105285645,-10.5339994430542
20180908,12,40,110,15000,13756.2783203125,218.79997253418,40.5211219787598,-12.0800123214722
20180908,18,40,110,15000,13752.5927734375,219.29997253418,37.3225135803223,-13.2992162704468
20180909,0,40,110,15000,13734.8134765625,218.899978637695,35.4168128967285,-10.9186058044434
20180909,6,40,110,15000,13720.857421875,219.899993896484,30.4136619567871,-11.8331594467163
20180909,12,40,110,15000,13708.255859375,219.899993896484,28.5910320281982,-9.027268409729
20180909,18,40,110,15000,13709.55859375,220,28.7000217437744,-10.1220455169678
20180910,0,40,110,15000,13693.916015625,219.399993896484,31.5000152587891,-8.0633544921875
20180910,6,40,110,15000,13687.240234375,217.661087036133,36.5077819824219,-10.166184425354
20180910,12,40,110,15000,13673.8466796875,216,38.9209976196289,-9.21652317047119
20180910,18,40,110,15000,13676.8583984375,214.399993896484,36.6260147094727,-9.18893337249756
20180911,0,40,110,15000,13641.93359375,214.938919067383,38.0700225830078,-10.397424697876
20180911,6,40,110,15000,13606.5927734375,215.100006103516,37.9880180358887,-10.278359413147
20180911,12,40,110,15000,13580.09375,215.300003051758,39.5100135803223,-9.57969951629639
20180911,18,40,110,15000,13551.259765625,214.227737426758,39.6905670166016,-9.4334888458252
20180912,0,40,110,15000,13546.8720703125,214.346603393555,37.3052864074707,-4.0224609375
20180912,6,40,110,15000,13564.91015625,214.291015625,30.0052852630615,0.268867194652557
20180912,12,40,110,15000,13583.34765625,212.346145629883,24.5177097320557,6.5537281036377
20180912,18,40,110,15000,13636.787109375,210.327545166016,15.6742362976074,7.75664806365967
20180913,0,40,110,15000,13670.400390625,209.131683349609,16.0760955810547,5.35225105285645
20180913,6,40,110,15000,13676.8564453125,209.621917724609,17.9157810211182,6.78643560409546
20180913,12,40,110,15000,13683.4736328125,208.099975585938,15.0736618041992,8.25992679595947
20180913,18,40,110,15000,13702.7734375,208.199996948242,15.8895626068115,4.39448261260986
20180914,12,40,110,15000,13660.3740234375,209.502487182617,19.6249847412109,-6.83402824401855
20180914,18,40,110,15000,13638.4013671875,208.899993896484,22.0941486358643,-10.0091743469238
20180915,0,40,110,15000,13599.2587890625,209.300003051758,24.5800113677979,-11.6775808334351
20180915,6,40,110,15000,13567.423828125,210.600006103516,22.9170341491699,-13.6854343414307
20180915,12,40,110,15000,13524.3310546875,211.29997253418,22.4341926574707,-7.25703382492065
20180915,18,40,110,15000,13529.2529296875,213.431686401367,21.5899105072021,-4.4963059425354
20180916,0,40,110,15000,13528.0283203125,211.08528137207,21.362585067749,-2.05591058731079
20180916,12,40,110,15000,13541.0888671875,210.038909912109,26.6226100921631,-0.497490227222443
20180916,18,40,110,15000,13561.009765625,212.199996948242,25.5636978149414,-1.41725099086761
20180917,0,40,110,15000,13567.955078125,214.300003051758,25.7608375549316,-3.49215579032898
20180917,6,40,110,15000,13564.19921875,216,27.2675151824951,-5.52780532836914
20180917,12,40,110,15000,13551,216.5,28.9035110473633,-8.71070098876953
20180917,18,40,110,15000,13542.6650390625,218.099975585938,26.2640533447266,-10.3215866088867
20180918,0,40,110,15000,13508.59765625,220.099975585938,22.9591312408447,-10.1561794281006
20180918,6,40,110,15000,13478.8974609375,222.100006103516,20.5937728881836,-11.6172389984131
20180918,12,40,110,15000,13437.2353515625,222.100006103516,21.3932495117188,-11.2654418945313
20180918,18,40,110,15000,13428.8115234375,222.800003051758,23.9059028625488,-4.85747051239014
20180919,0,40,110,15000,13412.0009765625,221.836349487305,31.5355548858643,-2.90462160110474
20180919,6,40,110,15000,13391.5234375,215.899993896484,35.2165489196777,3.98867917060852
20180919,12,40,110,15000,13426.6015625,214.820159912109,38.3931427001953,15.0276880264282
20180919,18,40,110,15000,13490.224609375,213.80322265625,38.3097305297852,6.07257080078125
20180920,0,40,110,15000,13524.103515625,216.455047607422,29.534984588623,4.89425039291382
20180920,6,40,110,15000,13538.5849609375,215.300003051758,31.8096923828125,4.83186769485474
20180920,12,40,110,15000,13563.0166015625,215.20002746582,34.5783538818359,3.48209476470947
20180920,18,40,110,15000,13591.025390625,217.399993896484,38.3996505737305,7.19626951217651
20180921,0,40,110,15000,13604.7001953125,221.100006103516,34.9783325195313,5.18508052825928
20180921,6,40,110,15000,13617.6923828125,220.324462890625,42.7107963562012,5.35113286972046
20180921,12,40,110,15000,13657.0888671875,217.118896484375,42.9232139587402,0.101130373775959
20180921,18,40,110,15000,13684.0859375,218,35.5758514404297,-6.77670907974243
20180922,0,40,110,15000,13643.1552734375,221.224456787109,36.7174987792969,-11.2628221511841
20180922,6,40,110,15000,13610.326171875,223.278076171875,37.5645523071289,-6.73755359649658
20180922,12,40,110,15000,13606.9951171875,222.100006103516,31.189208984375,-6.15902090072632
20180922,18,40,110,15000,13601.3896484375,219.800003051758,31.0642108917236,-8.33982181549072
20180923,0,40,110,15000,13581.5283203125,219.800003051758,30.8381290435791,-9.19450950622559
20180923,6,40,110,15000,13559.43359375,219.899993896484,32.4570617675781,-11.5401926040649
20180923,12,40,110,15000,13502.0654296875,218.699996948242,41.3921089172363,-6.49586200714111
20180923,18,40,110,15000,13484.142578125,216.600006103516,51.8206825256348,-4.68791007995605
20180924,0,40,110,15000,13531.353515625,210.100006103516,47.3469390869141,-4.58650398254395
20180924,6,40,110,15000,13534.8984375,211.5,45.819637298584,-7.9117112159729
20180924,12,40,110,15000,13517.611328125,214.899993896484,47.3732528686523,-9.19840812683105
20180924,18,40,110,15000,13534.15234375,217.689987182617,40.8308372497559,-7.01476573944092
20180925,0,40,110,15000,13536.58984375,216.308151245117,36.368968963623,-4.35116195678711
20180925,6,40,110,15000,13529.2109375,216.300003051758,32.8559799194336,-4.8572096824646
20180925,12,40,110,15000,13517.6025390625,214.899993896484,35.8951988220215,-3.15128660202026
20180925,18,40,110,15000,13520.6376953125,215.300003051758,39.9441223144531,0.602734386920929
20180926,0,40,110,15000,13524.4384765625,213.899993896484,40.4100646972656,2.29478025436401
20180926,6,40,110,15000,13525.6416015625,214.495635986328,38.7939682006836,-0.710590839385986
20180926,12,40,110,15000,13529.2158203125,213.78564453125,37.6982154846191,-1.22189450263977
20180926,18,40,110,15000,13550.2021484375,213.858032226563,35.7041664123535,-1.52275884151459
20180927,0,40,110,15000,13566.4716796875,214.006256103516,33.1080703735352,-4.06934547424316
20180927,6,40,110,15000,13567.1904296875,216.199996948242,30.9696292877197,-5.36323976516724
20180927,12,40,110,15000,13566.7041015625,216.999969482422,29.7325344085693,-4.02115726470947
20180927,18,40,110,15000,13593.537109375,216.899993896484,27.1628932952881,-4.5413670539856
20180928,0,40,110,15000,13594.017578125,218,29.4397296905518,-6.71323728561401
20180928,6,40,110,15000,13585.0791015625,218.699996948242,30.0205707550049,-6.92232418060303
20180928,12,40,110,15000,13580.8779296875,219.100006103516,30.3217849731445,-7.98846673965454
20180928,18,40,110,15000,13586.05859375,217.899978637695,32.0377883911133,-12.1719827651978
20180929,0,40,110,15000,13559.0908203125,219.5,35.4253158569336,-13.6775045394897
20180929,6,40,110,15000,13543.1416015625,221.600006103516,33.5619812011719,-11.2772188186646
20180929,12,40,110,15000,13492.39453125,221.300003051758,38.5353889465332,-12.6845827102661
20180929,18,40,110,15000,13489.7734375,218.995559692383,34.5169792175293,-10.5146903991699
20180930,0,40,110,15000,13489.73046875,223,30.2549800872803,-7.04801034927368
20180930,6,40,110,15000,13473.28515625,223.359451293945,31.642505645752,-6.51781272888184
20180930,12,40,110,15000,13467.7998046875,222.099975585938,32.8495063781738,-4.15826416015625
20180930,18,40,110,15000,13456.0703125,221.599975585938,34.8473815917969,-1.64188480377197
20181001,0,40,110,15000,13446.9736328125,222.100006103516,38.7013702392578,0.893374025821686
20181001,6,40,110,15000,13454.7763671875,220,38.6333503723145,2.36122059822083
20181001,12,40,110,15000,13438.8271484375,219.899978637695,44.6633567810059,7.39984750747681
20181001,18,40,110,15000,13453.3525390625,217,42.9418754577637,6.54752206802368
20181002,0,40,110,15000,13458.9033203125,216.100006103516,39.7579193115234,6.0334620475769
20181002,6,40,110,15000,13432.8759765625,219.699996948242,44.5592384338379,6.27426290512085
20181002,12,40,110,15000,13478.2587890625,220.838912963867,33.792610168457,12.7464017868042
20181002,18,40,110,15000,13516.15234375,220.300003051758,26.9566459655762,12.7904977798462
20181003,0,40,110,15000,13558.8271484375,219.444091796875,23.0610122680664,13.0227146148682
20181003,6,40,110,15000,13580.291015625,219,21.2486114501953,14.6973295211792
20181003,12,40,110,15000,13620.53125,217.699996948242,19.6305694580078,12.8517923355103
20181003,18,40,110,15000,13654.1298828125,216.738922119141,22.4705657958984,13.6549825668335
20181004,0,40,110,15000,13688.2978515625,215.721923828125,23.8794498443604,11.2750148773193
20181004,6,40,110,15000,13707.0009765625,216,23.0299224853516,7.19167947769165
20181004,12,40,110,15000,13721.9638671875,216.014694213867,21.9494552612305,6.63163089752197
20181004,18,40,110,15000,13745.5791015625,217.107467651367,18.6953296661377,6.00835227966309
20181005,0,40,110,15000,13753.9912109375,218.346145629883,16.6770992279053,3.66110587120056
20181005,6,40,110,15000,13754.888671875,218.5,22.7528686523438,0.728220224380493
20181005,12,40,110,15000,13739.8173828125,218.499969482422,24.949743270874,0.959147930145264
20181005,18,40,110,15000,13744.3779296875,217.600006103516,22.1366577148438,4.38651609420776
20181006,0,40,110,15000,13752.96875,217.399993896484,20.4593772888184,5.99964094161987
20181006,6,40,110,15000,13754.8037109375,217.55387878418,27.5670833587646,4.20627927780151
20181006,12,40,110,15000,13741.9873046875,218.300003051758,30.591272354126,2.4087598323822
20181006,18,40,110,15000,13718.53125,218.548919677734,35.0630302429199,-6.02243185043335
20181007,0,40,110,15000,13696.0302734375,218.278076171875,30.1649837493896,-8.85177612304688
20181007,6,40,110,15000,13664.884765625,216.921920776367,33.7140731811523,-13.4278926849365
20181007,12,40,110,15000,13637.0908203125,217,32.1153221130371,-13.0935363769531
20181007,18,40,110,15000,13612.1572265625,216.421905517578,30.6497001647949,-17.2849731445313
20181008,0,40,110,15000,13586.794921875,214.899993896484,29.2756118774414,-18.0224018096924
20181008,6,40,110,15000,13537.58984375,217.29997253418,34.5114860534668,-19.6117000579834
20181008,12,40,110,15000,13513.2373046875,218.5,35.4225769042969,-14.7219190597534
20181008,18,40,110,15000,13503.697265625,215.699996948242,35.1409378051758,-17.0178661346436
20181009,0,40,110,15000,13511.990234375,218.599761962891,28.4995098114014,-12.8116407394409
20181009,6,40,110,15000,13476.775390625,219.199996948242,36.9074783325195,-8.45677280426025
20181009,12,40,110,15000,13452.9501953125,216.999969482422,39.377555847168,-6.64447736740112
20181009,18,40,110,15000,13472.7890625,218.907470703125,36.2999496459961,0.469018548727036
20181010,0,40,110,15000,13502.1904296875,216.938888549805,33.5752639770508,3.80618166923523
20181010,6,40,110,15000,13526.021484375,215.699996948242,33.8063735961914,-0.153767094016075
20181010,12,40,110,15000,13525.056640625,216,34.8333320617676,-1.61423587799072
20181010,18,40,110,15000,13562.03125,215.600006103516,30.2914409637451,-2.9372022151947
20181011,0,40,110,15000,13580.08203125,216.206985473633,26.1801986694336,-4.40600824356079
20181011,6,40,110,15000,13581.384765625,217.800003051758,22.6152153015137,-4.76801776885986
20181011,12,40,110,15000,13578.6865234375,218.899993896484,18.4600830078125,-4.39652347564697
20181011,18,40,110,15000,13583.9697265625,219.999969482422,20.1406688690186,-3.9778516292572
20181012,0,40,110,15000,13599.630859375,220.199981689453,20.7233791351318,-2.62794423103333
20181012,6,40,110,15000,13603.1162109375,220.600006103516,21.4465141296387,-3.51877927780151
20181012,12,40,110,15000,13601.0810546875,221,20.8034400939941,-1.50916504859924
20181012,18,40,110,15000,13624.080078125,221.399993896484,18.6284027099609,0.0596289075911045
20181013,0,40,110,15000,13660.2763671875,220.099761962891,14.9214477539063,3.24393057823181
20181013,6,40,110,15000,13687.4873046875,219.44612121582,13.5179834365845,3.69094967842102
20181013,12,40,110,15000,13720.8837890625,218.5,15.1817455291748,3.82269525527954
20181013,18,40,110,15000,13742.759765625,217.800003051758,17.116174697876,0.983393549919128
20181014,0,40,110,15000,13759.0087890625,215.100006103516,16.6345462799072,2.95712900161743
20181014,6,40,110,15000,13762.837890625,214.699996948242,18.6287612915039,2.06446290016174
20181014,12,40,110,15000,13750.6708984375,215.699996948242,25.6385078430176,4.31862306594849
20181014,18,40,110,15000,13747.822265625,215.300003051758,30.9674091339111,1.65668940544128
20181015,0,40,110,15000,13736.556640625,213.199996948242,33.398868560791,-4.34445810317993
20181015,6,40,110,15000,13710.4453125,214,34.9282531738281,-12.7543754577637
20181015,12,40,110,15000,13675.4208984375,217.217239379883,30.6145725250244,-10.5344877243042
20181015,18,40,110,15000,13638.4921875,218.300003051758,31.5104789733887,-10.9688625335693
20181016,0,40,110,15000,13598.982421875,218.699996948242,29.8853149414063,-11.4841356277466
20181016,6,40,110,15000,13570.9765625,217.79997253418,29.1444969177246,-16.3928070068359
20181016,12,40,110,15000,13529.87890625,217.100006103516,30.5436592102051,-15.9941987991333
20181016,18,40,110,15000,13501.021484375,216.800003051758,31.688346862793,-14.2655715942383
20181017,0,40,110,15000,13508.8583984375,217.600006103516,25.6614818572998,-16.4428768157959
20181017,6,40,110,15000,13511.9638671875,219.606979370117,25.9530792236328,-16.8159618377686
20181017,12,40,110,15000,13531.701171875,222.29997253418,21.4735698699951,-12.8045558929443
20181017,18,40,110,15000,13560.634765625,223.132125854492,20.5815963745117,-13.4706859588623
20181018,0,40,110,15000,13581.6650390625,224.036376953125,19.1110992431641,-10.203987121582
20181018,6,40,110,15000,13610.173828125,223.5,19.0483417510986,-11.485032081604
20181018,12,40,110,15000,13639.3916015625,221.399993896484,15.622522354126,-7.7542872428894
20181018,18,40,110,15000,13671.2236328125,220,15.8687524795532,-7.9314112663269
20181019,0,40,110,15000,13696.0048828125,218.699996948242,16.8495311737061,-8.81582069396973
20181019,6,40,110,15000,13710.927734375,217.699996948242,20.3252735137939,-11.0634031295776
20181019,18,40,110,15000,13726.1513671875,218.596527099609,23.5105743408203,-10.9604635238647
20181020,0,40,110,15000,13733.1435546875,218.100006103516,24.3232860565186,-12.2186326980591
20181020,6,40,110,15000,13730.361328125,217.600006103516,25.9506149291992,-15.5131301879883
20181020,12,40,110,15000,13717.03515625,218.800003051758,27.9013748168945,-12.5611009597778
20181020,18,40,110,15000,13699.4404296875,219.899978637695,26.9312973022461,-12.4540767669678
20181021,0,40,110,15000,13675.4521484375,220.800003051758,29.7206802368164,-10.0000638961792
20181021,6,40,110,15000,13645.013671875,220.300003051758,34.1905632019043,-8.94469451904297
20181021,12,40,110,15000,13629.0673828125,219.238922119141,33.4429206848145,-5.7918872833252
20181021,18,40,110,15000,13631.1279296875,219.100006103516,37.888801574707,-4.22100114822388
20181022,0,40,110,15000,13640.55859375,218.100006103516,37.7800025939941,-3.01262450218201
20181022,6,40,110,15000,13622.4072265625,219.664108276367,39.8720741271973,-3.2059326171875
20181022,12,40,110,15000,13652.7138671875,219.643112182617,32.5943908691406,-0.952067852020264
20181022,18,40,110,15000,13666.5849609375,219.199996948242,31.7707462310791,-3.962890625
20181023,0,40,110,15000,13663.7314453125,218.300003051758,29.7822093963623,-7.04496335983276
20181023,6,40,110,15000,13653.2841796875,217.969284057617,29.6798439025879,-7.34529542922974
20181023,12,40,110,15000,13645.84765625,216.686126708984,31.0705337524414,-7.21036148071289
20181023,18,40,110,15000,13653.7548828125,216.600006103516,29.9881324768066,-9.14774417877197
20181024,0,40,110,15000,13636.4814453125,217.899993896484,27.443941116333,-7.69694805145264
20181024,6,40,110,15000,13629.9921875,218.499969482422,24.6857013702393,-6.04859352111816
20181024,12,40,110,15000,13637.990234375,218.984527587891,28.1345558166504,-1.27861332893372
20181024,18,40,110,15000,13674.603515625,217.699996948242,31.5212898254395,-0.526076674461365
20181025,0,40,110,15000,13691.1904296875,218.794769287109,28.6341304779053,-0.593015134334564
20181025,6,40,110,15000,13680.4140625,218.805587768555,25.8524894714355,-4.28655529022217
20181025,12,40,110,15000,13668.080078125,218.099975585938,24.1230392456055,-3.47857904434204
20181025,18,40,110,15000,13665.208984375,217.713470458984,21.8686542510986,-1.88001215457916
20181026,0,40,110,15000,13659.5791015625,217.803466796875,20.0878372192383,0.522663593292236
20181026,6,40,110,15000,13652.1123046875,218.070846557617,22.9619731903076,0.161518558859825
20181026,12,40,110,15000,13651.861328125,217.729156494141,25.0004806518555,6.17509031295776
20181026,18,40,110,15000,13687.7099609375,217.5673828125,21.6060009002686,9.11733150482178
20181027,0,40,110,15000,13700.4951171875,216.838912963867,25.201566696167,8.44321823120117
20181027,6,40,110,15000,13705.4912109375,215.800003051758,27.5854473114014,5.44994163513184
20181027,12,40,110,15000,13710.30859375,215.953369140625,26.3466625213623,5.88805198669434
20181027,18,40,110,15000,13752.3974609375,216.399993896484,23.6200046539307,6.17528343200684
20181028,0,40,110,15000,13753.8525390625,216.199996948242,22.3199996948242,4.48369646072388
20181028,6,40,110,15000,13743.17578125,217.499969482422,22.7036151885986,2.03860831260681
20181028,12,40,110,15000,13726.3623046875,219.199996948242,23.0828762054443,1.66528809070587
20181028,18,40,110,15000,13724.2412109375,218.899978637695,24.1876335144043,-0.677050769329071
20181029,0,40,110,15000,13711.8876953125,219.699996948242,23.3955974578857,-2.0573194026947
20181029,6,40,110,15000,13690.87890625,220.399978637695,22.5544204711914,-4.298583984375
20181029,12,40,110,15000,13681.736328125,220.199981689453,22.6416130065918,-3.28088855743408
20181029,18,40,110,15000,13686.3779296875,220.100006103516,23.4841461181641,-4.90890645980835
20181030,0,40,110,15000,13668.0302734375,219.899993896484,27.0294456481934,-6.90587902069092
20181030,6,40,110,15000,13657.2060546875,220.61962890625,28.1206741333008,-5.88095712661743
20181030,12,40,110,15000,13664.5654296875,220.707473754883,24.1000118255615,-5.35971689224243
20181030,18,40,110,15000,13673.71875,221.699996948242,22.6580009460449,-6.8371434211731
20181031,0,40,110,15000,13675.0849609375,222.414703369141,19.6371574401855,-7.52147960662842
20181031,6,40,110,15000,13665.4873046875,221.899978637695,19.143346786499,-4.99758291244507
20181031,12,40,110,15000,13657.9736328125,221.800003051758,21.5477848052979,-3.6807861328125
20181031,18,40,110,15000,13663.65625,222.199996948242,23.2800731658936,-0.0663232430815697
20181101,0,40,110,15000,13659.330078125,222.600006103516,25.7738990783691,1.00201654434204
20181101,6,40,110,15000,13647.1552734375,219,32.8871726989746,-0.522646486759186
20181101,12,40,110,15000,13662.3837890625,216.675537109375,41.771671295166,-0.813012719154358
20181101,18,40,110,15000,13670.4228515625,214.800003051758,43.3629875183105,-4.63107442855835
20181102,0,40,110,15000,13653.236328125,216.800003051758,38.8844261169434,-5.64466285705566
20181102,6,40,110,15000,13619.4140625,219.199996948242,34.7702522277832,-7.87428712844849
20181102,12,40,110,15000,13601.7841796875,219.900024414063,32.4477081298828,-6.79779291152954
20181102,18,40,110,15000,13602.77734375,219.168304443359,33.4007415771484,-6.58711910247803
20181103,0,40,110,15000,13605.9951171875,217.300003051758,32.9518356323242,-5.33801746368408
20181103,6,40,110,15000,13615.7216796875,213.899993896484,36.7023811340332,0.0964721664786339
20181103,12,40,110,15000,13652.5498046875,209.5,35.8972587585449,-0.559123516082764
20181103,18,40,110,15000,13688.244140625,210.985305786133,30.7122020721436,-10.612343788147
20181104,0,40,110,15000,13689.2978515625,211.994537353516,27.4675979614258,-15.3789157867432
20181104,6,40,110,15000,13676.6923828125,215.600006103516,26.1582126617432,-16.3488273620605
20181104,12,40,110,15000,13692.5625,217.100021362305,23.2050094604492,-14.8392524719238
20181104,18,40,110,15000,13685.916015625,218.543609619141,24.0431423187256,-15.4269332885742
20181105,0,40,110,15000,13684.294921875,222.5,22.8816070556641,-15.1573362350464
20181105,6,40,110,15000,13687.013671875,219.904098510742,25.0848922729492,-15.1565084457397
20181105,12,40,110,15000,13652.4287109375,217.736373901367,34.8783264160156,-10.0985279083252
20181105,18,40,110,15000,13658.333984375,218.600006103516,35.8803482055664,-7.10918712615967
20181106,0,40,110,15000,13655.3037109375,218.199996948242,37.1300010681152,-8.67990207672119
20181106,6,40,110,15000,13654.1826171875,219.163650512695,38.226016998291,-7.66904544830322
20181106,12,40,110,15000,13668.169921875,216.390182495117,36.1656913757324,-6.25802755355835
20181106,18,40,110,15000,13690.830078125,212.882858276367,33.6507377624512,-3.00028562545776
20181107,0,40,110,15000,13705.87109375,210.800003051758,31.8354225158691,1.02780520915985
20181107,6,40,110,15000,13734.8935546875,209.100006103516,34.1230735778809,3.81774163246155
20181107,12,40,110,15000,13761.68359375,207.920486450195,40.3806190490723,4.11067152023315
20181107,18,40,110,15000,13795.740234375,206.266479492188,38.8429412841797,-3.10830569267273
20181108,0,40,110,15000,13795.9208984375,207.800003051758,32.6433486938477,-6.11465835571289
20181108,6,40,110,15000,13769.2978515625,207.699996948242,39.3632316589355,-11.4003171920776
20181108,12,40,110,15000,13756.275390625,206.399993896484,44.9206085205078,-14.7492704391479
20181108,18,40,110,15000,13746.8046875,208.199996948242,44.6019401550293,-14.6977195739746
20181109,0,40,110,15000,13738.6689453125,210.024459838867,41.4298858642578,-17.2002010345459
20181109,6,40,110,15000,13731.162109375,211.800003051758,40.7379341125488,-16.1823558807373
20181109,12,40,110,15000,13713.0986328125,212.399993896484,39.809497833252,-15.0854520797729
20181109,18,40,110,15000,13689.32421875,214.300003051758,39.6149520874023,-16.7441902160645
20181110,0,40,110,15000,13655.2138671875,218.199996948242,37.1815910339355,-13.6188278198242
20181110,6,40,110,15000,13649.0458984375,217.600006103516,33.6343040466309,-16.8492774963379
20181110,12,40,110,15000,13630.7109375,219.800003051758,25.2548561096191,-15.4734592437744
20181110,18,40,110,15000,13629.0771484375,220.199996948242,23.3927783966064,-14.4580659866333
20181111,0,40,110,15000,13643.9833984375,220.399993896484,20.1637516021729,-14.5549583435059
20181111,6,40,110,15000,13652.7236328125,221.600006103516,20.0305118560791,-17.0681838989258
20181111,12,40,110,15000,13657.2373046875,221.399993896484,15.0286693572998,-16.4937191009521
20181111,18,40,110,15000,13682.9951171875,222.5,14.2727537155151,-16.2896003723145
20181112,0,40,110,15000,13696.63671875,222,14.7346439361572,-16.6081256866455
20181112,6,40,110,15000,13717.861328125,222.5,13.2739305496216,-16.7493991851807
20181112,12,40,110,15000,13734.537109375,222.5,10.7752542495728,-19.4793357849121
20181112,18,40,110,15000,13765.5966796875,222.199996948242,10.8512907028198,-13.2063293457031
20181113,0,40,110,15000,13777.8984375,222.5,6.94217395782471,-7.95229816436768
20181113,6,40,110,15000,13792.80859375,222,3.26882314682007,-8.61269569396973
20181113,12,40,110,15000,13790.263671875,221.5,3.86155390739441,-5.57287311553955
20181113,18,40,110,15000,13792.60546875,221.79997253418,2.94898986816406,-3.28039240837097
20181114,0,40,110,15000,13788.66796875,220.600006103516,6.94894552230835,1.43215024471283
20181114,6,40,110,15000,13772.23828125,219.100006103516,12.6007442474365,1.13234555721283
20181114,12,40,110,15000,13770.0390625,218.699996948242,13.9336671829224,4.97961902618408
20181114,18,40,110,15000,13764.8701171875,219.100006103516,19.2550067901611,0.751694321632385
20181115,0,40,110,15000,13742.30078125,216.5,26.5100002288818,-5.4552321434021
20181115,6,40,110,15000,13697.4775390625,217,31.6623439788818,-7.01128911972046
20181115,12,40,110,15000,13680.951171875,220.300003051758,36.8815994262695,-0.845812976360321
20181115,18,40,110,15000,13709.0625,220.300003051758,35.3827629089355,4.71378660202026
20181116,0,40,110,15000,13715.0400390625,218.899993896484,33.474178314209,1.03999269008636
20181116,6,40,110,15000,13715.888671875,218.718872070313,29.1496238708496,-3.80187010765076
20181116,12,40,110,15000,13703.615234375,217.741973876953,29.7237529754639,-6.02113771438599
20181116,18,40,110,15000,13687.2548828125,219.800933837891,30.7859153747559,-9.95771026611328
20181117,0,40,110,15000,13665.28515625,221.610015869141,30.165864944458,-10.3123025894165
20181117,6,40,110,15000,13647.0302734375,224.600006103516,28.3891487121582,-6.33753156661987
20181117,12,40,110,15000,13654.12109375,223.070846557617,21.1902751922607,0.421455085277557
20181117,18,40,110,15000,13693.7177734375,223,19.2976360321045,4.22273921966553
20181118,0,40,110,15000,13722.1611328125,221.399993896484,17.7907943725586,5.06683588027954
20181118,6,40,110,15000,13738.5078125,218.800003051758,18.4844512939453,5.0588231086731
20181118,12,40,110,15000,13756.29296875,220.800003051758,15.7135543823242,6.23228025436401
20181118,18,40,110,15000,13762.8486328125,220.5,24.0371437072754,5.90876960754395
20181119,0,40,110,15000,13786.22265625,216.800003051758,26.2265892028809,6.5067286491394
20181119,6,40,110,15000,13794.3408203125,215.192535400391,30.7928524017334,-0.462714850902557
20181119,12,40,110,15000,13782.375,215.5,33.2641296386719,-1.53356206417084
20181119,18,40,110,15000,13774.7412109375,215.399978637695,35.3100051879883,-0.258283704519272
20181120,0,40,110,15000,13790.232421875,214.214691162109,32.6985092163086,0.846018075942993
20181120,6,40,110,15000,13802.6416015625,212.646118164063,32.2256927490234,-0.367685556411743
20181120,12,40,110,15000,13810.7548828125,211.699996948242,31.3955574035645,1.42012941837311
20181120,18,40,110,15000,13844.29296875,209.5,31.5046939849854,4.72556161880493
20181121,0,40,110,15000,13893.2939453125,208.5,27.4555587768555,4.8160252571106
20181121,6,40,110,15000,13908.9384765625,208.099975585938,28.8300018310547,-2.32548832893372
20181121,12,40,110,15000,13902.87890625,206.78645324707,28.8299922943115,-7.25580549240112
20181121,18,40,110,15000,13893.60546875,208.499969482422,30.0676021575928,-17.2179794311523
20181122,0,40,110,15000,13886.462890625,216.099975585938,25.4592552185059,-15.6481008529663
20181122,6,40,110,15000,13817.1591796875,217.046600341797,37.8466033935547,-17.8153457641602
20181122,12,40,110,15000,13774.70703125,217.79997253418,44.0267486572266,-8.53872108459473
20181122,18,40,110,15000,13776.861328125,219.600006103516,37.8900032043457,-4.63587379455566
20181123,0,40,110,15000,13776.8935546875,221.599975585938,27.8571529388428,-3.98049306869507
20181123,6,40,110,15000,13760.275390625,220.999969482422,24.4733333587646,-4.8077392578125
20181123,12,40,110,15000,13739.462890625,220.693023681641,28.1000003814697,1.08457028865814
20181123,18,40,110,15000,13752.89453125,220.899993896484,25.0155544281006,-0.0515576153993607
20181124,0,40,110,15000,13747.2236328125,220.699996948242,24.2022285461426,0.620473623275757
20181124,6,40,110,15000,13739.5947265625,220.300003051758,24.0812644958496,3.14999270439148
20181124,12,40,110,15000,13742.9072265625,218.699981689453,24.599760055542,3.76458978652954
20181124,18,40,110,15000,13752.8876953125,218.5,27.2805633544922,3.1643238067627
20181125,0,40,110,15000,13749.2509765625,219.399993896484,26.6690292358398,2.45351076126099
20181125,6,40,110,15000,13748.79296875,219.899993896484,24.199254989624,2.84449219703674
20181125,12,40,110,15000,13748.2578125,218.899993896484,21.7286434173584,3.70828866958618
20181125,18,40,110,15000,13768.9736328125,219.100006103516,20.7130107879639,4.12256574630737
20181126,0,40,110,15000,13774.0654296875,218.888061523438,23.4207706451416,3.35615730285645
20181126,6,40,110,15000,13773.2548828125,219.899993896484,21.6272487640381,0.488207995891571
20181126,12,40,110,15000,13773.12109375,219.600006103516,21.4033279418945,1.76283204555511
20181126,18,40,110,15000,13781.0986328125,219.300003051758,20.2953987121582,1.15702879428864
20181127,0,40,110,15000,13780.5078125,219.300018310547,18.215705871582,1.52984857559204
20181127,6,40,110,15000,13776.7451171875,219.294723510742,17.8863716125488,0.352114260196686
20181127,12,40,110,15000,13769.833984375,218.899993896484,16.7666854858398,1.84751713275909
20181127,18,40,110,15000,13785.26171875,218.600006103516,15.90771484375,-0.967292487621307
20181128,0,40,110,15000,13789.771484375,219.100006103516,16.4208278656006,-1.22722172737122
20181128,6,40,110,15000,13783.46875,219.187210083008,18.0320873260498,-2.88273930549622
20181128,12,40,110,15000,13787.638671875,219.247467041016,14.9346485137939,-1.42123532295227
20181128,18,40,110,15000,13801.6279296875,218.899993896484,15.5592842102051,-3.35179924964905
20181129,0,40,110,15000,13812.9013671875,217.800003051758,12.9981298446655,-1.01212894916534
20181129,6,40,110,15000,13809.1640625,217.399993896484,12.1006078720093,0.683798849582672
20181129,12,40,110,15000,13804.068359375,216.27278137207,9.52171421051025,-0.218820795416832
20181129,18,40,110,15000,13808.3349609375,215,12.3791732788086,-0.974694848060608
20181130,0,40,110,15000,13798.2578125,214.331939697266,13.9775705337524,-1.13292729854584
20181130,6,40,110,15000,13752.5234375,215.699996948242,21.7514705657959,-3.44709968566895
20181130,12,40,110,15000,13723.2578125,219.434448242188,21.5568504333496,1.10017085075378
20181130,18,40,110,15000,13718.1591796875,219.699996948242,17.4793376922607,0.818344712257385
20181201,0,40,110,15000,13703.0625,220,17.619686126709,3.73665046691895
20181201,6,40,110,15000,13696.111328125,220,15.5933666229248,3.89611339569092
20181201,12,40,110,15000,13699.3759765625,218.600006103516,15.0474071502686,7.66552257537842
20181201,18,40,110,15000,13729.12109375,218,12.70778465271,6.99554681777954
20181202,0,40,110,15000,13749.9970703125,217,8.57406520843506,7.13553953170776
20181202,6,40,110,15000,13759.5927734375,216.199996948242,7.07533073425293,4.0716700553894
20181202,12,40,110,15000,13765.259765625,215.690399169922,7.23632335662842,5.14333009719849
20181202,18,40,110,15000,13787.3671875,215.746490478516,3.9949951171875,3.86704587936401
20181203,0,40,110,15000,13793.33203125,214.899993896484,0.982713639736176,2.85843753814697
20181203,6,40,110,15000,13789.19140625,214.465545654297,-0.112131349742413,-0.432377934455872
20181203,12,40,110,15000,13785.2587890625,213.999847412109,-0.693798840045929,-2.79083251953125
20181203,18,40,110,15000,13784.6904296875,214.312789916992,1.08320438861847,-5.41493892669678
20181204,0,40,110,15000,13774.857421875,214.605545043945,1.05036008358002,-4.23966789245605
20181204,6,40,110,15000,13746.6728515625,214.90168762207,3.31083750724792,-4.32642078399658
20181204,12,40,110,15000,13730.962890625,215.800003051758,5.90817880630493,-2.85985851287842
20181204,18,40,110,15000,13731.90234375,215.402908325195,6.71752452850342,-2.26278567314148
20181205,0,40,110,15000,13729.755859375,215.973541259766,9.40740203857422,0.314055174589157
20181205,6,40,110,15000,13724.5751953125,215.899993896484,11.3760738372803,-0.662834465503693
20181205,12,40,110,15000,13724.7490234375,216.600006103516,9.9538745880127,1.64069330692291
20181205,18,40,110,15000,13754.3408203125,215.399993896484,8.14459228515625,3.0643846988678
20181206,0,40,110,15000,13771.96484375,213.899993896484,3.82130861282349,8.49321269989014
20181206,6,40,110,15000,13797.92578125,212.085968017578,-2.63497066497803,11.2674951553345
20181206,12,40,110,15000,13821.40625,208.899993896484,-8.14699172973633,13.9369583129883
20181206,18,40,110,15000,13860.1787109375,207.496246337891,-11.7832860946655,12.0773048400879
20181207,0,40,110,15000,13890.97265625,207.4189453125,-10.4968309402466,9.12107181549072
20181207,6,40,110,15000,13909.7509765625,205.599975585938,-7.71858644485474,3.2382128238678
20181207,12,40,110,15000,13918.6435546875,203.684921264648,-5.36721658706665,-3.50610828399658
20181207,18,40,110,15000,13915.9951171875,205.690521240234,-3.77716302871704,-11.5138301849365
20181208,0,40,110,15000,13876.94921875,210.241363525391,3.84075450897217,-15.9479494094849
20181208,6,40,110,15000,13826.8134765625,214.399993896484,11.1414308547974,-16.663480758667
20181208,12,40,110,15000,13768.556640625,218.628631591797,15.2518453598022,-14.8481149673462
20181208,18,40,110,15000,13745.615234375,219.800018310547,14.3617973327637,-12.9276876449585
20181209,0,40,110,15000,13722.8759765625,220.300003051758,17.1505832672119,-5.24331283569336
20181209,6,40,110,15000,13724.9521484375,221.5,21.7740135192871,-2.69095206260681
20181209,12,40,110,15000,13738.9150390625,221.300003051758,21.7156467437744,0.870129406452179
20181209,18,40,110,15000,13770.400390625,217.800003051758,26.8959426879883,-0.525722682476044
20181210,0,40,110,15000,13781.7900390625,217.443893432617,34.1686172485352,-5.94013690948486
20181210,6,40,110,15000,13767.90625,215.5,37.3770713806152,-10.0711088180542
20181210,12,40,110,15000,13750.8251953125,217.300003051758,38.4573745727539,-9.7265567779541
20181210,18,40,110,15000,13741.8935546875,217.899993896484,36.2987899780273,-11.9762630462646
20181211,0,40,110,15000,13733.2177734375,217.159957885742,36.4400215148926,-15.9998989105225
20181211,6,40,110,15000,13713.51171875,215.70002746582,34.8755531311035,-16.6375007629395
20181211,12,40,110,15000,13685.806640625,217.608932495117,35.0400009155273,-9.97606945037842
20181211,18,40,110,15000,13724.2373046875,219.953582763672,27.0909614562988,-3.14031004905701
20181212,0,40,110,15000,13741.201171875,217.600006103516,26.9036140441895,-4.05950212478638
20181212,6,40,110,15000,13737.2529296875,217.899993896484,28.1816692352295,-5.15523433685303
20181212,12,40,110,15000,13738.755859375,216.900146484375,29.3174381256104,-4.8143458366394
20181212,18,40,110,15000,13746.09375,215,31.334156036377,-11.4145755767822
20181213,0,40,110,15000,13713.201171875,217,30.597297668457,-13.0317478179932
20181213,6,40,110,15000,13677.72265625,218.598068237305,28.1599636077881,-14.9989204406738
20181213,12,40,110,15000,13644.900390625,218.300003051758,22.6200008392334,-18.7275333404541
20181213,18,40,110,15000,13613.41796875,221.050827026367,24.4939403533936,-18.3486080169678
20181214,0,40,110,15000,13603.33203125,221.599243164063,23.8400001525879,-8.8306884765625
20181214,6,40,110,15000,13628.0439453125,220.600006103516,23.1117897033691,0.260576158761978
20181214,12,40,110,15000,13657.3896484375,218.356399536133,17.757698059082,2.71833491325378
20181214,18,40,110,15000,13700.4951171875,216.996246337891,18.140007019043,7.04770755767822
20181215,0,40,110,15000,13750.80078125,216.600006103516,13.4284057617188,7.46304941177368
20181215,6,40,110,15000,13780.63671875,216.058029174805,11.8427762985229,5.66850090026855
20181215,12,40,110,15000,13816.7158203125,215.800003051758,9.05001258850098,9.69400596618652
20181215,18,40,110,15000,13862.0234375,216.600006103516,9.21000480651855,10.9297094345093
20181216,0,40,110,15000,13889.869140625,215.399993896484,15.3820610046387,8.11337661743164
20181216,6,40,110,15000,13889.8125,213.699996948242,18.9000358581543,3.95184087753296
20181216,12,40,110,15000,13864.4853515625,209.899993896484,32.7291641235352,3.17661619186401
20181216,18,40,110,15000,13868.4189453125,210.136627197266,36.9787635803223,-3.85425281524658
20181217,0,40,110,15000,13831.3984375,217.380813598633,34.9188079833984,-3.11140131950378
20181217,6,40,110,15000,13809.6513671875,219.219161987305,25.9656181335449,-0.0155908204615116
20181217,12,40,110,15000,13807.5478515625,218.5,17.3365383148193,0.663476586341858
20181217,18,40,110,15000,13826.146484375,218,15.1598386764526,2.68409657478333
20181218,0,40,110,15000,13848.025390625,217.433258056641,12.2275533676147,3.95734858512878
20181218,6,40,110,15000,13870.1572265625,215.735763549805,11.2899780273438,5.31588888168335
20181218,12,40,110,15000,13883.34375,212.800003051758,10.8108882904053,5.13315916061401
