20180720,0,-40,35,2000,26898.158203125,226.617233276367,-11.6075878143311,0.338134765625
20180720,6,-40,35,2000,26903.77734375,226.600006103516,-11.4999809265137,-0.722412109375
20180720,12,-40,35,2000,26859.5,226.100006103516,-12.785270690918,-1.23664546012878
20180720,18,-40,35,2000,26870.88671875,226.29997253418,-13.8951120376587,0.983867168426514
20180721,0,-40,35,2000,26883.474609375,226.499969482422,-11.9999923706055,1.07011723518372
20180721,6,-40,35,2000,26900.404296875,226.596267700195,-13.6039867401123,-0.408581554889679
20180721,12,-40,35,2000,26874.544921875,226.399993896484,-13.2099952697754,1.20670902729034
20180721,18,-40,35,2000,26899.904296875,226.399993896484,-13.0099954605103,1.96396970748901
20180722,0,-40,35,2000,26919.7421875,227,-14.0099954605103,1.05996096134186
20180722,6,-40,35,2000,26938.439453125,226.800003051758,-14.4233589172363,0.718793928623199
20180722,12,-40,35,2000,26907.7109375,226.399993896484,-15.1057662963867,0.231433108448982
20180722,18,-40,35,2000,26928.01953125,226.899978637695,-16.1099910736084,1.17538332939148
20180723,0,-40,35,2000,26939.26953125,226.899978637695,-14.909987449646,0.786306142807007
20180723,6,-40,35,2000,26956.900390625,226.999969482422,-15.3099975585938,-0.736303687095642
20180723,12,-40,35,2000,26928.36328125,226.300003051758,-15.0099925994873,0.115355223417282
20180723,18,-40,35,2000,26942.4453125,226.199996948242,-14.703332901001,0.251218259334564
20180724,0,-40,35,2000,26949.294921875,226.6796875,-14.609543800354,0.161347657442093
20180724,6,-40,35,2000,26954.69921875,226.099975585938,-14.7099952697754,-0.348774403333664
20180724,12,-40,35,2000,26913.16015625,226.100006103516,-14.7200002670288,-0.639616727828979
20180724,18,-40,35,2000,26929.099609375,225.699996948242,-15.199914932251,0.650493144989014
20180725,0,-40,35,2000,26941.072265625,226.300003051758,-13.2999973297119,0.439570307731628
20180725,6,-40,35,2000,26950.5,225.600006103516,-14.7048263549805,-0.166896969079971
20180725,12,-40,35,2000,26912.294921875,225.399993896484,-13.4000024795532,-1.10519778728485
20180725,18,-40,35,2000,26917.255859375,225,-15.1999998092651,-0.308591306209564
20180726,0,-40,35,2000,26925.92578125,225.499969482422,-13.0994119644165,-0.0961767584085464
20180726,6,-40,35,2000,26936.515625,225.199996948242,-13.4000024795532,-1.25612056255341
20180726,12,-40,35,2000,26895.318359375,224.199996948242,-13.1000003814697,-1.94391596317291
20180726,18,-40,35,2000,26891.947265625,224.399978637695,-15.7097120285034,-0.00123535154853016
20180727,0,-40,35,2000,26907.365234375,225.099975585938,-12.5033082962036,-0.0778540074825287
20180727,6,-40,35,2000,26911.75,225.300003051758,-13.5032987594604,-1.40452635288239
20180727,12,-40,35,2000,26868.126953125,224.399993896484,-12.4099979400635,-0.654421389102936
20180727,18,-40,35,2000,26870.140625,224.399978637695,-14.0033254623413,-0.946301281452179
20180728,0,-40,35,2000,26878.982421875,225,-13.3099946975708,-0.00629882793873549
20180728,6,-40,35,2000,26894.431640625,225.699996948242,-11.9003047943115,-0.570419907569885
20180728,12,-40,35,2000,26851.39453125,224.699996948242,-12.9030466079712,-1.37025022506714
20180728,18,-40,35,2000,26864.716796875,225.5,-14.5075826644897,0.498986810445786
20180729,0,-40,35,2000,26882.8671875,226.100006103516,-11.3999948501587,1.13481569290161
20180729,6,-40,35,2000,26904.162109375,226.699981689453,-13.3000001907349,-1.72987055778503
20180729,12,-40,35,2000,26865.794921875,225.999969482422,-13.1999950408936,0.729191899299622
20180729,18,-40,35,2000,26882.0625,226.5,-13.7032613754272,0.29331910610199
20180730,0,-40,35,2000,26900.294921875,226.499969482422,-12.3198432922363,0.766562521457672
20180730,6,-40,35,2000,26910.984375,226.706985473633,-13.7099952697754,-0.428027331829071
20180730,12,-40,35,2000,26876.76953125,225.599975585938,-12.9019021987915,0.0634082034230232
20180730,18,-40,35,2000,26888.4296875,226.199996948242,-14.8000001907349,0.373648673295975
20180731,0,-40,35,2000,26909.712890625,226.399978637695,-13.4022092819214,1.27381229400635
20180731,6,-40,35,2000,26917.73046875,226.599975585938,-13.4996633529663,-0.643430173397064
20180731,12,-40,35,2000,26881.857421875,226.100006103516,-13.6033420562744,-0.356354981660843
20180731,18,-40,35,2000,26897.658203125,226.099975585938,-13.4096975326538,-0.122421875596046
20180801,0,-40,35,2000,26902.6484375,226.399978637695,-13.1999931335449,-0.399299323558807
20180801,6,-40,35,2000,26909.27734375,226.300003051758,-14.3166799545288,-1.45372557640076
20180801,12,-40,35,2000,26868.1015625,226,-13.5999975204468,-1.04240238666534
20180801,18,-40,35,2000,26877.830078125,225.79997253418,-15.0094385147095,-0.654477536678314
20180802,0,-40,35,2000,26883.88671875,226.5,-13.6005954742432,0.785092771053314
20180802,6,-40,35,2000,26899.427734375,226.199981689453,-13.6013259887695,-0.189909666776657
20180802,12,-40,35,2000,26862.275390625,225.599975585938,-12.8999977111816,-0.897956550121307
20180802,18,-40,35,2000,26878.884765625,225.899993896484,-15.3999824523926,0.330097645521164
20180803,0,-40,35,2000,26898.54296875,226.399993896484,-11.6099996566772,1.80407476425171
20180803,6,-40,35,2000,26914.15234375,225.899993896484,-13.196608543396,-1.81538081169128
20180803,12,-40,35,2000,26875.439453125,225.732131958008,-13.6000003814697,0.569868147373199
20180803,18,-40,35,2000,26889.67578125,225.699996948242,-14.1197366714478,-0.0104345707222819
20180804,0,-40,35,2000,26913.599609375,226,-13.0000028610229,1.14475584030151
20180804,6,-40,35,2000,26930.65234375,226.399978637695,-13.7999954223633,-0.867233872413635
20180804,12,-40,35,2000,26899.494140625,225.399978637695,-13.0898485183716,0.683645009994507
20180804,18,-40,35,2000,26914.48828125,225.600006103516,-13.2100048065186,-0.988671898841858
20180805,0,-40,35,2000,26912.15234375,226.100006103516,-13.3035469055176,-0.142534181475639
20180805,6,-40,35,2000,26930.86328125,226.600006103516,-12.6972169876099,-0.750053703784943
20180805,12,-40,35,2000,26891.69921875,225.399993896484,-11.5899925231934,-1.00328862667084
20180805,18,-40,35,2000,26902.36328125,225.300003051758,-14.5042209625244,-0.787213146686554
20180806,0,-40,35,2000,26906.921875,226,-12.2002172470093,0.520433366298676
20180806,6,-40,35,2000,26920.6328125,225.600006103516,-14.3042287826538,-1.5452002286911
20180806,12,-40,35,2000,26881.76171875,225,-14.0002145767212,-0.483067631721497
20180806,18,-40,35,2000,26898.7890625,224.79997253418,-14.4982328414917,0.254465341567993
20180807,0,-40,35,2000,26906.6953125,224.800003051758,-11.6965866088867,0.505040287971497
20180807,6,-40,35,2000,26922.580078125,224.399993896484,-14.9031982421875,-1.70937132835388
20180807,12,-40,35,2000,26872.21484375,224.399978637695,-14.2087669372559,0.307218015193939
20180807,18,-40,35,2000,26889.9453125,224,-13.8969116210938,0.375759273767471
20180808,0,-40,35,2000,26892.2265625,224.599975585938,-12.802734375,0.088618166744709
20180808,6,-40,35,2000,26906.7109375,224.79997253418,-13.1995191574097,-0.248632818460464
20180808,12,-40,35,2000,26871.287109375,224.5,-11.5999898910522,0.4515600502491
20180808,18,-40,35,2000,26886.7421875,224.199996948242,-11.7999925613403,0.632065415382385
20180809,0,-40,35,2000,26891.70703125,225.350738525391,-11.5099973678589,1.45737791061401
20180809,6,-40,35,2000,26912.177734375,224.699996948242,-11.1013431549072,-0.332102060317993
20180809,12,-40,35,2000,26867.919921875,224.599975585938,-11.6999778747559,-0.357160657644272
20180809,18,-40,35,2000,26883.875,224.199996948242,-12.1016721725464,-0.313847661018372
20180810,0,-40,35,2000,26896.84765625,225.099975585938,-10.5999898910522,0.759936511516571
20180810,6,-40,35,2000,26913.240234375,225.099975585938,-11.699990272522,-1.98248052597046
20180810,12,-40,35,2000,26867.248046875,223.928619384766,-11.8999948501587,-0.645605444908142
20180810,18,-40,35,2000,26878.205078125,224.5,-12.6199951171875,-1.73525881767273
20180811,0,-40,35,2000,26881.060546875,224.499359130859,-10.8099851608276,-1.00217533111572
20180811,6,-40,35,2000,26889.814453125,224.199981689453,-13.2999629974365,-2.52374744415283
20180811,12,-40,35,2000,26849.23046875,224.099975585938,-12.3999948501587,-1.35561275482178
20180811,18,-40,35,2000,26864.95703125,223.399993896484,-13.099983215332,-1.55618166923523
20180812,0,-40,35,2000,26865.484375,224.800003051758,-13.8099927902222,-0.417595207691193
20180812,6,-40,35,2000,26889.8515625,224.79997253418,-12.9999952316284,-0.394112557172775
20180812,12,-40,35,2000,26865.5546875,224.600006103516,-13.3095169067383,-0.0500854477286339
20180812,18,-40,35,2000,26882.3046875,224.800003051758,-13.201774597168,-0.080078125
20180813,0,-40,35,2000,26891.953125,225.79997253418,-12.5999927520752,2.06723499298096
20180813,6,-40,35,2000,26918.275390625,225.699981689453,-12.1099882125854,0.385230720043182
20180813,12,-40,35,2000,26895.6796875,225.5,-11.6997652053833,0.614353001117706
20180813,18,-40,35,2000,26902.744140625,225.199981689453,-12.9969358444214,1.17680418491364
20180814,0,-40,35,2000,26917.7734375,226.699996948242,-10.3965673446655,2.33766841888428
20180814,6,-40,35,2000,26930.5625,226.10807800293,-9.49998760223389,-0.987985849380493
20180814,12,-40,35,2000,26877.23046875,225.199996948242,-11.3099946975708,-0.108317874372005
20180814,18,-40,35,2000,26884.14453125,225.800003051758,-10.5100002288818,0.0805688500404358
20180815,0,-40,35,2000,26887.751953125,226.100006103516,-8.70994186401367,0.936564922332764
20180815,6,-40,35,2000,26885.876953125,225.800003051758,-9.30998802185059,-1.09053468704224
20180815,12,-40,35,2000,26841.126953125,224.79997253418,-8.50999546051025,0.126916497945786
20180815,18,-40,35,2000,26846.4375,225.100006103516,-10.0199928283691,-0.329511731863022
20180816,0,-40,35,2000,26853.9609375,225.300003051758,-8.6099853515625,2.12148928642273
20180816,6,-40,35,2000,26874.5,225,-8.22012710571289,-0.222158208489418
20180816,12,-40,35,2000,26844.390625,224.29997253418,-10.1999950408936,0.7340087890625
20180816,18,-40,35,2000,26860.318359375,224.899993896484,-11.0099925994873,1.43000733852386
20180817,0,-40,35,2000,26885.087890625,225,-9.21000003814697,2.68321299552917
20180817,6,-40,35,2000,26911.439453125,224.600006103516,-11.0099906921387,-0.210668951272964
20180817,12,-40,35,2000,26885.712890625,224,-10.6141605377197,1.55801510810852
20180817,18,-40,35,2000,26899.880859375,224.199996948242,-11.2099924087524,-0.0942846685647964
20180818,0,-40,35,2000,26918.08984375,224.499969482422,-11.5099925994873,0.676040053367615
20180818,6,-40,35,2000,26926.654296875,224.120513916016,-11.603515625,-0.311638176441193
20180818,12,-40,35,2000,26891.822265625,223.699996948242,-11.3999996185303,-2.0911328792572
20180818,18,-40,35,2000,26893.697265625,223.399993896484,-13.6074657440186,-0.354689955711365
20180819,0,-40,35,2000,26902.470703125,224.399993896484,-11.2076559066772,-1.26390135288239
20180819,6,-40,35,2000,26908.955078125,223.899993896484,-11.5100002288818,-1.62296628952026
20180819,12,-40,35,2000,26866.169921875,222.599975585938,-10.6899976730347,-1.80757808685303
20180819,18,-40,35,2000,26858.2109375,222.600006103516,-11.7100028991699,-2.27724599838257
20180820,0,-40,35,2000,26856.869140625,222.999969482422,-10.8901929855347,-1.04962885379791
20180820,6,-40,35,2000,26873.328125,223.199996948242,-10.4195165634155,-0.809589862823486
20180820,12,-40,35,2000,26835.533203125,222.499969482422,-10.0999565124512,-2.56080555915833
20180820,18,-40,35,2000,26836.65234375,222.699981689453,-11.9099979400635,-0.267866224050522
20180821,0,-40,35,2000,26848.810546875,223.29997253418,-8.60302734375,-0.750073254108429
20180821,6,-40,35,2000,26850.859375,223.399978637695,-11.3099927902222,-1.80569088459015
20180821,12,-40,35,2000,26819.212890625,222.899993896484,-9.90326690673828,-0.933393537998199
20180821,18,-40,35,2000,26820.765625,223.100006103516,-9.90428256988525,-1.00079345703125
20180822,0,-40,35,2000,26834.751953125,223.899993896484,-8.89999008178711,0.0873339846730232
20180822,6,-40,35,2000,26849.259765625,224.399993896484,-8.60222625732422,-0.390290528535843
20180822,12,-40,35,2000,26814.109375,224.199996948242,-8.29582500457764,0.216442868113518
20180822,18,-40,35,2000,26822.615234375,223.800003051758,-8.39999771118164,-0.206127926707268
20180823,0,-40,35,2000,26823.5390625,224.399993896484,-7.70999002456665,0.456547856330872
20180823,6,-40,35,2000,26836.650390625,224.699981689453,-8.00535202026367,-0.229936525225639
20180823,12,-40,35,2000,26798.982421875,223.899978637695,-6.58326435089111,-0.0844970718026161
20180823,18,-40,35,2000,26807.19921875,224.006988525391,-7.8965916633606,0.0203466787934303
20180824,0,-40,35,2000,26802.63671875,224.899993896484,-7.41230964660645,1.48607182502747
20180824,6,-40,35,2000,26821.830078125,224.699981689453,-7.40668964385986,0.1680908203125
20180824,12,-40,35,2000,26794.248046875,224.5,-7.30998802185059,0.473570555448532
20180824,18,-40,35,2000,26804.505859375,224.399978637695,-8.207763671875,1.2502965927124
20180825,0,-40,35,2000,26810.400390625,224.899993896484,-6.91895771026611,1.43114018440247
20180825,6,-40,35,2000,26838.3671875,225.300003051758,-8.10998821258545,0.297434091567993
20180825,12,-40,35,2000,26815.130859375,224.699996948242,-7.10999250411987,0.992597639560699
20180825,18,-40,35,2000,26840.4921875,224.5,-8.10999488830566,0.553400874137878
20180826,0,-40,35,2000,26852.9609375,225.100006103516,-7.40998792648315,1.85676515102386
20180826,6,-40,35,2000,26871.9375,225.100006103516,-7.51138925552368,-0.57086181640625
20180826,12,-40,35,2000,26843.0859375,224.5,-7.60999774932861,0.3095922768116
20180826,18,-40,35,2000,26857.97265625,224.093017578125,-7.60999774932861,-0.128010258078575
20180827,0,-40,35,2000,26863.96484375,224.899993896484,-7.00739479064941,-0.125573724508286
20180827,6,-40,35,2000,26876.265625,224.300003051758,-7.30999994277954,-1.00154054164886
20180827,12,-40,35,2000,26835.95703125,223.899978637695,-5.90999031066895,-1.97550785541534
20180827,18,-40,35,2000,26844.36328125,223.600006103516,-7.50883769989014,-1.44261229038239
20180828,0,-40,35,2000,26838.158203125,223.899993896484,-6.09998798370361,-0.725505352020264
20180828,6,-40,35,2000,26845.498046875,224,-7.59998512268066,-2.18244385719299
20180828,12,-40,35,2000,26797.5234375,223.5,-7.71000003814697,-1.36857175827026
20180828,18,-40,35,2000,26815.171875,223.899993896484,-8.1100025177002,-0.193120121955872
20180829,0,-40,35,2000,26823.9375,224.29997253418,-6.70777606964111,0.29005491733551
20180829,6,-40,35,2000,26828.587890625,223.999969482422,-7.21000480651855,-1.12634766101837
20180829,12,-40,35,2000,26795.642578125,223.600006103516,-6.3122239112854,-0.389277338981628
20180829,18,-40,35,2000,26805.6796875,224,-6.80999755859375,-0.232204586267471
20180830,0,-40,35,2000,26808.95703125,223.899978637695,-4.80999755859375,0.0300109870731831
20180830,6,-40,35,2000,26821.1484375,224,-6.50998544692993,-0.716926276683807
20180830,12,-40,35,2000,26780.744140625,223.599975585938,-4.69194078445435,-0.432417005300522
20180830,18,-40,35,2000,26791.474609375,223.099975585938,-5.90677499771118,-0.459516614675522
20180831,0,-40,35,2000,26789.91796875,223.899993896484,-3.70999026298523,0.397287607192993
20180831,6,-40,35,2000,26802.6484375,223.699981689453,-5.39499521255493,-0.906849384307861
20180831,12,-40,35,2000,26762.365234375,223.099975585938,-3.40998291969299,-0.232276618480682
20180831,18,-40,35,2000,26764.107421875,223.100006103516,-5.60999774932861,-0.0989794954657555
20180901,0,-40,35,2000,26763.7578125,223.699996948242,-3.60683345794678,1.13905274868011
20180901,6,-40,35,2000,26789.169921875,223.699996948242,-4.01021718978882,0.153985589742661
20180901,12,-40,35,2000,26754.85546875,223.199981689453,-4.3113865852356,0.239519044756889
20180901,18,-40,35,2000,26770.796875,223.367874145508,-5.51460933685303,1.0399512052536
20180902,0,-40,35,2000,26774.328125,223.899978637695,-4.22827863693237,1.19979739189148
20180902,6,-40,35,2000,26805.306640625,224.199493408203,-5.60239267349243,0.5421142578125
20180902,12,-40,35,2000,26769.345703125,223.499969482422,-4.71000242233276,0.849741220474243
20180902,18,-40,35,2000,26784.091796875,223.699996948242,-6.01138162612915,1.24746096134186
20180903,0,-40,35,2000,26798.4921875,224.499969482422,-5.1099853515625,1.19639647006989
20180903,6,-40,35,2000,26825.380859375,224.79997253418,-5.90998792648315,1.07748532295227
20180903,12,-40,35,2000,26790.6875,224,-4.51221179962158,0.205893561244011
20180903,18,-40,35,2000,26804.6171875,224,-6.50999736785889,0.454194337129593
20180904,0,-40,35,2000,26811.990234375,224.399993896484,-4.60999011993408,0.641464829444885
20180904,6,-40,35,2000,26832.9140625,224.199996948242,-6.90999746322632,-0.870175778865814
20180904,12,-40,35,2000,26795.609375,223.899978637695,-5.60674095153809,0.0554272457957268
20180904,18,-40,35,2000,26816.578125,223.699981689453,-6.50370597839355,0.499826669692993
20180905,0,-40,35,2000,26812.1328125,223.800003051758,-5.10999488830566,0.639169931411743
20180905,6,-40,35,2000,26822.875,224.100006103516,-6.90333986282349,-1.02478516101837
20180905,12,-40,35,2000,26783.171875,223.300003051758,-5.80999994277954,-0.0699438452720642
20180905,18,-40,35,2000,26798.19921875,223.300003051758,-7.11999988555908,0.593771994113922
20180906,0,-40,35,2000,26799.330078125,223.79997253418,-6.30999517440796,0.250112295150757
20180906,6,-40,35,2000,26812.67578125,224.100006103516,-8.10999965667725,0.488583981990814
20180906,12,-40,35,2000,26769.599609375,222.800003051758,-6.40999507904053,0.221896976232529
20180906,18,-40,35,2000,26787.875,222.963653564453,-8.51589870452881,0.288417965173721
20180907,0,-40,35,2000,26789.58203125,223.110015869141,-6.80999755859375,1.19966554641724
20180907,6,-40,35,2000,26806.09765625,222.699996948242,-8.114990234375,-0.535434544086456
20180907,12,-40,35,2000,26763.8046875,222.199996948242,-7.5099949836731,-0.493393540382385
20180907,18,-40,35,2000,26772.42578125,222.100006103516,-8.40907001495361,0.738476574420929
20180908,0,-40,35,2000,26778.2734375,222.499969482422,-6.40999507904053,-0.667268037796021
20180908,6,-40,35,2000,26789.734375,222.100006103516,-7.81221437454224,-0.968764662742615
20180908,12,-40,35,2000,26744.19921875,221.899993896484,-6.40999984741211,-1.50658202171326
20180908,18,-40,35,2000,26747.060546875,221.699981689453,-7.56138896942139,-1.19989013671875
20180909,0,-40,35,2000,26734.75,221.899978637695,-5.89999675750732,-1.49990236759186
20180909,6,-40,35,2000,26739.1328125,221.499969482422,-6.61098337173462,-1.89990234375
20180909,12,-40,35,2000,26689.8203125,221,-5.90000009536743,-2.79990243911743
20180909,18,-40,35,2000,26697.830078125,221.100006103516,-7.30000019073486,-0.500079333782196
20180910,0,-40,35,2000,26701.494140625,221.599975585938,-4.90000009536743,-1.40007936954498
20180910,6,-40,35,2000,26713.46484375,221.499969482422,-7.19998455047607,-1.99990236759186
20180910,12,-40,35,2000,26679.16015625,221.199981689453,-5.89999675750732,-1.30775761604309
20180910,18,-40,35,2000,26695.435546875,221.5,-6.80000019073486,-1.09993290901184
20180911,0,-40,35,2000,26698.4296875,221.699981689453,-5.33088397979736,0.36004638671875
20180911,6,-40,35,2000,26723.45703125,222.399993896484,-5.99999284744263,-1.99005854129791
20180911,12,-40,35,2000,26697.58203125,222.099975585938,-4.80999517440796,-0.726000964641571
20180911,18,-40,35,2000,26710.392578125,222.800003051758,-5.10329341888428,-0.644008815288544
20180912,0,-40,35,2000,26714.69921875,223.199996948242,-2.89000487327576,-0.429736316204071
20180912,6,-40,35,2000,26730.1171875,223.800003051758,-4.90000009536743,-2.79254388809204
20180912,12,-40,35,2000,26695.5078125,223.100006103516,-3.79999995231628,-0.25472167134285
20180912,18,-40,35,2000,26706.322265625,223.79997253418,-3.405029296875,-1.85187005996704
20180913,0,-40,35,2000,26703.525390625,224.300003051758,-2.99157094955444,0.400109857320786
20180913,6,-40,35,2000,26718.73828125,224.79963684082,-1.8999969959259,-0.48687744140625
20180913,12,-40,35,2000,26687.4921875,224,-1.80810546875,0.266748040914536
20180913,18,-40,35,2000,26696.982421875,224.399993896484,-2.20000004768372,1.74066162109375
20180914,12,-40,35,2000,26690.98046875,224.5,1.60000455379486,3.81143188476563
20180914,18,-40,35,2000,26699.033203125,224.899978637695,2.22222137451172,3.310546875
20180915,0,-40,35,2000,26706.447265625,225.100006103516,2.41500234603882,3.40007328987122
20180915,6,-40,35,2000,26730.318359375,225.5,2.50000309944153,3.30012822151184
20180915,12,-40,35,2000,26703.232421875,224.600006103516,3.30385732650757,2.11903691291809
20180915,18,-40,35,2000,26713.92578125,224.499969482422,1.99999690055847,1.89985346794128
20180916,0,-40,35,2000,26708.982421875,224.599975585938,2.49197506904602,2.5596387386322
20180916,12,-40,35,2000,26691.283203125,223.399993896484,1.99000489711761,1.40737056732178
20180916,18,-40,35,2000,26707.630859375,223.79997253418,1.16659915447235,0.920546889305115
20180917,0,-40,35,2000,26698.28515625,223.5,1.89000248908997,2.06696033477783
20180917,6,-40,35,2000,26723.125,223.300003051758,0.769999980926514,0.505561530590057
20180917,12,-40,35,2000,26683.421875,222.399322509766,1.57000243663788,1.19489502906799
20180917,18,-40,35,2000,26701.412109375,222.300003051758,-0.215000003576279,0.628229975700378
20180918,0,-40,35,2000,26691.33984375,222.600006103516,1.27000737190247,1.98371088504791
20180918,6,-40,35,2000,26718.8984375,222.699996948242,0.868618190288544,0.0513867177069187
20180918,12,-40,35,2000,26670.255859375,221.899978637695,1.08000242710114,0.825024425983429
20180918,18,-40,35,2000,26684.052734375,221.5,0.480004876852036,0.623784184455872
20180919,0,-40,35,2000,26678.876953125,221.699981689453,2.17000484466553,0.522607445716858
20180919,6,-40,35,2000,26693.212890625,222.099975585938,0.880002439022064,-0.408876955509186
20180919,12,-40,35,2000,26646.57421875,220.899993896484,2.97000241279602,-0.429721683263779
20180919,18,-40,35,2000,26655.22265625,221.399978637695,1.47340571880341,-0.633811056613922
20180920,0,-40,35,2000,26635.078125,221.399978637695,2.96999764442444,0.678994119167328
20180920,6,-40,35,2000,26657.216796875,221.79997253418,2.78000497817993,-0.269235849380493
20180920,12,-40,35,2000,26618.08203125,221.29997253418,4.07000255584717,0.126035153865814
20180920,18,-40,35,2000,26627.427734375,221.5,3.46589350700378,0.193601071834564
20180921,0,-40,35,2000,26625.650390625,221.800003051758,4.48000717163086,1.9679297208786
20180921,6,-40,35,2000,26647.76953125,222.199996948242,5.23996448516846,-0.172430425882339
20180921,12,-40,35,2000,26606.755859375,221.100006103516,4.90473175048828,0.700103759765625
20180921,18,-40,35,2000,26619.47265625,221.93635559082,4.59999990463257,1.46016240119934
20180922,0,-40,35,2000,26621.005859375,221.899993896484,5.80000019073486,1.92473149299622
20180922,6,-40,35,2000,26651.92578125,222,5.16861724853516,0.566723644733429
20180922,12,-40,35,2000,26612.17578125,222.010040283203,5.59999990463257,1.69998776912689
20180922,18,-40,35,2000,26631.259765625,222.100006103516,4.80000019073486,1.20004272460938
20180923,0,-40,35,2000,26628.6484375,222.5,5.80000591278076,2.52761220932007
20180923,6,-40,35,2000,26651.046875,222.399993896484,6.00000143051147,0.345013439655304
20180923,12,-40,35,2000,26615.705078125,222.100006103516,5.19999694824219,0.700006127357483
20180923,18,-40,35,2000,26629.23046875,222.399978637695,5.19999980926514,1.21892094612122
20180924,0,-40,35,2000,26632.5,223,5.90000295639038,1.51893925666809
20180924,6,-40,35,2000,26651.955078125,223.199996948242,4.75112295150757,0.00755615253001451
20180924,12,-40,35,2000,26625.529296875,222.300003051758,5.30000019073486,0.28118896484375
20180924,18,-40,35,2000,26636.89453125,223,4.69999694824219,-0.166149899363518
20180925,0,-40,35,2000,26638.474609375,223,5.50000286102295,0.400018304586411
20180925,6,-40,35,2000,26660.51953125,223.199996948242,4.20002603530884,-1.39996945858002
20180925,12,-40,35,2000,26622.099609375,222.600006103516,5.35326528549194,-0.699914574623108
20180925,18,-40,35,2000,26643.126953125,222.899978637695,5.08001232147217,-0.917851567268372
20180926,0,-40,35,2000,26646.001953125,222.600006103516,5.28195571899414,-0.423120111227036
20180926,6,-40,35,2000,26657.255859375,222.79997253418,4.67999982833862,-2.92744135856628
20180926,12,-40,35,2000,26622.630859375,222,5.17999744415283,-2.04226565361023
20180926,18,-40,35,2000,26633.0546875,222.100006103516,5.11000728607178,-2.50879645347595
20180927,0,-40,35,2000,26626.064453125,221.5,5.19207048416138,-2.55830311775208
20180927,6,-40,35,2000,26629.595703125,221.891632080078,4.10000467300415,-3.8928050994873
20180927,12,-40,35,2000,26586.71484375,221,4.30000495910645,-2.57286381721497
20180927,18,-40,35,2000,26588.158203125,221.199996948242,3.20000004768372,-2.51222658157349
20180928,0,-40,35,2000,26569.51171875,220.800003051758,3.59878182411194,-2.86992931365967
20180928,6,-40,35,2000,26580.1796875,220.699981689453,2.80000233650208,-2.9886646270752
20180928,12,-40,35,2000,26531.55078125,219.699996948242,3.39222407341003,-2.03802013397217
20180928,18,-40,35,2000,26531.0859375,220,2.90139412879944,-2.18123531341553
20180929,0,-40,35,2000,26526.306640625,219.899993896484,3.39374756813049,-1.1627197265625
20180929,6,-40,35,2000,26532.7421875,220.099975585938,3.90000247955322,-1.61539793014526
20180929,12,-40,35,2000,26496.400390625,219.100006103516,4.80999994277954,-1.72164058685303
20180929,18,-40,35,2000,26503.447265625,219.199981689453,4.19999980926514,-0.354204088449478
20180930,0,-40,35,2000,26499.5859375,219.100006103516,5.60367679595947,-1.02416014671326
20180930,6,-40,35,2000,26512.01171875,219.29997253418,4.42249011993408,-1.014892578125
20180930,12,-40,35,2000,26478.482421875,218.5,4.51000022888184,-0.828159153461456
20180930,18,-40,35,2000,26482.16015625,218.899978637695,5.01000022888184,0.820351541042328
20181001,0,-40,35,2000,26488.314453125,219,4.90999984741211,-0.650053739547729
20181001,6,-40,35,2000,26500.48046875,219.5,4.80999994277954,0.176025390625
20181001,12,-40,35,2000,26479.232421875,218.800003051758,5.62000226974487,-0.667158186435699
20181001,18,-40,35,2000,26487.359375,219.399993896484,5.31000232696533,1.00558841228485
20181002,0,-40,35,2000,26489.9140625,219,5.4100022315979,-0.801699221134186
20181002,6,-40,35,2000,26513.13671875,219.5,3.62000966072083,0.172216802835464
20181002,12,-40,35,2000,26474.431640625,218.699981689453,5.5200023651123,-0.352597653865814
20181002,18,-40,35,2000,26493.533203125,218.811614990234,3.92000484466553,0.233166500926018
20181003,0,-40,35,2000,26489.470703125,219,6.32000255584717,0.234394535422325
20181003,6,-40,35,2000,26507.033203125,219.236038208008,4.71000242233276,-0.829345703125
20181003,12,-40,35,2000,26469.0546875,218.899993896484,6.51999998092651,-0.4247045814991
20181003,18,-40,35,2000,26474.818359375,219.223052978516,4.42000007629395,0.359956055879593
20181004,0,-40,35,2000,26475.65234375,219.100006103516,6.42000246047974,0.397436529397964
20181004,6,-40,35,2000,26487.052734375,219.49723815918,5.62001705169678,-0.0318432599306107
20181004,12,-40,35,2000,26457.2890625,218.699996948242,6.91474628448486,2.01066160202026
20181004,18,-40,35,2000,26477.572265625,219.699996948242,6.7200026512146,2.04959726333618
20181005,0,-40,35,2000,26478.30078125,219.284820556641,9.80999755859375,2.4496898651123
20181005,6,-40,35,2000,26512.57421875,220.199981689453,8.010009765625,0.774226069450378
20181005,12,-40,35,2000,26491.4375,219.300003051758,10.8200073242188,1.00231444835663
20181005,18,-40,35,2000,26508.6015625,219.399993896484,9.01000022888184,-0.779733896255493
20181006,0,-40,35,2000,26509.91015625,219.499969482422,8.9075174331665,-0.81695556640625
20181006,6,-40,35,2000,26528.828125,219.588912963867,6.30971431732178,-1.21307611465454
20181006,12,-40,35,2000,26497.658203125,218.413528442383,7.71000719070435,-2.18053221702576
20181006,18,-40,35,2000,26513.482421875,218.300003051758,4.40999984741211,-2.88806629180908
20181007,0,-40,35,2000,26518.3515625,218.199996948242,4.90000009536743,-2.2411425113678
20181007,6,-40,35,2000,26533.15234375,218.5,3.59000492095947,-3.92995119094849
20181007,12,-40,35,2000,26500.265625,217.5,3.31000232696533,-3.50574707984924
20181007,18,-40,35,2000,26506.3515625,217.5,0.400000005960464,-5.01677227020264
20181008,0,-40,35,2000,26505.015625,217.5,1.01000487804413,-2.94760751724243
20181008,6,-40,35,2000,26512.599609375,217.899993896484,-1.11000239849091,-4.6357569694519
20181008,12,-40,35,2000,26484.802734375,217.100006103516,-0.789997577667236,-2.33727049827576
20181008,18,-40,35,2000,26480.38671875,217.046676635742,-3,-3.46437001228333
20181009,0,-40,35,2000,26478.455078125,217.50456237793,-1.90248775482178,-0.789799809455872
20181009,6,-40,35,2000,26499.85546875,217.699996948242,-2.40000009536743,-3.0328369140625
20181009,12,-40,35,2000,26471.724609375,217,-1.88999998569489,-2.1171875
20181009,18,-40,35,2000,26468.54296875,217.399993896484,-1.78999757766724,-1.71099126338959
20181010,0,-40,35,2000,26471.5546875,217.699981689453,-0.799997568130493,-1.7515527009964
20181010,6,-40,35,2000,26480.9375,217.999969482422,-0.399997562170029,-1.87687504291534
20181010,12,-40,35,2000,26446.32421875,217.5,0.500002443790436,-1.93740725517273
20181010,18,-40,35,2000,26447.017578125,217.5,-0.189999997615814,-1.19854497909546
20181011,0,-40,35,2000,26441.4375,218.199996948242,1.91000974178314,-1.15794682502747
20181011,6,-40,35,2000,26451.7578125,218,0.920000016689301,-0.994428694248199
20181011,12,-40,35,2000,26415.9375,217.699996948242,3.50999760627747,-0.86822509765625
20181011,18,-40,35,2000,26423.943359375,217.699981689453,2.21000003814697,-1.02967774868011
20181012,0,-40,35,2000,26420.9453125,218.29997253418,4.0200047492981,0.415458977222443
20181012,6,-40,35,2000,26435.212890625,218.899978637695,4.41000509262085,-1.15477538108826
20181012,12,-40,35,2000,26412.349609375,218.300003051758,5.20750999450684,-0.802587866783142
20181012,18,-40,35,2000,26427.03515625,218.800003051758,4.91000509262085,-0.410424798727036
20181013,0,-40,35,2000,26431.27734375,219.29997253418,5.71000480651855,-0.913774430751801
20181013,6,-40,35,2000,26453.810546875,219.499969482422,5.20991468429565,-1.50893068313599
20181013,12,-40,35,2000,26432.560546875,219.100006103516,6.50760269165039,-1.65147948265076
20181013,18,-40,35,2000,26446.623046875,219.199996948242,4.1100001335144,-2.14720702171326
20181014,0,-40,35,2000,26450.107421875,219.599975585938,5.5899977684021,-1.92612791061401
20181014,6,-40,35,2000,26466.63671875,219.79997253418,4.90675783157349,-3.86998534202576
20181014,12,-40,35,2000,26428.89453125,218.800003051758,5.39000225067139,-2.73477530479431
20181014,18,-40,35,2000,26439.20703125,218.800003051758,3.18999767303467,-3.49593758583069
20181015,0,-40,35,2000,26434.140625,219.199996948242,4.39000511169434,-0.710017085075378
20181015,6,-40,35,2000,26449.205078125,219.292526245117,4.60664319992065,-2.86590814590454
20181015,12,-40,35,2000,26411.39453125,218.29997253418,4.69000005722046,-0.835988759994507
20181015,18,-40,35,2000,26425.931640625,218.300003051758,4.50000238418579,-1.23251950740814
20181016,0,-40,35,2000,26420.509765625,218.5,6.28999996185303,-0.258671879768372
20181016,6,-40,35,2000,26434.740234375,218,6.1000075340271,-1.49103999137878
20181016,12,-40,35,2000,26406.302734375,217.199996948242,6.6100001335144,-0.0661352574825287
20181016,18,-40,35,2000,26413.955078125,217.300003051758,7.18999528884888,-0.386650383472443
20181017,0,-40,35,2000,26406.03515625,217.099975585938,7.51000022888184,-0.436674803495407
20181017,6,-40,35,2000,26423.4765625,217.29997253418,7.90000009536743,-1.19758546352386
20181017,12,-40,35,2000,26388.947265625,216.600006103516,8.21000480651855,-0.698679208755493
20181017,18,-40,35,2000,26396.822265625,216.399993896484,7.30001449584961,-1.10572993755341
20181018,0,-40,35,2000,26391.5625,217.100006103516,8.5,-0.712089836597443
20181018,6,-40,35,2000,26410.75,217.100006103516,6.50000476837158,-2.42594242095947
20181018,12,-40,35,2000,26382.716796875,217.399993896484,7.51000499725342,-1.22802734375
20181018,18,-40,35,2000,26398.841796875,217.300003051758,5.80999994277954,-2.14890146255493
20181019,0,-40,35,2000,26391.77734375,218.100006103516,6.5,-1.78728032112122
20181019,6,-40,35,2000,26409.95703125,218.29997253418,4.5,-1.68643069267273
20181019,18,-40,35,2000,26394.66796875,217.199981689453,4.59999990463257,-2.42765617370605
20181020,0,-40,35,2000,26388.537109375,217.599975585938,5.91074466705322,-1.19799315929413
20181020,6,-40,35,2000,26401.947265625,217.072662353516,5.39000749588013,-2.50993156433105
20181020,12,-40,35,2000,26371.294921875,216.199981689453,6.11473369598389,-2.03380870819092
20181020,18,-40,35,2000,26377.595703125,216.099975585938,4.99000263214111,-2.41778802871704
20181021,0,-40,35,2000,26355.890625,215.800003051758,5.70001697540283,-2.72518563270569
20181021,6,-40,35,2000,26375.404296875,215.399993896484,4.40000009536743,-3.68845224380493
20181021,12,-40,35,2000,26336.02734375,214.999969482422,5.70000267028809,-3.32689952850342
20181021,18,-40,35,2000,26337.431640625,214.899993896484,1.30000483989716,-5.41113042831421
20181022,0,-40,35,2000,26328.462890625,215.600006103516,1.32000970840454,-4.63791513442993
20181022,6,-40,35,2000,26344.140625,216,-2.28443360328674,-6.42467546463013
20181022,12,-40,35,2000,26325.92578125,215.600006103516,-2.27999758720398,-5.8703932762146
20181022,18,-40,35,2000,26347.41015625,216.599975585938,-5.99999523162842,-7.1707444190979
20181023,0,-40,35,2000,26350.5703125,217.099945068359,-5.67999982833862,-5.01024913787842
20181023,6,-40,35,2000,26387.19921875,218,-7.19194841384888,-6.79995107650757
20181023,12,-40,35,2000,26367.623046875,217.699981689453,-8.1983470916748,-5.83083248138428
20181023,18,-40,35,2000,26393.072265625,218.300003051758,-9.59834957122803,-4.76995134353638
20181024,0,-40,35,2000,26397.0546875,218,-8.39999771118164,-3.84651374816895
20181024,6,-40,35,2000,26434.322265625,218.79997253418,-10.5899925231934,-3.38973879814148
20181024,12,-40,35,2000,26420.015625,218.300003051758,-8.19000244140625,-1.39485108852386
20181024,18,-40,35,2000,26436.369140625,218.5,-10.0799951553345,-1.32786130905151
20181025,0,-40,35,2000,26434.755859375,219,-7.9847264289856,1.39397704601288
20181025,6,-40,35,2000,26461.875,219.199996948242,-5.8699951171875,0.293376475572586
20181025,12,-40,35,2000,26426.505859375,218.699981689453,-3.38473153114319,0.701840817928314
20181025,18,-40,35,2000,26432.107421875,218.5,-4.98526859283447,0.774008810520172
20181026,0,-40,35,2000,26419.919921875,219.199996948242,-1.37999510765076,0.885981440544128
20181026,6,-40,35,2000,26437.431640625,218.79997253418,-1.97000002861023,-0.266582041978836
20181026,12,-40,35,2000,26400.099609375,218.699981689453,-1.37000238895416,-0.584052741527557
20181026,18,-40,35,2000,26398.279296875,218.300003051758,-2.36999273300171,0.116484373807907
20181027,0,-40,35,2000,26389.220703125,218.699996948242,-1.77916991710663,-1.56861817836761
20181027,6,-40,35,2000,26389.0703125,218.79997253418,-3.1899950504303,-2.56038093566895
20181027,12,-40,35,2000,26353.33203125,218.699996948242,-3.09000492095947,-2.64959478378296
20181027,18,-40,35,2000,26354.45703125,218.399993896484,-5.19000244140625,-2.83788323402405
20181028,0,-40,35,2000,26339.912109375,218.800003051758,-4.4799976348877,-1.60651361942291
20181028,6,-40,35,2000,26360.2265625,218.800003051758,-5.48999261856079,-3.00261473655701
20181028,12,-40,35,2000,26329.10546875,218.100006103516,-5.19000244140625,-2.27589106559753
20181028,18,-40,35,2000,26346.501953125,218.099975585938,-6.48999738693237,-2.66848397254944
20181029,0,-40,35,2000,26343.63671875,217.899978637695,-5.78999280929565,-0.707202136516571
20181029,6,-40,35,2000,26368.330078125,217.600006103516,-5.08998537063599,-2.41869878768921
20181029,12,-40,35,2000,26346.02734375,216.899993896484,-5.59940195083618,-1.32595705986023
20181029,18,-40,35,2000,26361.587890625,217.100006103516,-5.69000005722046,-0.383020013570786
20181030,0,-40,35,2000,26359.669921875,217,-3.66510987281799,-0.496672362089157
20181030,6,-40,35,2000,26381.90234375,216.800003051758,-4.1968297958374,-0.585329592227936
20181030,12,-40,35,2000,26358.623046875,216.100006103516,-2.606201171875,-0.641982436180115
20181030,18,-40,35,2000,26373.33984375,216.199996948242,-3.73949718475342,-0.585566401481628
20181031,0,-40,35,2000,26364.087890625,215.899978637695,-1.96065676212311,0.0297753904014826
20181031,6,-40,35,2000,26381.677734375,215.699996948242,-2.87533211708069,-1.82486569881439
20181031,12,-40,35,2000,26353.80078125,215.199981689453,-2.74044919013977,-1.14557123184204
20181031,18,-40,35,2000,26364.779296875,214.999969482422,-3.20000004768372,-0.853139638900757
20181101,0,-40,35,2000,26367.8515625,215.100006103516,-3.29999756813049,-1.54916989803314
20181101,6,-40,35,2000,26382.66796875,215.699981689453,-3.69999694824219,-1.65261232852936
20181101,12,-40,35,2000,26352.41015625,214.5,-2.99999690055847,-1.79993891716003
20181101,18,-40,35,2000,26365.830078125,214.899993896484,-4.80000162124634,-2.19993901252747
20181102,0,-40,35,2000,26369.90234375,215.099975585938,-3.30000305175781,-0.309942632913589
20181102,6,-40,35,2000,26384.947265625,215.099975585938,-4.29999828338623,-2.19992065429688
20181102,12,-40,35,2000,26357.453125,214.5,-4.05112171173096,-1.29990231990814
20181102,18,-40,35,2000,26377.912109375,214.800003051758,-4.69999504089355,-1.4099463224411
20181103,0,-40,35,2000,26373.421875,214.600006103516,-3.4034595489502,-0.790214836597443
20181103,6,-40,35,2000,26396.453125,214.499969482422,-5.58831787109375,-2.25442862510681
20181103,12,-40,35,2000,26373.775390625,214.100006103516,-4.63665056228638,-0.724111318588257
20181103,18,-40,35,2000,26396.9765625,213.899993896484,-5.48333978652954,-2.09762692451477
20181104,0,-40,35,2000,26384.1484375,214.100006103516,-4.78900003433228,-1.48196291923523
20181104,6,-40,35,2000,26403.9921875,214.100006103516,-6.30999755859375,-1.37241208553314
20181104,12,-40,35,2000,26381.953125,213.399993896484,-4.80526351928711,-1.47486329078674
20181104,18,-40,35,2000,26394.693359375,214,-6.49999856948853,-0.899932861328125
20181105,0,-40,35,2000,26382.33203125,213.800003051758,-4.60521984100342,-0.499951183795929
20181105,6,-40,35,2000,26406.171875,214,-6.01250314712524,-0.899987816810608
20181105,12,-40,35,2000,26375.453125,213.800003051758,-4.11156606674194,-0.899975597858429
20181105,18,-40,35,2000,26387.0625,213.800003051758,-5.39311218261719,-1.79995119571686
20181106,0,-40,35,2000,26374.357421875,214.100006103516,-2.72704172134399,-0.829126000404358
20181106,6,-40,35,2000,26400.33203125,214.199996948242,-3.70773935317993,-2.59993886947632
20181106,12,-40,35,2000,26367.359375,214.100006103516,-2.34412837028503,-1.29994511604309
20181106,18,-40,35,2000,26385.966796875,214.160598754883,-2.85129690170288,-2.59994506835938
20181107,0,-40,35,2000,26378.384765625,214.599975585938,-1.31821286678314,-2.77800607681274
20181107,6,-40,35,2000,26396.26953125,214.600006103516,-3.11171865463257,-3.59994196891785
20181107,12,-40,35,2000,26366.955078125,214.399993896484,-2.78078317642212,-2.89996957778931
20181107,18,-40,35,2000,26384.634765625,213.899978637695,-4.44777822494507,-4.29998159408569
20181108,0,-40,35,2000,26382.3984375,214.600006103516,-4.45098257064819,-3.49995422363281
20181108,6,-40,35,2000,26394.392578125,214.5,-6.33497905731201,-5.19996929168701
20181108,12,-40,35,2000,26370.703125,214.5,-6.65788269042969,-3.89997553825378
20181108,18,-40,35,2000,26383.328125,215.199996948242,-9.53016090393066,-4.59998178482056
20181109,0,-40,35,2000,26382.83203125,215.399978637695,-7.85068655014038,-4.39998769760132
20181109,6,-40,35,2000,26394.84765625,215.800003051758,-11.015661239624,-4.89998769760132
20181109,12,-40,35,2000,26365.01171875,215.600006103516,-10.0894927978516,-4.49998188018799
20181109,18,-40,35,2000,26373.765625,215.899993896484,-12.374547958374,-4.30001211166382
20181110,0,-40,35,2000,26372.537109375,216.600006103516,-12.5761842727661,-2.25322866439819
20181110,6,-40,35,2000,26388.994140625,218,-14.2132692337036,-1.79997563362122
20181110,12,-40,35,2000,26369.5625,218.092529296875,-14.7972688674927,0.300024420022964
20181110,18,-40,35,2000,26383.875,219.100006103516,-17.3454494476318,0.817266821861267
20181111,0,-40,35,2000,26383.384765625,219.800003051758,-16.989990234375,3.80006098747253
20181111,6,-40,35,2000,26401.734375,221,-18.8000087738037,4.20003652572632
20181111,12,-40,35,2000,26389.134765625,221.499969482422,-18.8999977111816,5.30009174346924
20181111,18,-40,35,2000,26407.466796875,222.599975585938,-20.4699974060059,5.09990835189819
20181112,0,-40,35,2000,26409.224609375,222.800003051758,-16.2805824279785,5.80001211166382
20181112,6,-40,35,2000,26422.89453125,222.699996948242,-16.2379112243652,3.29763793945313
20181112,12,-40,35,2000,26410.5078125,222.131683349609,-14.9799995422363,3.67886471748352
20181112,18,-40,35,2000,26417.490234375,222.300003051758,-14.5341672897339,2.83318114280701
20181113,0,-40,35,2000,26425.470703125,222.499969482422,-13.0514497756958,3.34510493278503
20181113,6,-40,35,2000,26440.71484375,222.399993896484,-12.9656829833984,1.99999690055847
20181113,12,-40,35,2000,26418.73046875,222.699981689453,-11.5766258239746,1.74000489711761
20181113,18,-40,35,2000,26441.787109375,222.100006103516,-10.2969703674316,0.730000019073486
20181114,0,-40,35,2000,26434.734375,221.999969482422,-6.79365730285645,-1.24932622909546
20181114,6,-40,35,2000,26451.515625,221.399993896484,-7.4022068977356,-2.50532221794128
20181114,12,-40,35,2000,26432.98046875,220.899978637695,-3.3014600276947,-4.17842769622803
20181114,18,-40,35,2000,26443.029296875,220.5,-3.69977045059204,-6.30001449584961
20181115,0,-40,35,2000,26426.05078125,219.899978637695,-0.641003429889679,-6.0110034942627
20181115,6,-40,35,2000,26440.123046875,219.699981689453,-1.13839602470398,-9.42998027801514
20181115,12,-40,35,2000,26399.51171875,218.399993896484,-1.07021486759186,-8.14000034332275
20181115,18,-40,35,2000,26403.76953125,218.699996948242,-3.49984860420227,-7.79000997543335
20181116,0,-40,35,2000,26394.232421875,218.699996948242,-4.90074157714844,-7.80005168914795
20181116,6,-40,35,2000,26400.056640625,219.099945068359,-7.80080556869507,-7.29569816589355
20181116,12,-40,35,2000,26382.6015625,218.5,-7.72318840026855,-6.6399998664856
20181116,18,-40,35,2000,26400.16796875,218.099975585938,-8.72189903259277,-6.72076654434204
20181117,0,-40,35,2000,26379.525390625,217.79997253418,-8.84139156341553,-6.84000015258789
20181117,6,-40,35,2000,26402.515625,218.100006103516,-9.54395008087158,-8.29143047332764
20181117,12,-40,35,2000,26376.443359375,217.699996948242,-6.7849268913269,-6.40570306777954
20181117,18,-40,35,2000,26383.3046875,217.199981689453,-4.44000720977783,-8.71786403656006
20181118,0,-40,35,2000,26362.517578125,217.806976318359,-2.54929685592651,-8.12001419067383
20181118,6,-40,35,2000,26371.3125,218.199996948242,-4.0264892578125,-7.42239999771118
20181118,12,-40,35,2000,26345.484375,218.070404052734,-2.92002439498901,-8.3267240524292
20181118,18,-40,35,2000,26338.3203125,218.5,-4.90944576263428,-9.28582000732422
20181119,0,-40,35,2000,26327.056640625,218.699996948242,-3.50766110420227,-7.96785163879395
20181119,6,-40,35,2000,26338.744140625,218.600006103516,-4.34707021713257,-8.92564010620117
20181119,12,-40,35,2000,26307.587890625,217.5,-3.14458751678467,-9.13944339752197
20181119,18,-40,35,2000,26309.662109375,217.5,-5.54568338394165,-7.89998292922974
20181120,0,-40,35,2000,26298.390625,217.600006103516,-3.58527827262878,-4.78949213027954
20181120,6,-40,35,2000,26303.41015625,217.600006103516,-5.02184820175171,-7.0295729637146
20181120,12,-40,35,2000,26272.197265625,217.699996948242,-5.45690441131592,-3.72198963165283
20181120,18,-40,35,2000,26279.318359375,217.5,-4.78001689910889,-4.38356447219849
20181121,0,-40,35,2000,26271.171875,218.199996948242,-4.92382097244263,-2.65782952308655
20181121,6,-40,35,2000,26286.779296875,218.514694213867,-4.25347661972046,-3.23138666152954
20181121,12,-40,35,2000,26255.751953125,217.999969482422,-4.52499771118164,-1.77197754383087
20181121,18,-40,35,2000,26262.091796875,217.899993896484,-3.66220951080322,-2.1273877620697
20181122,0,-40,35,2000,26259.154296875,218,-2.92739510536194,-1.22746586799622
20181122,6,-40,35,2000,26274.115234375,217.399978637695,-2.89763927459717,-1.50877439975739
20181122,12,-40,35,2000,26266.57421875,217,-2.60121822357178,-2.35856938362122
20181122,18,-40,35,2000,26275.8359375,216.599975585938,-3.00649404525757,-2.3433666229248
20181123,0,-40,35,2000,26284.69921875,216.300003051758,-1.26400637626648,-3.08199214935303
20181123,6,-40,35,2000,26303.4140625,215.79997253418,-4.38601303100586,-4.54977560043335
20181123,12,-40,35,2000,26295.841796875,214.899993896484,-6.37399911880493,-5.170654296875
20181123,18,-40,35,2000,26305.9453125,214.300003051758,-10.7200050354004,-5.4886474609375
20181124,0,-40,35,2000,26300.25,214.699996948242,-9.00398635864258,-5.70054197311401
20181124,6,-40,35,2000,26319.4375,214.629150390625,-10.3434200286865,-5.97970199584961
20181124,12,-40,35,2000,26292.08984375,214.529144287109,-9.9633617401123,-5.84929704666138
20181124,18,-40,35,2000,26306.197265625,215.399993896484,-11.567741394043,-5.0099949836731
20181125,0,-40,35,2000,26292.072265625,216.199996948242,-11.3512744903564,-3.57481932640076
20181125,6,-40,35,2000,26309.748046875,216.399993896484,-13.1825532913208,-4.54778814315796
20181125,12,-40,35,2000,26293.162109375,216.899993896484,-13.6587228775024,-2.57998538017273
20181125,18,-40,35,2000,26310.53515625,217.099975585938,-13.5739259719849,-3.21617436408997
20181126,0,-40,35,2000,26310.828125,217.79997253418,-14.4477853775024,-2.43667244911194
20181126,6,-40,35,2000,26344.203125,218.399978637695,-13.6731128692627,-2.70998048782349
20181126,12,-40,35,2000,26324.578125,217.899993896484,-13.8061838150024,-2.1900098323822
20181126,18,-40,35,2000,26345.177734375,218.699981689453,-13.1307983398438,-3.16419434547424
20181127,0,-40,35,2000,26339.9609375,218.100006103516,-13.0062570571899,-2.48092293739319
20181127,6,-40,35,2000,26346.658203125,218.199996948242,-12.8199825286865,-3.31871581077576
20181127,12,-40,35,2000,26328.302734375,218.699981689453,-12.3314332962036,-3.02100086212158
20181127,18,-40,35,2000,26334.5546875,218.399993896484,-12.0871315002441,-3.1489794254303
20181128,0,-40,35,2000,26324.181640625,218.800003051758,-10.9892997741699,-3.97765135765076
20181128,6,-40,35,2000,26326.806640625,219.5,-12.0394802093506,-5.09999370574951
20181128,12,-40,35,2000,26306.802734375,219.199981689453,-10.3584012985229,-5.09999704360962
20181128,18,-40,35,2000,26298.900390625,219.199996948242,-13.2410154342651,-6.22914409637451
20181129,0,-40,35,2000,26288.64453125,219.5,-12.1656312942505,-4.40000629425049
20181129,6,-40,35,2000,26304.3203125,219.899993896484,-13.7534303665161,-4.80000019073486
20181129,12,-40,35,2000,26288.150390625,219.300003051758,-12.3200197219849,-4.79999399185181
20181129,18,-40,35,2000,26307.240234375,219.499969482422,-15.0012636184692,-4.40001201629639
20181130,0,-40,35,2000,26289.912109375,219.5,-12.9720706939697,-3.00000619888306
20181130,6,-40,35,2000,26312.587890625,219.199996948242,-15.501202583313,-3.80001211166382
20181130,12,-40,35,2000,26298.654296875,218.5,-13.435320854187,-2.90001225471497
20181130,18,-40,35,2000,26324.38671875,219.29997253418,-16.2966403961182,-3.47808837890625
20181201,0,-40,35,2000,26318.453125,218.5,-13.7977657318115,-1.00001215934753
20181201,6,-40,35,2000,26343.6328125,219.5,-16.381175994873,-3.30000615119934
20181201,12,-40,35,2000,26327.802734375,218.300003051758,-14.7288265228271,-1.79999995231628
20181201,18,-40,35,2000,26336.41015625,218.699996948242,-15.1059999465942,-3.00000619888306
20181202,0,-40,35,2000,26330.796875,218.899993896484,-14.7891111373901,-1.4708526134491
20181202,6,-40,35,2000,26354.390625,219.399993896484,-14.4461231231689,-2.01218748092651
20181202,12,-40,35,2000,26331.32421875,218.911666870117,-13.5766916275024,-2.11754393577576
20181202,18,-40,35,2000,26341.66796875,218.899993896484,-15.2869091033936,-2.22999024391174
20181203,0,-40,35,2000,26333.462890625,218.399993896484,-14.0443286895752,-1.65000975131989
20181203,6,-40,35,2000,26354.9921875,219,-14.7175264358521,-3.35999512672424
20181203,12,-40,35,2000,26337.29296875,217.5,-13.2955417633057,-2.6168897151947
20181203,18,-40,35,2000,26342.14453125,217.199996948242,-15.5098733901978,-3.76392078399658
20181204,0,-40,35,2000,26329.841796875,217.399993896484,-13.8514156341553,-2.83166980743408
20181204,6,-40,35,2000,26343.845703125,216.899993896484,-15.5578422546387,-3.08634757995605
20181204,12,-40,35,2000,26328.1953125,217,-14.6643991470337,-3.98404049873352
20181204,18,-40,35,2000,26335.9140625,216.899993896484,-16.0305156707764,-2.84166026115417
20181205,0,-40,35,2000,26323.498046875,217.199996948242,-13.0614719390869,-2.40650391578674
20181205,6,-40,35,2000,26345.779296875,217.399993896484,-15.8056211471558,-3.45060420036316
20181205,12,-40,35,2000,26319.115234375,217.899978637695,-14.275728225708,-0.999963402748108
20181205,18,-40,35,2000,26327.89453125,217.800003051758,-15.1304044723511,-1.49996948242188
20181206,0,-40,35,2000,26318.07421875,219.399993896484,-13.6604518890381,-0.399969488382339
20181206,6,-40,35,2000,26336.83984375,219.399993896484,-13.6535692214966,-0.88995361328125
20181206,12,-40,35,2000,26307.044921875,219.404418945313,-12.3923263549805,0.256433099508286
20181206,18,-40,35,2000,26311.48046875,221.095550537109,-14.1643733978271,-1.0999755859375
20181207,0,-40,35,2000,26308.724609375,220.899978637695,-10.0648097991943,0.600018322467804
20181207,6,-40,35,2000,26314.1953125,220.899993896484,-10.9007997512817,-1.241943359375
20181207,12,-40,35,2000,26295.171875,221.5,-10.4254608154297,-0.199993893504143
20181207,18,-40,35,2000,26290.96484375,221.5,-9.2551908493042,-1.15639042854309
20181208,0,-40,35,2000,26287.927734375,221.599975585938,-8.62595844268799,-0.899987816810608
20181208,6,-40,35,2000,26298.212890625,220.899993896484,-8.61178874969482,-1.39998173713684
20181208,12,-40,35,2000,26286.498046875,221.199996948242,-8.84931659698486,-1.84359741210938
20181208,18,-40,35,2000,26285.435546875,220.300003051758,-8.74595832824707,-0.600000023841858
20181209,0,-40,35,2000,26279.345703125,220.100006103516,-7.76265859603882,-1.39998781681061
20181209,6,-40,35,2000,26294.33984375,219.800003051758,-8.84019660949707,-1.49999392032623
20181209,12,-40,35,2000,26275.251953125,219.100006103516,-7.83172464370728,-0.900006115436554
20181209,18,-40,35,2000,26288.95703125,218.800003051758,-8.34477710723877,-2.29998779296875
20181210,0,-40,35,2000,26279.13671875,218.5,-7.91391754150391,-1.69989013671875
20181210,6,-40,35,2000,26292.890625,218.29997253418,-8.35483074188232,-2.30000615119934
20181210,12,-40,35,2000,26285.615234375,218.100006103516,-7.47445678710938,-3
20181210,18,-40,35,2000,26292.037109375,217.699996948242,-8.76847267150879,-2.90000605583191
20181211,0,-40,35,2000,26279.005859375,217.79997253418,-8.28161430358887,-2.20001220703125
20181211,6,-40,35,2000,26293.48046875,217.999969482422,-8.07539939880371,-2.20000600814819
20181211,12,-40,35,2000,26273.232421875,217.899993896484,-9.007568359375,-2.50000619888306
20181211,18,-40,35,2000,26274.435546875,217.999969482422,-8.3462495803833,-2
20181212,0,-40,35,2000,26265.17578125,218.5,-8.83302307128906,-2.90000605583191
20181212,6,-40,35,2000,26274.767578125,218.399978637695,-9.89999675750732,-1.60000920295715
20181212,12,-40,35,2000,26265.3984375,219.399993896484,-10.0464582443237,-1.59998774528503
20181212,18,-40,35,2000,26279.82421875,219.899978637695,-11.4114990234375,-1.50000607967377
20181213,0,-40,35,2000,26286.212890625,221.300003051758,-11.5062084197998,-0.499993890523911
20181213,6,-40,35,2000,26306.13671875,221.800003051758,-11.5189638137817,-0.299993902444839
20181213,12,-40,35,2000,26309.744140625,222.300003051758,-12.4097843170166,-1
20181213,18,-40,35,2000,26324.927734375,223.29997253418,-12.9360904693604,-0.498632818460464
20181214,0,-40,35,2000,26322.484375,223.300003051758,-12.8953151702881,0.100006103515625
20181214,6,-40,35,2000,26340.806640625,223.199996948242,-13.3960971832275,-0.350823968648911
20181214,12,-40,35,2000,26319.279296875,223.300003051758,-13.0001468658447,1.09998774528503
20181214,18,-40,35,2000,26329.216796875,223.600006103516,-14.2311067581177,1.40001225471497
20181215,0,-40,35,2000,26319.7421875,223.399993896484,-11.2029209136963,2.20000004768372
20181215,6,-40,35,2000,26334.70703125,223.5,-12.9873600006104,1.29999387264252
20181215,12,-40,35,2000,26317.17578125,223.499969482422,-12.0544462203979,1.70856320858002
20181215,18,-40,35,2000,26325.0078125,223.800003051758,-13.4411344528198,1.49998784065247
20181216,0,-40,35,2000,26331.76953125,223.899993896484,-11.7041530609131,2.49998784065247
20181216,6,-40,35,2000,26352.490234375,222.800003051758,-12.3312015533447,1.60328364372253
20181216,12,-40,35,2000,26344.27734375,222.800003051758,-12.5586452484131,1.59999084472656
20181216,18,-40,35,2000,26359.2890625,222.300003051758,-12.7875118255615,2.49999380111694
20181217,0,-40,35,2000,26356.6484375,221.902786254883,-11.7906370162964,2.79999995231628
20181217,6,-40,35,2000,26380.65234375,221.100006103516,-14.1516847610474,1.89999997615814
20181217,12,-40,35,2000,26370.25,221,-11.8218078613281,3.18388676643372
20181217,18,-40,35,2000,26375.61328125,220.300003051758,-13.6545104980469,0.999963402748108
20181218,0,-40,35,2000,26368.619140625,220,-13.5268802642822,3.199951171875
20181218,6,-40,35,2000,26381.005859375,220.600006103516,-13.7087955474854,2.99998784065247
20181218,12,-40,35,2000,26372.056640625,220,-13.2041988372803,1.49998164176941
