20180720,0,2,-35,15000,14259.8466796875,207.114303588867,6.24111318588257,2.02316403388977
20180720,6,2,-35,15000,14271.12890625,207.100006103516,8.81833457946777,5.13500022888184
20180720,12,2,-35,15000,14283.0654296875,207.097213745117,11.2019481658936,6.45829582214355
20180720,18,2,-35,15000,14259.4951171875,206.889984130859,10.0988912582397,4.59578371047974
20180721,0,2,-35,15000,14274.9951171875,206.800003051758,8.78999996185303,1.90154790878296
20180721,6,2,-35,15000,14268.1416015625,206.817230224609,7.83278322219849,2.23260736465454
20180721,12,2,-35,15000,14282.0009765625,206.5,5.4799952507019,1.99891841411591
20180721,18,2,-35,15000,14267.2958984375,205.962493896484,0.104448243975639,0.907539069652557
20180722,0,2,-35,15000,14279.2978515625,206,-4.72726583480835,-2.65816903114319
20180722,6,2,-35,15000,14263.8271484375,206.100006103516,-5.54194355010986,-3.42939949035645
20180722,12,2,-35,15000,14260.482421875,206.024459838867,-4.23877906799316,-6.7648777961731
20180722,18,2,-35,15000,14237.46875,205.385330200195,-2.95686531066895,-1.96938478946686
20180723,0,2,-35,15000,14251.0625,205.431686401367,-2.14061284065247,-1.28857910633087
20180723,6,2,-35,15000,14240.78125,205.399978637695,-2.50194334983826,-1.18231201171875
20180723,12,2,-35,15000,14245.978515625,205.300003051758,-6.76935529708862,-0.0623315423727036
20180723,18,2,-35,15000,14222.5126953125,204.699981689453,-2.51442384719849,1.31644535064697
20180724,0,2,-35,15000,14239.3212890625,205.399993896484,-2.26844000816345,1.81695795059204
20180724,6,2,-35,15000,14243.537109375,205.631683349609,-5.31734371185303,0.944873034954071
20180724,12,2,-35,15000,14255.353515625,204.978073120117,-6.3713550567627,0.196152344346046
20180724,18,2,-35,15000,14233.7060546875,204.600006103516,-1.59804928302765,-0.273793935775757
20180725,0,2,-35,15000,14244.556640625,204.800003051758,-1.28705561161041,-2.20796394348145
20180725,6,2,-35,15000,14242.7822265625,205.300003051758,-3.09101557731628,-7.66967296600342
20180725,12,2,-35,15000,14245.2177734375,205.81282043457,-4.93499994277954,-8.97805404663086
20180725,18,2,-35,15000,14210.78515625,205.482757568359,-13.8420848846436,-7.83050775527954
20180726,0,2,-35,15000,14227.8916015625,204.863647460938,-10.5633058547974,1.35467529296875
20180726,6,2,-35,15000,14223.212890625,205.800003051758,-10.3219041824341,-2.42270994186401
20180726,12,2,-35,15000,14244.1845703125,206.929153442383,-4.72593259811401,-1.62627446651459
20180726,18,2,-35,15000,14216.7958984375,205.558807373047,-6.86775159835815,-1.27116215229034
20180727,0,2,-35,15000,14239.5361328125,206.624465942383,-7.18610858917236,3.12032461166382
20180727,6,2,-35,15000,14235.66796875,206.600006103516,-9.19658184051514,5.28142833709717
20180727,12,2,-35,15000,14247.28125,206.5,-4.69584465026855,-1.37105464935303
20180727,18,2,-35,15000,14220.40625,205.988571166992,-6.73527812957764,-5.50686264038086
20180728,0,2,-35,15000,14233.427734375,205.614700317383,-9.86528301239014,-5.32971429824829
20180728,6,2,-35,15000,14231.705078125,206.585296630859,-8.89970970153809,-10.4480028152466
20180728,12,2,-35,15000,14234.169921875,206.199996948242,-13.1309862136841,-12.2338380813599
20180728,18,2,-35,15000,14206.3125,205.699996948242,-15.3444509506226,-16.1118450164795
20180729,0,2,-35,15000,14221.8740234375,205.699996948242,-16.7302589416504,-16.1312694549561
20180729,6,2,-35,15000,14225.830078125,205.968307495117,-16.3191623687744,-9.80847454071045
20180729,12,2,-35,15000,14241.580078125,206.599975585938,-17.1099910736084,-8.44692134857178
20180729,18,2,-35,15000,14210.0751953125,205.699981689453,-20.3377532958984,-11.6765012741089
20180730,0,2,-35,15000,14225.66015625,205.599975585938,-19.9235553741455,-6.46515607833862
20180730,6,2,-35,15000,14223.85546875,205.300003051758,-13.3764066696167,1.28529298305511
20180730,12,2,-35,15000,14233.6796875,205.800003051758,-13.4867086410522,-0.569069802761078
20180730,18,2,-35,15000,14216.7158203125,204.300003051758,-12.4638919830322,1.5807763338089
20180731,0,2,-35,15000,14226.6865234375,204.348922729492,-15.6499948501587,0.179938971996307
20180731,6,2,-35,15000,14228.8876953125,205.199996948242,-15.1663427352905,-0.00863281264901161
20180731,12,2,-35,15000,14236.978515625,205.399993896484,-14.5599803924561,2.07880854606628
20180731,18,2,-35,15000,14219.5849609375,205.100006103516,-13.4173145294189,2.11679697036743
20180801,0,2,-35,15000,14238.634765625,205.16145324707,-10.949951171875,-0.415590822696686
20180801,6,2,-35,15000,14231.1025390625,205.600006103516,-9.07750034332275,0.408237308263779
20180801,12,2,-35,15000,14240.2421875,205.600006103516,-7.0532374382019,-2.3131639957428
20180801,18,2,-35,15000,14222.9970703125,204.699981689453,-6.59425783157349,-0.447807610034943
20180802,0,2,-35,15000,14234.26953125,204.099990844727,-10.7705221176147,-4.8847484588623
20180802,6,2,-35,15000,14226.927734375,203.899993896484,-14.5983152389526,-5.56058120727539
20180802,12,2,-35,15000,14236.3759765625,204.699996948242,-13.962721824646,-2.60236811637878
20180802,18,2,-35,15000,14212.7548828125,204.100006103516,-16.1190280914307,-3.84454345703125
20180803,0,2,-35,15000,14231.8095703125,203.999984741211,-13.997766494751,-12.8119678497314
20180803,6,2,-35,15000,14228.27734375,204.199981689453,-13.4300050735474,-14.1426658630371
20180803,12,2,-35,15000,14232.8212890625,204,-12.5439939498901,-12.9059791564941
20180803,18,2,-35,15000,14220.548828125,204.5,-14.4308300018311,-11.0565481185913
20180804,0,2,-35,15000,14232.6533203125,205.399993896484,-18.6328277587891,-16.0599689483643
20180804,6,2,-35,15000,14227.3603515625,205.100006103516,-19.852222442627,-15.3498973846436
20180804,12,2,-35,15000,14236.0771484375,205.300003051758,-19.0016651153564,-19.5338935852051
20180804,18,2,-35,15000,14207.0166015625,204.899993896484,-19.3699951171875,-19.0334224700928
20180805,0,2,-35,15000,14217.287109375,204.100006103516,-18.095386505127,-14.1837739944458
20180805,6,2,-35,15000,14211.8603515625,203.5,-15.3299903869629,-15.8726778030396
20180805,12,2,-35,15000,14222.7587890625,204.207458496094,-24.092191696167,-23.0025177001953
20180805,18,2,-35,15000,14199.6435546875,203.899978637695,-21.9110736846924,-18.0241508483887
20180806,0,2,-35,15000,14208.76171875,203.506988525391,-20.4499893188477,-12.5047950744629
20180806,6,2,-35,15000,14199.9365234375,204.099990844727,-17.5900001525879,-11.2853002548218
20180806,12,2,-35,15000,14205.548828125,203.114242553711,-20.3599700927734,-13.8699731826782
20180806,18,2,-35,15000,14173.1171875,202.5,-18.6133499145508,-13.7837791442871
20180807,0,2,-35,15000,14192.5078125,202.721939086914,-20.8994636535645,-19.3560771942139
20180807,6,2,-35,15000,14196.0712890625,203.399993896484,-21.9041900634766,-22.066370010376
20180807,12,2,-35,15000,14214.392578125,204.399993896484,-25.3350028991699,-18.6000385284424
20180807,18,2,-35,15000,14192.5791015625,204.699996948242,-20.7558708190918,-15.5486793518066
20180808,0,2,-35,15000,14213.025390625,205.86669921875,-19.0099925994873,-6.71051502227783
20180808,6,2,-35,15000,14214.8896484375,206.899993896484,-14.3900051116943,0.988903820514679
20180808,12,2,-35,15000,14227.7939453125,206.899978637695,-13.6572751998901,3.04660153388977
20180808,18,2,-35,15000,14207.712890625,205.999969482422,-14.0114450454712,7.51335954666138
20180809,0,2,-35,15000,14236.0361328125,205.700241088867,-12.7683248519897,11.8812255859375
20180809,6,2,-35,15000,14235.92578125,204.899993896484,-12.3555517196655,11.0933084487915
20180809,12,2,-35,15000,14244.66015625,204.699996948242,-14.7156448364258,7.94414806365967
20180809,18,2,-35,15000,14214.21484375,204.606979370117,-13.6252689361572,7.56894540786743
20180810,0,2,-35,15000,14231.330078125,205,-12.1682033538818,7.37003421783447
20180810,6,2,-35,15000,14217.083984375,205.300003051758,-15.1177244186401,4.02292251586914
20180810,12,2,-35,15000,14225.4521484375,205.536376953125,-16.4262008666992,1.44479978084564
20180810,18,2,-35,15000,14201.69921875,204.899993896484,-13.6323194503784,-4.26394033432007
20180811,0,2,-35,15000,14218.5625,205.199996948242,-15.0600442886353,-6.56328630447388
20180811,6,2,-35,15000,14209.0810546875,205.100006103516,-16.9074897766113,-7.73968029022217
20180811,12,2,-35,15000,14219.392578125,204.600006103516,-22.228422164917,-13.2695875167847
20180811,18,2,-35,15000,14197.4384765625,204.387222290039,-19.7032413482666,-16.3716583251953
20180812,0,2,-35,15000,14210.666015625,203.818328857422,-17.3635063171387,-10.0597019195557
20180812,6,2,-35,15000,14204.3984375,204.576416015625,-20.4699993133545,-10.2698411941528
20180812,12,2,-35,15000,14227.2470703125,204.899993896484,-21.5180511474609,-10.3116407394409
20180812,18,2,-35,15000,14192.9248046875,204.79997253418,-21.9399948120117,-10.3973875045776
20180813,0,2,-35,15000,14211.5302734375,205.368316650391,-21.7986431121826,-9.16370105743408
20180813,6,2,-35,15000,14214.7333984375,206.800003051758,-16.0784187316895,-5.38094711303711
20180813,12,2,-35,15000,14226.5009765625,206.499969482422,-15.9833250045776,-6.38789796829224
20180813,18,2,-35,15000,14208.05859375,206.199996948242,-16.6433601379395,-9.02533721923828
20180814,0,2,-35,15000,14227.51171875,206.699996948242,-13.9403657913208,-0.126406252384186
20180814,6,2,-35,15000,14227.48046875,207,-10.7538766860962,2.92674326896667
20180814,12,2,-35,15000,14238.3974609375,207.100006103516,-9.47038078308105,-1.0400048494339
20180814,18,2,-35,15000,14219.80078125,206.899978637695,-7.82287120819092,-2.26784658432007
20180815,0,2,-35,15000,14225.44921875,206.263381958008,-10.4756345748901,-1.80059576034546
20180815,6,2,-35,15000,14218.0966796875,205.699981689453,-13.4877195358276,-4.59895753860474
20180815,12,2,-35,15000,14225.3525390625,206.199996948242,-17.0787792205811,-10.016282081604
20180815,18,2,-35,15000,14208.431640625,205.199996948242,-18.0699996948242,-10.5030612945557
20180816,0,2,-35,15000,14223.833984375,204.699996948242,-20.6200008392334,-8.1732816696167
20180816,6,2,-35,15000,14216.6552734375,204.639801025391,-18.0351219177246,-1.45242917537689
20180816,12,2,-35,15000,14220.7236328125,203.899993896484,-16.9653759002686,-7.04634523391724
20180816,18,2,-35,15000,14193.24609375,204,-20.236665725708,-5.93656730651855
20180817,0,2,-35,15000,14205.8134765625,204.061096191406,-21.0399894714355,-6.00491189956665
20180817,6,2,-35,15000,14199.4697265625,204.600006103516,-20.4099960327148,-4.85533714294434
20180817,12,2,-35,15000,14216.7138671875,205.199996948242,-20.7700004577637,-4.73545408248901
20180817,18,2,-35,15000,14187.662109375,204.429153442383,-19.8955497741699,-5.90618658065796
20180818,0,2,-35,15000,14203.4560546875,205.100006103516,-18.3708000183105,-9.43800067901611
20180818,6,2,-35,15000,14200.833984375,205.100006103516,-20.1724948883057,-10.8317165374756
20180818,12,2,-35,15000,14215.6298828125,205.800003051758,-18.232494354248,-11.3909158706665
20180818,18,2,-35,15000,14192.384765625,206.799758911133,-18.326099395752,-8.72610092163086
20180819,0,2,-35,15000,14216.638671875,206.399749755859,-17.7663822174072,-5.11603021621704
20180819,6,2,-35,15000,14217.6611328125,206.100006103516,-21.0071144104004,-11.7411060333252
20180819,12,2,-35,15000,14230.9248046875,206.599761962891,-21.0199947357178,-16.3345279693604
20180819,18,2,-35,15000,14202.73828125,205.600006103516,-19.001859664917,-20.2863578796387
20180820,0,2,-35,15000,14218.3134765625,204.607467651367,-16.4947566986084,-19.4167652130127
20180820,6,2,-35,15000,14222.705078125,204.799987792969,-18.4453277587891,-18.7580375671387
20180820,12,2,-35,15000,14232.228515625,204.599975585938,-15.4144039154053,-19.9851055145264
20180820,18,2,-35,15000,14208.7197265625,204.199981689453,-14.6899900436401,-20.2376708984375
20180821,0,2,-35,15000,14219.3291015625,203.899993896484,-14.4088916778564,-19.1955852508545
20180821,6,2,-35,15000,14217.7724609375,204,-14.751914024353,-16.0140628814697
20180821,12,2,-35,15000,14235.6220703125,204.5,-15.7991647720337,-11.5347852706909
20180821,18,2,-35,15000,14213.3935546875,204.400024414063,-16.5900020599365,-10.8684177398682
20180822,0,2,-35,15000,14229.7578125,204.636367797852,-16.569995880127,-15.083176612854
20180822,6,2,-35,15000,14217.7822265625,204.636367797852,-16.9099998474121,-12.3167676925659
20180822,12,2,-35,15000,14227.4404296875,204.399993896484,-16.5943984985352,-13.3959522247314
20180822,18,2,-35,15000,14200.7578125,203.970855712891,-10.8647117614746,-16.0055465698242
20180823,0,2,-35,15000,14217.4423828125,204.600006103516,-10.2202291488647,-12.1013431549072
20180823,6,2,-35,15000,14221.9287109375,205.313354492188,-7.28796863555908,-10.0359306335449
20180823,12,2,-35,15000,14234.1884765625,204.878082275391,-9.96998500823975,-8.43617916107178
20180823,18,2,-35,15000,14206.169921875,204,-10.4588813781738,-7.59795665740967
20180824,0,2,-35,15000,14215.9765625,203.79997253418,-9.75999069213867,-5.97173118591309
20180824,6,2,-35,15000,14211.5712890625,204.199996948242,-8.50222682952881,1.34249019622803
20180824,12,2,-35,15000,14222.95703125,204.199996948242,-11.3133010864258,3.45742678642273
20180824,18,2,-35,15000,14195.083984375,203.100006103516,-8.36183071136475,3.17386722564697
20180825,0,2,-35,15000,14204.458984375,203,-8.22730922698975,-1.87586426734924
20180825,6,2,-35,15000,14201.17578125,203.29997253418,-9.87776374816895,-1.60837399959564
20180825,12,2,-35,15000,14206.9326171875,202.999984741211,-12.4183492660522,0.847019016742706
20180825,18,2,-35,15000,14189.642578125,203.600006103516,-14.3747215270996,1.87064206600189
20180826,0,2,-35,15000,14207.15625,204.199981689453,-17.9605560302734,-0.513020038604736
20180826,6,2,-35,15000,14199.15234375,203.600006103516,-12.6911087036133,0.287111818790436
20180826,12,2,-35,15000,14213.853515625,203.806976318359,-9.82753944396973,0.335842281579971
20180826,18,2,-35,15000,14189.6064453125,203.699996948242,-10.6088771820068,-0.776379406452179
20180827,0,2,-35,15000,14209.388671875,203.5,-14.0076904296875,-3.48602056503296
20180827,6,2,-35,15000,14207.5126953125,203.899978637695,-14.6599903106689,-7.63023948669434
20180827,12,2,-35,15000,14219.6416015625,204.114715576172,-14.2447118759155,-3.82734131813049
20180827,18,2,-35,15000,14196.177734375,204.100006103516,-14.031943321228,-0.911826193332672
20180828,0,2,-35,15000,14213.3759765625,204.29997253418,-16.8644638061523,-2.50918459892273
20180828,6,2,-35,15000,14200.83984375,204.300003051758,-18.0414600372314,1.89861333370209
20180828,12,2,-35,15000,14207.9833984375,203.199981689453,-19.4200019836426,-0.204396978020668
20180828,18,2,-35,15000,14176.34375,204.199996948242,-19.2550277709961,0.856447756290436
20180829,0,2,-35,15000,14193.87890625,203.79997253418,-23.7500953674316,-1.60341548919678
20180829,6,2,-35,15000,14185.611328125,203.639404296875,-22.4460792541504,-2.68302488327026
20180829,12,2,-35,15000,14201.3466796875,203.499984741211,-26.3503265380859,-5.85851573944092
20180829,18,2,-35,15000,14183.8125,203.299987792969,-17.8092098236084,-2.48486328125
20180830,0,2,-35,15000,14190.5673828125,203,-19.1353511810303,-4.3991847038269
20180830,6,2,-35,15000,14192.2490234375,203.999969482422,-25.8232841491699,-7.8684253692627
20180830,12,2,-35,15000,14202.3935546875,204.482757568359,-24.0036525726318,-4.01918697357178
20180830,18,2,-35,15000,14181.8046875,203.099975585938,-25.7399997711182,-6.59420394897461
20180831,0,2,-35,15000,14198.556640625,203.187942504883,-23.709997177124,-16.1860408782959
20180831,6,2,-35,15000,14201.06640625,203.659240722656,-20.0444488525391,-15.784836769104
20180831,12,2,-35,15000,14210.5810546875,203.711181640625,-22.5133781433105,-13.3695363998413
20180831,18,2,-35,15000,14185.119140625,202.520965576172,-18.5479488372803,-8.3435640335083
20180901,0,2,-35,15000,14204.04296875,202.79997253418,-15.8572216033936,-8.48554420471191
20180901,6,2,-35,15000,14200.572265625,203.599990844727,-17.1000003814697,-12.952187538147
20180901,12,2,-35,15000,14212.1015625,203.300003051758,-14.3699903488159,-11.4389066696167
20180901,18,2,-35,15000,14189.1376953125,203.5,-16.567777633667,-14.4383010864258
20180902,0,2,-35,15000,14196.9853515625,203.399993896484,-16.4405364990234,-12.9423122406006
20180902,6,2,-35,15000,14190.5498046875,203.099990844727,-13.3280906677246,-6.43817853927612
20180902,12,2,-35,15000,14211.5625,203.699996948242,-18.2444477081299,-7.36096668243408
20180902,18,2,-35,15000,14194.607421875,204.399993896484,-19.5193748474121,-6.09563970565796
20180903,0,2,-35,15000,14203.66796875,204,-17.1595211029053,-6.77495622634888
20180903,6,2,-35,15000,14199.943359375,203.199996948242,-14.9099979400635,-4.47127676010132
20180903,12,2,-35,15000,14213.7021484375,203.5,-19.3433589935303,-4.3152027130127
20180903,18,2,-35,15000,14184.53125,203.5,-16.9955501556396,2.86834716796875
20180904,0,2,-35,15000,14202.9833984375,203,-14.5178346633911,-1.56969487667084
20180904,6,2,-35,15000,14199.0673828125,202.899978637695,-20.9751319885254,-1.44574952125549
20180904,12,2,-35,15000,14217.791015625,203.100006103516,-15.9108247756958,-1.62877202033997
20180904,18,2,-35,15000,14186.75,202.79997253418,-12.0866451263428,1.98819577693939
20180905,0,2,-35,15000,14198.6201171875,203.100006103516,-16.2881393432617,-0.385834962129593
20180905,6,2,-35,15000,14197.4990234375,203.5,-13.4650344848633,-4.43334007263184
20180905,12,2,-35,15000,14211.865234375,203.399993896484,-13.9365673065186,0.674941420555115
20180905,18,2,-35,15000,14187.208984375,203.699996948242,-16.6324901580811,2.39754891395569
20180906,0,2,-35,15000,14200.4462890625,203.700042724609,-13.8299903869629,-1.00791990756989
20180906,6,2,-35,15000,14192.4150390625,203.299987792969,-14.3199949264526,1.11964106559753
20180906,12,2,-35,15000,14205.2158203125,203.619445800781,-13.4888601303101,-2.00908207893372
20180906,18,2,-35,15000,14187.81640625,203.5,-14.9155225753784,-2.78445076942444
20180907,0,2,-35,15000,14206.1435546875,203.89421081543,-16.8288764953613,-5.95818138122559
20180907,6,2,-35,15000,14201.2939453125,203.699996948242,-12.3087406158447,-3.41656970977783
20180907,12,2,-35,15000,14209.458984375,203.799987792969,-18.579174041748,-0.880556643009186
20180907,18,2,-35,15000,14191.1650390625,203.799987792969,-22.2183208465576,-0.752592802047729
20180908,0,2,-35,15000,14203.482421875,203.499969482422,-21.5383110046387,-9.03464317321777
20180908,6,2,-35,15000,14203.6591796875,203.699981689453,-22.4399909973145,-9.44399929046631
20180908,12,2,-35,15000,14222.0390625,203.599975585938,-20.4488792419434,-11.8100118637085
20180908,18,2,-35,15000,14201.79296875,202.899978637695,-15.1774854660034,-2.76921629905701
20180909,0,2,-35,15000,14213.013671875,202.899978637695,-13.5331888198853,-2.23860597610474
20180909,6,2,-35,15000,14213.697265625,203.300003051758,-21.1863384246826,-7.90315914154053
20180909,12,2,-35,15000,14230.65625,203.699996948242,-19.4089679718018,-7.6072678565979
20180909,18,2,-35,15000,14207.8388671875,203.5,-15.5899782180786,-7.52204608917236
20180910,0,2,-35,15000,14227.9560546875,203.5,-11.5099849700928,-6.13335466384888
20180910,6,2,-35,15000,14218.919921875,204.061080932617,-16.7922191619873,-13.6761837005615
20180910,12,2,-35,15000,14225.0859375,205,-20.0190010070801,-16.1765232086182
20180910,18,2,-35,15000,14204.6591796875,204.5,-12.6439847946167,-13.7989330291748
20180911,0,2,-35,15000,14222.8935546875,204.238922119141,-9.63997554779053,-8.10742473602295
20180911,6,2,-35,15000,14225.6728515625,204,-12.0619821548462,-10.9183597564697
20180911,12,2,-35,15000,14225.853515625,204,-7.16998529434204,-9.27969932556152
20180911,18,2,-35,15000,14207.3798828125,203.927734375,-10.459433555603,-7.74348878860474
20180912,0,2,-35,15000,14227.3125,203.846603393555,-9.35471153259277,-8.45246124267578
20180912,6,2,-35,15000,14226.830078125,204.491012573242,-13.2447147369385,-10.0111331939697
20180912,12,2,-35,15000,14232.1474609375,204.946136474609,-9.4722900390625,-7.18627214431763
20180912,18,2,-35,15000,14216.70703125,204.127532958984,-10.5857639312744,-5.75335216522217
20180913,0,2,-35,15000,14238.51953125,204.331680297852,-11.3239040374756,-9.79774856567383
20180913,6,2,-35,15000,14238.81640625,204.621917724609,-11.8942184448242,-9.52356433868408
20180913,12,2,-35,15000,14252.9541015625,203.899978637695,-11.286337852478,-9.25007343292236
20180913,18,2,-35,15000,14237.3740234375,204.300003051758,-8.16043663024902,-3.01551747322083
20180914,12,2,-35,15000,14247.173828125,204.102493286133,-17.8450145721436,-3.51402831077576
20180914,18,2,-35,15000,14212.041015625,204.099990844727,-15.8058519363403,-5.53917503356934
20180915,0,2,-35,15000,14228.37890625,203.699981689453,-13.9999876022339,-3.81758046150208
20180915,6,2,-35,15000,14224.263671875,204.5,-12.4129667282104,-4.67543458938599
20180915,12,2,-35,15000,14228.01171875,204.599975585938,-12.7958078384399,-3.30703377723694
20180915,18,2,-35,15000,14200.0126953125,204.531707763672,-18.5200901031494,-3.07630610466003
20180916,0,2,-35,15000,14222.7890625,204.485275268555,-7.68741464614868,-1.04591059684753
20180916,12,2,-35,15000,14235.96875,205.338912963867,-16.0473899841309,-5.58749008178711
20180916,18,2,-35,15000,14216.009765625,205.899993896484,-12.2363014221191,-0.457250982522964
20180917,0,2,-35,15000,14231.955078125,205.199996948242,-9.13916301727295,-0.382155776023865
20180917,6,2,-35,15000,14231.5986328125,205.800003051758,-12.9924850463867,-3.37780523300171
20180917,12,2,-35,15000,14240.7197265625,205.300003051758,-8.28648948669434,-2.63070058822632
20180917,18,2,-35,15000,14224.7451171875,204.899978637695,-7.21594715118408,-6.3915867805481
20180918,0,2,-35,15000,14234.9970703125,204.899978637695,-11.350869178772,-10.756178855896
20180918,6,2,-35,15000,14226.5771484375,204.899993896484,-13.8762283325195,-10.8672389984131
20180918,12,2,-35,15000,14240.2353515625,205.100006103516,-15.9767503738403,-4.9854416847229
20180918,18,2,-35,15000,14216.611328125,203.600006103516,-9.3840970993042,-0.477470695972443
20180919,0,2,-35,15000,14228.361328125,204.236358642578,-8.20444583892822,-0.474621593952179
20180919,6,2,-35,15000,14227.2841796875,203.5,-17.323450088501,2.68867921829224
20180919,12,2,-35,15000,14223.8408203125,203.820159912109,-11.0568552017212,-0.992312014102936
20180919,18,2,-35,15000,14193.78515625,204.503204345703,-11.6802682876587,-4.8474292755127
20180920,0,2,-35,15000,14214.18359375,203.955047607422,-11.0350151062012,-8.88574981689453
20180920,6,2,-35,15000,14214.7451171875,204.199996948242,-12.3703079223633,-9.87813186645508
20180920,12,2,-35,15000,14227.2158203125,203.900024414063,-11.8816480636597,-7.21790504455566
20180920,18,2,-35,15000,14200.9453125,204.199996948242,-10.740348815918,-11.8537302017212
20180921,0,2,-35,15000,14220.099609375,204.399993896484,-13.631667137146,-13.3649196624756
20180921,6,2,-35,15000,14221.5322265625,204.524444580078,-13.7092037200928,-14.9588670730591
20180921,12,2,-35,15000,14237.6083984375,204.618911743164,-15.3367872238159,-8.32886981964111
20180921,18,2,-35,15000,14204.326171875,204.600006103516,-14.6941480636597,-7.05670881271362
20180922,0,2,-35,15000,14230.2353515625,204.724472045898,-15.2825002670288,-1.83282232284546
20180922,6,2,-35,15000,14230.166015625,204.878082275391,-14.0954494476318,-1.47755372524261
20180922,12,2,-35,15000,14241.8349609375,204.899993896484,-14.2407913208008,-0.609021008014679
20180922,18,2,-35,15000,14214.1103515625,204.799987792969,-12.7257881164551,-2.59982180595398
20180923,0,2,-35,15000,14230.048828125,204.600006103516,-20.1718692779541,-6.17450904846191
20180923,6,2,-35,15000,14219.07421875,204,-18.6829376220703,-8.67019271850586
20180923,12,2,-35,15000,14226.14453125,203.699996948242,-21.4878902435303,-5.46586179733276
20180923,18,2,-35,15000,14197.6220703125,203.600006103516,-20.2493171691895,-6.65791034698486
20180924,0,2,-35,15000,14220.59375,203.699996948242,-19.2530612945557,-6.68650388717651
20180924,6,2,-35,15000,14207.978515625,203.699996948242,-18.2203636169434,-6.99171161651611
20180924,12,2,-35,15000,14220.5712890625,204.199996948242,-22.9367485046387,-5.14840841293335
20180924,18,2,-35,15000,14183.5927734375,203.589981079102,-24.1191635131836,-4.7747654914856
20180925,0,2,-35,15000,14202.23046875,203.608154296875,-27.1710319519043,-1.83116209506989
20180925,6,2,-35,15000,14200.4111328125,203.300003051758,-25.8040218353271,-3.35720944404602
20180925,12,2,-35,15000,14202.2822265625,202.699996948242,-20.994800567627,-2.20128655433655
20180925,18,2,-35,15000,14179.8779296875,203.800003051758,-20.7258796691895,-1.55726563930511
20180926,0,2,-35,15000,14199.478515625,203.5,-25.8099365234375,-3.24521970748901
20180926,6,2,-35,15000,14198.80078125,204.295623779297,-27.3160305023193,-3.33059072494507
20180926,12,2,-35,15000,14210.896484375,203.585632324219,-23.5117855072021,-7.47189474105835
20180926,18,2,-35,15000,14183.2021484375,203.758026123047,-20.805835723877,-8.07275867462158
20180927,0,2,-35,15000,14203.87109375,204.106246948242,-22.9219284057617,-15.1793460845947
20180927,6,2,-35,15000,14201.7900390625,204,-22.7703704833984,-18.2232398986816
20180927,12,2,-35,15000,14210.86328125,204.099975585938,-22.1374664306641,-15.5011568069458
20180927,18,2,-35,15000,14187.2978515625,203.5,-20.6971073150635,-10.6013669967651
20180928,0,2,-35,15000,14204.6572265625,204.600006103516,-20.1102714538574,-9.61323738098145
20180928,6,2,-35,15000,14204.3984375,204.5,-19.8794288635254,-15.1123237609863
20180928,12,2,-35,15000,14219.6376953125,205.399993896484,-18.7182159423828,-18.2084674835205
20180928,18,2,-35,15000,14202.0185546875,204.29997253418,-15.2022123336792,-16.5819816589355
20180929,0,2,-35,15000,14218.8515625,204.199996948242,-11.5946826934814,-14.6875047683716
20180929,6,2,-35,15000,14214.94140625,204.699996948242,-17.0180206298828,-16.3072185516357
20180929,12,2,-35,15000,14235.3154296875,204.600006103516,-18.0446109771729,-16.2945823669434
20180929,18,2,-35,15000,14217.4140625,205.495559692383,-16.1530227661133,-15.4046897888184
20180930,0,2,-35,15000,14238.169921875,205.5,-13.1650199890137,-11.2780103683472
20180930,6,2,-35,15000,14232.1650390625,205.459442138672,-9.8674955368042,-9.37781238555908
20180930,12,2,-35,15000,14251.16015625,206.199981689453,-5.05049324035645,-5.56826400756836
20180930,18,2,-35,15000,14229.0703125,206.29997253418,-1.7726172208786,-1.87188482284546
20181001,0,2,-35,15000,14242.7734375,206.399993896484,-0.778627932071686,3.10337400436401
20181001,6,2,-35,15000,14234.2158203125,206.5,-0.506647944450378,3.77122068405151
20181001,12,2,-35,15000,14248.587890625,206.599975585938,0.563357532024384,3.69984745979309
20181001,18,2,-35,15000,14229.9921875,206.5,1.84187626838684,3.14752197265625
20181002,0,2,-35,15000,14251.9833984375,206.399993896484,2.27792000770569,1.16346192359924
20181002,6,2,-35,15000,14243.67578125,205.699996948242,4.17923593521118,-0.655737280845642
20181002,12,2,-35,15000,14254.138671875,205.938919067383,5.60260963439941,-1.28359866142273
20181002,18,2,-35,15000,14231.6728515625,206,7.51664543151855,-1.17950201034546
20181003,0,2,-35,15000,14244.427734375,206.244094848633,1.64101314544678,-3.17728519439697
20181003,6,2,-35,15000,14230.291015625,205.899993896484,0.0986108407378197,0.607329130172729
20181003,12,2,-35,15000,14243.4111328125,206.399993896484,0.730568826198578,3.25179195404053
20181003,18,2,-35,15000,14221.9296875,206.238922119141,4.31056642532349,4.9649829864502
20181004,0,2,-35,15000,14235.41796875,205.521926879883,4.03945064544678,6.07501459121704
20181004,6,2,-35,15000,14230.521484375,205.5,5.35992193222046,8.85167980194092
20181004,12,2,-35,15000,14238.6435546875,204.514678955078,2.0494556427002,10.4016304016113
20181004,18,2,-35,15000,14209.69921875,204.807464599609,-0.514670431613922,10.5383520126343
20181005,0,2,-35,15000,14232.7509765625,204.646133422852,-1.5629004240036,10.1611061096191
20181005,6,2,-35,15000,14224.6884765625,204.300003051758,-2.45713138580322,11.808219909668
20181005,12,2,-35,15000,14240.6572265625,205.199981689453,-3.85025644302368,10.549147605896
20181005,18,2,-35,15000,14221.2978515625,205.100006103516,-4.43334245681763,10.3365163803101
20181006,0,2,-35,15000,14241.48828125,204.800003051758,-7.56062269210815,8.00964069366455
20181006,6,2,-35,15000,14238.1640625,204.953887939453,-8.3829174041748,6.7962794303894
20181006,12,2,-35,15000,14257.427734375,204.800003051758,-7.14872789382935,5.5887598991394
20181006,18,2,-35,15000,14233.4111328125,204.548919677734,-7.66697025299072,6.24756813049316
20181007,0,2,-35,15000,14253.4296875,204.278076171875,-8.73501586914063,2.94822382926941
20181007,6,2,-35,15000,14244.5654296875,205.021926879883,-4.08592844009399,1.37210690975189
20181007,12,2,-35,15000,14252.6513671875,205.600006103516,-2.98467707633972,-2.69353628158569
20181007,18,2,-35,15000,14228.95703125,205.421905517578,-2.6503005027771,-2.68497323989868
20181008,0,2,-35,15000,14244.6748046875,206.199996948242,-4.91438722610474,-2.61240243911743
20181008,6,2,-35,15000,14238.8701171875,205.999969482422,-3.9085156917572,-1.36169922351837
20181008,12,2,-35,15000,14252.3173828125,205.5,-2.49742197990417,-0.121918946504593
20181008,18,2,-35,15000,14222.537109375,204.199996948242,-2.04906249046326,-1.5978661775589
20181009,0,2,-35,15000,14238.990234375,204.799758911133,-1.04049074649811,-2.32164072990417
20181009,6,2,-35,15000,14238.294921875,204.699996948242,-1.11252200603485,-3.71677255630493
20181009,12,2,-35,15000,14251.58984375,204.599975585938,-2.7724437713623,-0.554477512836456
20181009,18,2,-35,15000,14225.228515625,204.207473754883,0.729951143264771,-4.47098159790039
20181010,0,2,-35,15000,14245.7900390625,203.838897705078,0.335263669490814,-6.58381843566895
20181010,6,2,-35,15000,14243.94140625,203.899993896484,-1.19362795352936,-1.51376712322235
20181010,12,2,-35,15000,14250.416015625,203.800003051758,0.273332506418228,-1.30423581600189
20181010,18,2,-35,15000,14219.7109375,203.999984741211,1.88144040107727,-0.227202147245407
20181011,0,2,-35,15000,14245.5625,204.906982421875,1.44019770622253,-2.98600840568542
20181011,6,2,-35,15000,14242.3046875,205.100006103516,5.14521503448486,-2.06801748275757
20181011,12,2,-35,15000,14259.6064453125,205,4.75008296966553,-3.3665235042572
20181011,18,2,-35,15000,14231.25,204.199981689453,4.24066877365112,-1.14785158634186
20181012,0,2,-35,15000,14249.9912109375,204.79997253418,5.88337898254395,-4.22794437408447
20181012,6,2,-35,15000,14243.4365234375,204.800003051758,7.24651384353638,-5.20877933502197
20181012,12,2,-35,15000,14251.76171875,205.399993896484,11.6534395217896,-2.5191650390625
20181012,18,2,-35,15000,14225,205,11.8584032058716,-3.40037107467651
20181013,0,2,-35,15000,14241.9560546875,205.199752807617,6.1414475440979,0.343930661678314
20181013,6,2,-35,15000,14242.84765625,204.94612121582,3.65798330307007,2.10094976425171
20181013,12,2,-35,15000,14245.9638671875,204.399993896484,0.781745612621307,3.3326952457428
20181013,18,2,-35,15000,14218.599609375,204,0.26617431640625,3.15339350700378
20181014,0,2,-35,15000,14237.2890625,204.399993896484,-4.78545427322388,2.24712896347046
20181014,6,2,-35,15000,14233.27734375,204.399993896484,-2.12123775482178,-1.37553715705872
20181014,12,2,-35,15000,14254.3916015625,204.800003051758,0.268508315086365,3.77862310409546
20181014,18,2,-35,15000,14223.142578125,204.299987792969,-0.912590324878693,5.15668964385986
20181015,0,2,-35,15000,14245.4365234375,203.800003051758,-3.21113038063049,3.4855420589447
20181015,6,2,-35,15000,14236.884765625,203.699996948242,-4.28174543380737,3.53562498092651
20181015,12,2,-35,15000,14251.94140625,204.517242431641,-0.165427252650261,4.40551280975342
20181015,18,2,-35,15000,14217.33203125,203.699996948242,-0.29952147603035,0.301137685775757
20181016,0,2,-35,15000,14234.3828125,203.800003051758,-2.24468517303467,-2.83413577079773
20181016,6,2,-35,15000,14223.2158203125,203.499969482422,-5.04550313949585,-0.342807620763779
20181016,12,2,-35,15000,14238.3583984375,204.100006103516,-7.4063401222229,1.89580082893372
20181016,18,2,-35,15000,14205.701171875,203.800003051758,-5.63165283203125,1.30442869663239
20181017,0,2,-35,15000,14228.458984375,204.600006103516,-5.89851808547974,-1.42287600040436
20181017,6,2,-35,15000,14219.763671875,204.806976318359,-5.31692123413086,-1.04596185684204
20181017,12,2,-35,15000,14232.541015625,204.79997253418,-2.95643067359924,0.565444350242615
20181017,18,2,-35,15000,14205.1552734375,203.832122802734,-1.12840330600739,-0.420686036348343
20181018,0,2,-35,15000,14219.6650390625,203.836380004883,-5.05890130996704,-2.23398685455322
20181018,6,2,-35,15000,14219.93359375,203.700012207031,-7.37165784835815,-2.19503164291382
20181018,12,2,-35,15000,14241.87109375,204,-6.9474778175354,0.415712893009186
20181018,18,2,-35,15000,14213.9033203125,203.899993896484,-6.72124767303467,0.888588845729828
20181019,0,2,-35,15000,14231.205078125,203.599990844727,-8.45046901702881,-2.23582029342651
20181019,6,2,-35,15000,14233.447265625,204.399993896484,-12.6147270202637,-2.44340324401855
20181019,18,2,-35,15000,14213.19140625,203.096542358398,-10.7294263839722,-3.54046392440796
20181020,0,2,-35,15000,14229.86328125,202.600006103516,-10.5067138671875,-4.35863304138184
20181020,6,2,-35,15000,14226.6416015625,203,-8.46938514709473,-3.49312996864319
20181020,12,2,-35,15000,14233.03515625,203.799987792969,-13.7786254882813,-3.34110116958618
20181020,18,2,-35,15000,14212.919921875,203.599975585938,-12.2287034988403,-1.10407710075378
20181021,0,2,-35,15000,14240.572265625,203.800003051758,-8.93931865692139,-7.47006368637085
20181021,6,2,-35,15000,14232.693359375,203.600006103516,-3.94943594932556,-8.67469501495361
20181021,12,2,-35,15000,14236.6279296875,203.238922119141,-4.2870774269104,-6.12188720703125
20181021,18,2,-35,15000,14219.0478515625,203.800003051758,-4.54119873046875,-1.85100102424622
20181022,0,2,-35,15000,14238.9189453125,203.5,-1.77999758720398,-0.892624497413635
20181022,6,2,-35,15000,14237.287109375,203.564117431641,-2.09792733192444,-4.41593265533447
20181022,12,2,-35,15000,14243.75390625,203.543121337891,-0.445607900619507,-7.98206806182861
20181022,18,2,-35,15000,14222.46484375,203.300003051758,0.560747087001801,-4.14289045333862
20181023,0,2,-35,15000,14239.05078125,203.299987792969,-2.6277904510498,-5.1049633026123
20181023,6,2,-35,15000,14239.32421875,203.769287109375,-4.3001561164856,-7.09529542922974
20181023,12,2,-35,15000,14246.7275390625,203.986129760742,-10.1994657516479,-9.14036178588867
20181023,18,2,-35,15000,14221.3154296875,203.199981689453,-8.39186763763428,-4.10774421691895
20181024,0,2,-35,15000,14237.0810546875,203.299987792969,-16.0860595703125,-5.46694803237915
20181024,6,2,-35,15000,14231.072265625,203.199981689453,-14.3542995452881,-3.72859382629395
20181024,12,2,-35,15000,14235.58984375,204.084503173828,-19.6354446411133,-5.24861335754395
20181024,18,2,-35,15000,14207.6435546875,204.300003051758,-20.4287109375,-11.3860769271851
20181025,0,2,-35,15000,14224.0302734375,203.294769287109,-24.9958686828613,-6.75301504135132
20181025,6,2,-35,15000,14223.09375,203.805587768555,-29.8475093841553,-7.25655508041382
20181025,12,2,-35,15000,14233.240234375,203.29997253418,-23.516960144043,-4.79857921600342
20181025,18,2,-35,15000,14208.568359375,203.013488769531,-19.3513450622559,-11.7200126647949
20181026,0,2,-35,15000,14232.37890625,204.003479003906,-27.0021629333496,-15.4173364639282
20181026,6,2,-35,15000,14228.83203125,204.570846557617,-27.5880279541016,-13.3884811401367
20181026,12,2,-35,15000,14230.94140625,204.329147338867,-21.8295192718506,-15.1549100875854
20181026,18,2,-35,15000,14213.0703125,204.0673828125,-17.0739994049072,-11.1826686859131
20181027,0,2,-35,15000,14237.9345703125,204.838912963867,-15.1484327316284,-10.9667825698853
20181027,6,2,-35,15000,14237.01171875,204.899993896484,-14.4245529174805,-6.81005859375
20181027,12,2,-35,15000,14257.4287109375,204.353363037109,-13.4133377075195,-6.95194816589355
20181027,18,2,-35,15000,14219.4775390625,204.100006103516,-12.6199951171875,-4.84471702575684
20181028,0,2,-35,15000,14230.8525390625,204.099990844727,-15.2299995422363,-3.6563036441803
20181028,6,2,-35,15000,14224.9365234375,203.999969482422,-16.3863849639893,-2.63139152526855
20181028,12,2,-35,15000,14231.1220703125,203.699996948242,-14.7671241760254,-3.04471182823181
20181028,18,2,-35,15000,14196.4814453125,204.099975585938,-14.1823654174805,-5.38705062866211
20181029,0,2,-35,15000,14220.767578125,204.699981689453,-19.2144012451172,-6.4873194694519
20181029,6,2,-35,15000,14221.8388671875,205.099975585938,-16.8055782318115,-5.298583984375
20181029,12,2,-35,15000,14230.255859375,205.099975585938,-14.0483865737915,-2.37088871002197
20181029,18,2,-35,15000,14208.537109375,204.699996948242,-13.9158544540405,-3.16890621185303
20181030,0,2,-35,15000,14228.4697265625,204.199996948242,-15.6405544281006,-3.94587898254395
20181030,6,2,-35,15000,14225.7265625,204.819625854492,-14.6393260955811,-1.67095708847046
20181030,12,2,-35,15000,14244.9248046875,205.707473754883,-10.9799880981445,2.69028329849243
20181030,18,2,-35,15000,14221.3984375,204.899993896484,-12.2819995880127,2.8728563785553
20181031,0,2,-35,15000,14236.7646484375,204.814697265625,-12.4828414916992,2.34852051734924
20181031,6,2,-35,15000,14240.447265625,205.499969482422,-8.02665328979492,3.99241709709167
20181031,12,2,-35,15000,14254.8134765625,205,-9.81221389770508,5.57921409606934
20181031,18,2,-35,15000,14231.2958984375,204.5,-5.63992691040039,7.47367668151855
20181101,0,2,-35,15000,14248.25,204.5,-3.1461009979248,7.35201644897461
20181101,6,2,-35,15000,14248.6748046875,204.899993896484,-4.12282609939575,9.07735347747803
20181101,12,2,-35,15000,14264.3037109375,204.975540161133,-5.59832906723022,10.2869873046875
20181101,18,2,-35,15000,14252.302734375,204.399993896484,-3.77701044082642,10.64892578125
20181102,0,2,-35,15000,14277.5966796875,203.800003051758,-3.07557368278503,8.93533706665039
20181102,6,2,-35,15000,14267.09375,204.399993896484,-3.23974847793579,9.88571262359619
20181102,12,2,-35,15000,14278.34375,204.800018310547,2.25771117210388,11.5322074890137
20181102,18,2,-35,15000,14251.45703125,203.968307495117,-1.90925908088684,7.83288097381592
20181103,0,2,-35,15000,14269.955078125,203.899993896484,-4.28816270828247,1.13198244571686
20181103,6,2,-35,15000,14264.0810546875,205,-0.187619626522064,0.496472179889679
20181103,12,2,-35,15000,14277.75,205.399993896484,2.07725834846497,6.45087623596191
20181103,18,2,-35,15000,14248.00390625,204.985305786133,5.04220199584961,2.72765636444092
20181104,0,2,-35,15000,14261.09765625,205.294525146484,5.3975977897644,0.231083989143372
20181104,6,2,-35,15000,14254.572265625,205.5,6.36821269989014,0.841171860694885
20181104,12,2,-35,15000,14259.3623046875,205.900024414063,7.2450098991394,0.560747087001801
20181104,18,2,-35,15000,14239.5166015625,205.943603515625,10.7731418609619,2.18306636810303
20181105,0,2,-35,15000,14257.89453125,206.399993896484,9.32160568237305,5.60266351699829
20181105,6,2,-35,15000,14248.173828125,206.504104614258,5.78489255905151,9.78349113464355
20181105,12,2,-35,15000,14257.4287109375,205.436370849609,7.20832777023315,11.5714721679688
20181105,18,2,-35,15000,14227.693359375,205,4.44034671783447,6.17081308364868
20181106,0,2,-35,15000,14252.2236328125,205.600006103516,1.84000241756439,10.10009765625
20181106,6,2,-35,15000,14251.462890625,205.56364440918,6.61601543426514,7.68095445632935
20181106,12,2,-35,15000,14256.9697265625,204.890182495117,5.74569082260132,7.78197288513184
20181106,18,2,-35,15000,14224.349609375,204.882858276367,6.72073745727539,5.0997142791748
20181107,0,2,-35,15000,14249.3115234375,205.600006103516,6.63542222976685,6.68780517578125
20181107,6,2,-35,15000,14237.693359375,205.899993896484,5.60307359695435,7.53774166107178
20181107,12,2,-35,15000,14252.32421875,205.920486450195,4.39061784744263,8.77067184448242
20181107,18,2,-35,15000,14223.2197265625,204.96647644043,3.92293953895569,13.7816944122314
20181108,0,2,-35,15000,14241.2412109375,205.699996948242,0.403349608182907,9.0353422164917
20181108,6,2,-35,15000,14234.77734375,205.899993896484,0.493229985237122,9.36968231201172
20181108,12,2,-35,15000,14244.474609375,206.399993896484,1.21061038970947,2.82072997093201
20181108,18,2,-35,15000,14221.28515625,206,1.30193853378296,1.35228025913239
20181109,0,2,-35,15000,14244.3486328125,205.524459838867,0.979887723922729,-3.32020020484924
20181109,6,2,-35,15000,14240.2021484375,205.5,2.51793336868286,-3.90235590934753
20181109,12,2,-35,15000,14250.5791015625,205.699996948242,2.88949584960938,-7.58545160293579
20181109,18,2,-35,15000,14232.84375,205.399993896484,5.4849534034729,-4.77418947219849
20181110,0,2,-35,15000,14259.7333984375,205.100006103516,6.14159202575684,-3.33882808685303
20181110,6,2,-35,15000,14265.24609375,205,5.37430429458618,-1.8492773771286
20181110,12,2,-35,15000,14271.111328125,204.499984741211,-0.965144038200378,-3.63345956802368
20181110,18,2,-35,15000,14248.0771484375,204.699981689453,1.04277956485748,0.121933594346046
20181111,0,2,-35,15000,14261.4638671875,204.899993896484,0.833752453327179,-0.494958490133286
20181111,6,2,-35,15000,14254.083984375,205.199996948242,0.140512689948082,-3.74818348884583
20181111,12,2,-35,15000,14268.3173828125,205.399993896484,-0.961330592632294,-3.24371814727783
20181111,18,2,-35,15000,14247.6748046875,205.199996948242,0.412753909826279,1.10040044784546
20181112,0,2,-35,15000,14274.7958984375,205.199996948242,0.364643543958664,2.82187509536743
20181112,6,2,-35,15000,14265.6611328125,205.100006103516,-0.886069357395172,-0.849399387836456
20181112,12,2,-35,15000,14267.1376953125,205.100006103516,-4.14474630355835,-0.429335951805115
20181112,18,2,-35,15000,14254.2763671875,205.300003051758,-3.34870910644531,-1.00632929801941
20181113,0,2,-35,15000,14276.21875,205.100006103516,-2.65782618522644,-0.0522979721426964
20181113,6,2,-35,15000,14263.2890625,205.199996948242,-1.43117678165436,-2.5126953125
20181113,12,2,-35,15000,14264.50390625,205,-0.838446021080017,-0.372872918844223
20181113,18,2,-35,15000,14248.64453125,205.29997253418,0.54898989200592,0.419607549905777
20181114,0,2,-35,15000,14271.1474609375,204.600006103516,-1.15105438232422,-1.46784973144531
20181114,6,2,-35,15000,14270.9990234375,205.199996948242,-1.19925534725189,-3.96765446662903
20181114,12,2,-35,15000,14280.0390625,205.199996948242,-4.0063328742981,2.58961915969849
20181114,18,2,-35,15000,14262.150390625,205.399993896484,-0.114992678165436,-1.25830566883087
20181115,0,2,-35,15000,14285.94140625,205.100006103516,-5.76000022888184,-1.91523194313049
20181115,6,2,-35,15000,14279.9970703125,204.899993896484,-6.72765731811523,-1.47128903865814
20181115,12,2,-35,15000,14288.87109375,205.199996948242,-10.0084009170532,-8.86581325531006
20181115,18,2,-35,15000,14270.662109375,205.199996948242,-4.00723648071289,-6.57621335983276
20181116,0,2,-35,15000,14286.6796875,204.899993896484,-2.50582265853882,-8.32000732421875
20181116,6,2,-35,15000,14283.9287109375,205.218872070313,0.389624029397964,-5.44187021255493
20181116,12,2,-35,15000,14286.5751953125,205.041961669922,-2.66624760627747,-6.09113788604736
20181116,18,2,-35,15000,14262.0146484375,205.100921630859,-3.62408447265625,-4.06770992279053
20181117,0,2,-35,15000,14279.0849609375,205.310012817383,-4.92413568496704,-7.24230241775513
20181117,6,2,-35,15000,14272.669921875,204.799987792969,-4.88085222244263,-9.74753189086914
20181117,12,2,-35,15000,14271.0009765625,203.870864868164,-1.52972412109375,-5.17854499816895
20181117,18,2,-35,15000,14242.27734375,204.300003051758,-3.18236327171326,-5.89726066589355
20181118,0,2,-35,15000,14263.041015625,205.199996948242,-11.8292064666748,-7.1031641960144
20181118,6,2,-35,15000,14256.8671875,205.199996948242,-11.1755495071411,-4.24117660522461
20181118,12,2,-35,15000,14267.6123046875,204.699996948242,-12.0464448928833,-0.897719740867615
20181118,18,2,-35,15000,14243.6884765625,204.599990844727,-9.21285629272461,0.0387695319950581
20181119,0,2,-35,15000,14265.6220703125,204.399993896484,-1.63341069221497,-2.62327146530151
20181119,6,2,-35,15000,14265.1015625,204.592514038086,-6.64714860916138,-5.49271488189697
20181119,12,2,-35,15000,14266.3349609375,204.099990844727,-8.06586933135986,-6.06356191635132
20181119,18,2,-35,15000,14232.1416015625,203.899978637695,-8.22999477386475,-9.14828395843506
20181120,0,2,-35,15000,14254.712890625,203.914703369141,-12.1014919281006,-4.4739818572998
20181120,6,2,-35,15000,14251.76171875,204.44612121582,-16.5443096160889,-7.03768539428711
20181120,12,2,-35,15000,14253.1953125,204,-16.554443359375,-12.9798707962036
20181120,18,2,-35,15000,14226.65234375,203,-4.76530504226685,-9.70443820953369
20181121,0,2,-35,15000,14249.693359375,202.699981689453,0.325559079647064,-5.1839747428894
20181121,6,2,-35,15000,14254.298828125,203.699981689453,-8.70999717712402,-7.18548822402954
20181121,12,2,-35,15000,14256.23828125,203.886444091797,-10.0900077819824,-8.55580520629883
20181121,18,2,-35,15000,14228.9248046875,204.099975585938,-16.1523971557617,-4.65797853469849
20181122,0,2,-35,15000,14248.302734375,203.899978637695,-17.5407447814941,-3.95810055732727
20181122,6,2,-35,15000,14244.318359375,204.046600341797,-19.8333988189697,-5.12534666061401
20181122,12,2,-35,15000,14267.8271484375,204.79997253418,-16.6132526397705,-3.35872077941895
20181122,18,2,-35,15000,14243.3408203125,204.100006103516,-18.2599983215332,-7.22587394714355
20181123,0,2,-35,15000,14257.7734375,203.79997253418,-15.8128471374512,-5.0204930305481
20181123,6,2,-35,15000,14249.8349609375,203.599975585938,-19.3266677856445,-0.797739267349243
20181123,12,2,-35,15000,14260.5029296875,203.993011474609,-18.1000003814697,0.984570324420929
20181123,18,2,-35,15000,14231.2548828125,203.699996948242,-17.4944458007813,3.69844245910645
20181124,0,2,-35,15000,14253.583984375,203.499984741211,-7.88777112960815,1.63047361373901
20181124,6,2,-35,15000,14245.5947265625,204.199981689453,-16.5587348937988,4.0999927520752
20181124,12,2,-35,15000,14246.3876953125,203.999969482422,-16.7602386474609,3.6345899105072
20181124,18,2,-35,15000,14218.0478515625,204.199996948242,-18.709436416626,5.25432395935059
20181125,0,2,-35,15000,14233.05078125,204.5,-21.4109725952148,6.68351078033447
20181125,6,2,-35,15000,14225.5126953125,203.800003051758,-21.6907444000244,2.86449217796326
20181125,12,2,-35,15000,14236.177734375,203.699996948242,-19.5313568115234,3.06828856468201
20181125,18,2,-35,15000,14207.333984375,203.900009155273,-18.1469898223877,3.95256590843201
20181126,0,2,-35,15000,14225.0654296875,204.188064575195,-17.3392276763916,0.226157233119011
20181126,6,2,-35,15000,14229.6552734375,204.299987792969,-19.3727512359619,-2.7817919254303
20181126,12,2,-35,15000,14242.6416015625,204.300003051758,-12.666672706604,-2.89716792106628
20181126,18,2,-35,15000,14232.1787109375,204.599990844727,-14.294602394104,-0.582971215248108
20181127,0,2,-35,15000,14254.6279296875,204.100021362305,-10.2942943572998,-0.640151381492615
20181127,6,2,-35,15000,14241.865234375,203.994720458984,-11.3236274719238,-0.697885751724243
20181127,12,2,-35,15000,14253.9140625,204,-12.1033153533936,-3.05248284339905
20181127,18,2,-35,15000,14233.380859375,204.100006103516,-12.0222854614258,4.6327075958252
20181128,0,2,-35,15000,14250.6513671875,204.300003051758,-7.93917226791382,2.68277835845947
20181128,6,2,-35,15000,14250.7490234375,205.287200927734,-16.2379131317139,2.28726077079773
20181128,12,2,-35,15000,14258.798828125,204.247451782227,-13.0553512573242,2.87876462936401
20181128,18,2,-35,15000,14233.1474609375,203.399993896484,-10.9507150650024,8.59820079803467
20181129,0,2,-35,15000,14250.380859375,204,-8.78186988830566,5.55787086486816
20181129,6,2,-35,15000,14252.32421875,204.699996948242,-9.88939189910889,-0.0262011718004942
20181129,12,2,-35,15000,14257.2685546875,204.372772216797,-13.4982862472534,3.62117910385132
20181129,18,2,-35,15000,14227.8154296875,204.299987792969,-17.3208255767822,6.3453049659729
20181130,0,2,-35,15000,14260.45703125,204.331939697266,-9.40242958068848,0.627072751522064
20181130,6,2,-35,15000,14254.0439453125,204.800003051758,-10.3285312652588,4.05290031433105
20181130,12,2,-35,15000,14264.09765625,204.734451293945,-11.0031480789185,2.4801709651947
20181130,18,2,-35,15000,14238.0791015625,204.799987792969,-12.4106616973877,1.97834467887878
20181201,0,2,-35,15000,14260.54296875,204.699996948242,-14.8503141403198,0.656650364398956
20181201,6,2,-35,15000,14251.431640625,204.600006103516,-12.1766328811646,0.566113293170929
20181201,12,2,-35,15000,14258.65625,204.699996948242,-9.00259304046631,-4.19447755813599
20181201,18,2,-35,15000,14234.8408203125,204.699996948242,-5.19221544265747,-1.63445317745209
20181202,0,2,-35,15000,14261.6376953125,204.699996948242,-7.21593523025513,0.795539557933807
20181202,6,2,-35,15000,14256.47265625,204.5,-10.4346694946289,1.711669921875
20181202,12,2,-35,15000,14267.2998046875,204.790405273438,-11.4636764526367,5.92333030700684
20181202,18,2,-35,15000,14240.7275390625,204.746490478516,-11.6250047683716,5.22704601287842
20181203,0,2,-35,15000,14257.732421875,204.800003051758,-10.567286491394,1.81843745708466
20181203,6,2,-35,15000,14256.87109375,204.86555480957,-7.86213111877441,-0.582377910614014
20181203,12,2,-35,15000,14262.2587890625,204.899856567383,-5.35379886627197,4.22916746139526
20181203,18,2,-35,15000,14232.490234375,204.61279296875,-5.56679582595825,4.7950611114502
20181204,0,2,-35,15000,14245.2978515625,204.805541992188,-6.23963975906372,2.46033191680908
20181204,6,2,-35,15000,14244.9921875,205.201690673828,-6.09916257858276,0.853579103946686
20181204,12,2,-35,15000,14255.4423828125,205.199996948242,-5.22182130813599,0.760141611099243
20181204,18,2,-35,15000,14234.90234375,205.202911376953,-1.27247560024261,3.52721428871155
20181205,0,2,-35,15000,14251.4765625,205.37353515625,-8.65259742736816,7.02405500411987
20181205,6,2,-35,15000,14245.9345703125,205.399993896484,-3.3439257144928,2.20716547966003
20181205,12,2,-35,15000,14249.5087890625,205.199996948242,-2.52612543106079,-2.22930669784546
20181205,18,2,-35,15000,14227.6611328125,205.300003051758,1.87459230422974,-2.79561519622803
20181206,0,2,-35,15000,14247.64453125,204.800003051758,3.11130857467651,-3.206787109375
20181206,6,2,-35,15000,14235.4462890625,204.885955810547,2.91502928733826,-1.5325049161911
20181206,12,2,-35,15000,14246.6865234375,205.199996948242,4.20300769805908,0.666958034038544
20181206,18,2,-35,15000,14230.458984375,205.296234130859,9.16671371459961,5.50730466842651
20181207,0,2,-35,15000,14245.33203125,205.018951416016,4.59316873550415,-0.878928244113922
20181207,6,2,-35,15000,14242.55078125,205.499969482422,3.65141367912292,-0.451787114143372
20181207,12,2,-35,15000,14253.5234375,205.384918212891,3.96278309822083,1.99389159679413
20181207,18,2,-35,15000,14229.4345703125,205.090530395508,6.29283714294434,3.43616938591003
20181208,0,2,-35,15000,14246.869140625,205.341354370117,9.16075420379639,2.40205073356628
20181208,6,2,-35,15000,14249.93359375,205.100006103516,8.29143047332764,2.83651852607727
20181208,12,2,-35,15000,14259.4365234375,205.628631591797,11.3118457794189,4.66188478469849
20181208,18,2,-35,15000,14235.134765625,205.000030517578,9.47179698944092,1.73231196403503
20181209,0,2,-35,15000,14260.7158203125,205.399993896484,2.76058340072632,1.08668696880341
20181209,6,2,-35,15000,14247.9521484375,205.199996948242,1.90401363372803,1.01904785633087
20181209,12,2,-35,15000,14264.9951171875,205.199996948242,4.04564714431763,4.7901291847229
20181209,18,2,-35,15000,14230.400390625,204.199996948242,-0.934057593345642,1.06427729129791
20181210,0,2,-35,15000,14252.26953125,205.143890380859,0.2086181640625,-1.10013675689697
20181210,6,2,-35,15000,14258.666015625,205.399993896484,1.01707029342651,-2.02110838890076
20181210,12,2,-35,15000,14274.544921875,205.300003051758,-1.44262385368347,-3.42655634880066
20181210,18,2,-35,15000,14251.2138671875,205.100006103516,-1.30120849609375,-4.07626342773438
20181211,0,2,-35,15000,14275.7373046875,204.9599609375,-2.65997934341431,-4.89989948272705
20181211,6,2,-35,15000,14273.0712890625,205.400024414063,-5.51444816589355,-6.10750007629395
20181211,12,2,-35,15000,14282.8466796875,205.108932495117,-3.19999766349792,-4.87606954574585
20181211,18,2,-35,15000,14263.7177734375,204.953582763672,-5.03903818130493,-1.54031002521515
20181212,0,2,-35,15000,14283.1611328125,204.899993896484,-3.39638662338257,-0.269501954317093
20181212,6,2,-35,15000,14282.5322265625,205.5,-4.23832988739014,-0.815234363079071
20181212,12,2,-35,15000,14293.4765625,206.200149536133,-5.26256084442139,3.63565421104431
20181212,18,2,-35,15000,14271.013671875,206,-6.46584463119507,3.71542477607727
20181213,0,2,-35,15000,14289.12109375,205.899993896484,-7.78270244598389,4.44825172424316
20181213,6,2,-35,15000,14287.7626953125,206.398071289063,-5.50003671646118,6.60107898712158
20181213,12,2,-35,15000,14302.3798828125,206.399993896484,-7.63000011444092,8.7124662399292
20181213,18,2,-35,15000,14283.2177734375,206.050827026367,-8.0260591506958,11.4713916778564
20181214,0,2,-35,15000,14301.6123046875,206.099243164063,-7.28999996185303,11.0393114089966
20181214,6,2,-35,15000,14296.5234375,205.800003051758,-3.44821047782898,5.05057621002197
20181214,12,2,-35,15000,14306.8701171875,206.256393432617,-12.3423023223877,4.5283350944519
20181214,18,2,-35,15000,14283.6953125,206.496246337891,-15.7699928283691,0.58770751953125
20181215,0,2,-35,15000,14302.041015625,206.399993896484,-18.8215942382813,-2.37695074081421
20181215,6,2,-35,15000,14299.99609375,205.958038330078,-24.0972232818604,-3.52149891853333
20181215,12,2,-35,15000,14315.1162109375,206.5,-17.7499885559082,1.61400640010834
20181215,18,2,-35,15000,14290.4638671875,206.300003051758,-21.0599956512451,1.68970942497253
20181216,0,2,-35,15000,14308.2685546875,205.899993896484,-18.1779403686523,-0.696623563766479
20181216,6,2,-35,15000,14301.6123046875,205.699996948242,-14.9799633026123,-2.10815906524658
20181216,12,2,-35,15000,14306.1650390625,206,-16.4608383178711,5.23661613464355
20181216,18,2,-35,15000,14278.69921875,206.03662109375,-18.0612354278564,10.2657470703125
20181217,0,2,-35,15000,14299.55859375,205.980804443359,-15.6211910247803,5.74859857559204
20181217,6,2,-35,15000,14303.771484375,206.119171142578,-16.8143825531006,2.22440910339355
20181217,12,2,-35,15000,14317.9072265625,206.399993896484,-16.4134616851807,4.40347671508789
20181217,18,2,-35,15000,14290.306640625,205.899993896484,-13.1801614761353,7.36409664154053
20181218,0,2,-35,15000,14300.46484375,206.133255004883,-15.3724460601807,8.06734848022461
20181218,6,2,-35,15000,14306.517578125,206.435760498047,-12.3400220870972,6.76588869094849
20181218,12,2,-35,15000,14310.6240234375,205.300003051758,-17.0591106414795,4.90315914154053
