20180720,0,40,150,40000,7164.6533203125,239,8.0026273727417,27.5153312683105
20180720,6,40,150,40000,7200.3349609375,239.58528137207,28.1601066589355,20.2772216796875
20180720,12,40,150,40000,7227.77392578125,242.699996948242,32.1768379211426,30.0116271972656
20180720,18,40,150,40000,7240.57080078125,243.585296630859,33.1758003234863,21.1888675689697
20180721,0,40,150,40000,7266.80615234375,244.114700317383,25.7132759094238,31.779333114624
20180721,6,40,150,40000,7305.7861328125,245.399978637695,21.7650947570801,28.4161376953125
20180721,12,40,150,40000,7345.26806640625,246.100006103516,15.0826721191406,19.1045112609863
20180721,18,40,150,40000,7357.658203125,247.5,10.0694217681885,10.7961368560791
20180722,0,40,150,40000,7350.859375,246.899993896484,7.84881591796875,-0.438623040914536
20180722,6,40,150,40000,7305.35205078125,245.399993896484,12.3914852142334,-11.0872249603271
20180722,12,40,150,40000,7274.21484375,243.600006103516,3.13821411132813,-20.3357601165771
20180722,18,40,150,40000,7275.16064453125,243,12.3049011230469,6.83031606674194
20180723,0,40,150,40000,7348.32177734375,243.899978637695,4.11170673370361,27.8915958404541
20180723,6,40,150,40000,7398.9326171875,243.599975585938,7.73329782485962,15.214391708374
20180723,12,40,150,40000,7420.5,244.300003051758,10.852575302124,5.49646902084351
20180723,18,40,150,40000,7410.68359375,244.037750244141,15.3277463912964,-3.66022944450378
20180724,0,40,150,40000,7389.4794921875,244.100006103516,22.612133026123,-11.595666885376
20180724,6,40,150,40000,7355.02490234375,246.199996948242,22.5197334289551,-13.2162351608276
20180724,12,40,150,40000,7304.2939453125,245.29997253418,27.8604183197021,-18.6360988616943
20180724,18,40,150,40000,7221.51953125,243.498489379883,40.3799514770508,-32.0590133666992
20180725,0,40,150,40000,7118.2939453125,239.100051879883,34.8994178771973,-27.1478214263916
20180725,6,40,150,40000,7086.7451171875,233.699996948242,16.386962890625,14.9644956588745
20180725,12,40,150,40000,7183.63134765625,237.486038208008,10.8360166549683,27.0585880279541
20180725,18,40,150,40000,7226.3466796875,239.800003051758,20.0729293823242,12.2059764862061
20180726,0,40,150,40000,7214.96435546875,238.868316650391,29.6950969696045,15.1251268386841
20180726,6,40,150,40000,7218.56982421875,237.731689453125,23.8432998657227,25.1674118041992
20180726,12,40,150,40000,7230.04296875,238.399993896484,19.6485691070557,14.017539024353
20180726,18,40,150,40000,7219.3466796875,238.267868041992,19.0093441009521,17.9706935882568
20180727,0,40,150,40000,7218.84375,238.300003051758,21.3849830627441,26.2390384674072
20180727,6,40,150,40000,7217.87255859375,238.300003051758,25.0845336914063,24.019702911377
20180727,12,40,150,40000,7211.6376953125,238.675201416016,30.2498664855957,26.5671539306641
20180727,18,40,150,40000,7197.0966796875,238.477142333984,22.9633007049561,22.5841503143311
20180728,0,40,150,40000,7207.04736328125,238.199981689453,16.9377384185791,21.8224029541016
20180728,6,40,150,40000,7218.6142578125,238.399993896484,12.5467481613159,20.5054244995117
20180728,12,40,150,40000,7243.6982421875,239.100006103516,10.0955905914307,23.6187973022461
20180728,18,40,150,40000,7262.453125,238.685745239258,1.91632807254791,16.6174602508545
20180729,0,40,150,40000,7283.56982421875,239.199996948242,1.23337399959564,10.3358497619629
20180729,6,40,150,40000,7290.30126953125,238.899993896484,0.835737287998199,7.70590829849243
20180729,12,40,150,40000,7302.62353515625,239.100006103516,3.48773431777954,5.759765625
20180729,18,40,150,40000,7307.93994140625,239.899993896484,2.88767099380493,5.72437477111816
20180730,0,40,150,40000,7316.9345703125,241.145309448242,2.69064450263977,4.8795313835144
20180730,6,40,150,40000,7321.63134765625,245.036224365234,5.79591083526611,5.91610336303711
20180730,12,40,150,40000,7321.46044921875,245.114700317383,4.79276418685913,-9.19327354431152
20180730,18,40,150,40000,7296.798828125,244.821929931641,14.0495262145996,-10.4006538391113
20180731,0,40,150,40000,7275.2236328125,243.792526245117,13.855001449585,-17.7414054870605
20180731,6,40,150,40000,7236.97802734375,242.399978637695,15.3824892044067,-20.8026371002197
20180731,12,40,150,40000,7210.2919921875,239.547241210938,19.9376335144043,-19.7944583892822
20180731,18,40,150,40000,7186.9599609375,239.000686645508,26.572093963623,-20.990966796875
20180801,0,40,150,40000,7170.13427734375,239.160598754883,27.7973213195801,-26.5531959533691
20180801,6,40,150,40000,7162.50244140625,240.68603515625,27.8501167297363,-30.041934967041
20180801,12,40,150,40000,7145.240234375,239.900238037109,22.8731136322021,-30.5689754486084
20180801,18,40,150,40000,7101.96142578125,238.5,18.2263889312744,-30.8249931335449
20180802,0,40,150,40000,7055.76611328125,234.899993896484,13.4111328125,-15.5985050201416
20180802,6,40,150,40000,7044.2412109375,231.5,9.5504789352417,-5.201904296875
20180802,12,40,150,40000,7059.28271484375,229.899993896484,13.4830722808838,-3.86503911018372
20180802,18,40,150,40000,7091.689453125,232.600006103516,10.0572481155396,7.51801776885986
20180803,0,40,150,40000,7114.8486328125,232.492523193359,14.4393186569214,-1.40264892578125
20180803,6,40,150,40000,7116.939453125,230.838912963867,13.9443416595459,-0.193981930613518
20180803,12,40,150,40000,7143.4658203125,231.399993896484,3.40638732910156,4.84675884246826
20180803,18,40,150,40000,7167.02392578125,233.021926879883,-10.2726039886475,4.82672119140625
20180804,0,40,150,40000,7196.59375,233.499969482422,-16.1172733306885,1.09893798828125
20180804,6,40,150,40000,7202.111328125,233.800003051758,-18.8719902038574,-4.33985614776611
20180804,12,40,150,40000,7200.4658203125,233.399978637695,-14.9295101165771,-5.80007648468018
20180804,18,40,150,40000,7191.482421875,233.807464599609,-12.9950685501099,-6.06788921356201
20180805,0,40,150,40000,7193.626953125,233.600006103516,-12.2034816741943,-8.45125102996826
20180805,6,40,150,40000,7181.3193359375,234.300003051758,1.85613095760345,-4.40592670440674
20180805,12,40,150,40000,7198.9423828125,237.006988525391,21.6682643890381,8.06864356994629
20180805,18,40,150,40000,7215.58984375,237.753387451172,26.4500045776367,9.80558586120605
20180806,0,40,150,40000,7244.748046875,239.800003051758,22.2710838317871,11.3468074798584
20180806,6,40,150,40000,7259.7099609375,240.151702880859,17.4670162200928,10.3605661392212
20180806,12,40,150,40000,7279.67431640625,241.312454223633,12.7910957336426,8.21204090118408
20180806,18,40,150,40000,7288.0986328125,242.185638427734,12.4800977706909,-0.794526338577271
20180807,0,40,150,40000,7286.703125,242.287399291992,10.7441263198853,-5.33560562133789
20180807,6,40,150,40000,7273.908203125,241.199981689453,7.99316883087158,-6.86291027069092
20180807,12,40,150,40000,7288.748046875,241.950805664063,10.9458808898926,-7.91024398803711
20180807,18,40,150,40000,7299.25146484375,241.899993896484,5.60173606872559,-4.87041521072388
20180808,0,40,150,40000,7324.05322265625,242.100006103516,9.4300479888916,3.22219228744507
20180808,6,40,150,40000,7341.06884765625,243.370849609375,-1.44303286075592,14.1547603607178
20180808,12,40,150,40000,7368.341796875,243.890548706055,3.03638315200806,8.30589580535889
20180808,18,40,150,40000,7378.18310546875,244.510055541992,7.35448312759399,4.26190185546875
20180809,0,40,150,40000,7371.0712890625,244.657562255859,11.9082460403442,4.03363656997681
20180809,6,40,150,40000,7350.564453125,244.600006103516,17.6096744537354,3.55350351333618
20180809,12,40,150,40000,7344.54296875,245.010009765625,18.46608543396,2.01755380630493
20180809,18,40,150,40000,7338.17138671875,244.983551025391,22.0677375793457,1.98985600471497
20180810,0,40,150,40000,7328.43603515625,245,25.8774261474609,-2.94536137580872
20180810,6,40,150,40000,7318.7705078125,246.03759765625,22.5558528900146,-0.669299304485321
20180810,12,40,150,40000,7332.193359375,246.199996948242,18.8999176025391,3.62776494026184
20180810,18,40,150,40000,7348.44677734375,245.502029418945,21.6117858886719,1.87791752815247
20180811,0,40,150,40000,7366.3525390625,244.443603515625,13.9676694869995,-0.394006341695786
20180811,6,40,150,40000,7361.54541015625,244.910034179688,12.7830228805542,-2.96732187271118
20180811,12,40,150,40000,7375.53857421875,245.100006103516,12.4000120162964,-7.52604961395264
20180811,18,40,150,40000,7362.4560546875,245.043579101563,8.09088706970215,-8.94443988800049
20180812,0,40,150,40000,7353.4287109375,244.600006103516,1.13260805606842,-11.5735988616943
20180812,6,40,150,40000,7340.50048828125,244.199996948242,10.3043670654297,-6.17285776138306
20180812,12,40,150,40000,7348.80859375,243.399993896484,15.6574068069458,-6.59425067901611
20180812,18,40,150,40000,7349.54541015625,244.5,11.6287870407104,-5.43299579620361
20180813,0,40,150,40000,7340.94384765625,243.311645507813,11.8999996185303,2.99026489257813
20180813,6,40,150,40000,7328.50390625,244.399993896484,18.60178565979,6.66831684112549
20180813,12,40,150,40000,7332.5849609375,243.436431884766,19.3653144836426,11.4748411178589
20180813,18,40,150,40000,7335.6650390625,243.882766723633,22.367395401001,10.2901000976563
20180814,0,40,150,40000,7342.7392578125,244.170852661133,25.6447467803955,12.6481351852417
20180814,6,40,150,40000,7346.6005859375,245.022171020508,25.2094287872314,11.7084178924561
20180814,12,40,150,40000,7360.984375,245.5,26.5679492950439,6.72550773620605
20180814,18,40,150,40000,7363.52978515625,244.699996948242,32.410758972168,5.03832054138184
20180815,0,40,150,40000,7357.34814453125,244.800003051758,32.8743782043457,1.72765624523163
20180815,6,40,150,40000,7348.4404296875,244,30.3859252929688,-2.62440419197083
20180815,12,40,150,40000,7345.99072265625,243.729156494141,28.1926174163818,-8.20172882080078
20180815,18,40,150,40000,7311.666015625,243.229156494141,30.5486736297607,-19.7088184356689
20180816,0,40,150,40000,7272.8193359375,243.090667724609,30.1828346252441,-25.4157276153564
20180816,6,40,150,40000,7208.2119140625,242,36.0446548461914,-28.1411476135254
20180816,12,40,150,40000,7168.9970703125,239.600006103516,23.9393157958984,-10.1086282730103
20180816,18,40,150,40000,7186.01708984375,238.491989135742,15.756706237793,12.3872900009155
20180817,0,40,150,40000,7206.474609375,237.899993896484,15.8016939163208,10.5339403152466
20180817,6,40,150,40000,7246.02734375,240.404449462891,5.96180438995361,26.4392871856689
20180817,12,40,150,40000,7295.06640625,242.049163818359,8.60458946228027,17.5609436035156
20180817,18,40,150,40000,7332.01318359375,243.699996948242,8.47759437561035,20.983419418335
20180818,0,40,150,40000,7356.93896484375,243.414764404297,13.5627193450928,13.8291320800781
20180818,6,40,150,40000,7362.58203125,243.300003051758,17.7331657409668,15.0395174026489
20180818,12,40,150,40000,7389.58544921875,243.784210205078,15.433464050293,10.5990133285522
20180818,18,40,150,40000,7398.6982421875,243.699996948242,19.1233978271484,8.25741004943848
20180819,0,40,150,40000,7407.87353515625,245.199981689453,17.3783683776855,6.17106437683105
20180819,6,40,150,40000,7415.76171875,245.199981689453,18.1699714660645,6.35577154159546
20180819,12,40,150,40000,7431.2001953125,245.600006103516,17.9223823547363,1.58825194835663
20180819,18,40,150,40000,7433.935546875,246.721923828125,19.1717548370361,-4.2838134765625
20180820,0,40,150,40000,7429.61181640625,246.899978637695,20.5725631713867,-6.13370609283447
20180820,6,40,150,40000,7415.205078125,247.046112060547,25.907190322876,-2.32337880134583
20180820,12,40,150,40000,7416.78515625,246.699981689453,25.6537590026855,-2.30853509902954
20180820,18,40,150,40000,7423.61376953125,247.100006103516,19.0683746337891,1.85106444358826
20180821,0,40,150,40000,7431.11572265625,247.099975585938,17.3314189910889,2.60978031158447
20180821,6,40,150,40000,7423.34228515625,246.253860473633,18.5103225708008,1.41760742664337
20180821,12,40,150,40000,7429.2138671875,246.44612121582,19.5822067260742,-2.00504398345947
20180821,18,40,150,40000,7415.787109375,248,20.8679008483887,-12.8031787872314
20180822,0,40,150,40000,7388.78173828125,247.899993896484,22.7688045501709,-17.7371711730957
20180822,6,40,150,40000,7322.314453125,246.900238037109,23.6132774353027,-25.9681148529053
20180822,12,40,150,40000,7238.6298828125,244.299758911133,31.6304569244385,-40.3953971862793
20180822,18,40,150,40000,7151.56396484375,240.44612121582,25.3567810058594,10.8067502975464
20180823,0,40,150,40000,7244.58642578125,239.607467651367,17.6928901672363,12.2132816314697
20180823,6,40,150,40000,7280.41259765625,240.307464599609,18.0895481109619,6.04697275161743
20180823,12,40,150,40000,7309.3349609375,240.5,18.7783622741699,9.57682514190674
20180823,18,40,150,40000,7334.34521484375,241.199981689453,11.3096466064453,9.08608436584473
20180824,0,40,150,40000,7366.775390625,242.100006103516,8.79097270965576,5.41721200942993
20180824,6,40,150,40000,7368.97607421875,242,10.6298923492432,2.03269052505493
20180824,12,40,150,40000,7379.10986328125,242.885299682617,12.7450590133667,-4.92138051986694
20180824,18,40,150,40000,7369.05078125,243.399978637695,12.625452041626,-7.23272705078125
20180825,0,40,150,40000,7380.99169921875,243.29997253418,18.4263248443604,-3.0230712890625
20180825,6,40,150,40000,7401.998046875,248.800003051758,9.7999267578125,3.51668691635132
20180825,12,40,150,40000,7421.88232421875,248.800003051758,16.5048522949219,-4.77471303939819
20180825,18,40,150,40000,7429.951171875,249.899993896484,16.9063816070557,-8.63863563537598
20180826,0,40,150,40000,7408.1669921875,248.600006103516,16.4108333587646,-20.0693416595459
20180826,6,40,150,40000,7357.36865234375,247.599975585938,16.915771484375,-21.3841247558594
20180826,12,40,150,40000,7312.099609375,246.168304443359,25.1533012390137,-34.9289855957031
20180826,18,40,150,40000,7259.865234375,245,42.6754379272461,-43.1030807495117
20180827,0,40,150,40000,7244.15380859375,245.399978637695,37.7792739868164,-39.9558486938477
20180827,6,40,150,40000,7197.849609375,244.800018310547,29.4777984619141,-43.5550765991211
20180827,12,40,150,40000,7150.982421875,239.199996948242,16.5180320739746,-3.75057363510132
20180827,18,40,150,40000,7163.00048828125,239.100006103516,17.6265296936035,-4.22164297103882
20180828,0,40,150,40000,7185.4482421875,238.5,19.0405826568604,3.07469248771667
20180828,6,40,150,40000,7211.283203125,238.899978637695,20.4846458435059,10.9298439025879
20180828,12,40,150,40000,7246.521484375,239.800003051758,21.289701461792,9.49365234375
20180828,18,40,150,40000,7263.64306640625,240,22.4528865814209,7.36812019348145
20180829,0,40,150,40000,7265.3388671875,238.538909912109,24.5867195129395,6.09386253356934
20180829,6,40,150,40000,7274.5244140625,238.368316650391,15.1915922164917,14.3186817169189
20180829,12,40,150,40000,7318.794921875,241.44612121582,14.4351072311401,15.6449613571167
20180829,18,40,150,40000,7347.9873046875,242.899993896484,12.5919675827026,10.4668111801147
20180830,0,40,150,40000,7353.6005859375,242.300003051758,17.967565536499,3.89240121841431
20180830,6,40,150,40000,7330.29443359375,241.800003051758,22.041088104248,-0.607763648033142
20180830,12,40,150,40000,7328.10498046875,243.29997253418,23.3629093170166,1.50955200195313
20180830,18,40,150,40000,7319.388671875,245.399993896484,26.6147212982178,2.91419672966003
20180831,0,40,150,40000,7288.62255859375,246.300018310547,26.1351566314697,-12.3136959075928
20180831,6,40,150,40000,7247.68115234375,246.600006103516,34.2575912475586,-6.71643686294556
20180831,12,40,150,40000,7232.77001953125,245.600006103516,40.3265914916992,-11.6008548736572
20180831,18,40,150,40000,7189.080078125,244.199996948242,47.8739738464355,-10.5876712799072
20180901,0,40,150,40000,7161.4375,245.5,63.2153625488281,2.10037851333618
20180901,6,40,150,40000,7152.25439453125,243.600006103516,54.1409912109375,-0.590814232826233
20180901,12,40,150,40000,7141.228515625,242.899978637695,52.8880310058594,-4.03450298309326
20180901,18,40,150,40000,7117.71923828125,239,46.9156723022461,1.09648442268372
20180902,0,40,150,40000,7108.37939453125,235.899993896484,34.4871292114258,6.6419677734375
20180902,6,40,150,40000,7107.810546875,235.943603515625,31.0500640869141,6.51332092285156
20180902,12,40,150,40000,7132.94873046875,238.143600463867,34.5897903442383,6.06804180145264
20180902,18,40,150,40000,7175.4560546875,242.010055541992,41.6338081359863,11.8866577148438
20180903,0,40,150,40000,7193.17431640625,241.300003051758,40.1096611022949,8.71444988250732
20180903,6,40,150,40000,7190.12353515625,238.899993896484,29.0525512695313,5.94368267059326
20180903,12,40,150,40000,7202.09765625,240.546600341797,26.0036716461182,6.43324279785156
20180903,18,40,150,40000,7228.8349609375,244.306976318359,30.9663047790527,8.86837482452393
20180904,0,40,150,40000,7259.28271484375,243.699981689453,23.7670135498047,7.60397624969482
20180904,6,40,150,40000,7272.8681640625,246.199996948242,31.8424186706543,-6.49517822265625
20180904,12,40,150,40000,7297.841796875,247.300003051758,24.7328300476074,-11.5998439788818
20180904,18,40,150,40000,7302.1123046875,248.899978637695,24.6254253387451,-15.7311573028564
20180905,0,40,150,40000,7303.806640625,249.199996948242,20.7999877929688,-15.8607912063599
20180905,6,40,150,40000,7258.34521484375,246.899978637695,25.8941764831543,-23.8322448730469
20180905,12,40,150,40000,7232.8701171875,245.706985473633,27.1951198577881,-12.499963760376
20180905,18,40,150,40000,7246.17138671875,245,20.7637825012207,-5.50213003158569
20180906,0,40,150,40000,7236.17333984375,243.199996948242,24.1689357757568,-9.85378456115723
20180906,6,40,150,40000,7211.27685546875,241.100006103516,22.6072959899902,-4.53032827377319
20180906,12,40,150,40000,7213.70166015625,240.899993896484,21.664831161499,-0.381500244140625
20180906,18,40,150,40000,7192.060546875,240.199996948242,21.1988945007324,-0.960827648639679
20180907,0,40,150,40000,7176.060546875,238.385299682617,18.0989017486572,6.7626953125
20180907,6,40,150,40000,7173.13330078125,237.599975585938,19.512134552002,13.7804841995239
20180907,12,40,150,40000,7188.4306640625,236.899993896484,15.4378147125244,12.5229005813599
20180907,18,40,150,40000,7201.1875,236.892532348633,12.0977048873901,12.6000242233276
20180908,0,40,150,40000,7201.74560546875,236.599975585938,10.0381498336792,8.65654277801514
20180908,6,40,150,40000,7192.5673828125,236.699996948242,7.23545551300049,5.59360361099243
20180908,12,40,150,40000,7196.94482421875,236.699981689453,4.46424579620361,-1.19998168945313
20180908,18,40,150,40000,7187.7724609375,236.5,9.43677711486816,-2.23005366325378
20180909,0,40,150,40000,7161.62255859375,236.199996948242,8.62077617645264,-8.09940814971924
20180909,6,40,150,40000,7118.7724609375,234.899993896484,6.73839712142944,-10.180438041687
20180909,12,40,150,40000,7084.70556640625,235.199996948242,0.793542504310608,-18.384105682373
20180909,18,40,150,40000,7046.291015625,234.199996948242,8.1705150604248,-2.49631834030151
20180910,0,40,150,40000,7026.685546875,233.099975585938,5.65241718292236,-0.775790989398956
20180910,6,40,150,40000,7001.48046875,232,5.73980712890625,-0.284741222858429
20180910,12,40,150,40000,6994.9599609375,232,5.61645030975342,1.90240240097046
20180910,18,40,150,40000,6983.189453125,233.399993896484,7.91519021987915,7.86202621459961
20180911,0,40,150,40000,6977.16552734375,232.800003051758,8.11957550048828,8.60048866271973
20180911,6,40,150,40000,6958.1875,231.600006103516,6.64949655532837,3.99928593635559
20180911,12,40,150,40000,6957.94482421875,231.199996948242,3.11952519416809,2.35414433479309
20180911,18,40,150,40000,6962.84619140625,231.100006103516,-1.75919795036316,2.03701162338257
20180912,0,40,150,40000,6990.84814453125,231.285308837891,-12.172381401062,1.50005495548248
20180912,6,40,150,40000,7016.18994140625,231.199996948242,-12.8306455612183,7.17702960968018
20180912,12,40,150,40000,7043.72509765625,231.314666748047,-0.769561767578125,11.5482301712036
20180912,18,40,150,40000,7056.462890625,231.771530151367,-3.71130990982056,11.6809206008911
20180913,0,40,150,40000,7080.31103515625,232.699996948242,-1.05299067497253,12.2650394439697
20180913,6,40,150,40000,7104.28271484375,236.20002746582,3.43130493164063,25.3892116546631
20180913,12,40,150,40000,7133.4892578125,237.100006103516,7.15548706054688,19.382532119751
20180913,18,40,150,40000,7143.3955078125,237,9.95726299285889,11.7572326660156
20180914,12,40,150,40000,7149.232421875,235.999969482422,10.4422788619995,7.52528667449951
20180914,18,40,150,40000,7158.23388671875,237.599975585938,10.9138059616089,9.85761070251465
20180915,0,40,150,40000,7167.38427734375,237.199996948242,8.5998477935791,5.60150146484375
20180915,6,40,150,40000,7165.17041015625,236.399978637695,3.8553192615509,7.27097797393799
20180915,12,40,150,40000,7196.486328125,236.600006103516,2.04927968978882,11.6089839935303
20180915,18,40,150,40000,7220.97802734375,236.600006103516,-1.98156130313873,17.1846733093262
20180916,0,40,150,40000,7270.87353515625,239.699981689453,-11.7019443511963,28.0357551574707
20180916,12,40,150,40000,7356.015625,242,-3.9345703125,15.8461246490479
20180916,18,40,150,40000,7384.3642578125,242.699996948242,1.97919619083405,12.4970703125
20180917,0,40,150,40000,7406.962890625,242.800003051758,6.40003681182861,9.17806434631348
20180917,6,40,150,40000,7408.5361328125,243,7.77480173110962,5.67969989776611
20180917,12,40,150,40000,7424.958984375,242.899993896484,9.46979713439941,4.81722402572632
20180917,18,40,150,40000,7425.82080078125,242.899978637695,12.5256319046021,1.72727656364441
20180918,0,40,150,40000,7422.48193359375,242.5,10.7991304397583,-5.25110816955566
20180918,6,40,150,40000,7401.654296875,241.699996948242,12.9260349273682,-7.19401359558105
20180918,12,40,150,40000,7399.91015625,242.199981689453,10.7675905227661,-7.75453615188599
20180918,18,40,150,40000,7390.310546875,244,9.68746089935303,-10.4043607711792
20180919,0,40,150,40000,7376.6162109375,245,15.9452810287476,-10.2961235046387
20180919,6,40,150,40000,7375.08056640625,244.600006103516,14.6654081344604,-4.18002462387085
20180919,12,40,150,40000,7394.87744140625,245,10.405930519104,-4.82981443405151
20180919,18,40,150,40000,7399.8466796875,247.499969482422,9.81163597106934,-5.17738628387451
20180920,0,40,150,40000,7391.1611328125,246.699996948242,8.21372604370117,-14.7496776580811
20180920,6,40,150,40000,7354.509765625,246.899993896484,12.4866542816162,-19.7000370025635
20180920,12,40,150,40000,7327.2236328125,245.29997253418,22.1616191864014,-14.5434617996216
20180920,18,40,150,40000,7302.12353515625,244.899993896484,30.8396434783936,-17.1389694213867
20180921,0,40,150,40000,7275.40576171875,243.831695556641,36.8390655517578,-15.9633693695068
20180921,6,40,150,40000,7234.78125,242.599975585938,42.3308448791504,-12.9724369049072
20180921,12,40,150,40000,7240.99755859375,242.529144287109,42.9246215820313,-8.37425518035889
20180921,18,40,150,40000,7234.7412109375,241.885772705078,40.1137580871582,-9.9694766998291
20180922,0,40,150,40000,7235.60009765625,240.399993896484,28.8648929595947,-8.89751243591309
20180922,6,40,150,40000,7219.1611328125,241.100006103516,33.259147644043,-3.10665583610535
20180922,12,40,150,40000,7204.783203125,242.199996948242,33.3160362243652,-12.9824886322021
20180922,18,40,150,40000,7157.08984375,241.368316650391,33.1742210388184,-7.32877826690674
20180923,0,40,150,40000,7153.57861328125,239.600006103516,31.8889255523682,3.44277334213257
20180923,6,40,150,40000,7168.77734375,241.300003051758,45.5635528564453,11.2199831008911
20180923,12,40,150,40000,7223.4482421875,243.999969482422,39.958869934082,4.86819458007813
20180923,18,40,150,40000,7244.06396484375,244.399993896484,36.494213104248,2.76666259765625
20180924,0,40,150,40000,7245.759765625,245.699996948242,45.566234588623,1.80374145507813
20180924,6,40,150,40000,7210.548828125,244.899993896484,50.5899429321289,3.14464116096497
20180924,12,40,150,40000,7209.9892578125,243.29997253418,49.1369552612305,-7.3999662399292
20180924,18,40,150,40000,7154.66455078125,243.5,53.0860595703125,-17.1455879211426
20180925,0,40,150,40000,7129.20703125,245.399978637695,58.4443244934082,1.89388430118561
20180925,6,40,150,40000,7130.119140625,244.600006103516,58.2769050598145,-3.11915278434753
20180925,12,40,150,40000,7116.15625,244.5,56.9276924133301,-5.40860605239868
20180925,18,40,150,40000,7075.05322265625,241.699996948242,60.4672546386719,3.98347783088684
20180926,0,40,150,40000,7076.7099609375,238.539398193359,52.1099014282227,9.41845417022705
20180926,6,40,150,40000,7108.38671875,238.999969482422,49.2624320983887,14.2366762161255
20180926,12,40,150,40000,7168.447265625,240.699996948242,42.3826522827148,12.4071168899536
20180926,18,40,150,40000,7189.75048828125,241.699996948242,42.5618057250977,2.26674795150757
20180927,0,40,150,40000,7194.181640625,242.231689453125,43.6274604797363,-0.54836118221283
20180927,6,40,150,40000,7160.10986328125,243.300003051758,50.7543487548828,-6.18688344955444
20180927,12,40,150,40000,7140.50048828125,242.821929931641,49.9818000793457,-11.0412845611572
20180927,18,40,150,40000,7106.79638671875,242.985275268555,57.8777084350586,-6.09658813476563
20180928,0,40,150,40000,7078.0107421875,241.899993896484,54.492546081543,-2.31744384765625
20180928,6,40,150,40000,7014.658203125,239.100006103516,53.2673721313477,-1.82670903205872
20180928,12,40,150,40000,6970.7119140625,233.699996948242,33.8766555786133,6.51993417739868
20180928,18,40,150,40000,7049.46923828125,237.199996948242,11.5774660110474,30.977710723877
20180929,0,40,150,40000,7157.78759765625,237.600006103516,9.63289070129395,18.3462600708008
20180929,6,40,150,40000,7194.12255859375,238.600006103516,6.69998168945313,11.516583442688
20180929,12,40,150,40000,7240.794921875,239.075531005859,8.57706260681152,4.92194223403931
20180929,18,40,150,40000,7265.0625,239.275512695313,13.1556367874146,15.163311958313
20180930,0,40,150,40000,7333.53515625,243.699996948242,17.4608345031738,22.377965927124
20180930,6,40,150,40000,7372.919921875,246.600006103516,20.1427097320557,13.1564636230469
20180930,12,40,150,40000,7409.51171875,248.800003051758,21.2440986633301,3.48635864257813
20180930,18,40,150,40000,7414.9375,249,19.3939399719238,2.75606083869934
20181001,0,40,150,40000,7428.34228515625,249.300003051758,18.1211338043213,-1.70002436637878
20181001,6,40,150,40000,7415.81640625,248.510009765625,18.2676792144775,-4.85626220703125
20181001,12,40,150,40000,7422.3037109375,250.5,25.5465908050537,-8.43870830535889
20181001,18,40,150,40000,7413.5673828125,250.399993896484,27.5392875671387,-11.3951969146729
20181002,0,40,150,40000,7403.07861328125,249.682769775391,23.6076908111572,-12.1381893157959
20181002,6,40,150,40000,7365.650390625,250.282760620117,26.0195922851563,-18.5871028900146
20181002,12,40,150,40000,7344.7080078125,248.899993896484,29.304967880249,-19.5232906341553
20181002,18,40,150,40000,7307.6513671875,249,17.1119194030762,-24.2687740325928
20181003,0,40,150,40000,7252.91357421875,244.199996948242,36.7423210144043,-17.6993217468262
20181003,6,40,150,40000,7240.044921875,243.217239379883,38.7351570129395,-16.7582912445068
20181003,12,40,150,40000,7227.15673828125,242.199996948242,35.5101470947266,-20.0910224914551
20181003,18,40,150,40000,7208.80419921875,241.399993896484,40.8620109558105,-16.6326751708984
20181004,0,40,150,40000,7172.43505859375,240.600006103516,36.8587265014648,-23.3000183105469
20181004,6,40,150,40000,7121.884765625,239.699981689453,39.6464004516602,-23.3900413513184
20181004,12,40,150,40000,7070.33056640625,237.499969482422,30.5059814453125,-21.8441104888916
20181004,18,40,150,40000,7046.51806640625,235.300018310547,30.7438583374023,-13.6193504333496
20181005,0,40,150,40000,7036.35009765625,233.70832824707,21.8522796630859,-7.68206548690796
20181005,6,40,150,40000,6996.25146484375,233.199996948242,17.285436630249,-13.9999418258667
20181005,12,40,150,40000,6963.712890625,234.499969482422,14.9390869140625,-17.432300567627
20181005,18,40,150,40000,6881.31005859375,233.622680664063,14.3037357330322,-26.1291618347168
20181006,0,40,150,40000,6783.6875,233,16.7193908691406,-12.5824403762817
20181006,6,40,150,40000,6748.90478515625,234,22.4451351165771,4.75118160247803
20181006,12,40,150,40000,6839.61865234375,233.631805419922,28.2796058654785,8.32081317901611
20181006,18,40,150,40000,6870.7314453125,233,22.479211807251,8.53571796417236
20181007,0,40,150,40000,6897.26806640625,231.5,20.7699089050293,7.73639535903931
20181007,6,40,150,40000,6907.31396484375,231.699996948242,21.0145988464355,17.6856575012207
20181007,12,40,150,40000,6998.75732421875,237.678070068359,33.6457061767578,32.6439208984375
20181007,18,40,150,40000,7087.72265625,239.524444580078,26.624828338623,21.5587043762207
20181008,0,40,150,40000,7154.9345703125,241.800003051758,25.0705509185791,19.90478515625
20181008,6,40,150,40000,7165.578125,241.082763671875,25.6922836303711,14.5165090560913
20181008,12,40,150,40000,7222.90673828125,240.300003051758,20.388822555542,15.4122219085693
20181008,18,40,150,40000,7257.4794921875,242.699996948242,20.6881217956543,19.2044734954834
20181009,0,40,150,40000,7306.5751953125,244.300003051758,24.2946929931641,20.4750480651855
20181009,6,40,150,40000,7318.8544921875,244.800003051758,22.0201320648193,12.1633548736572
20181009,12,40,150,40000,7339.26171875,245.100006103516,22.5608177185059,9.78728008270264
20181009,18,40,150,40000,7361.51171875,247.201171875,20.4259757995605,3.47431635856628
20181010,0,40,150,40000,7356.9814453125,248.141967773438,28.4377994537354,-2.98601675033569
20181010,6,40,150,40000,7341.333984375,249,28.4877052307129,-5.16790151596069
20181010,12,40,150,40000,7325.3486328125,249.897216796875,32.0977592468262,-16.5652980804443
20181010,18,40,150,40000,7270.75244140625,248.800003051758,26.0860328674316,-21.2325077056885
20181011,0,40,150,40000,7192.6904296875,246.143585205078,44.8847198486328,-32.3489265441895
20181011,6,40,150,40000,7072.177734375,243.5,55.3211898803711,-36.1594734191895
20181011,12,40,150,40000,6984.20068359375,241.182769775391,51.9278869628906,-19.5946769714355
20181011,18,40,150,40000,6966.3857421875,236,37.6623687744141,-4.83103656768799
20181012,0,40,150,40000,6944.02734375,234.053375244141,38.6978988647461,-2.59998774528503
20181012,6,40,150,40000,6939.81494140625,237.800003051758,47.1041717529297,21.2401008605957
20181012,12,40,150,40000,7045.798828125,237.5,37.3895835876465,25.0383243560791
20181012,18,40,150,40000,7125.3212890625,238.5,34.985424041748,11.6297483444214
20181013,0,40,150,40000,7149.23193359375,238.5,34.3650283813477,11.1324520111084
20181013,6,40,150,40000,7154.2998046875,239.724456787109,37.2591514587402,10.2733402252197
20181013,12,40,150,40000,7164.380859375,241.253860473633,29.4153709411621,-2.77878427505493
20181013,18,40,150,40000,7139.02197265625,240.892532348633,32.8369903564453,0.211114495992661
20181014,0,40,150,40000,7102.02685546875,238.429153442383,28.7907066345215,3.38762807846069
20181014,6,40,150,40000,7066.0087890625,238.399993896484,18.8468322753906,6.78288555145264
20181014,12,40,150,40000,7074.60986328125,240.300003051758,24.0543022155762,8.29783344268799
20181014,18,40,150,40000,7055.18115234375,239.5,31.1419830322266,6.46326923370361
20181015,0,40,150,40000,7061.837890625,239.599975585938,28.7814083099365,11.5272035598755
20181015,6,40,150,40000,7030.60693359375,238.899993896484,30.1160163879395,5.97324848175049
20181015,12,40,150,40000,7021.46435546875,239.300003051758,33.1163215637207,5.35863018035889
20181015,18,40,150,40000,7038.01513671875,242.199996948242,53.9768295288086,17.4934387207031
20181016,0,40,150,40000,7063.24365234375,242.29997253418,43.1768379211426,14.4001770019531
20181016,6,40,150,40000,7083.0888671875,241.599975585938,39.8580551147461,17.6871337890625
20181016,12,40,150,40000,7136.646484375,242.100006103516,35.1575546264648,21.7636108398438
20181016,18,40,150,40000,7181.41796875,242.94612121582,39.5756301879883,19.088342666626
20181017,0,40,150,40000,7219.84375,242.899993896484,36.0185012817383,14.8614444732666
20181017,6,40,150,40000,7236.681640625,242.600006103516,32.5737915039063,13.7020320892334
20181017,12,40,150,40000,7262.583984375,241.79997253418,31.33154296875,9.14168071746826
20181017,18,40,150,40000,7276.85302734375,242.300003051758,27.5746459960938,2.59447026252747
20181018,0,40,150,40000,7266.69140625,241.699996948242,28.3796901702881,6.79872417449951
20181018,6,40,150,40000,7245.25048828125,241.300003051758,26.2104911804199,0.452832043170929
20181018,12,40,150,40000,7222.419921875,242.099975585938,25.456823348999,-2.7630615234375
20181018,18,40,150,40000,7186.18310546875,243.600006103516,32.348518371582,-8.34051513671875
20181019,0,40,150,40000,7131.5087890625,240.899993896484,35.3065376281738,-10.3378047943115
20181019,6,40,150,40000,7049.92333984375,237.899993896484,38.029598236084,-15.2069520950317
20181019,18,40,150,40000,7017.77490234375,237.499969482422,21.9693412780762,0.720147728919983
20181020,0,40,150,40000,7009.654296875,237.29997253418,22.1225643157959,1.76544189453125
20181020,6,40,150,40000,6974.02392578125,236.367874145508,16.8937835693359,-2.47752690315247
20181020,12,40,150,40000,6941.88134765625,234.560592651367,17.1339569091797,-4.71303701400757
20181020,18,40,150,40000,6902.703125,230.600006103516,15.2829618453979,0.293554693460464
20181021,0,40,150,40000,6891.22119140625,229.395584106445,6.22740459442139,2.85084223747253
20181021,6,40,150,40000,6905.37548828125,230.992523193359,0.307858288288116,11.4804811477661
20181021,12,40,150,40000,6978.09814453125,235.885299682617,-16.010082244873,33.5529556274414
20181021,18,40,150,40000,7075.1279296875,240.399993896484,-7.06624746322632,29.7632350921631
20181022,0,40,150,40000,7131.2568359375,242.5,1.07637333869934,20.5005226135254
20181022,6,40,150,40000,7148.3076171875,242.800003051758,8.23408222198486,8.05587768554688
20181022,12,40,150,40000,7169.57421875,241.875534057617,7.69458913803101,2.248046875
20181022,18,40,150,40000,7164.39501953125,241.578094482422,10.6914920806885,-0.897515892982483
20181023,0,40,150,40000,7141.724609375,241.743850708008,13.3561458587646,-8.97784423828125
20181023,6,40,150,40000,7078.814453125,240.085296630859,23.7689266204834,-10.7651309967041
20181023,12,40,150,40000,7008.0048828125,238.538909912109,26.6476497650146,-33.0508041381836
20181023,18,40,150,40000,6929.92333984375,233.800018310547,23.0904026031494,-11.1915588378906
20181024,0,40,150,40000,6939.29736328125,232.292526245117,13.6515626907349,6.69996356964111
20181024,6,40,150,40000,6985.4482421875,235.300003051758,12.6124086380005,10.2900266647339
20181024,12,40,150,40000,7030.59814453125,236.600006103516,16.5559997558594,13.0224609375
20181024,18,40,150,40000,7061.58740234375,237.099975585938,15.9440488815308,12.6762027740479
20181025,0,40,150,40000,7088.255859375,237.5,14.0193786621094,8.95588397979736
20181025,6,40,150,40000,7081.36328125,236.061080932617,15.8863468170166,6.92575073242188
20181025,12,40,150,40000,7090.9248046875,235.092498779297,22.3874206542969,5.50134897232056
20181025,18,40,150,40000,7077.88330078125,236.69255065918,29.2753238677979,7.99619150161743
20181026,0,40,150,40000,7050.61181640625,236.5,29.5802612304688,6.38563251495361
20181026,6,40,150,40000,7026.4814453125,233.999969482422,22.7397708892822,9.50234413146973
20181026,12,40,150,40000,7070.43701171875,235.907470703125,14.5589628219604,15.6857967376709
20181026,18,40,150,40000,7100.58544921875,236.699996948242,16.916015625,11.0595092773438
20181027,0,40,150,40000,7120.8818359375,236.843460083008,15.8631286621094,9.91312217712402
20181027,6,40,150,40000,7126.68505859375,236.782379150391,15.4418544769287,9.60002422332764
20181027,12,40,150,40000,7158.84765625,237.443481445313,16.6953277587891,10.7293758392334
20181027,18,40,150,40000,7186.68994140625,237.899978637695,13.446551322937,9.97364521026611
20181028,0,40,150,40000,7222.580078125,241.268310546875,17.1426334381104,4.3223876953125
20181028,6,40,150,40000,7230.01416015625,244,14.3751554489136,-3.64202880859375
20181028,12,40,150,40000,7239.28564453125,246.220306396484,11.8166227340698,-12.032995223999
20181028,18,40,150,40000,7231.35693359375,247.297439575195,8.69317626953125,-12.4166011810303
20181029,0,40,150,40000,7205.05126953125,245.933319091797,2.71788644790649,-10.8718814849854
20181029,6,40,150,40000,7167.51123046875,245.523040771484,-0.703118920326233,-7.79841327667236
20181029,12,40,150,40000,7156.44580078125,246.541946411133,-11.3959903717041,-0.634613037109375
20181029,18,40,150,40000,7145.6923828125,246.699996948242,-5.39879751205444,6.06969594955444
20181030,0,40,150,40000,7161.50439453125,245.699996948242,-1.40773618221283,3.59536743164063
20181030,6,40,150,40000,7159.1943359375,245,0.485702514648438,1.35115969181061
20181030,12,40,150,40000,7173.10888671875,244.399978637695,2.00089406967163,0.366766363382339
20181030,18,40,150,40000,7176.56640625,243.899993896484,-1.96808469295502,1.70916748046875
20181031,0,40,150,40000,7188.47119140625,243.513061523438,-3.99817204475403,5.70000600814819
20181031,6,40,150,40000,7200.037109375,243.70002746582,3.2884247303009,5.79669189453125
20181031,12,40,150,40000,7218.5068359375,243.699996948242,7.07076740264893,9.39926719665527
20181031,18,40,150,40000,7232.79296875,243.71305847168,10.0265560150146,18.3970336914063
20181101,0,40,150,40000,7265.40478515625,243.840530395508,9.21535682678223,21.1666259765625
20181101,6,40,150,40000,7277.96875,244.600006103516,5.7073974609375,11.1970882415771
20181101,12,40,150,40000,7290.99609375,245.800003051758,23.7264232635498,6.00025367736816
20181101,18,40,150,40000,7278.9306640625,246.037261962891,13.9153499603271,-6.05011606216431
20181102,0,40,150,40000,7263.66455078125,246.699996948242,16.3851680755615,-7.31502056121826
20181102,6,40,150,40000,7205.5361328125,247.099975585938,0.800866723060608,-12.314416885376
20181102,12,40,150,40000,7146.16943359375,245.318878173828,1.67991638183594,-20.4625129699707
20181102,18,40,150,40000,7061.39892578125,243.049224853516,-8.15329933166504,-21.3674507141113
20181103,0,40,150,40000,6999.01513671875,240.884521484375,-1.87304079532623,-16.897632598877
20181103,6,40,150,40000,6978.35009765625,238.699996948242,19.437707901001,-0.957055687904358
20181103,12,40,150,40000,6967.796875,239.211700439453,30.9149131774902,-5.90412616729736
20181103,18,40,150,40000,6946.759765625,238.300003051758,33.2252197265625,0.225134283304214
20181104,0,40,150,40000,6967.220703125,237.5,29.3550148010254,-0.998876929283142
20181104,6,40,150,40000,6970.3837890625,237.236373901367,24.6145572662354,-5.57352924346924
20181104,12,40,150,40000,6993.5751953125,237.300003051758,20.7141265869141,-4.38878154754639
20181104,18,40,150,40000,7000.00146484375,237.899978637695,20.3073425292969,-2.54180908203125
20181105,0,40,150,40000,7047.728515625,239.599975585938,6.55564260482788,11.3055782318115
20181105,6,40,150,40000,7082.20556640625,240.899993896484,14.0060367584229,7.40550518035889
20181105,12,40,150,40000,7104.111328125,242.124465942383,14.6523008346558,11.7001647949219
20181105,18,40,150,40000,7149.45556640625,240.399993896484,18.9803524017334,26.8710823059082
20181106,0,40,150,40000,7239.24169921875,244,24.0212802886963,28.7547855377197
20181106,6,40,150,40000,7261.939453125,244.508392333984,26.503734588623,11.9342956542969
20181106,12,40,150,40000,7268.021484375,244.45654296875,27.6789150238037,1.73101198673248
20181106,18,40,150,40000,7257.3076171875,243.6005859375,34.8817825317383,-4.59984111785889
20181107,0,40,150,40000,7218.228515625,242.949188232422,39.3420028686523,-10.8731327056885
20181107,6,40,150,40000,7150.55810546875,240.369537353516,43.0306625366211,-12.3522825241089
20181107,12,40,150,40000,7104.1201171875,238.232330322266,41.1335144042969,-9.08940410614014
20181107,18,40,150,40000,7098.8330078125,235.605026245117,34.5894737243652,-9.75673866271973
20181108,0,40,150,40000,7061.1513671875,233.725921630859,22.1734981536865,-4.41911602020264
20181108,6,40,150,40000,7058.84814453125,232.837768554688,10.1815366744995,9.64541053771973
20181108,12,40,150,40000,7162.60205078125,239.408782958984,4.14659118652344,33.320140838623
20181108,18,40,150,40000,7270.798828125,242.5,8.44572162628174,25.7560005187988
20181109,0,40,150,40000,7341.76416015625,244.363616943359,11.834924697876,13.4601564407349
20181109,6,40,150,40000,7360.69873046875,245.300003051758,15.806170463562,8.87110614776611
20181109,12,40,150,40000,7382.46923828125,246.399993896484,18.5732421875,8.11564636230469
20181109,18,40,150,40000,7388.90234375,246.727569580078,22.50461769104,4.72926616668701
20181110,0,40,150,40000,7374.9189453125,246.899993896484,25.3981075286865,2.86037588119507
20181110,6,40,150,40000,7345.5693359375,247,27.1427249908447,1.45385134220123
20181110,12,40,150,40000,7333.634765625,246.699996948242,27.7884426116943,-0.199993893504143
20181110,18,40,150,40000,7318.28955078125,247.082244873047,33.1305236816406,-0.299224853515625
20181111,0,40,150,40000,7296.615234375,246.499969482422,36.9625930786133,1.46768188476563
20181111,6,40,150,40000,7255.61767578125,246.800003051758,36.7924613952637,-1.60631108283997
20181111,12,40,150,40000,7225.4873046875,245.614715576172,47.463321685791,0.618963599205017
20181111,18,40,150,40000,7211.41357421875,243.699996948242,30.8302974700928,2.92059326171875
20181112,0,40,150,40000,7188.8349609375,241.600006103516,20.8928413391113,7.13566303253174
20181112,6,40,150,40000,7173.08935546875,240.944976806641,24.4974479675293,9.97343158721924
20181112,12,40,150,40000,7181.408203125,241.999969482422,22.0505714416504,15.4415283203125
20181112,18,40,150,40000,7209.568359375,244.206954956055,18.091796875,19.0522346496582
20181113,0,40,150,40000,7276.76611328125,243.5,4.76496601104736,22.9510898590088
20181113,6,40,150,40000,7299.30419921875,243.800003051758,13.7391481399536,10.4038820266724
20181113,12,40,150,40000,7300.57666015625,243.578048706055,21.3732509613037,15.9138431549072
20181113,18,40,150,40000,7319.787109375,247.524459838867,24.854284286499,25.2923526763916
20181114,0,40,150,40000,7332.564453125,249.199981689453,29.3642063140869,21.076379776001
20181114,6,40,150,40000,7319.798828125,248.300003051758,26.7295436859131,20.9264640808105
20181114,12,40,150,40000,7336.42236328125,248.907348632813,26.3555335998535,20.770923614502
20181114,18,40,150,40000,7363.9326171875,249.399993896484,15.8444337844849,11.9834871292114
20181115,0,40,150,40000,7384.72998046875,252,14.7682313919067,12.9266357421875
20181115,6,40,150,40000,7374.40673828125,253.499969482422,17.5853328704834,-1.54764103889465
20181115,12,40,150,40000,7365.1162109375,253.899993896484,17.2137298583984,-9.99274635314941
20181115,18,40,150,40000,7301.45947265625,251.365264892578,34.9539947509766,-26.3320560455322
20181116,0,40,150,40000,7264.1376953125,247.946136474609,24.8355159759521,-6.52463674545288
20181116,6,40,150,40000,7264.5576171875,247.399993896484,24.2220706939697,-7.92293071746826
20181116,12,40,150,40000,7249.37548828125,247.277801513672,25.3028049468994,-16.6403923034668
20181116,18,40,150,40000,7183.40380859375,246.100006103516,38.6167488098145,-30.2913780212402
20181117,0,40,150,40000,7077.81201171875,241.699981689453,31.0917167663574,-21.2229270935059
20181117,6,40,150,40000,7071.88623046875,234.100006103516,14.4999084472656,0.53558349609375
20181117,12,40,150,40000,7120.41943359375,235.754028320313,17.8538875579834,7.68463134765625
20181117,18,40,150,40000,7220.1025390625,242.100006103516,25.8697471618652,19.952184677124
20181118,0,40,150,40000,7299.00830078125,244.759841918945,30.7907066345215,9.45998573303223
20181118,6,40,150,40000,7324.65625,245.811645507813,30.8487281799316,2.65886235237122
20181118,12,40,150,40000,7350.87890625,248.300003051758,32.7617797851563,-6.46511840820313
20181118,18,40,150,40000,7346.619140625,251.100006103516,28.6347465515137,-5.59993267059326
20181119,0,40,150,40000,7322.14111328125,251.800003051758,27.7364196777344,-14.7196168899536
20181119,6,40,150,40000,7237.81005859375,250.699996948242,28.9921264648438,-30.7043704986572
20181119,12,40,150,40000,7089.55517578125,247.099975585938,44.8116645812988,-45.197998046875
20181119,18,40,150,40000,7113.8544921875,243.5,49.529914855957,-16.3349494934082
20181120,0,40,150,40000,7113.4375,243.701950073242,45.3387985229492,-10.3999691009521
20181120,6,40,150,40000,7168.10205078125,241.899978637695,23.1372985839844,6.90145254135132
20181120,12,40,150,40000,7239.4912109375,242.600006103516,22.0222663879395,2.3682861328125
20181120,18,40,150,40000,7260.345703125,243,22.9797554016113,-2.50418090820313
20181121,0,40,150,40000,7274.56005859375,243.300003051758,23.3056144714355,-1.00001835823059
20181121,6,40,150,40000,7272.89697265625,243.300003051758,24.2808628082275,5.26914072036743
20181121,12,40,150,40000,7307.75634765625,245.5,20.8699607849121,2.60112309455872
20181121,18,40,150,40000,7341.34521484375,246.600006103516,16.7864112854004,12.5466918945313
20181122,0,40,150,40000,7368.580078125,247.199996948242,19.3886203765869,16.0295715332031
20181122,6,40,150,40000,7416.2314453125,248,16.291919708252,13.4955320358276
20181122,12,40,150,40000,7463.7568359375,249.90266418457,15.6967315673828,9.45969867706299
20181122,18,40,150,40000,7485.17041015625,250.728713989258,14.3531551361084,5.91304922103882
20181123,0,40,150,40000,7488.3232421875,251.00537109375,15.1008787155151,-1.20005488395691
20181123,6,40,150,40000,7462.03955078125,251.33332824707,19.1915836334229,-2.90001821517944
20181123,12,40,150,40000,7449.5205078125,250.747772216797,20.9172058105469,-4.47880840301514
20181123,18,40,150,40000,7439.8701171875,248.959442138672,27.0464744567871,-1.95393061637878
20181124,0,40,150,40000,7430.28564453125,248.073852539063,25.2485542297363,-0.2442626953125
20181124,6,40,150,40000,7416.40771484375,248.062286376953,26.3897590637207,0.046600341796875
20181124,12,40,150,40000,7424.05419921875,247.879730224609,26.0618782043457,1.84130251407623
20181124,18,40,150,40000,7444.35791015625,248.460662841797,21.7217407226563,4.00258493423462
20181125,0,40,150,40000,7457.345703125,248.47248840332,14.8976993560791,2.69303274154663
20181125,6,40,150,40000,7463.298828125,248.5,18.7547721862793,2.57087707519531
20181125,12,40,150,40000,7485.5732421875,250.072463989258,17.1833686828613,-1.04721677303314
20181125,18,40,150,40000,7493.896484375,250.672485351563,16.1781158447266,-11.2515525817871
20181126,0,40,150,40000,7477.70361328125,250.699996948242,14.594596862793,-20.7211666107178
20181126,6,40,150,40000,7435.7470703125,250.840545654297,19.2132873535156,-22.2967948913574
20181126,12,40,150,40000,7402.419921875,251.300003051758,18.4874324798584,-29.1641998291016
20181126,18,40,150,40000,7374.5849609375,248.600006103516,32.4383354187012,-26.0359802246094
20181127,0,40,150,40000,7368.69677734375,246.5,33.3467903137207,-19.219518661499
20181127,6,40,150,40000,7360.08935546875,245.199996948242,24.9595756530762,-18.6177921295166
20181127,12,40,150,40000,7349.67822265625,245.072509765625,23.7837066650391,-23.5070991516113
20181127,18,40,150,40000,7326.353515625,242.199996948242,20.8494071960449,-9.67857456207275
20181128,0,40,150,40000,7327.568359375,241.47868347168,17.7985324859619,-3.27886724472046
20181128,6,40,150,40000,7317.03857421875,241.600021362305,16.3451118469238,-0.924760758876801
20181128,12,40,150,40000,7325.634765625,242.020904541016,16.7367916107178,-0.827729463577271
20181128,18,40,150,40000,7315.4736328125,242,15.0508642196655,1.01980471611023
20181129,0,40,150,40000,7298.9658203125,240.8896484375,15.916784286499,3.80171513557434
20181129,6,40,150,40000,7279.31494140625,240.80387878418,17.599142074585,6.48162841796875
20181129,12,40,150,40000,7287.03955078125,242,14.9287748336792,9.20004844665527
20181129,18,40,150,40000,7286.576171875,242.399993896484,11.6443433761597,6.34960460662842
20181130,0,40,150,40000,7282.78076171875,242.600006103516,11.6584005355835,2.65225577354431
20181130,6,40,150,40000,7257.15234375,241.699996948242,8.18143844604492,-3.46166014671326
20181130,12,40,150,40000,7251.572265625,242.021026611328,8.59221172332764,-2.29614734649658
20181130,18,40,150,40000,7240.39892578125,242.433502197266,2.4846019744873,-1.08113276958466
20181201,0,40,150,40000,7233.01513671875,241.984649658203,-2.03863835334778,-1.56870722770691
20181201,6,40,150,40000,7223.50830078125,241.41877746582,-0.216265872120857,3.01435542106628
20181201,12,40,150,40000,7235.75830078125,241.699996948242,-3.00008249282837,1.8018798828125
20181201,18,40,150,40000,7237.95556640625,241.440551757813,-2.72233581542969,3.60670161247253
20181202,0,40,150,40000,7246.11669921875,241.194427490234,-4.08523559570313,3.29599618911743
20181202,6,40,150,40000,7232.28173828125,241.391082763672,-3.29584360122681,1.60022580623627
20181202,12,40,150,40000,7249.6982421875,241.826095581055,0.397579967975616,-3.353271484375
20181202,18,40,150,40000,7255.537109375,242.216217041016,1.70459294319153,-1.73079228401184
20181203,0,40,150,40000,7253.31884765625,242.227508544922,-0.356106579303741,0.313317865133286
20181203,6,40,150,40000,7235.525390625,242.112762451172,-0.0981323271989822,1.97995603084564
20181203,12,40,150,40000,7249.751953125,242.399993896484,1.45847165584564,3.10680532455444
20181203,18,40,150,40000,7252.119140625,242.633697509766,3.02673959732056,2.07298588752747
20181204,0,40,150,40000,7256.75,242.424560546875,2.50986337661743,0.910290539264679
20181204,6,40,150,40000,7244.6787109375,242.885375976563,6.71365356445313,1.9400634765625
20181204,12,40,150,40000,7251.21435546875,243.013275146484,6.44148254394531,1.10534060001373
20181204,18,40,150,40000,7257.345703125,243.399932861328,10.1814756393433,1.29973149299622
20181205,0,40,150,40000,7253.41015625,242.899978637695,2.40371704101563,0.199987798929214
20181205,6,40,150,40000,7237.16015625,242.514617919922,2.97054147720337,-1.202392578125
20181205,12,40,150,40000,7248.68798828125,243.199996948242,3.56467890739441,-2.38394165039063
20181205,18,40,150,40000,7251.74267578125,244.002410888672,15.0267972946167,-1.03933715820313
20181206,0,40,150,40000,7252.0556640625,245.000030517578,14.183856010437,-4.42269277572632
20181206,6,40,150,40000,7206.80126953125,244.910736083984,9.23602867126465,-14.4969120025635
20181206,12,40,150,40000,7151.18798828125,242.828979492188,1.53400266170502,-12.1126098632813
20181206,18,40,150,40000,7126.8212890625,243.427978515625,9.86567401885986,-4.12885141372681
20181207,0,40,150,40000,7150.375,244.66145324707,18.8597717285156,-6.86278676986694
20181207,6,40,150,40000,7123.4375,243.371780395508,17.9251518249512,-12.2199277877808
20181207,12,40,150,40000,7099.27294921875,243.267852783203,14.1974611282349,-23.0835075378418
20181207,18,40,150,40000,6984.3720703125,239.600021362305,10.0034980773926,-26.3193511962891
20181208,0,40,150,40000,6962.0205078125,237.851348876953,5.08858871459961,-11.3328323364258
20181208,6,40,150,40000,6944.29638671875,239.013885498047,11.3214550018311,13.9107227325439
20181208,12,40,150,40000,7010.6435546875,241.004470825195,22.1154556274414,-1.64426755905151
20181208,18,40,150,40000,7002.49267578125,239.518356323242,18.713939666748,4.46260070800781
20181209,0,40,150,40000,7061.1181640625,240,16.4799976348877,11.1667623519897
20181209,6,40,150,40000,7125.728515625,243.60400390625,13.8606052398682,39.8929557800293
20181209,12,40,150,40000,7263.69140625,246.899993896484,17.5446586608887,29.1298046112061
20181209,18,40,150,40000,7336.81396484375,245.791412353516,26.4722347259521,18.4427070617676
20181210,0,40,150,40000,7370.25146484375,245.715789794922,31.9749145507813,13.6248168945313
20181210,6,40,150,40000,7388.58984375,244.88883972168,28.0778865814209,10.2375059127808
20181210,12,40,150,40000,7412.88818359375,244.826751708984,23.5532894134521,7.36977529525757
20181210,18,40,150,40000,7439.24609375,245.699981689453,20.3708400726318,5.48496723175049
20181211,0,40,150,40000,7457.02685546875,246.876953125,17.0999202728271,2.27546381950378
20181211,6,40,150,40000,7433.09228515625,247.254974365234,21.3416957855225,-10.5892581939697
20181211,12,40,150,40000,7414.11767578125,246.472442626953,19.0999946594238,-14.4293823242188
20181211,18,40,150,40000,7356.81396484375,245.306762695313,21.2810249328613,-22.1155090332031
20181212,0,40,150,40000,7289.63818359375,244.680938720703,26.1512203216553,-6.54900217056274
20181212,6,40,150,40000,7296.85498046875,245.100006103516,31.5851287841797,18.5921726226807
20181212,12,40,150,40000,7347.98291015625,247.385589599609,29.2344818115234,14.2078456878662
20181212,18,40,150,40000,7362.20703125,249.287872314453,29.2866363525391,1.41852414608002
20181213,0,40,150,40000,7347.10986328125,250.7275390625,23.6482696533203,-5.58364868164063
20181213,6,40,150,40000,7269.12646484375,249.229156494141,40.9310302734375,-22.2267513275146
20181213,12,40,150,40000,7167.87451171875,244.300003051758,36.3957786560059,-11.0238590240479
20181213,18,40,150,40000,7155.7392578125,242.900024414063,19.5444221496582,3.4542236328125
20181214,0,40,150,40000,7161.9755859375,242.020263671875,18.3915500640869,4.86646747589111
20181214,6,40,150,40000,7181.17822265625,241.100006103516,12.3925533294678,9.68089580535889
20181214,12,40,150,40000,7213.85205078125,240.121658325195,14.1172361373901,15.900860786438
20181214,18,40,150,40000,7301.033203125,245.399993896484,5.12746572494507,32.9214057922363
20181215,0,40,150,40000,7397.90771484375,248.100006103516,10.8714542388916,20.3003597259521
20181215,6,40,150,40000,7416.822265625,248.960372924805,12.1041259765625,7.62939453125
20181215,12,40,150,40000,7426.38134765625,252.513092041016,22.7127227783203,2.57369995117188
20181215,18,40,150,40000,7422.685546875,251.304977416992,29.2002754211426,-1.07106626033783
20181216,0,40,150,40000,7377.26123046875,248.499969482422,38.103141784668,-15.6871795654297
20181216,6,40,150,40000,7263.65771484375,248.199981689453,59.2503471374512,-17.0658416748047
20181216,12,40,150,40000,7264.2294921875,244.900024414063,45.5442886352539,-0.239871218800545
20181216,18,40,150,40000,7290.53076171875,244.300003051758,33.2284660339355,8.61945533752441
20181217,0,40,150,40000,7324.5068359375,246.600006103516,27.5321140289307,9.25693988800049
20181217,6,40,150,40000,7328.9091796875,246.800003051758,20.9862480163574,9.50004291534424
20181217,12,40,150,40000,7368.9150390625,248.204391479492,16.9222927093506,7.64479970932007
20181217,18,40,150,40000,7389.5830078125,250.84114074707,21.518726348877,0.217437744140625
20181218,0,40,150,40000,7376.994140625,251.073928833008,31.90456199646,-2.8067626953125
20181218,6,40,150,40000,7339.29052734375,250.73486328125,40.3050384521484,-5.67780160903931
20181218,12,40,150,40000,7317.7783203125,251.187744140625,36.2916679382324,-14.7894039154053
