20180720,0,13,-114,40000,7568.85302734375,257.600006103516,-7.4973726272583,-2.78466796875
20180720,6,13,-114,40000,7590.85498046875,256.885284423828,-8.03989219665527,-6.92277812957764
20180720,12,13,-114,40000,7586.37353515625,256.799987792969,-4.32316303253174,-7.88837289810181
20180720,18,13,-114,40000,7595.45068359375,256.985290527344,0.0757995620369911,-6.31113290786743
20180721,0,13,-114,40000,7584.00634765625,257.614685058594,1.91327512264252,-1.22066652774811
20180721,6,13,-114,40000,7606.0263671875,258.299987792969,-2.03490591049194,-1.98386228084564
20180721,12,13,-114,40000,7596.6279296875,258.700012207031,-3.01732778549194,-2.59548950195313
20180721,18,13,-114,40000,7605.89794921875,258.299987792969,-4.13057851791382,-3.60386347770691
20180722,0,13,-114,40000,7595.69921875,257.799987792969,-4.05118417739868,-5.13862323760986
20180722,6,13,-114,40000,7607.671875,257.799987792969,-3.70851445198059,-5.58722543716431
20180722,12,13,-114,40000,7595.77490234375,258.399993896484,-5.06178569793701,-10.5357608795166
20180722,18,13,-114,40000,7598.00048828125,258.700012207031,-5.09509897232056,-12.4696836471558
20180723,0,13,-114,40000,7581.20166015625,258.499969482422,-3.18829345703125,-13.0084047317505
20180723,6,13,-114,40000,7592.6923828125,258.999969482422,-3.76670217514038,-13.5856075286865
20180723,12,13,-114,40000,7581.93994140625,259.600006103516,-2.84742426872253,-12.7035312652588
20180723,18,13,-114,40000,7582.00390625,259.037750244141,-2.47225332260132,-9.66022968292236
20180724,0,13,-114,40000,7571.359375,258.700012207031,-1.1878662109375,-9.99566650390625
20180724,6,13,-114,40000,7587.94482421875,259.299987792969,0.619732677936554,-8.41623497009277
20180724,12,13,-114,40000,7582.173828125,259.799987792969,1.42041742801666,-5.7660984992981
20180724,18,13,-114,40000,7582.4794921875,258.298492431641,3.35995125770569,-2.31901359558105
20180725,0,13,-114,40000,7578.81396484375,257.100036621094,1.29941713809967,-5.04782104492188
20180725,6,13,-114,40000,7593.02490234375,257.700012207031,0.586962878704071,-7.83550405502319
20180725,12,13,-114,40000,7587.47119140625,258.286041259766,4.13601684570313,-5.34141254425049
20180725,18,13,-114,40000,7595.787109375,256.899993896484,4.70292949676514,-3.10402345657349
20180726,0,13,-114,40000,7584.564453125,256.468322753906,6.82509756088257,0.605126976966858
20180726,6,13,-114,40000,7602.72998046875,256.331695556641,6.14330101013184,-1.04258787631989
20180726,12,13,-114,40000,7591.84326171875,256.200012207031,8.89856910705566,-1.30246090888977
20180726,18,13,-114,40000,7591.6669921875,255.167877197266,9.62934303283691,0.340693354606628
20180727,0,13,-114,40000,7575.40380859375,254.800003051758,8.59498310089111,0.719038069248199
20180727,6,13,-114,40000,7590.03271484375,255.100006103516,8.11453342437744,-0.880297839641571
20180727,12,13,-114,40000,7582.27734375,254.775192260742,11.8598661422729,-1.16284668445587
20180727,18,13,-114,40000,7587.13671875,254.0771484375,12.38330078125,-0.965849637985229
20180728,0,13,-114,40000,7570.447265625,253.099975585938,10.9477396011353,-1.14759767055511
20180728,6,13,-114,40000,7583.6142578125,253.699996948242,9.86674785614014,-0.284575194120407
20180728,12,13,-114,40000,7570.6982421875,254.100006103516,10.7655906677246,0.968796372413635
20180728,18,13,-114,40000,7573.4931640625,254.085739135742,13.7163276672363,3.75746083259583
20180729,0,13,-114,40000,7559.3701171875,254.699996948242,12.7233743667603,6.39584970474243
20180729,6,13,-114,40000,7576.94140625,255.600006103516,10.7657375335693,5.33590841293335
20180729,12,13,-114,40000,7566.3837890625,255.600006103516,10.3377342224121,2.91976571083069
20180729,18,13,-114,40000,7572.02001953125,254.600006103516,11.9376707077026,2.42437505722046
20180730,0,13,-114,40000,7553.5341796875,253.645309448242,11.200644493103,2.81953120231628
20180730,6,13,-114,40000,7567.1513671875,254.036224365234,10.385910987854,2.41610360145569
20180730,12,13,-114,40000,7561.380859375,255.114700317383,10.6927642822266,2.80672597885132
20180730,18,13,-114,40000,7567.35888671875,256.021911621094,12.1995267868042,4.70934581756592
20180731,0,13,-114,40000,7550.1435546875,256.892517089844,11.7550020217896,6.15859365463257
20180731,6,13,-114,40000,7571.09814453125,256.799987792969,11.3824892044067,3.49736332893372
20180731,12,13,-114,40000,7560.61181640625,255.947235107422,17.037633895874,2.00554203987122
20180731,18,13,-114,40000,7567,255.100677490234,11.6720943450928,-1.09096682071686
20180801,0,13,-114,40000,7551.33447265625,257.060607910156,7.09732055664063,-6.25319528579712
20180801,6,13,-114,40000,7568.58251953125,258.086029052734,2.45011591911316,-10.4419345855713
20180801,12,13,-114,40000,7560.60009765625,258.300231933594,0.573114037513733,-12.5689754486084
20180801,18,13,-114,40000,7573.56103515625,256.899993896484,-2.97361135482788,-12.3249940872192
20180802,0,13,-114,40000,7560.76611328125,257.100006103516,-3.78886723518372,-13.7985048294067
20180802,6,13,-114,40000,7574.201171875,257.299987792969,-5.9495210647583,-15.1019039154053
20180802,12,13,-114,40000,7572.20263671875,254.899993896484,-5.4169282913208,-14.5650386810303
20180802,18,13,-114,40000,7582.28955078125,255.100006103516,-4.24275207519531,-13.4819822311401
20180803,0,13,-114,40000,7571.7685546875,254.692535400391,-2.76068115234375,-12.6026487350464
20180803,6,13,-114,40000,7596.619140625,255.238922119141,0.244342043995857,-11.6939821243286
20180803,12,13,-114,40000,7593.1455078125,256,1.00638735294342,-10.2532405853271
20180803,18,13,-114,40000,7600.583984375,256.121917724609,3.02739572525024,-8.17327880859375
20180804,0,13,-114,40000,7585.87353515625,256.299987792969,2.18272709846497,-7.80106210708618
20180804,6,13,-114,40000,7600.55126953125,256.299987792969,0.528009057044983,-6.43985605239868
20180804,12,13,-114,40000,7592.82568359375,256.099975585938,-1.12951052188873,-4.70007610321045
20180804,18,13,-114,40000,7604.92236328125,255.507476806641,-0.695068359375,-5.46788930892944
20180805,0,13,-114,40000,7593.7470703125,255.800003051758,1.59651792049408,-2.15125131607056
20180805,6,13,-114,40000,7612.1591796875,256.100006103516,1.65613102912903,0.294073492288589
20180805,12,13,-114,40000,7604.42236328125,256.706970214844,1.16826474666595,1.66864323616028
20180805,18,13,-114,40000,7610.39013671875,256.653381347656,-0.359995126724243,2.25558590888977
20180806,0,13,-114,40000,7597.6279296875,256.399993896484,0.171084597706795,3.14680790901184
20180806,6,13,-114,40000,7613.35009765625,257.051696777344,0.927016615867615,5.50056648254395
20180806,12,13,-114,40000,7604.07421875,257.112457275391,-0.568903803825378,4.39204120635986
20180806,18,13,-114,40000,7606.458984375,256.585632324219,-2.05990242958069,3.0554735660553
20180807,0,13,-114,40000,7587.462890625,256.58740234375,-1.83587408065796,4.15439462661743
20180807,6,13,-114,40000,7598.748046875,256.999969482422,-1.83683109283447,3.20708990097046
20180807,12,13,-114,40000,7584.10791015625,257.050811767578,-0.204118654131889,4.3597559928894
20180807,18,13,-114,40000,7589.93115234375,257.100006103516,1.67173588275909,2.18958497047424
20180808,0,13,-114,40000,7573.373046875,256.5,3.73004770278931,1.02219235897064
20180808,6,13,-114,40000,7583.30859375,256.670837402344,4.05696725845337,-0.7452392578125
20180808,12,13,-114,40000,7571.421875,257.090545654297,4.83638286590576,0.10589599609375
20180808,18,13,-114,40000,7581.462890625,257.31005859375,3.45448303222656,0.161901861429214
20180809,0,13,-114,40000,7571.31103515625,257.357574462891,-0.291754156351089,1.63363647460938
20180809,6,13,-114,40000,7592.4443359375,257.799987792969,-6.29032611846924,4.05350351333618
20180809,12,13,-114,40000,7585.7431640625,258.010009765625,-9.13391399383545,4.21755361557007
20180809,18,13,-114,40000,7596.771484375,257.083557128906,-11.532262802124,4.38985586166382
20180810,0,13,-114,40000,7587.51611328125,256.799987792969,-11.5225734710693,2.254638671875
20180810,6,13,-114,40000,7608.0107421875,257.437591552734,-10.9441471099854,2.23070073127747
20180810,12,13,-114,40000,7602.47314453125,257.299987792969,-12.3000822067261,2.72776484489441
20180810,18,13,-114,40000,7613.48681640625,257.002014160156,-13.5882139205933,3.57791757583618
20180811,0,13,-114,40000,7597.552734375,256.443603515625,-14.0323305130005,4.60599374771118
20180811,6,13,-114,40000,7614.3857421875,256.110046386719,-14.3169765472412,3.43267822265625
20180811,12,13,-114,40000,7609.1787109375,256.200012207031,-14.0999879837036,2.97395014762878
20180811,18,13,-114,40000,7622.8564453125,256.743591308594,-10.7091121673584,2.45556020736694
20180812,0,13,-114,40000,7608.62890625,256.799987792969,-8.7673921585083,5.92640066146851
20180812,6,13,-114,40000,7623.9404296875,257.100006103516,-6.99563312530518,4.72714233398438
20180812,12,13,-114,40000,7604.7685546875,257.299987792969,-5.24259328842163,6.00574970245361
20180812,18,13,-114,40000,7613.86572265625,257.100006103516,-4.67121267318726,6.46700429916382
20180813,0,13,-114,40000,7596.3037109375,256.711639404297,-2.09999990463257,7.29026508331299
20180813,6,13,-114,40000,7611.06396484375,256.299987792969,-0.598214745521545,8.36831665039063
20180813,12,13,-114,40000,7597.90478515625,256.436431884766,3.06531381607056,10.174840927124
20180813,18,13,-114,40000,7593.30517578125,256.682769775391,6.56739521026611,10.0901002883911
20180814,0,13,-114,40000,7564.8193359375,256.870849609375,5.77474594116211,8.05813503265381
20180814,6,13,-114,40000,7572.400390625,257.022155761719,3.02942872047424,7.63841819763184
20180814,12,13,-114,40000,7565.744140625,257.200012207031,-0.252050787210464,9.86550807952881
20180814,18,13,-114,40000,7581.81005859375,257.299987792969,-5.60924053192139,11.1883201599121
20180815,0,13,-114,40000,7573.18798828125,256.700012207031,-11.5056228637695,12.9176559448242
20180815,6,13,-114,40000,7593.00048828125,257.899993896484,-11.1940746307373,4.8755955696106
20180815,12,13,-114,40000,7587.67041015625,258.229156494141,-7.86738300323486,0.718271493911743
20180815,18,13,-114,40000,7597.826171875,258.229156494141,-3.38132572174072,-0.708818376064301
20180816,0,13,-114,40000,7593.13916015625,258.290679931641,-1.45716547966003,0.804272472858429
20180816,6,13,-114,40000,7612.73193359375,258.600006103516,-0.905346691608429,-0.651147484779358
20180816,12,13,-114,40000,7601.5966796875,258.600006103516,-1.24068355560303,1.50137209892273
20180816,18,13,-114,40000,7601.69677734375,258.492004394531,-2.60329341888428,2.04729008674622
20180817,0,13,-114,40000,7580.55419921875,258.100006103516,-4.75830554962158,4.01394033432007
20180817,6,13,-114,40000,7594.267578125,258.104431152344,-4.26819562911987,1.23928713798523
20180817,12,13,-114,40000,7583.9462890625,258.349182128906,-2.49541020393372,0.560943603515625
20180817,18,13,-114,40000,7589.3330078125,257.600006103516,-2.42240595817566,-0.616580188274384
20180818,0,13,-114,40000,7569.89892578125,257.214782714844,-0.537280261516571,-1.17086791992188
20180818,6,13,-114,40000,7588.26171875,257.5,-0.966833472251892,1.33951723575592
20180818,12,13,-114,40000,7585.62548828125,257.484191894531,-0.696535646915436,2.03901362419128
20180818,18,13,-114,40000,7591.09814453125,257.799987792969,0.0233978275209665,1.75740969181061
20180819,0,13,-114,40000,7572.75390625,258.499969482422,1.14836919307709,3.6610643863678
20180819,6,13,-114,40000,7587.24169921875,258.399963378906,-0.0700292959809303,4.54577159881592
20180819,12,13,-114,40000,7580.56005859375,258.799987792969,-0.537617206573486,2.39825201034546
20180819,18,13,-114,40000,7588.9755859375,258.721923828125,-1.04824459552765,3.2861864566803
20180820,0,13,-114,40000,7577.69189453125,258.399963378906,-1.06743657588959,3.34629392623901
20180820,6,13,-114,40000,7595.2451171875,258.546112060547,-0.422810047864914,1.25662112236023
20180820,12,13,-114,40000,7586.14501953125,258.499969482422,1.93375980854034,0.861464858055115
20180820,18,13,-114,40000,7593.61376953125,257.799987792969,1.51837396621704,2.47106456756592
20180821,0,13,-114,40000,7572.19580078125,257.199981689453,2.68141841888428,3.60978031158447
20180821,6,13,-114,40000,7586.982421875,256.853851318359,3.1503221988678,4.85760736465454
20180821,12,13,-114,40000,7579.61376953125,256.946105957031,4.54220724105835,3.91495609283447
20180821,18,13,-114,40000,7584.3466796875,256.899993896484,4.54790019989014,3.24682140350342
20180822,0,13,-114,40000,7558.58203125,257.200012207031,6.16880512237549,1.46282958984375
20180822,6,13,-114,40000,7569.67431640625,256.700256347656,7.11327838897705,0.231884762644768
20180822,12,13,-114,40000,7562.6298828125,256.199768066406,8.33045673370361,1.60460209846497
20180822,18,13,-114,40000,7570.763671875,256.346130371094,8.65678119659424,4.20675039291382
20180823,0,13,-114,40000,7552.30615234375,256.107482910156,6.49288940429688,3.01328134536743
20180823,6,13,-114,40000,7570.37255859375,256.407470703125,4.08954763412476,0.746972680091858
20180823,12,13,-114,40000,7561.73486328125,257,4.97836303710938,-1.22317504882813
20180823,18,13,-114,40000,7576.90478515625,257.299987792969,4.60964679718018,-1.013916015625
20180824,0,13,-114,40000,7565.53564453125,256.700012207031,4.99097299575806,-2.9827880859375
20180824,6,13,-114,40000,7589.65625,257,6.52989196777344,-3.26730966567993
20180824,12,13,-114,40000,7580.9501953125,257.185302734375,8.2450590133667,-1.92138063907623
20180824,18,13,-114,40000,7589.57080078125,256.899963378906,7.92545175552368,1.06727290153503
20180825,0,13,-114,40000,7572.431640625,256.999969482422,3.62632441520691,2.67692875862122
20180825,6,13,-114,40000,7586.79833984375,256.799987792969,-3.80007314682007,5.21668720245361
20180825,12,13,-114,40000,7577.20263671875,256.899993896484,-3.59514760971069,6.42528676986694
20180825,18,13,-114,40000,7577.1513671875,256.600006103516,-3.69361877441406,6.46136474609375
20180826,0,13,-114,40000,7558.40673828125,257.299987792969,-1.98916625976563,6.03065776824951
20180826,6,13,-114,40000,7572.80859375,257.799987792969,-1.18422853946686,6.01587533950806
20180826,12,13,-114,40000,7561.37939453125,257.768310546875,1.05330204963684,5.77101421356201
20180826,18,13,-114,40000,7571.14501953125,258.200012207031,3.67543649673462,5.69691753387451
20180827,0,13,-114,40000,7546.75390625,258.399963378906,5.8792724609375,4.74415302276611
20180827,6,13,-114,40000,7562.16943359375,258.700012207031,5.77779865264893,-0.255078136920929
20180827,12,13,-114,40000,7557.70263671875,259.700012207031,8.71803283691406,-4.35057353973389
20180827,18,13,-114,40000,7567.92041015625,260,8.42652893066406,-6.42164325714111
20180828,0,13,-114,40000,7559.16796875,260.100006103516,8.78058338165283,-8.48530769348145
20180828,6,13,-114,40000,7583.76318359375,260.399963378906,8.73464584350586,-7.48015642166138
20180828,12,13,-114,40000,7578.68115234375,260.899993896484,9.19970226287842,-2.47634768486023
20180828,18,13,-114,40000,7584.80322265625,260.600006103516,7.77288579940796,-1.48187983036041
20180829,0,13,-114,40000,7571.77880859375,259.738922119141,5.9967188835144,0.173862308263779
20180829,6,13,-114,40000,7589.244140625,259.368316650391,3.131591796875,1.61868166923523
20180829,12,13,-114,40000,7584.71484375,259.246124267578,2.94510746002197,0.644960939884186
20180829,18,13,-114,40000,7588.947265625,259,1.81196773052216,0.0368115231394768
20180830,0,13,-114,40000,7568.6806640625,258.399993896484,1.66756594181061,0.592401146888733
20180830,6,13,-114,40000,7581.494140625,258.100006103516,1.64108884334564,2.09223628044128
20180830,12,13,-114,40000,7574.26513671875,258.499969482422,0.662908911705017,2.70955204963684
20180830,18,13,-114,40000,7583.06884765625,258.5,0.314721673727036,0.61419677734375
20180831,0,13,-114,40000,7569.90234375,258.800018310547,-0.264843761920929,0.386303722858429
20180831,6,13,-114,40000,7584.521484375,258.399993896484,0.357592761516571,0.883563220500946
20180831,12,13,-114,40000,7579.2099609375,258.399993896484,0.926593005657196,0.699145495891571
20180831,18,13,-114,40000,7592.080078125,258.600006103516,0.373974621295929,0.912329077720642
20180901,0,13,-114,40000,7578.03759765625,258.399993896484,0.515362560749054,2.90037846565247
20180901,6,13,-114,40000,7593.45458984375,258.5,-0.259008795022964,4.60918569564819
20180901,12,13,-114,40000,7581.78857421875,258.299987792969,-1.11196899414063,4.36549663543701
20180901,18,13,-114,40000,7588.3193359375,257.899993896484,-1.78432619571686,2.59648442268372
20180902,0,13,-114,40000,7568.37939453125,257.600006103516,-2.11286926269531,2.1419677734375
20180902,6,13,-114,40000,7583.37060546875,257.643615722656,-2.34993600845337,1.31332087516785
20180902,12,13,-114,40000,7574.228515625,257.743591308594,-1.11021113395691,0.268041998147964
20180902,18,13,-114,40000,7577.25634765625,258.110046386719,-0.866192638874054,-2.81334233283997
20180903,0,13,-114,40000,7555.57421875,257.799987792969,-1.39033818244934,-5.28555011749268
20180903,6,13,-114,40000,7571.40380859375,257.600006103516,1.05255126953125,-6.75631713867188
20180903,12,13,-114,40000,7563.57763671875,257.646606445313,5.90367126464844,-6.06675720214844
20180903,18,13,-114,40000,7577.55517578125,257.006988525391,8.96630573272705,-4.2316255569458
20180904,0,13,-114,40000,7560.08251953125,256.899963378906,9.86701393127441,-5.69602346420288
20180904,6,13,-114,40000,7576.587890625,257,10.6424198150635,-5.99517822265625
20180904,12,13,-114,40000,7570.162109375,256.600006103516,10.4228296279907,-4.84984397888184
20180904,18,13,-114,40000,7580.2724609375,256.799987792969,9.53542518615723,-2.70115733146667
20180905,0,13,-114,40000,7565.20703125,256.799987792969,8.23998737335205,-2.61079096794128
20180905,6,13,-114,40000,7581.46484375,255.999969482422,6.09417724609375,-4.13224506378174
20180905,12,13,-114,40000,7575.6298828125,255.806976318359,5.99512004852295,-2.49996328353882
20180905,18,13,-114,40000,7585.291015625,255.600006103516,2.56378173828125,-1.50213015079498
20180906,0,13,-114,40000,7573.2529296875,255.800003051758,-0.321064442396164,-1.57378423213959
20180906,6,13,-114,40000,7585.11669921875,256.100006103516,-0.0927032455801964,-4.63032817840576
20180906,12,13,-114,40000,7576.421875,256.200012207031,2.86483144760132,-3.28150033950806
20180906,18,13,-114,40000,7592.66064453125,256.200012207031,2.09889531135559,-0.360827624797821
20180907,0,13,-114,40000,7577.50048828125,256.285308837891,0.698901355266571,2.7626953125
20180907,6,13,-114,40000,7594.13330078125,257.199981689453,-1.08786618709564,3.58048391342163
20180907,12,13,-114,40000,7588.91064453125,257.100006103516,-1.9621856212616,3.82290029525757
20180907,18,13,-114,40000,7592.58740234375,257.092529296875,-3.00229501724243,2.9000244140625
20180908,0,13,-114,40000,7576.78564453125,257.199981689453,-3.66184997558594,3.45654296875
20180908,6,13,-114,40000,7595.12744140625,257.299987792969,-5.16454458236694,2.693603515625
20180908,12,13,-114,40000,7584.544921875,257.499969482422,-4.93575429916382,1.10001826286316
20180908,18,13,-114,40000,7588.65234375,257.700012207031,-3.76322317123413,-0.030053710564971
20180909,0,13,-114,40000,7572.822265625,257.200012207031,-3.27922368049622,0.500592052936554
20180909,6,13,-114,40000,7592.6123046875,257.100006103516,-4.06160259246826,0.519561767578125
20180909,12,13,-114,40000,7584.345703125,257.5,-4.40645742416382,-0.284106433391571
20180909,18,13,-114,40000,7590.4912109375,257.399993896484,-4.31948471069336,-0.946318387985229
20180910,0,13,-114,40000,7582.92578125,257.899963378906,-2.34758305549622,-1.86579096317291
20180910,6,13,-114,40000,7606.00048828125,257.799987792969,-1.96019291877747,-1.4847412109375
20180910,12,13,-114,40000,7594.7998046875,257.899993896484,-1.30354976654053,-1.64759767055511
20180910,18,13,-114,40000,7609.109375,257.100006103516,0.615190446376801,0.242026373744011
20180911,0,13,-114,40000,7596.8857421875,256.899993896484,0.609575212001801,2.48048830032349
20180911,6,13,-114,40000,7611.1875,257.299987792969,-2.05050349235535,1.09928584098816
20180911,12,13,-114,40000,7601.544921875,257.799987792969,-1.38047480583191,0.454144299030304
20180911,18,13,-114,40000,7610.6064453125,257.700012207031,-1.25919795036316,1.53701174259186
20180912,0,13,-114,40000,7591.087890625,257.485290527344,-1.07238161563873,3.80005502700806
20180912,6,13,-114,40000,7606.6298828125,257.700012207031,-2.03064584732056,4.07702922821045
20180912,12,13,-114,40000,7594.72509765625,257.814666748047,-2.66956186294556,3.74822998046875
20180912,18,13,-114,40000,7598.02294921875,257.871520996094,-3.41130971908569,3.18092036247253
20180913,0,13,-114,40000,7581.9912109375,257.700012207031,-2.75299072265625,3.56503915786743
20180913,6,13,-114,40000,7595.3623046875,257.700012207031,-3.76869511604309,2.08921194076538
20180913,12,13,-114,40000,7585.76953125,257.600006103516,-1.84451293945313,1.28253173828125
20180913,18,13,-114,40000,7593.6357421875,257.600006103516,-1.04273676872253,0.957232654094696
20180914,12,13,-114,40000,7587.1123046875,257.199981689453,-1.75772094726563,1.92528688907623
20180914,18,13,-114,40000,7596.91357421875,257.099975585938,-0.78619384765625,2.65761113166809
20180915,0,13,-114,40000,7585.064453125,256.399993896484,-0.700152575969696,4.20150136947632
20180915,6,13,-114,40000,7601.73046875,256.899963378906,-2.1446807384491,3.27097773551941
20180915,12,13,-114,40000,7586.68603515625,257.200012207031,-0.350720226764679,4.208984375
20180915,18,13,-114,40000,7595.41796875,257.200012207031,-1.08156132698059,3.88467407226563
20180916,0,13,-114,40000,7577.6337890625,256.999969482422,-3.00194406509399,4.83575439453125
20180916,12,13,-114,40000,7579.45556640625,258.299987792969,-3.53457021713257,3.94612431526184
20180916,18,13,-114,40000,7589.80419921875,257.899993896484,-4.42080402374268,1.09707033634186
20180917,0,13,-114,40000,7567.72314453125,257.700012207031,-7.29996347427368,-3.32193613052368
20180917,6,13,-114,40000,7587.81640625,257.399993896484,-5.82519817352295,-8.02029991149902
20180917,12,13,-114,40000,7590.99853515625,257.5,-3.03020334243774,-7.08277606964111
20180917,18,13,-114,40000,7597.9404296875,257.299987792969,-2.27436828613281,-5.17272329330444
20180918,0,13,-114,40000,7584.44189453125,257.5,-1.7308691740036,-2.13110828399658
20180918,6,13,-114,40000,7602.41455078125,258,-3.28396487236023,-0.524013698101044
20180918,12,13,-114,40000,7598.10986328125,257.999969482422,-5.2524094581604,1.14546382427216
20180918,18,13,-114,40000,7607.390625,258.200012207031,-7.15253925323486,0.985639631748199
20180919,0,13,-114,40000,7590.6162109375,258.200012207031,-6.78471946716309,-1.85612308979034
20180919,6,13,-114,40000,7604.880859375,258.200012207031,-7.00459241867065,-2.4700243473053
20180919,12,13,-114,40000,7590.3173828125,258.200012207031,-4.60406970977783,-0.739814460277557
20180919,18,13,-114,40000,7598.40673828125,257.799987792969,-4.78836345672607,0.522613525390625
20180920,0,13,-114,40000,7585.521484375,257.600006103516,-4.13627433776855,0.430322259664536
20180920,6,13,-114,40000,7597.830078125,257.799987792969,-3.61334538459778,0.39996337890625
20180920,12,13,-114,40000,7585.34375,257.999969482422,-3.63838124275208,1.93653810024261
20180920,18,13,-114,40000,7591.763671875,257.5,-4.3503565788269,3.29103016853333
20180921,0,13,-114,40000,7576.24560546875,257.731689453125,-3.34093260765076,2.92663097381592
20180921,6,13,-114,40000,7596.22119140625,258.199981689453,-1.96915590763092,1.92756342887878
20180921,12,13,-114,40000,7589.95751953125,258.229156494141,-1.57537841796875,2.52574467658997
20180921,18,13,-114,40000,7602.62109375,257.785766601563,-1.98624265193939,2.93052363395691
20180922,0,13,-114,40000,7584.8798828125,257.399993896484,-2.735107421875,3.30248713493347
20180922,6,13,-114,40000,7604.1611328125,257.700012207031,-3.44085073471069,1.49334406852722
20180922,12,13,-114,40000,7597.5029296875,257.899993896484,-3.7839629650116,1.61751103401184
20180922,18,13,-114,40000,7604.25,257.368316650391,-6.32577800750732,-1.52877807617188
20180923,0,13,-114,40000,7586.0185546875,257.399993896484,-3.11107492446899,-4.95722675323486
20180923,6,13,-114,40000,7609.37744140625,257.600006103516,-1.83644711971283,-4.78001689910889
20180923,12,13,-114,40000,7605.248046875,257.499969482422,-0.741131603717804,-2.93180537223816
20180923,18,13,-114,40000,7612.02392578125,256.600006103516,-0.00578613299876451,-4.13333749771118
20180924,0,13,-114,40000,7593.919921875,256.200012207031,1.2662353515625,-1.99625849723816
20180924,6,13,-114,40000,7610.90869140625,256.399993896484,1.48994135856628,-1.95535886287689
20180924,12,13,-114,40000,7599.38916015625,256.799987792969,2.33695673942566,-0.399966418743134
20180924,18,13,-114,40000,7607.9443359375,256.399993896484,2.38606262207031,1.45441281795502
20180925,0,13,-114,40000,7589.64697265625,255.999969482422,3.04432368278503,3.69388437271118
20180925,6,13,-114,40000,7604.439453125,256.399993896484,2.9769012928009,3.18084716796875
20180925,12,13,-114,40000,7579.99609375,256.299987792969,3.62769174575806,3.69139409065247
20180925,18,13,-114,40000,7589.6533203125,255.5,2.96725463867188,2.98347783088684
20180926,0,13,-114,40000,7575.27001953125,255.439407348633,4.40989971160889,0.718454003334045
20180926,6,13,-114,40000,7592.90673828125,256.299987792969,6.26243305206299,-2.96332406997681
20180926,12,13,-114,40000,7576.6474609375,256.399993896484,7.98265075683594,-3.49288320541382
20180926,18,13,-114,40000,7579.55078125,255.899993896484,10.061803817749,-2.833251953125
20180927,0,13,-114,40000,7559.4619140625,255.731689453125,11.7274599075317,-3.24836111068726
20180927,6,13,-114,40000,7574.35009765625,255.300003051758,13.0543489456177,-3.48688364028931
20180927,12,13,-114,40000,7559.1005859375,255.821929931641,11.7817993164063,-0.9412841796875
20180927,18,13,-114,40000,7571.59619140625,255.285278320313,10.9777097702026,3.30341196060181
20180928,0,13,-114,40000,7556.57080078125,255.100006103516,11.7925472259521,4.48255634307861
20180928,6,13,-114,40000,7576.658203125,256.399993896484,12.1673736572266,6.57329082489014
20180928,12,13,-114,40000,7566.5517578125,257.399993896484,11.9766569137573,7.31993389129639
20180928,18,13,-114,40000,7579.58935546875,257.200012207031,8.37746620178223,5.57771015167236
20180929,0,13,-114,40000,7566.107421875,257.600006103516,6.67289066314697,4.42625999450684
20180929,6,13,-114,40000,7585.92236328125,258.5,4.69998168945313,1.61658322811127
20180929,12,13,-114,40000,7579.23486328125,258.475524902344,4.07706308364868,0.721942126750946
20180929,18,13,-114,40000,7584.1025390625,258.175506591797,4.15563678741455,1.36331176757813
20180930,0,13,-114,40000,7568.455078125,257.5,1.56083369255066,0.777966320514679
20180930,6,13,-114,40000,7586.240234375,257.899993896484,0.24270935356617,-2.14353632926941
20180930,12,13,-114,40000,7582.7919921875,258.200012207031,-0.555902123451233,-3.51364135742188
20180930,18,13,-114,40000,7590.0576171875,258.200012207031,-0.606060802936554,-4.74393939971924
20181001,0,13,-114,40000,7573.1025390625,257.899993896484,-1.27886652946472,-4.60002422332764
20181001,6,13,-114,40000,7592.13623046875,258.610015869141,-2.63232111930847,-5.75626230239868
20181001,12,13,-114,40000,7590.3037109375,258.799987792969,-2.55340886116028,-6.73870849609375
20181001,18,13,-114,40000,7599.5673828125,258.399993896484,1.13928830623627,-5.49519634246826
20181002,0,13,-114,40000,7586.99853515625,258.682769775391,2.80769038200378,-3.23818969726563
20181002,6,13,-114,40000,7607.41064453125,259.282775878906,1.41959226131439,-2.28710317611694
20181002,12,13,-114,40000,7600.6279296875,258.799987792969,-0.895031750202179,-0.923291027545929
20181002,18,13,-114,40000,7612.4912109375,257.799987792969,-3.38807988166809,-0.268774420022964
20181003,0,13,-114,40000,7599.03369140625,257.899993896484,-6.25767803192139,-2.29932260513306
20181003,6,13,-114,40000,7616.205078125,259.017242431641,-8.00484371185303,-5.20829105377197
20181003,12,13,-114,40000,7603.876953125,258.799987792969,-5.88985300064087,-2.09102177619934
20181003,18,13,-114,40000,7623.5244140625,258.700012207031,-8.05799102783203,-3.78267574310303
20181004,0,13,-114,40000,7608.794921875,258.100006103516,-7.24127197265625,-3.80001831054688
20181004,6,13,-114,40000,7621.044921875,258.599975585938,-8.7535982131958,-1.29004216194153
20181004,12,13,-114,40000,7606.8505859375,258.899963378906,-9.39401817321777,1.75588989257813
20181004,18,13,-114,40000,7624.43798828125,258.200012207031,-9.64614295959473,-4.42935037612915
20181005,0,13,-114,40000,7607.9501953125,257.908325195313,-7.94771957397461,-4.15206527709961
20181005,6,13,-114,40000,7619.53125,258.700012207031,-6.61456298828125,-2.09994196891785
20181005,12,13,-114,40000,7601.873046875,258.099975585938,-4.66091299057007,1.2677001953125
20181005,18,13,-114,40000,7609.6298828125,257.622680664063,-3.89626455307007,-0.129162594676018
20181006,0,13,-114,40000,7597.40771484375,257.5,-2.38060903549194,0.817559838294983
20181006,6,13,-114,40000,7612.10498046875,258,-2.55486583709717,-0.358818352222443
20181006,12,13,-114,40000,7600.53857421875,258.131805419922,-1.32039487361908,-1.87918698787689
20181006,18,13,-114,40000,7604.5712890625,257.899993896484,-0.520788550376892,0.7357177734375
20181007,0,13,-114,40000,7588.22802734375,257.399993896484,-0.430090337991714,0.136395260691643
20181007,6,13,-114,40000,7600.27392578125,257.5,-0.485400378704071,0.585656762123108
20181007,12,13,-114,40000,7587.79736328125,257.278076171875,-0.654293835163116,0.943920910358429
20181007,18,13,-114,40000,7597.5625,256.824432373047,-1.1751708984375,1.35870361328125
20181008,0,13,-114,40000,7580.01416015625,256.299987792969,-1.22944951057434,0.504785180091858
20181008,6,13,-114,40000,7594.41796875,256.582763671875,-1.32771730422974,-0.133491218090057
20181008,12,13,-114,40000,7582.22705078125,257.399993896484,0.818823218345642,-0.467778325080872
20181008,18,13,-114,40000,7591.2392578125,256.799987792969,1.41812252998352,-0.00552734360098839
20181009,0,13,-114,40000,7578.81494140625,257.100006103516,-0.305307000875473,-2.52495121955872
20181009,6,13,-114,40000,7591.814453125,257.5,-0.579867541790009,-3.53664541244507
20181009,12,13,-114,40000,7575.74169921875,257.600006103516,2.36081838607788,-0.512719750404358
20181009,18,13,-114,40000,7587.99169921875,257.401184082031,3.22597646713257,-0.425683587789536
20181010,0,13,-114,40000,7575.861328125,256.741973876953,2.83779907226563,-0.286016851663589
20181010,6,13,-114,40000,7594.2138671875,257,2.28770446777344,0.832098364830017
20181010,12,13,-114,40000,7580.62890625,257.097229003906,3.39775991439819,3.73470163345337
20181010,18,13,-114,40000,7593.15234375,257,2.88603210449219,3.46749258041382
20181011,0,13,-114,40000,7580.8505859375,257.543579101563,2.38471984863281,1.95107424259186
20181011,6,13,-114,40000,7601.45751953125,258.299987792969,1.02119445800781,1.74052739143372
20181011,12,13,-114,40000,7588.640625,258.582763671875,2.82788705825806,5.705322265625
20181011,18,13,-114,40000,7595.2255859375,258.399993896484,1.96236872673035,8.5689640045166
20181012,0,13,-114,40000,7580.3876953125,258.153381347656,0.797900378704071,6.60001230239868
20181012,6,13,-114,40000,7599.3349609375,258,-0.795828223228455,4.44010019302368
20181012,12,13,-114,40000,7590.8388671875,258.5,-0.110415652394295,4.43832397460938
20181012,18,13,-114,40000,7598.521484375,258,-2.3145751953125,2.82974863052368
20181013,0,13,-114,40000,7587.591796875,257.299987792969,-1.53497314453125,0.932452380657196
20181013,6,13,-114,40000,7605.33984375,257.024475097656,-1.3408477306366,-0.926660180091858
20181013,12,13,-114,40000,7595.66064453125,257.153869628906,-1.38462829589844,-1.07878422737122
20181013,18,13,-114,40000,7604.98193359375,257.092529296875,0.536990344524384,-0.688885509967804
20181014,0,13,-114,40000,7588.22705078125,257.229156494141,1.99070739746094,-1.11237180233002
20181014,6,13,-114,40000,7603.728515625,257.5,1.04683232307434,-2.51711416244507
20181014,12,13,-114,40000,7590.4501953125,256.899993896484,3.05430293083191,-3.50216674804688
20181014,18,13,-114,40000,7596.701171875,255.899993896484,5.74198293685913,-2.83673095703125
20181015,0,13,-114,40000,7576.63818359375,255.599975585938,6.58140850067139,-3.17279672622681
20181015,6,13,-114,40000,7589.966796875,255,5.81601572036743,-6.12675189971924
20181015,12,13,-114,40000,7578.0244140625,255.399993896484,9.01632118225098,-5.64136981964111
20181015,18,13,-114,40000,7591.85498046875,255,10.1768341064453,-4.00656127929688
20181016,0,13,-114,40000,7573.32373046875,254.899978637695,10.776837348938,-4.79982280731201
20181016,6,13,-114,40000,7590.888671875,255.29997253418,9.95805358886719,-7.8128662109375
20181016,12,13,-114,40000,7580.646484375,255.899993896484,10.5575532913208,-6.83638906478882
20181016,18,13,-114,40000,7595.13818359375,255.146118164063,11.4756288528442,-1.41165769100189
20181017,0,13,-114,40000,7579.763671875,255.300003051758,10.7185001373291,-0.938555896282196
20181017,6,13,-114,40000,7592.162109375,256.200012207031,9.17379188537598,-1.69796752929688
20181017,12,13,-114,40000,7579.3037109375,256.699981689453,11.0315427780151,-0.758319079875946
20181017,18,13,-114,40000,7585.2529296875,256.399993896484,12.2746458053589,0.0944702178239822
20181018,0,13,-114,40000,7571.85107421875,256.200012207031,11.1796903610229,-0.801275610923767
20181018,6,13,-114,40000,7594.970703125,256.899993896484,8.41049194335938,0.65283203125
20181018,12,13,-114,40000,7584.85986328125,257.599975585938,7.25682353973389,1.43693852424622
20181018,18,13,-114,40000,7590.10302734375,257.5,4.74851703643799,1.95948481559753
20181019,0,13,-114,40000,7572.86865234375,257.100006103516,2.80653691291809,2.66219472885132
20181019,6,13,-114,40000,7599.80322265625,257.299987792969,1.42959904670715,1.49304807186127
20181019,18,13,-114,40000,7601.1748046875,257.599975585938,-0.630657970905304,2.52014780044556
20181020,0,13,-114,40000,7583.21435546875,256.999969482422,-2.57743525505066,-0.134558111429214
20181020,6,13,-114,40000,7598.4638671875,256.967864990234,-4.90621662139893,-3.17752695083618
20181020,12,13,-114,40000,7591.56103515625,256.660583496094,-5.66604328155518,-5.01303720474243
20181020,18,13,-114,40000,7610.34326171875,256.299987792969,-4.71703815460205,-6.50644540786743
20181021,0,13,-114,40000,7595.021484375,256.195587158203,-3.37259531021118,-5.94915771484375
20181021,6,13,-114,40000,7608.73583984375,256.492523193359,-3.7921416759491,-7.61951923370361
20181021,12,13,-114,40000,7598.4580078125,257.285308837891,-3.7100830078125,-6.14704608917236
20181021,18,13,-114,40000,7612.00830078125,257,-5.36624765396118,-4.93676471710205
20181022,0,13,-114,40000,7603.216796875,256.600006103516,-5.82362651824951,-3.89947819709778
20181022,6,13,-114,40000,7620.427734375,256.799987792969,-6.76591777801514,-3.64412236213684
20181022,12,13,-114,40000,7614.494140625,257.475524902344,-8.00541114807129,-4.45195293426514
20181022,18,13,-114,40000,7623.7548828125,257.578094482422,-10.4085083007813,-4.49751567840576
20181023,0,13,-114,40000,7605.20458984375,257.44384765625,-11.2438535690308,-6.57784414291382
20181023,6,13,-114,40000,7624.8544921875,257.185302734375,-12.5310726165771,-6.86513042449951
20181023,12,13,-114,40000,7616.76513671875,257.638916015625,-13.1523494720459,-6.85080575942993
20181023,18,13,-114,40000,7620.04296875,257.400024414063,-12.60959815979,-6.49155902862549
20181024,0,13,-114,40000,7604.697265625,257.292541503906,-11.3484373092651,-5.00003671646118
20181024,6,13,-114,40000,7617.76806640625,257.200012207031,-11.1875915527344,-4.70997333526611
20181024,12,13,-114,40000,7604.078125,257.299987792969,-8.54400062561035,-4.4775390625
20181024,18,13,-114,40000,7615.3876953125,256.899963378906,-7.45595073699951,-2.52379751205444
20181025,0,13,-114,40000,7596.775390625,256.700012207031,-4.88062143325806,-0.244116216897964
20181025,6,13,-114,40000,7611.92333984375,256.661071777344,-4.61365365982056,1.62575078010559
20181025,12,13,-114,40000,7602.125,257.192504882813,-5.01257944107056,1.90134882926941
20181025,18,13,-114,40000,7616.2431640625,257.492553710938,-3.02467656135559,0.296191394329071
20181026,0,13,-114,40000,7601.77197265625,257.5,-0.619738757610321,-1.31436765193939
20181026,6,13,-114,40000,7612.76123046875,257.599975585938,-1.26022946834564,-0.397656261920929
20181026,12,13,-114,40000,7596.63671875,257.307464599609,-1.54103696346283,0.485797107219696
20181026,18,13,-114,40000,7606.86572265625,257.100006103516,-0.983984351158142,-1.84049069881439
20181027,0,13,-114,40000,7592.7216796875,257.04345703125,1.26312863826752,-4.68687725067139
20181027,6,13,-114,40000,7604.84521484375,256.782379150391,0.341854870319366,-6.69997549057007
20181027,12,13,-114,40000,7594.96728515625,256.943481445313,2.59532785415649,-6.77062368392944
20181027,18,13,-114,40000,7607.89013671875,257.199981689453,3.94655156135559,-5.32635498046875
20181028,0,13,-114,40000,7589.6201171875,256.768310546875,3.44263315200806,-4.97761249542236
20181028,6,13,-114,40000,7603.25439453125,257.600006103516,0.775155663490295,-7.04202890396118
20181028,12,13,-114,40000,7597.48583984375,258.220306396484,1.01662290096283,-5.53299570083618
20181028,18,13,-114,40000,7607.43701171875,258.097442626953,-1.10682368278503,-5.0166015625
20181029,0,13,-114,40000,7589.451171875,258.133331298828,-1.2821136713028,-4.77188110351563
20181029,6,13,-114,40000,7607.2314453125,258.223052978516,-3.40311884880066,-6.39841318130493
20181029,12,13,-114,40000,7593.7255859375,258.541931152344,-4.89598989486694,-5.73461294174194
20181029,18,13,-114,40000,7597.49267578125,258.5,-5.29879760742188,-5.13030385971069
20181030,0,13,-114,40000,7581.46435546875,257.899993896484,-5.50773620605469,-5.30463266372681
20181030,6,13,-114,40000,7604.4345703125,258.700012207031,-2.31429743766785,-9.34884071350098
20181030,12,13,-114,40000,7598.10888671875,259.499969482422,0.100894168019295,-8.03323364257813
20181030,18,13,-114,40000,7604.68603515625,258.899993896484,-1.56808471679688,-5.99083232879639
20181031,0,13,-114,40000,7590.31103515625,257.713073730469,-1.69817197322845,-4.89999389648438
20181031,6,13,-114,40000,7612.15673828125,258.600036621094,-5.91157531738281,-9.90330791473389
20181031,12,13,-114,40000,7606.466796875,258.899993896484,-4.72923278808594,-9.000732421875
20181031,18,13,-114,40000,7614.67333984375,258.313049316406,-3.47344350814819,-6.80296611785889
20181101,0,13,-114,40000,7597.125,257.840515136719,-1.3846435546875,-5.03337383270264
20181101,6,13,-114,40000,7616.0087890625,258.799987792969,-0.492602527141571,-6.30291128158569
20181101,12,13,-114,40000,7607.87646484375,258.899993896484,-1.29357671737671,-6.16974592208862
20181101,18,13,-114,40000,7616.45068359375,258.737243652344,-0.684649646282196,-4.55011606216431
20181102,0,13,-114,40000,7594.82421875,258.5,-0.214831545948982,-4.21502065658569
20181102,6,13,-114,40000,7607.13623046875,258.899963378906,-0.599133312702179,-3.21441650390625
20181102,12,13,-114,40000,7596.5693359375,258.818878173828,0.479916393756866,-0.362512201070786
20181102,18,13,-114,40000,7602.8388671875,258.549224853516,-0.0532989501953125,0.932550072669983
20181103,0,13,-114,40000,7587.93505859375,257.884521484375,-0.573040783405304,0.402368158102036
20181103,6,13,-114,40000,7604.22998046875,257.899993896484,-2.26229238510132,1.6429443359375
20181103,12,13,-114,40000,7594.037109375,257.911682128906,-3.98508596420288,0.295874029397964
20181103,18,13,-114,40000,7606.8798828125,257.899993896484,-4.97478008270264,-0.874865710735321
20181104,0,13,-114,40000,7586.1806640625,257.600006103516,-4.14498615264893,-0.498876959085464
20181104,6,13,-114,40000,7607.3837890625,258.036376953125,-5.18544292449951,-0.273529052734375
20181104,12,13,-114,40000,7595.53515625,258.200012207031,-6.18587350845337,2.31121826171875
20181104,18,13,-114,40000,7608.4013671875,257.699981689453,-8.69265747070313,0.158190920948982
20181105,0,13,-114,40000,7592.8486328125,257.699981689453,-9.94435691833496,-4.89442157745361
20181105,6,13,-114,40000,7606.28564453125,258.100006103516,-10.6939640045166,-3.49449467658997
20181105,12,13,-114,40000,7590.75146484375,258.324462890625,-10.9476985931396,-4.19983530044556
20181105,18,13,-114,40000,7604.65576171875,257.799987792969,-10.7196474075317,-4.82891845703125
20181106,0,13,-114,40000,7586.7216796875,257.600006103516,-10.6787204742432,-6.24521493911743
20181106,6,13,-114,40000,7604.49951171875,257.908386230469,-10.2962646484375,-4.76570415496826
20181106,12,13,-114,40000,7595.861328125,257.756530761719,-9.62108421325684,-5.56898784637451
20181106,18,13,-114,40000,7613.58740234375,257.800598144531,-8.71821880340576,-6.69984149932861
20181107,0,13,-114,40000,7597.10888671875,257.749206542969,-6.75799560546875,-6.97313213348389
20181107,6,13,-114,40000,7617.078125,257.669525146484,-6.36933612823486,-6.45228290557861
20181107,12,13,-114,40000,7604.27978515625,257.732330322266,-2.96648550033569,-6.08940410614014
20181107,18,13,-114,40000,7612.23291015625,257.705017089844,-3.31052541732788,-5.25673818588257
20181108,0,13,-114,40000,7594.63134765625,257.425933837891,-2.12650156021118,-3.7191162109375
20181108,6,13,-114,40000,7613.92822265625,257.337768554688,-1.51846313476563,-4.95458984375
20181108,12,13,-114,40000,7598.001953125,258.308776855469,1.04659116268158,-2.9798583984375
20181108,18,13,-114,40000,7598.6787109375,257.5,2.34572148323059,-0.844000220298767
20181109,0,13,-114,40000,7578.34423828125,257.863616943359,4.43492412567139,1.06015622615814
20181109,6,13,-114,40000,7593.73876953125,258.100006103516,3.80617070198059,2.57110595703125
20181109,12,13,-114,40000,7578.94921875,258.700012207031,3.37324213981628,5.31564617156982
20181109,18,13,-114,40000,7585.78271484375,259.027557373047,2.2046172618866,7.12926626205444
20181110,0,13,-114,40000,7572.03857421875,258.399993896484,2.49810791015625,6.96037578582764
20181110,6,13,-114,40000,7593.28955078125,258.799987792969,1.74272465705872,5.85385131835938
20181110,12,13,-114,40000,7584.794921875,259.299987792969,0.98844301700592,4.20000600814819
20181110,18,13,-114,40000,7595.28955078125,258.582244873047,-0.469476312398911,2.30077505111694
20181111,0,13,-114,40000,7583.1748046875,257.999969482422,-1.33740544319153,2.36768198013306
20181111,6,13,-114,40000,7609.45751953125,258.100006103516,-1.10753786563873,2.49368906021118
20181111,12,13,-114,40000,7602.447265625,258.314727783203,-2.83667898178101,2.41896367073059
20181111,18,13,-114,40000,7611.49365234375,258.399993896484,-5.36970233917236,1.42059326171875
20181112,0,13,-114,40000,7593.955078125,258.399993896484,-6.20715951919556,1.23566281795502
20181112,6,13,-114,40000,7611.609375,258.544982910156,-7.00255107879639,0.273431390523911
20181112,12,13,-114,40000,7603.408203125,258.499969482422,-7.94942951202393,-0.758471667766571
20181112,18,13,-114,40000,7608.04833984375,258.606964111328,-7.00820302963257,-4.44776630401611
20181113,0,13,-114,40000,7586.56640625,258.200012207031,-6.63503408432007,-4.9489107131958
20181113,6,13,-114,40000,7604.82421875,258,-7.06085205078125,-4.8961181640625
20181113,12,13,-114,40000,7596.77685546875,257.778045654297,-5.42674875259399,-4.48615741729736
20181113,18,13,-114,40000,7605.82666015625,257.424468994141,-4.74571514129639,-3.70764780044556
20181114,0,13,-114,40000,7586.32421875,257.299987792969,-5.03579425811768,-3.22362065315247
20181114,6,13,-114,40000,7602.31884765625,257.600006103516,-4.67045593261719,-2.47353506088257
20181114,12,13,-114,40000,7594.50244140625,258.007354736328,-3.24446725845337,-2.02907705307007
20181114,18,13,-114,40000,7605.8525390625,258.200012207031,-4.15556621551514,-3.11651301383972
20181115,0,13,-114,40000,7590.330078125,257.899993896484,-5.33176898956299,-4.0733642578125
20181115,6,13,-114,40000,7613.126953125,257.899963378906,-4.51466655731201,-6.54764080047607
20181115,12,13,-114,40000,7604.0361328125,258.399993896484,-2.28627014160156,-6.19274616241455
20181115,18,13,-114,40000,7616.01953125,258.465270996094,-2.64600515365601,-7.33205556869507
20181116,0,13,-114,40000,7600.017578125,258.046142578125,-1.26448369026184,-6.72463703155518
20181116,6,13,-114,40000,7615.11767578125,258.600006103516,0.722070336341858,-7.12293100357056
20181116,12,13,-114,40000,7607.935546875,258.677795410156,2.80280447006226,-5.54039287567139
20181116,18,13,-114,40000,7619.0439453125,258.299987792969,3.416748046875,-5.39137887954712
20181117,0,13,-114,40000,7597.4716796875,257.799987792969,3.69171762466431,-5.72292804718018
20181117,6,13,-114,40000,7604.24609375,258,3.69990849494934,-6.96441650390625
20181117,12,13,-114,40000,7590.619140625,258.054016113281,5.65388774871826,-5.41536855697632
20181117,18,13,-114,40000,7593.0224609375,258,5.66974782943726,-6.34781503677368
20181118,0,13,-114,40000,7574.76806640625,257.859832763672,9.49070739746094,-6.24001455307007
20181118,6,13,-114,40000,7582.21630859375,258.011657714844,9.94872760772705,-7.84113788604736
20181118,12,13,-114,40000,7569.71875,258.200012207031,8.06177997589111,-10.765118598938
20181118,18,13,-114,40000,7581.25927734375,257,10.0347471237183,-10.7999324798584
20181119,0,13,-114,40000,7567.14111328125,256.299987792969,11.7364196777344,-8.11961650848389
20181119,6,13,-114,40000,7585.3701171875,256.600006103516,11.5921268463135,-7.00437021255493
20181119,12,13,-114,40000,7577.19482421875,257.199981689453,8.7116641998291,-3.59799814224243
20181119,18,13,-114,40000,7593.09423828125,257.899993896484,6.22991323471069,-0.834948718547821
20181120,0,13,-114,40000,7581.27734375,258.201965332031,4.13880014419556,0.600030541419983
20181120,6,13,-114,40000,7599.26171875,258.299987792969,2.73729848861694,0.00145263667218387
20181120,12,13,-114,40000,7593.81103515625,258.600006103516,3.12226557731628,-1.1317138671875
20181120,18,13,-114,40000,7604.82568359375,259,2.97975468635559,-0.404180914163589
20181121,0,13,-114,40000,7584.68017578125,258.700012207031,2.005615234375,0.699981689453125
20181121,6,13,-114,40000,7600.57666015625,258.700012207031,0.280862420797348,0.469140619039536
20181121,12,13,-114,40000,7589.236328125,258.200012207031,0.0699615478515625,-1.598876953125
20181121,18,13,-114,40000,7597.544921875,257.799987792969,1.48641049861908,-4.35330820083618
20181122,0,13,-114,40000,7578.06005859375,257.600006103516,2.18862009048462,-6.17042827606201
20181122,6,13,-114,40000,7594.35107421875,256.799987792969,5.29191875457764,-6.90446758270264
20181122,12,13,-114,40000,7578.9970703125,257.102661132813,7.49673175811768,-5.04030132293701
20181122,18,13,-114,40000,7599.73046875,256.628723144531,7.75315570831299,-2.78695058822632
20181123,0,13,-114,40000,7586.203125,256.405364990234,9.70087909698486,-0.500054955482483
20181123,6,13,-114,40000,7608.119140625,256.633331298828,6.89158344268799,-5.90001821517944
20181123,12,13,-114,40000,7600.7607421875,256.547790527344,5.61720561981201,-5.57880878448486
20181123,18,13,-114,40000,7615.14990234375,256.459442138672,7.74647521972656,-5.05393075942993
20181124,0,13,-114,40000,7597.765625,256.773864746094,7.24855327606201,-3.64426279067993
20181124,6,13,-114,40000,7619.607421875,256.962280273438,6.58975839614868,-3.65339970588684
20181124,12,13,-114,40000,7607.37451171875,257.379730224609,6.76187753677368,-3.75869750976563
20181124,18,13,-114,40000,7623.39794921875,257.060668945313,5.72174072265625,-4.09741497039795
20181125,0,13,-114,40000,7604.98583984375,256.672485351563,6.69769906997681,-4.40696716308594
20181125,6,13,-114,40000,7614.93896484375,256.700012207031,6.85477304458618,-3.42912292480469
20181125,12,13,-114,40000,7601.29296875,256.972473144531,8.52336883544922,-2.92721676826477
20181125,18,13,-114,40000,7607.13623046875,256.372497558594,10.4381151199341,-2.03155279159546
20181126,0,13,-114,40000,7584.7236328125,256.399993896484,10.0045967102051,-0.351166993379593
20181126,6,13,-114,40000,7597.90673828125,256.640563964844,9.71328735351563,0.203204348683357
20181126,12,13,-114,40000,7585.97998046875,257.200012207031,6.88743162155151,3.32580089569092
20181126,18,13,-114,40000,7593.10498046875,257.200012207031,4.43833637237549,4.26401996612549
20181127,0,13,-114,40000,7578.1767578125,256.799987792969,4.04678964614868,2.08048105239868
20181127,6,13,-114,40000,7592.9892578125,256.899993896484,2.95957636833191,1.18220829963684
20181127,12,13,-114,40000,7584.43798828125,257.072509765625,3.28370594978333,-0.0770996063947678
20181127,18,13,-114,40000,7589.37353515625,256.899993896484,3.45940685272217,-0.918574213981628
20181128,0,13,-114,40000,7574.248046875,256.678680419922,5.30853271484375,-0.8388671875
20181128,6,13,-114,40000,7586.03857421875,256.700012207031,5.18511247634888,-1.47476077079773
20181128,12,13,-114,40000,7577.375,256.9208984375,10.3567924499512,-6.1877293586731
20181128,18,13,-114,40000,7592.853515625,256.799987792969,8.43086433410645,-10.1101951599121
20181129,0,13,-114,40000,7577.0654296875,256.289642333984,9.11678504943848,-6.09828472137451
20181129,6,13,-114,40000,7592.55517578125,256.803894042969,9.99914264678955,-7.31837177276611
20181129,12,13,-114,40000,7586.37939453125,257.399993896484,11.5287752151489,-6.59995126724243
20181129,18,13,-114,40000,7597.0361328125,256.100006103516,14.2243432998657,-3.81039547920227
20181130,0,13,-114,40000,7585.9404296875,256.700012207031,15.0784006118774,-1.35774409770966
20181130,6,13,-114,40000,7604.8125,257.299987792969,13.1014375686646,2.3683397769928
20181130,12,13,-114,40000,7598.25244140625,257.821014404297,11.9222116470337,5.85385274887085
20181130,18,13,-114,40000,7603.7587890625,257.83349609375,10.5346021652222,5.65886735916138
20181201,0,13,-114,40000,7588.03515625,257.984649658203,10.0613613128662,5.53129291534424
20181201,6,13,-114,40000,7598.908203125,257.918762207031,8.28373432159424,5.91435527801514
20181201,12,13,-114,40000,7584.51806640625,257.899993896484,6.79991769790649,4.40187978744507
20181201,18,13,-114,40000,7592.91552734375,257.240539550781,4.87766408920288,1.70670163631439
20181202,0,13,-114,40000,7575.216796875,256.894439697266,4.61476421356201,-0.10400390625
20181202,6,13,-114,40000,7584.9619140625,257.091094970703,2.10415649414063,-2.59977412223816
20181202,12,13,-114,40000,7575.79833984375,257.126098632813,2.49758005142212,-4.45327138900757
20181202,18,13,-114,40000,7587.1767578125,256.316223144531,4.20459270477295,-6.03079223632813
20181203,0,13,-114,40000,7572.93896484375,256.327514648438,5.64389324188232,-4.88668203353882
20181203,6,13,-114,40000,7588.86572265625,256.612762451172,5.90186786651611,-5.22004413604736
20181203,12,13,-114,40000,7582.89208984375,256.899993896484,6.75847148895264,-3.29319453239441
20181203,18,13,-114,40000,7599.599609375,256.733703613281,2.82673954963684,-5.12701416015625
20181204,0,13,-114,40000,7586.93017578125,256.424560546875,2.70986318588257,-6.08970928192139
20181204,6,13,-114,40000,7604.27880859375,257.585388183594,5.21365356445313,-4.15993642807007
20181204,12,13,-114,40000,7595.2744140625,256.813293457031,0.741482555866241,-1.59465944766998
20181204,18,13,-114,40000,7608.66552734375,257.099914550781,1.98147583007813,-0.100268557667732
20181205,0,13,-114,40000,7587.10986328125,256.099975585938,3.30371713638306,-1.10001218318939
20181205,6,13,-114,40000,7603.240234375,257.114624023438,3.07054138183594,0.497607409954071
20181205,12,13,-114,40000,7592.248046875,257.600006103516,3.46467900276184,0.716058373451233
20181205,18,13,-114,40000,7602.12255859375,256.602416992188,1.92679750919342,-1.63933718204498
20181206,0,13,-114,40000,7583.11572265625,256.900024414063,1.18385624885559,-2.52269291877747
20181206,6,13,-114,40000,7597.14111328125,257.910736083984,2.73602914810181,-2.69691157341003
20181206,12,13,-114,40000,7583.60791015625,257.728973388672,2.03400278091431,0.287390142679214
20181206,18,13,-114,40000,7593.5810546875,257.127990722656,-0.234326168894768,0.971148669719696
20181207,0,13,-114,40000,7581.77490234375,256.761444091797,0.359771728515625,-1.76278686523438
20181207,6,13,-114,40000,7599.15771484375,257.871765136719,-0.474847406148911,-1.11992800235748
20181207,12,13,-114,40000,7590.033203125,258.067840576172,-1.6025390625,-2.28350830078125
20181207,18,13,-114,40000,7603.49169921875,257.600036621094,-1.36650145053864,-3.11935067176819
20181208,0,13,-114,40000,7587.30078125,258.151336669922,-0.561411142349243,-1.64283204078674
20181208,6,13,-114,40000,7602.97607421875,258.013885498047,-2.01854491233826,-3.36927723884583
20181208,12,13,-114,40000,7591.9638671875,258.004455566406,-1.53454351425171,-3.00426769256592
20181208,18,13,-114,40000,7608.49267578125,257.118347167969,-0.986059546470642,-4.13739919662476
20181209,0,13,-114,40000,7594.47802734375,256.799987792969,1.56999754905701,-4.06323719024658
20181209,6,13,-114,40000,7609.36865234375,257.503997802734,-0.83939516544342,-3.70704340934753
20181209,12,13,-114,40000,7594.451171875,257.5,0.0946582034230232,-4.08019542694092
20181209,18,13,-114,40000,7606.853515625,257.291412353516,0.27223664522171,-2.55729365348816
20181210,0,13,-114,40000,7588.6513671875,256.915802001953,-2.92508554458618,-1.67518305778503
20181210,6,13,-114,40000,7606.58984375,257.088836669922,-5.12211322784424,-0.862493872642517
20181210,12,13,-114,40000,7596.88818359375,257.026763916016,-8.14671039581299,-3.13022470474243
20181210,18,13,-114,40000,7609.326171875,256.399963378906,-8.62915992736816,-4.91503286361694
20181211,0,13,-114,40000,7588.98681640625,256.776947021484,-7.00007915496826,-6.72453594207764
20181211,6,13,-114,40000,7605.6923828125,257.554992675781,-5.95830392837524,-6.88925790786743
20181211,12,13,-114,40000,7595.4775390625,257.572448730469,-3.40000605583191,-5.02938222885132
20181211,18,13,-114,40000,7612.173828125,257.006774902344,-3.21897578239441,0.284490972757339
20181212,0,13,-114,40000,7601.55810546875,257.280944824219,-3.248779296875,-1.74900209903717
20181212,6,13,-114,40000,7617.65478515625,258.5,-7.21487140655518,-5.10782766342163
20181212,12,13,-114,40000,7604.9033203125,258.785583496094,-7.26551818847656,-3.49215388298035
20181212,18,13,-114,40000,7617.9267578125,257.887878417969,-4.91336345672607,-2.48147583007813
20181213,0,13,-114,40000,7603.39013671875,258.827545166016,-2.75173044204712,-2.38364863395691
20181213,6,13,-114,40000,7618.80615234375,259.029144287109,-2.16896963119507,-2.22675180435181
20181213,12,13,-114,40000,7605.1142578125,258.700012207031,-1.20422053337097,-0.823858618736267
20181213,18,13,-114,40000,7602.69921875,258.400024414063,-1.15557861328125,2.35422372817993
20181214,0,13,-114,40000,7585.61572265625,257.520263671875,1.29154968261719,2.16646718978882
20181214,6,13,-114,40000,7603.01806640625,258.100006103516,0.592553734779358,2.48089599609375
20181214,12,13,-114,40000,7589.171875,258.721649169922,-1.18276369571686,3.40086054801941
20181214,18,13,-114,40000,7596.1533203125,258.600006103516,0.227465823292732,2.22140502929688
20181215,0,13,-114,40000,7580.107421875,258.299987792969,1.97145390510559,0.000360107427695766
20181215,6,13,-114,40000,7597.34228515625,258.860382080078,2.80412602424622,1.42939448356628
20181215,12,13,-114,40000,7590.14111328125,259.013092041016,2.71272277832031,4.17369985580444
20181215,18,13,-114,40000,7599.32568359375,259.204986572266,1.40027463436127,4.32893371582031
20181216,0,13,-114,40000,7584.50146484375,258.699981689453,1.30314326286316,2.51282048225403
20181216,6,13,-114,40000,7599.8974609375,258.499969482422,1.05034792423248,1.83415830135345
20181216,12,13,-114,40000,7587.869140625,258.500030517578,-0.555712878704071,1.06012880802155
20181216,18,13,-114,40000,7602.33056640625,258.299987792969,-1.77153325080872,-2.7805449962616
20181217,0,13,-114,40000,7588.82666015625,257.899993896484,0.732113659381866,-3.04306030273438
20181217,6,13,-114,40000,7605.54931640625,258.5,-0.513751208782196,-1.89995729923248
20181217,12,13,-114,40000,7592.9951171875,258.104400634766,-3.6777069568634,-2.4552001953125
20181217,18,13,-114,40000,7602.34326171875,258.141143798828,-4.88127422332764,-5.18256235122681
20181218,0,13,-114,40000,7585.994140625,258.473937988281,-3.69543766975403,-5.40676259994507
20181218,6,13,-114,40000,7602.7705078125,258.73486328125,-5.79496145248413,-3.67780160903931
20181218,12,13,-114,40000,7589.29833984375,258.787750244141,-7.90833139419556,-4.28940439224243
