20180720,0,82,17,2000,23353.7578125,186.717239379883,25.4124126434326,-6.11186504364014
20180720,6,82,17,2000,23344.09765625,186.199996948242,23.8900203704834,-5.77241230010986
20180720,12,82,17,2000,23339.900390625,185.199981689453,21.4147281646729,-6.0466456413269
20180720,18,82,17,2000,23326.48828125,185.099975585938,20.7048873901367,-4.52613258361816
20180721,0,82,17,2000,23316.8359375,185.29997253418,20.2100067138672,-5.17988300323486
20180721,6,82,17,2000,23286.96484375,184.49626159668,19.8160133361816,-4.54858160018921
20180721,12,82,17,2000,23260.625,184.100006103516,18.3600044250488,-3.53329110145569
20180721,18,82,17,2000,23235.185546875,183.699981689453,17.7600040435791,-1.28603029251099
20180722,0,82,17,2000,23223.90234375,183.699996948242,15.6600046157837,-1.34003901481628
20180722,6,82,17,2000,23207.80078125,184,15.7066402435303,0.808793962001801
20180722,12,82,17,2000,23215.869140625,184.899993896484,14.7642335891724,0.78143310546875
20180722,18,82,17,2000,23220.8203125,185.79997253418,14.5600099563599,2.15538334846497
20180723,0,82,17,2000,23224.470703125,186.099975585938,14.4600124359131,1.37630617618561
20180723,6,82,17,2000,23221.380859375,185.999969482422,14.0100021362305,3.13369631767273
20180723,12,82,17,2000,23221.962890625,185.799987792969,13.5600070953369,3.64535522460938
20180723,18,82,17,2000,23219.564453125,185.499984741211,12.256667137146,5.08121824264526
20180724,0,82,17,2000,23221.21484375,185.279678344727,11.0604562759399,5.75134754180908
20180724,6,82,17,2000,23222.5390625,185.399978637695,10.8100051879883,8.33122539520264
20180724,12,82,17,2000,23235.9609375,184.999984741211,10.8100004196167,8.64038372039795
20180724,18,82,17,2000,23249.900390625,185.099990844727,10.7100858688354,9.17049312591553
20180725,0,82,17,2000,23250.11328125,184.699981689453,11.580002784729,7.79957008361816
20180725,6,82,17,2000,23246.099609375,184.499984741211,10.5651731491089,7.38310289382935
20180725,12,82,17,2000,23229.89453125,184.100006103516,9.9799976348877,7.21480226516724
20180725,18,82,17,2000,23216.775390625,183.699981689453,9.97999954223633,6.3514084815979
20180726,0,82,17,2000,23204.96484375,183.399978637695,8.88058853149414,5.75382328033447
20180726,6,82,17,2000,23203.39453125,183.299987792969,9.02999782562256,6.67387962341309
20180726,12,82,17,2000,23197.556640625,182.999984741211,9.90999984741211,7.07608413696289
20180726,18,82,17,2000,23192.5078125,182.79997253418,9.76028823852539,6.30876445770264
20180727,0,82,17,2000,23184.8046875,182.79997253418,9.186692237854,6.44214582443237
20180727,6,82,17,2000,23181.4296875,182.899993896484,10.156702041626,6.45547342300415
20180727,12,82,17,2000,23183.408203125,183.099990844727,8.8600025177002,5.5755786895752
20180727,18,82,17,2000,23181.1796875,183.199981689453,9.45667457580566,5.29369878768921
20180728,0,82,17,2000,23187.142578125,183.199981689453,9.6900053024292,4.30370140075684
20180728,6,82,17,2000,23187.712890625,183.099990844727,10.0896949768066,4.08958005905151
20180728,12,82,17,2000,23191.39453125,182.999984741211,9.08695316314697,3.57974982261658
20180728,18,82,17,2000,23201.59765625,183.099990844727,10.1124172210693,3.42898678779602
20180729,0,82,17,2000,23219.98828125,183.699981689453,11.2600049972534,2.83481574058533
20180729,6,82,17,2000,23216.5625,183.999969482422,13.1599998474121,3.32012939453125
20180729,12,82,17,2000,23220.9140625,183.999969482422,13.3500051498413,1.86919188499451
20180729,18,82,17,2000,23218.142578125,183.999984741211,12.8067378997803,2.36331915855408
20180730,0,82,17,2000,23230.134765625,184.099975585938,13.4801559448242,2.87656259536743
20180730,6,82,17,2000,23231.064453125,184.206970214844,13.7600049972534,2.92197275161743
20180730,12,82,17,2000,23243.490234375,184.099975585938,12.3580980300903,3.22340822219849
20180730,18,82,17,2000,23253.0703125,183.999984741211,13.0100002288818,3.65364861488342
20180731,0,82,17,2000,23270.9921875,184.199981689453,12.1077909469604,3.31381225585938
20180731,6,82,17,2000,23271.73046875,184.399978637695,13.4603366851807,5.22656965255737
20180731,12,82,17,2000,23277.857421875,184.199996948242,14.1566581726074,5.43364524841309
20180731,18,82,17,2000,23284.697265625,184.099975585938,14.9303026199341,6.56757831573486
20180801,0,82,17,2000,23296.88671875,184.29997253418,16.2300071716309,7.49070072174072
20180801,6,82,17,2000,23304.796875,184.300003051758,17.7633209228516,8.72627449035645
20180801,12,82,17,2000,23307.86328125,184.499984741211,19.4400024414063,9.42759799957275
20180801,18,82,17,2000,23313.349609375,184.499969482422,20.3905620574951,8.37552261352539
20180802,0,82,17,2000,23312.3671875,184.399993896484,20.3394050598145,7.75509262084961
20180802,6,82,17,2000,23310.068359375,184.29997253418,21.4586734771729,7.53009033203125
20180802,12,82,17,2000,23309.794921875,184.099975585938,21.7200031280518,7.22204351425171
20180802,18,82,17,2000,23313.525390625,183.599990844727,21.0900173187256,5.63009786605835
20180803,0,82,17,2000,23315.501953125,183.499984741211,20.9400005340576,7.4440746307373
20180803,6,82,17,2000,23336.232421875,183.699981689453,22.9333915710449,8.18461894989014
20180803,12,82,17,2000,23347.19921875,183.832122802734,23.3400001525879,9.96986770629883
20180803,18,82,17,2000,23360.39453125,184.099990844727,25.1402645111084,9.24956512451172
20180804,0,82,17,2000,23369.83984375,184.399993896484,24.6199970245361,7.63475608825684
20180804,6,82,17,2000,23351.8515625,184.599975585938,24.1400051116943,7.07276630401611
20180804,12,82,17,2000,23312.775390625,184.899978637695,20.7601509094238,5.29364490509033
20180804,18,82,17,2000,23273.84765625,184.699981689453,18.6899948120117,4.16132831573486
20180805,0,82,17,2000,23244.953125,184.499984741211,14.7664527893066,3.31746578216553
20180805,6,82,17,2000,23212.703125,184.499984741211,13.7027835845947,4.40994644165039
20180805,12,82,17,2000,23185.4609375,184.399993896484,12.2100076675415,3.63671135902405
20180805,18,82,17,2000,23166.681640625,184.300003051758,10.2657785415649,2.99278688430786
20180806,0,82,17,2000,23158.841796875,184.199981689453,8.60978317260742,2.52043342590332
20180806,6,82,17,2000,23153.83203125,183.799987792969,8.06577110290527,2.46479988098145
20180806,12,82,17,2000,23148.5625,183.299987792969,6.70978498458862,2.29693245887756
20180806,18,82,17,2000,23156.7109375,182.999969482422,6.61176776885986,2.50446534156799
20180807,0,82,17,2000,23165.17578125,182.799987792969,6.68341302871704,2.40504026412964
20180807,6,82,17,2000,23175.939453125,182.599990844727,8.10680198669434,3.47062873840332
20180807,12,82,17,2000,23200.375,182.599975585938,8.91123294830322,3.40721797943115
20180807,18,82,17,2000,23232.984375,182.599990844727,10.8730888366699,3.19575929641724
20180808,0,82,17,2000,23269.02734375,182.599975585938,12.3072652816772,2.55861806869507
20180808,6,82,17,2000,23305.349609375,182.79997253418,15.2604808807373,3.3313672542572
20180808,12,82,17,2000,23334.328125,182.800003051758,16.4600105285645,2.50155997276306
20180808,18,82,17,2000,23361.703125,183.099990844727,18.2600078582764,1.98206543922424
20180809,0,82,17,2000,23379.70703125,183.350738525391,19.9200019836426,1.83737790584564
20180809,6,82,17,2000,23393.77734375,183.699981689453,21.7586574554443,2.06789803504944
20180809,12,82,17,2000,23398.560546875,183.599975585938,21.560022354126,1.07283937931061
20180809,18,82,17,2000,23391.314453125,183.599990844727,21.2583274841309,-0.163847655057907
20180810,0,82,17,2000,23378.126953125,183.499969482422,19.5600090026855,-1.57006347179413
20180810,6,82,17,2000,23350.759765625,183.099975585938,18.9600105285645,-0.652480483055115
20180810,12,82,17,2000,23326.84765625,182.728622436523,16.5600051879883,-1.60560548305511
20180810,18,82,17,2000,23306.365234375,182.699981689453,14.7600049972534,-0.235258787870407
20180811,0,82,17,2000,23288.01953125,182.599349975586,13.8600149154663,-0.0921752899885178
20180811,6,82,17,2000,23271.654296875,182.399978637695,13.6600370407104,1.61625242233276
20180811,12,82,17,2000,23260.91015625,182.399978637695,13.2100048065186,1.80438721179962
20180811,18,82,17,2000,23248.796875,182.299987792969,12.5600166320801,2.05381846427917
20180812,0,82,17,2000,23254.365234375,182.499984741211,12.2100076675415,2.03240489959717
20180812,6,82,17,2000,23246.4921875,182.699981689453,11.8100051879883,2.33588743209839
20180812,12,82,17,2000,23230.35546875,182.999984741211,10.0104837417603,1.78991460800171
20180812,18,82,17,2000,23224.9453125,182.999984741211,8.90822505950928,1.35992193222046
20180813,0,82,17,2000,23231.072265625,183.199981689453,8.58000755310059,0.997235119342804
20180813,6,82,17,2000,23233.955078125,183.399978637695,9.51001262664795,1.22523069381714
20180813,12,82,17,2000,23240.3203125,183.099990844727,9.35023403167725,0.864353001117706
20180813,18,82,17,2000,23251.3046875,182.899978637695,9.70306396484375,1.17680418491364
20180814,0,82,17,2000,23270.171875,182.699981689453,11.5034322738647,0.717668473720551
20180814,6,82,17,2000,23273.841796875,182.508087158203,12.3300123214722,1.19201421737671
20180814,12,82,17,2000,23276.4296875,182.199981689453,13.4100046157837,2.15168213844299
20180814,18,82,17,2000,23278.46484375,181.899993896484,14.5600004196167,0.930568873882294
20180815,0,82,17,2000,23281.033203125,181.899993896484,14.6600589752197,0.816564917564392
20180815,6,82,17,2000,23279.23828125,181.899993896484,15.1600122451782,2.03946542739868
20180815,12,82,17,2000,23277.3671875,181.899978637695,15.5300045013428,3.17691659927368
20180815,18,82,17,2000,23273.716796875,182.199996948242,15.3600072860718,3.47048830986023
20180816,0,82,17,2000,23281.16015625,182.599990844727,15.2100143432617,4.60148906707764
20180816,6,82,17,2000,23285.69921875,182.699981689453,14.909873008728,6.94784164428711
20180816,12,82,17,2000,23299.669921875,182.599975585938,15.1300048828125,8.44400882720947
20180816,18,82,17,2000,23299.998046875,182.499984741211,14.9800071716309,9.16000747680664
20180817,0,82,17,2000,23323.328125,182.699981689453,15.4300003051758,10.3632125854492
20180817,6,82,17,2000,23340,182.899993896484,16.1100101470947,11.7493314743042
20180817,12,82,17,2000,23350.591796875,182.499984741211,16.6058406829834,11.9580154418945
20180817,18,82,17,2000,23351.720703125,182.599990844727,17.7100067138672,11.4957151412964
20180818,0,82,17,2000,23356.41015625,182.599975585938,18.2100067138672,10.7760400772095
20180818,6,82,17,2000,23356.17578125,182.720504760742,18.1064834594727,11.858362197876
20180818,12,82,17,2000,23350.703125,182.499984741211,18.1100006103516,10.9388675689697
20180818,18,82,17,2000,23335.216796875,182.599990844727,17.7825336456299,9.53530979156494
20180819,0,82,17,2000,23325.029296875,182.999984741211,16.7323436737061,8.76609897613525
20180819,6,82,17,2000,23314.5546875,183.299987792969,17.4799995422363,9.57703399658203
20180819,12,82,17,2000,23295.2109375,183.399978637695,16.4800033569336,8.36242198944092
20180819,18,82,17,2000,23277.330078125,183.499984741211,15.9299974441528,7.40275382995605
20180820,0,82,17,2000,23273.26953125,183.599975585938,15.5098075866699,5.40037107467651
20180820,6,82,17,2000,23255.568359375,183.599990844727,15.6304836273193,5.20041036605835
20180820,12,82,17,2000,23246.091796875,183.999969482422,14.7800436019897,4.01919412612915
20180820,18,82,17,2000,23238.251953125,184.29997253418,14.7100028991699,3.45213389396667
20180821,0,82,17,2000,23242.970703125,184.699981689453,14.8869724273682,2.03992676734924
20180821,6,82,17,2000,23230.30078125,184.999969482422,15.7100076675415,2.75430917739868
20180821,12,82,17,2000,23225.052734375,184.999984741211,15.4067335128784,1.41660642623901
20180821,18,82,17,2000,23218.4453125,184.899993896484,15.4057178497314,0.99920654296875
20180822,0,82,17,2000,23220.751953125,184.699996948242,14.8100099563599,-0.232666015625
20180822,6,82,17,2000,23201.8203125,184.600006103516,15.0377731323242,1.37970948219299
20180822,12,82,17,2000,23188.91015625,184.199981689453,14.7041749954224,1.05644285678864
20180822,18,82,17,2000,23174.0546875,183.699981689453,14.3100023269653,1.32387208938599
20180823,0,82,17,2000,23179.220703125,183.599990844727,13.8100099563599,1.45654785633087
20180823,6,82,17,2000,23171.9296875,183.499969482422,14.0046482086182,2.74006342887878
20180823,12,82,17,2000,23162.0234375,183.79997253418,12.8067359924316,3.38550281524658
20180823,18,82,17,2000,23157.759765625,184.206970214844,13.1034078598022,3.8003466129303
20180824,0,82,17,2000,23167.998046875,184.699981689453,12.8576908111572,3.12607169151306
20180824,6,82,17,2000,23161.029296875,185.29997253418,13.8033103942871,5.18809080123901
20180824,12,82,17,2000,23150.087890625,185.599990844727,14.2600126266479,4.33357048034668
20180824,18,82,17,2000,23152.10546875,185.699981689453,14.332236289978,4.13029670715332
20180825,0,82,17,2000,23168.240234375,185.899993896484,15.7610425949097,3.19114017486572
20180825,6,82,17,2000,23177.16796875,185.999984741211,17.0600128173828,3.46743416786194
20180825,12,82,17,2000,23177.689453125,186.100006103516,17.2100067138672,2.0925977230072
20180825,18,82,17,2000,23183.373046875,186.299987792969,18.160005569458,0.663400888442993
20180826,0,82,17,2000,23203.279296875,186.300003051758,19.2600116729736,-0.763234853744507
20180826,6,82,17,2000,23204.41796875,186.299987792969,20.7586116790771,-0.740861833095551
20180826,12,82,17,2000,23194.765625,185.799987792969,20.6600017547607,-1.56040775775909
20180826,18,82,17,2000,23177.33203125,185.993011474609,19.9100017547607,-1.91801023483276
20180827,0,82,17,2000,23165.884765625,186.199981689453,19.7626056671143,-2.12557363510132
20180827,6,82,17,2000,23137.064453125,186.199981689453,18.9099998474121,-1.13154053688049
20180827,12,82,17,2000,23100.59765625,186.099975585938,18.2100105285645,-0.815507829189301
20180827,18,82,17,2000,23063.2421875,185.599990844727,16.4111614227295,-0.822612285614014
20180828,0,82,17,2000,23046.556640625,185.499984741211,16.2600116729736,-0.325505375862122
20180828,6,82,17,2000,23020.296875,185.099990844727,15.2100143432617,0.217556148767471
20180828,12,82,17,2000,23005.203125,184.799987792969,13.9499998092651,0.301428228616714
20180828,18,82,17,2000,23001.01171875,184.399993896484,13.379997253418,-0.353120118379593
20180829,0,82,17,2000,23021.056640625,184.29997253418,13.452223777771,-0.809945046901703
20180829,6,82,17,2000,23036.1875,184.29997253418,13.8499946594238,-1.12634766101837
20180829,12,82,17,2000,23051.40234375,184.199996948242,13.507776260376,-2.31927728652954
20180829,18,82,17,2000,23066.240234375,184.099990844727,13.5100021362305,-3.62220454216003
20180830,0,82,17,2000,23086.158203125,184.499969482422,14.2100028991699,-4.5599889755249
20180830,6,82,17,2000,23088.587890625,184.599990844727,14.1400146484375,-4.41692638397217
20180830,12,82,17,2000,23081.865234375,184.999969482422,13.1080589294434,-4.4924168586731
20180830,18,82,17,2000,23065.234375,185.599975585938,12.9032249450684,-3.48951649665833
20180831,0,82,17,2000,23067.1171875,186.299987792969,14.3100099563599,-2.62271237373352
20180831,6,82,17,2000,23054.087890625,186.599975585938,15.1650047302246,-1.17684936523438
20180831,12,82,17,2000,23048.92578125,186.79997253418,14.8100166320801,-0.162276610732079
20180831,18,82,17,2000,23046.587890625,186.799987792969,15.5300025939941,1.0110205411911
20180901,0,82,17,2000,23070.078125,186.699981689453,17.5631656646729,1.05905270576477
20180901,6,82,17,2000,23095.08984375,186.299987792969,19.9597835540771,2.67398548126221
20180901,12,82,17,2000,23119.015625,185.499969482422,22.3186130523682,1.81951904296875
20180901,18,82,17,2000,23154.95703125,185.067855834961,23.9153900146484,0.349951177835464
20180902,0,82,17,2000,23195.607421875,185.099975585938,25.9617214202881,-1.23020267486572
20180902,6,82,17,2000,23229.626953125,185.399490356445,27.1176071166992,-2.7078857421875
20180902,12,82,17,2000,23245.82421875,185.599975585938,28.4199981689453,-4.06025886535645
20180902,18,82,17,2000,23264.4921875,186.199981689453,28.0586185455322,-5.47253894805908
20180903,0,82,17,2000,23276.01171875,186.999969482422,28.9600143432617,-7.29360342025757
20180903,6,82,17,2000,23275.779296875,188.29997253418,28.0900115966797,-7.23251485824585
20180903,12,82,17,2000,23245.7265625,189.099990844727,26.157787322998,-7.95410633087158
20180903,18,82,17,2000,23210.6171875,189.499984741211,23.2600021362305,-8.66580581665039
20180904,0,82,17,2000,23175.4296875,189.799987792969,20.8900089263916,-7.66853523254395
20180904,6,82,17,2000,23134.755859375,189.800003051758,20.4600028991699,-5.34017562866211
20180904,12,82,17,2000,23096.970703125,189.399978637695,17.6632595062256,-3.83457279205322
20180904,18,82,17,2000,23071.45703125,189.699981689453,17.6662940979004,-2.09017324447632
20180905,0,82,17,2000,23073.572265625,189.800003051758,18.2400054931641,-0.800830066204071
20180905,6,82,17,2000,23071.1953125,189.899993896484,19.0166606903076,1.52521479129791
20180905,12,82,17,2000,23071.412109375,189.799987792969,18.6200008392334,1.96005618572235
20180905,18,82,17,2000,23072.279296875,189.299987792969,17.6200008392334,2.19377207756042
20180906,0,82,17,2000,23082.369140625,188.999969482422,17.7200050354004,3.08011221885681
20180906,6,82,17,2000,23089.234375,189.099990844727,17.7900009155273,5.36858415603638
20180906,12,82,17,2000,23093.599609375,189.399993896484,17.0900039672852,6.24189710617065
20180906,18,82,17,2000,23109.875,190.263641357422,17.3841018676758,7.03841781616211
20180907,0,82,17,2000,23137.7421875,191.010025024414,18.4400024414063,6.2496657371521
20180907,6,82,17,2000,23152.818359375,192.100006103516,19.3350105285645,7.32456541061401
20180907,12,82,17,2000,23147.64453125,192.599990844727,19.1400051116943,6.24660634994507
20180907,18,82,17,2000,23161.3046875,192.499984741211,18.4109306335449,6.09847640991211
20180908,0,82,17,2000,23175.6328125,192.099975585938,18.1100044250488,5.0327320098877
20180908,6,82,17,2000,23194.775390625,191.899993896484,17.7577857971191,7.65123558044434
20180908,12,82,17,2000,23223.9609375,191.799987792969,19.4899997711182,9.0634183883667
20180908,18,82,17,2000,23261.619140625,191.999969482422,20.7386112213135,11.1001100540161
20180909,0,82,17,2000,23301.94921875,192.399978637695,23.1000022888184,11.2000980377197
20180909,6,82,17,2000,23339.212890625,193.199981689453,25.0890159606934,13.4000978469849
20180909,12,82,17,2000,23348.4609375,193.199981689453,25,14.10009765625
20180909,18,82,17,2000,23369.4296875,193.499984741211,26.2000007629395,13.7999210357666
20180910,0,82,17,2000,23396.21484375,193.699981689453,25.7999992370605,12.6999206542969
20180910,6,82,17,2000,23414.744140625,194.399978637695,27.1000156402588,14.60009765625
20180910,12,82,17,2000,23425.400390625,194.699981689453,27.9000034332275,14.6922426223755
20180910,18,82,17,2000,23451.1953125,195.699981689453,29.2999992370605,12.7000675201416
20180911,0,82,17,2000,23470.990234375,196.29997253418,29.3691158294678,10.760046005249
20180911,6,82,17,2000,23463.537109375,195.999984741211,29.6900081634521,10.0999412536621
20180911,12,82,17,2000,23454.0625,195.399978637695,26.8100051879883,10.1339988708496
20180911,18,82,17,2000,23461.912109375,195.399993896484,26.256706237793,8.52599143981934
20180912,0,82,17,2000,23481.580078125,195.899993896484,24.8799953460693,7.95026350021362
20180912,6,82,17,2000,23496.59765625,196.199981689453,26.1599998474121,9.2674560546875
20180912,12,82,17,2000,23495.107421875,195.300003051758,26.3099994659424,8.88527870178223
20180912,18,82,17,2000,23504.40234375,194.399978637695,27.6849708557129,9.1481294631958
20180913,0,82,17,2000,23537.92578125,194.399993896484,29.9084281921387,9.40011024475098
20180913,6,82,17,2000,23561.6171875,194.099639892578,33.3000030517578,9.01312255859375
20180913,12,82,17,2000,23551.97265625,193.699981689453,34.5918960571289,6.76674795150757
20180913,18,82,17,2000,23543.703125,193.899993896484,36.4000015258789,5.24066162109375
20180914,12,82,17,2000,23512.66015625,195.999984741211,34.0000076293945,0.0114318849518895
20180914,18,82,17,2000,23507.2734375,197.79997253418,33.7222213745117,-2.189453125
20180915,0,82,17,2000,23503.408203125,198.899993896484,33.2150039672852,-5.89992666244507
20180915,6,82,17,2000,23473.197265625,198.899993896484,30.0000038146973,-6.49987173080444
20180915,12,82,17,2000,23443.712890625,198.100006103516,26.1038570404053,-7.68096303939819
20180915,18,82,17,2000,23408.404296875,196.699981689453,22.9999961853027,-7.10014629364014
20180916,0,82,17,2000,23394.501953125,196.399978637695,21.6519756317139,-7.03036117553711
20180916,12,82,17,2000,23367.5234375,195.399993896484,18.410005569458,-4.78262948989868
20180916,18,82,17,2000,23360.509765625,195.199981689453,18.6065998077393,-3.72945308685303
20180917,0,82,17,2000,23362.044921875,195.299987792969,18.5100021362305,-2.80303955078125
20180917,6,82,17,2000,23352.484375,194.499984741211,19.6499996185303,-2.36443853378296
20180917,12,82,17,2000,23347.90234375,194.399307250977,17.7600021362305,-2.08510494232178
20180917,18,82,17,2000,23348.931640625,194.399993896484,17.4050006866455,-2.07176995277405
20180918,0,82,17,2000,23354.220703125,194.399993896484,16.8100070953369,-2.24628901481628
20180918,6,82,17,2000,23343.45703125,194.5,16.2086181640625,0.38138672709465
20180918,12,82,17,2000,23336.17578125,194.699981689453,14.2100028991699,0.915024399757385
20180918,18,82,17,2000,23334.533203125,195.399993896484,13.8800048828125,1.5937842130661
20180919,0,82,17,2000,23341.998046875,196.099975585938,14.0100049972534,1.05260741710663
20180919,6,82,17,2000,23340.732421875,196.699981689453,14.5100021362305,1.57112300395966
20180919,12,82,17,2000,23334.57421875,196.799987792969,13.5100021362305,0.960278332233429
20180919,18,82,17,2000,23337.3828125,196.599975585938,13.5634059906006,0.296188950538635
20180920,0,82,17,2000,23358.1171875,196.599975585938,13.6599979400635,0.0089941406622529
20180920,6,82,17,2000,23378.8984375,196.699981689453,15.0600051879883,2.87076425552368
20180920,12,82,17,2000,23410.162109375,197.29997253418,15.1600027084351,4.26603507995605
20180920,18,82,17,2000,23457.34765625,198.300003051758,18.0058937072754,5.3336009979248
20180921,0,82,17,2000,23521.25,199.600006103516,21.140007019043,6.21792984008789
20180921,6,82,17,2000,23572.970703125,200.999984741211,25.4399642944336,7.82756948471069
20180921,12,82,17,2000,23608.515625,201.599990844727,27.6047306060791,7.20010375976563
20180921,18,82,17,2000,23635.47265625,201.836349487305,31,4.96016216278076
20180922,0,82,17,2000,23661.64453125,201.5,32.4000015258789,2.12473154067993
20180922,6,82,17,2000,23652.0859375,201.100006103516,31.5686149597168,1.2667236328125
20180922,12,82,17,2000,23636.494140625,201.010040283203,28.1000003814697,-0.400012195110321
20180922,18,82,17,2000,23614.779296875,201.199996948242,24.7999992370605,-0.0999572724103928
20180923,0,82,17,2000,23623.52734375,202.100006103516,22.4000053405762,0.527612328529358
20180923,6,82,17,2000,23614.328125,203.199996948242,20.9000015258789,5.14501333236694
20180923,12,82,17,2000,23610.345703125,204.199981689453,20.1999969482422,8.20000648498535
20180923,18,82,17,2000,23618.91015625,204.399978637695,21.5,10.3189210891724
20180924,0,82,17,2000,23639.060546875,204.699981689453,23.1000022888184,10.9189395904541
20180924,6,82,17,2000,23639.955078125,205,24.2511234283447,12.707555770874
20180924,12,82,17,2000,23626.890625,204.699996948242,23.2000007629395,12.8811893463135
20180924,18,82,17,2000,23621.6953125,205,23.1999969482422,12.6338500976563
20180925,0,82,17,2000,23628.634765625,204.899993896484,23.5000038146973,11.7000179290771
20180925,6,82,17,2000,23628.6796875,205.600006103516,24.0000267028809,13.6000308990479
20180925,12,82,17,2000,23646.740234375,206.800003051758,24.3532657623291,14.0000858306885
20180925,18,82,17,2000,23668.568359375,207.199981689453,26.880012512207,12.9521484375
20180926,0,82,17,2000,23694.962890625,207.399993896484,29.3119564056396,9.1768798828125
20180926,6,82,17,2000,23700.85546875,207.399978637695,31.5200004577637,9.28255844116211
20180926,12,82,17,2000,23719.029296875,207.899993896484,33.2199974060059,8.40773391723633
20180926,18,82,17,2000,23742.3359375,207.800003051758,35.7200088500977,5.23120355606079
20180927,0,82,17,2000,23785.984375,208,38.1220703125,1.14169681072235
20180927,6,82,17,2000,23804.955078125,207.991622924805,39.2200050354004,-1.65280520915985
20180927,12,82,17,2000,23805.435546875,207.100006103516,38.2700042724609,-5.25286388397217
20180927,18,82,17,2000,23798.078125,205.800003051758,36.4900016784668,-8.69222640991211
20180928,0,82,17,2000,23791.751953125,205.199996948242,34.6487808227539,-11.2399291992188
20180928,6,82,17,2000,23773.619140625,204.599975585938,34.0200042724609,-10.4686641693115
20180928,12,82,17,2000,23757.55078125,203.899993896484,31.6122245788574,-9.99802017211914
20180928,18,82,17,2000,23752.525390625,203.5,30.5913944244385,-9.68123531341553
20180929,0,82,17,2000,23760.2265625,203.799987792969,32.3137474060059,-8.7227201461792
20180929,6,82,17,2000,23771.462890625,203.599975585938,33.2200012207031,-7.35539817810059
20180929,12,82,17,2000,23781.359375,204.199981689453,34.4700012207031,-6.69164085388184
20180929,18,82,17,2000,23790.6484375,204.29997253418,36.0699996948242,-8.31420421600342
20180930,0,82,17,2000,23808.3046875,204.399993896484,36.8936767578125,-10.0441598892212
20180930,6,82,17,2000,23808.091796875,203.79997253418,37.3724899291992,-8.79489231109619
20180930,12,82,17,2000,23810.482421875,203.199981689453,36.5200004577637,-10.4581594467163
20180930,18,82,17,2000,23804.560546875,202.79997253418,34.689998626709,-10.849648475647
20181001,0,82,17,2000,23824.314453125,202.599990844727,34.6399993896484,-13.6800537109375
20181001,6,82,17,2000,23820.880859375,202.699981689453,34.3400001525879,-14.0139741897583
20181001,12,82,17,2000,23805.79296875,202.999984741211,31.620002746582,-14.337158203125
20181001,18,82,17,2000,23787.759765625,203.199981689453,28.8100032806396,-15.0444116592407
20181002,0,82,17,2000,23789.03515625,203.899993896484,26.9100017547607,-15.4116992950439
20181002,6,82,17,2000,23766.73828125,204.800003051758,24.7400093078613,-12.3477830886841
20181002,12,82,17,2000,23751.873046875,205.79997253418,22.540002822876,-10.7325973510742
20181002,18,82,17,2000,23748.412109375,206.811614990234,19.8600044250488,-9.66683387756348
20181003,0,82,17,2000,23753.23046875,208,19.7400016784668,-8.61560535430908
20181003,6,82,17,2000,23737.033203125,208.836029052734,19.3600025177002,-5.63934564590454
20181003,12,82,17,2000,23734.255859375,209.899993896484,18.2099990844727,-3.48470449447632
20181003,18,82,17,2000,23742.017578125,211.123046875,18.6100006103516,-1.65004396438599
20181004,0,82,17,2000,23772.8515625,212.600006103516,19.8800029754639,-0.112563475966454
20181004,6,82,17,2000,23800.171875,214.697235107422,21.4600162506104,3.24815678596497
20181004,12,82,17,2000,23833.2109375,216.800003051758,22.2647457122803,4.48066139221191
20181004,18,82,17,2000,23871.892578125,219.100006103516,25.0100021362305,5.7295970916748
20181005,0,82,17,2000,23921.66015625,221.584808349609,27.5599975585938,4.18969011306763
20181005,6,82,17,2000,23951.375,223.79997253418,28.7200088500977,5.3642258644104
20181005,12,82,17,2000,23964.158203125,225.100006103516,28.4400081634521,5.19231462478638
20181005,18,82,17,2000,23965.2421875,225,28.1200008392334,4.32026624679565
20181006,0,82,17,2000,23971.91015625,224.999969482422,28.2875175476074,3.49304437637329
20181006,6,82,17,2000,23967.38671875,224.288909912109,26.3897151947021,5.33692359924316
20181006,12,82,17,2000,23964.9375,223.613525390625,23.7100067138672,8.48946762084961
20181006,18,82,17,2000,24010.6015625,225.300003051758,25.7299995422363,13.4319334030151
20181007,0,82,17,2000,24074.751953125,227,30.3899993896484,15.2788572311401
20181007,6,82,17,2000,24114.3515625,228,32.4900054931641,18.1200485229492
20181007,12,82,17,2000,24135.3046875,228.5,35.0400009155273,18.8142528533936
20181007,18,82,17,2000,24137.953125,227.699996948242,36.7599983215332,17.3032283782959
20181008,0,82,17,2000,24135.814453125,226.800003051758,38.6600036621094,14.7523927688599
20181008,6,82,17,2000,24110.359375,225.300003051758,37.9199981689453,13.9542427062988
20181008,12,82,17,2000,24066.8828125,223.100006103516,35.5900039672852,11.5927295684814
20181008,18,82,17,2000,24026.787109375,221.146682739258,33.7400016784668,8.16563034057617
20181009,0,82,17,2000,23993.3359375,219.204559326172,31.9175128936768,6.5802001953125
20181009,6,82,17,2000,23964.015625,218.100006103516,29.3199996948242,8.22716331481934
20181009,12,82,17,2000,23951.484375,217.699996948242,27.8600006103516,9.21281242370605
20181009,18,82,17,2000,23968.703125,218.300003051758,28.2100028991699,9.19900894165039
20181010,0,82,17,2000,23995.07421875,219.399978637695,30.2600021362305,6.96844720840454
20181010,6,82,17,2000,23997.73828125,219.29997253418,30.8900032043457,6.53312492370605
20181010,12,82,17,2000,23991.125,218.800003051758,31.0900020599365,4.09259271621704
20181010,18,82,17,2000,23987.73828125,218,30.6200008392334,1.52145504951477
20181011,0,82,17,2000,23997.1171875,218.600006103516,31.7200088500977,-1.43794679641724
20181011,6,82,17,2000,23997.1171875,219,31.3199996948242,-2.2344286441803
20181011,12,82,17,2000,23977.77734375,217.899993896484,28.9199981689453,-4.55822515487671
20181011,18,82,17,2000,23956.822265625,216.699981689453,25.9200000762939,-5.83967781066895
20181012,0,82,17,2000,23961.744140625,216.399978637695,24.5400047302246,-5.904541015625
20181012,6,82,17,2000,23955.8515625,216.099975585938,23.3400039672852,-2.91477537155151
20181012,12,82,17,2000,23956.029296875,215.899993896484,21.1075096130371,-1.07258784770966
20181012,18,82,17,2000,23968.794921875,216.5,20.910005569458,0.539575219154358
20181013,0,82,17,2000,23997.197265625,217.29997253418,22.0100040435791,1.6662255525589
20181013,6,82,17,2000,24010.609375,217.699981689453,22.2299137115479,4.27106952667236
20181013,12,82,17,2000,24016.240234375,217.600006103516,21.0576019287109,5.38852071762085
20181013,18,82,17,2000,24013.58203125,217.300003051758,21.4099998474121,4.9727931022644
20181014,0,82,17,2000,24018.98828125,217.099975585938,21.6599979400635,5.0938720703125
20181014,6,82,17,2000,24019.837890625,216.29997253418,21.5067577362061,7.23001480102539
20181014,12,82,17,2000,24014.255859375,215.899993896484,20.4100017547607,8.53522491455078
20181014,18,82,17,2000,24003.6875,215.699996948242,20.6799983978271,9.4740629196167
20181015,0,82,17,2000,23999.01953125,215,21.410005569458,8.5299825668335
20181015,6,82,17,2000,23984.484375,214.092529296875,20.1866436004639,11.0540914535522
20181015,12,82,17,2000,23980.115234375,213.29997253418,18.5499992370605,12.1540107727051
20181015,18,82,17,2000,23999.29296875,214,18.1300029754639,14.127480506897
20181016,0,82,17,2000,24038.91015625,214.899993896484,19.7299995422363,13.7013282775879
20181016,6,82,17,2000,24056.8203125,215.399993896484,20.9300079345703,15.3989601135254
20181016,12,82,17,2000,24053.181640625,215.5,20.3099994659424,13.2238645553589
20181016,18,82,17,2000,24046.9140625,215.899993896484,19.9499950408936,10.9133491516113
20181017,0,82,17,2000,24041.234375,216.099975585938,21.3099994659424,7.75332498550415
20181017,6,82,17,2000,24023.716796875,215.899978637695,21.1299991607666,6.55241441726685
20181017,12,82,17,2000,24005.02734375,215.600006103516,19.4800052642822,3.92132091522217
20181017,18,82,17,2000,23985.783203125,215.300003051758,18.1600151062012,1.57427000999451
20181018,0,82,17,2000,23991.8828125,215.5,19.3299999237061,-0.43208983540535
20181018,6,82,17,2000,24005.869140625,215.5,19.5600051879883,-0.865942358970642
20181018,12,82,17,2000,24017.517578125,215.699996948242,18.160005569458,-0.918027341365814
20181018,18,82,17,2000,24034.283203125,215.5,18.0599994659424,-2.01890134811401
20181019,0,82,17,2000,24057.9375,215.199996948242,17.6900005340576,-3.11728024482727
20181019,6,82,17,2000,24064.517578125,214.899978637695,16.4400005340576,-0.296430677175522
20181019,18,82,17,2000,24104.267578125,215.599975585938,16.5599994659424,2.67234373092651
20181020,0,82,17,2000,24143.017578125,215.999969482422,19.5607452392578,3.60200691223145
20181020,6,82,17,2000,24159.068359375,216.172653198242,21.0600070953369,5.37006855010986
20181020,12,82,17,2000,24166.814453125,216.599975585938,20.8847332000732,5.94619131088257
20181020,18,82,17,2000,24171.994140625,216.999969482422,21.2600021362305,5.26221179962158
20181021,0,82,17,2000,24195.330078125,217.699996948242,23.4400177001953,4.87481451034546
20181021,6,82,17,2000,24194.92578125,217.899993896484,24.6599998474121,6.13154792785645
20181021,12,82,17,2000,24197.38671875,218.099975585938,25.2600021362305,6.97310066223145
20181021,18,82,17,2000,24191.9921875,217.300003051758,25.1200046539307,5.62886953353882
20181022,0,82,17,2000,24199.822265625,217,24.4600105285645,5.6220850944519
20181022,6,82,17,2000,24201.1796875,217.699996948242,23.4855670928955,8.96532440185547
20181022,12,82,17,2000,24209.4453125,219.100006103516,21.8100032806396,12.0396070480347
20181022,18,82,17,2000,24241.970703125,220.899978637695,22.6300048828125,15.6092557907104
20181023,0,82,17,2000,24295.44921875,222.599945068359,25.1299991607666,17.319751739502
20181023,6,82,17,2000,24317.359375,223.399993896484,25.8080520629883,20.4100494384766
20181023,12,82,17,2000,24342.90234375,224.499969482422,26.5116519927979,22.9091682434082
20181023,18,82,17,2000,24384.2734375,226.800003051758,29.1116504669189,24.3800487518311
20181024,0,82,17,2000,24432.255859375,228.399993896484,33.3900032043457,24.6834869384766
20181024,6,82,17,2000,24464.162109375,229.199981689453,35.2200088500977,25.0302619934082
20181024,12,82,17,2000,24468.4140625,229.300003051758,34.2399978637695,22.7351493835449
20181024,18,82,17,2000,24485.25,230.699996948242,34.6200065612793,19.5721378326416
20181025,0,82,17,2000,24481.07421875,230.100006103516,33.9952735900879,15.3539772033691
20181025,6,82,17,2000,24440.515625,227.800003051758,32.1900062561035,14.0633764266968
20181025,12,82,17,2000,24396.5859375,225.499969482422,26.495267868042,13.1618404388428
20181025,18,82,17,2000,24374.5078125,224.600006103516,22.8147315979004,13.9140090942383
20181026,0,82,17,2000,24400.720703125,225.699996948242,22.8100051879883,15.6159811019897
20181026,6,82,17,2000,24423.193359375,225.699981689453,24.3400001525879,17.3334178924561
20181026,12,82,17,2000,24425.859375,225.399978637695,23.0399971008301,17.0659465789795
20181026,18,82,17,2000,24416.599609375,224.800003051758,23.1900081634521,16.0364837646484
20181027,0,82,17,2000,24415.380859375,224.199996948242,23.5908298492432,13.8913822174072
20181027,6,82,17,2000,24416.029296875,224.79997253418,23.7900047302246,16.1396198272705
20181027,12,82,17,2000,24423.171875,225,24.1399955749512,16.5604057312012
20181027,18,82,17,2000,24432.697265625,224.600006103516,25.3399982452393,15.9721164703369
20181028,0,82,17,2000,24454.47265625,225.100006103516,27.9400024414063,15.533486366272
20181028,6,82,17,2000,24487.748046875,226.5,30.6200065612793,17.6273860931396
20181028,12,82,17,2000,24511.904296875,227.100006103516,32.4899978637695,17.3141098022461
20181028,18,82,17,2000,24536.0234375,227.399978637695,34.3900032043457,13.8615159988403
20181029,0,82,17,2000,24554.517578125,226.79997253418,35.0900077819824,10.5827980041504
20181029,6,82,17,2000,24540.41015625,226.300003051758,35.090015411377,10.9913015365601
20181029,12,82,17,2000,24532.1875,226.300003051758,33.170597076416,11.5040426254272
20181029,18,82,17,2000,24539.2265625,227.5,31.8700008392334,11.2069797515869
20181030,0,82,17,2000,24556.0703125,229.399993896484,33.1048889160156,10.3433275222778
20181030,6,82,17,2000,24562.783203125,230.800003051758,32.2931671142578,11.5846700668335
20181030,12,82,17,2000,24560.943359375,230.800003051758,32.0137977600098,11.1280174255371
20181030,18,82,17,2000,24561.099609375,230.199996948242,31.9005031585693,11.1344337463379
20181031,0,82,17,2000,24607.3671875,231.899978637695,34.5893440246582,11.9097757339478
20181031,6,82,17,2000,24659.27734375,233.899993896484,38.4046669006348,12.0051345825195
20181031,12,82,17,2000,24695.400390625,233.899978637695,40.7595520019531,13.0744285583496
20181031,18,82,17,2000,24750.30078125,234.599975585938,45.0900001525879,10.7868604660034
20181101,0,82,17,2000,24804.171875,235.199996948242,52.5800018310547,8.12083053588867
20181101,6,82,17,2000,24825.38671875,235.199981689453,59,7.4473876953125
20181101,12,82,17,2000,24850.970703125,235.300003051758,59.7000007629395,5.10006093978882
20181101,18,82,17,2000,24857.669921875,234.199996948242,58.7000007629395,-0.299938976764679
20181102,0,82,17,2000,24857.341796875,232.999969482422,59.2999992370605,-6.00994253158569
20181102,6,82,17,2000,24834.947265625,233.399978637695,55.5,-6.59992074966431
20181102,12,82,17,2000,24785.251953125,233,48.5488777160645,-10.39990234375
20181102,18,82,17,2000,24721.15234375,231.899993896484,40.6400032043457,-9.48994636535645
20181103,0,82,17,2000,24700.783203125,232.5,37.4465408325195,-8.58021450042725
20181103,6,82,17,2000,24663.412109375,231.79997253418,33.7716827392578,-3.22442865371704
20181103,12,82,17,2000,24646.375,231.699996948242,30.7033500671387,1.06588864326477
20181103,18,82,17,2000,24674.73828125,232.899993896484,32.136661529541,5.88237285614014
20181104,0,82,17,2000,24747.908203125,234.199996948242,38.6809997558594,8.18803691864014
20181104,6,82,17,2000,24823.712890625,235.699996948242,44.5200004577637,12.0975875854492
20181104,12,82,17,2000,24919.51171875,237,48.294734954834,13.3751363754272
20181104,18,82,17,2000,25021.931640625,237.100006103516,54.0999984741211,11.0000667572021
20181105,0,82,17,2000,25142.091796875,237.199996948242,63.8947830200195,10.300048828125
20181105,6,82,17,2000,25249.65234375,235.699996948242,72.4875030517578,7.70001220703125
20181105,12,82,17,2000,25326.29296875,233.600006103516,75.6884307861328,2.9000244140625
20181105,18,82,17,2000,25385.22265625,231.899993896484,76.0068817138672,-5.59995126724243
20181106,0,82,17,2000,25438.197265625,232.399993896484,76.0729598999023,-9.12912559509277
20181106,6,82,17,2000,25466.251953125,233.699996948242,73.4922637939453,-12.5999393463135
20181106,12,82,17,2000,25474.599609375,235.899993896484,68.2558746337891,-15.4999446868896
20181106,18,82,17,2000,25486.3671875,236.760589599609,66.4487075805664,-19.5999450683594
20181107,0,82,17,2000,25520.6640625,239.199981689453,67.8817901611328,-20.7780055999756
20181107,6,82,17,2000,25529.94921875,240.5,65.6882781982422,-23.8999423980713
20181107,12,82,17,2000,25490.35546875,240.699996948242,60.9192123413086,-24.5999698638916
20181107,18,82,17,2000,25466.234375,241.399978637695,55.6522216796875,-24.3999824523926
20181108,0,82,17,2000,25484.318359375,243.399993896484,54.5490188598633,-21.5999546051025
20181108,6,82,17,2000,25529.51171875,248,55.8650207519531,-11.9999694824219
20181108,12,82,17,2000,25652.341796875,252.300003051758,60.4421157836914,-4.99997568130493
20181108,18,82,17,2000,25768.408203125,251.899993896484,56.8698348999023,-6.19998168945313
20181109,0,82,17,2000,25866.671875,250.599975585938,52.4493179321289,-11.3999881744385
20181109,6,82,17,2000,25893.52734375,249.199996948242,50.7843399047852,-12.8999881744385
20181109,12,82,17,2000,25884.8515625,249,50.6105079650879,-11.1999816894531
20181109,18,82,17,2000,25878.884765625,250.300003051758,49.7254524230957,-11.2000122070313
20181110,0,82,17,2000,25880.9765625,250.699996948242,53.3238143920898,-14.5532283782959
20181110,6,82,17,2000,25841.794921875,249.899993896484,56.3867301940918,-16.9999752044678
20181110,12,82,17,2000,25784.681640625,249.692535400391,59.4027328491211,-20.0999755859375
20181110,18,82,17,2000,25721.9140625,249.5,59.4545516967773,-24.3827323913574
20181111,0,82,17,2000,25658.544921875,248.899993896484,61.7100105285645,-30.0999393463135
20181111,6,82,17,2000,25539.85546875,247.100006103516,55.4999885559082,-31.7999629974365
20181111,12,82,17,2000,25418.935546875,244.599975585938,44.5000038146973,-29.4999084472656
20181111,18,82,17,2000,25318.98828125,243.699981689453,32.2300033569336,-22.3000907897949
20181112,0,82,17,2000,25283.78515625,243.899993896484,24.5194187164307,-11.199987411499
20181112,6,82,17,2000,25301.615234375,246.800003051758,19.8620872497559,6.09763813018799
20181112,12,82,17,2000,25399.98828125,252.531692504883,22.1299991607666,20.3988647460938
20181112,18,82,17,2000,25543.849609375,256.399993896484,29.595832824707,23.7331809997559
20181113,0,82,17,2000,25673.869140625,255.499969482422,36.9885482788086,20.9251041412354
20181113,6,82,17,2000,25766.07421875,252.800003051758,39.0343170166016,19.7999973297119
20181113,12,82,17,2000,25833.330078125,250.399978637695,40.1533737182617,15.4000053405762
20181113,18,82,17,2000,25890.828125,248.399993896484,44.60302734375,13.8900003433228
20181114,0,82,17,2000,25959.134765625,247.79997253418,48.7163429260254,9.37067413330078
20181114,6,82,17,2000,25993.875,246.5,50.8877944946289,7.51467752456665
20181114,12,82,17,2000,26002.060546875,244.899978637695,50.1485404968262,4.09157228469849
20181114,18,82,17,2000,25993.029296875,244.399993896484,48.2902297973633,0.209985345602036
20181115,0,82,17,2000,25976.369140625,244.499969482422,50.1889953613281,-2.58100342750549
20181115,6,82,17,2000,25997.76171875,249.099975585938,50.9716033935547,10.8700199127197
20181115,12,82,17,2000,26092.953125,252,46.1797866821289,7.94000005722046
20181115,18,82,17,2000,26153.609375,249.300003051758,44.9401512145996,1.31999027729034
20181116,0,82,17,2000,26192.9921875,247.5,39.1992568969727,-5.18798842676915e-05
20181116,6,82,17,2000,26192.6171875,245.399948120117,34.9491958618164,-1.8756982088089
20181116,12,82,17,2000,26201.40234375,244.899993896484,33.6068115234375,0.239999994635582
20181116,18,82,17,2000,26241.48828125,246.899978637695,34.0480995178223,3.37923336029053
20181117,0,82,17,2000,26322.365234375,248.699981689453,35.4186096191406,1.42999994754791
20181117,6,82,17,2000,26377.67578125,247.800003051758,33.7660484313965,-3.06143069267273
20181117,12,82,17,2000,26390.04296875,247.100006103516,33.7350730895996,-6.37570333480835
20181117,18,82,17,2000,26390.505859375,248.099975585938,30.0599918365479,-7.83786392211914
20181118,0,82,17,2000,26400.23828125,248.506988525391,31.4107036590576,-11.6000146865845
20181118,6,82,17,2000,26380.3515625,249.600006103516,30.1535110473633,-10.9024000167847
20181118,12,82,17,2000,26337.724609375,250.17041015625,27.649974822998,-11.9867238998413
20181118,18,82,17,2000,26290.080078125,249.800003051758,26.7405548095703,-13.6158199310303
20181119,0,82,17,2000,26255.216796875,249.600006103516,28.302339553833,-13.1178512573242
20181119,6,82,17,2000,26199.3046875,250,26.8129291534424,-11.9356393814087
20181119,12,82,17,2000,26118.546875,250.699996948242,27.1554126739502,-10.9194431304932
20181119,18,82,17,2000,26040.783203125,252,23.92431640625,-15.9699831008911
20181120,0,82,17,2000,25967.390625,253.899993896484,25.9747219085693,-17.1494922637939
20181120,6,82,17,2000,25874.970703125,256.200012207031,19.5781517028809,-15.3395729064941
20181120,12,82,17,2000,25814.837890625,256.399993896484,17.5730953216553,-10.251989364624
20181120,18,82,17,2000,25794.796875,256.5,16.8999824523926,-7.58356428146362
20181121,0,82,17,2000,25810.212890625,257.100006103516,20.7261791229248,-8.70782947540283
20181121,6,82,17,2000,25805.33984375,257.014709472656,21.4965229034424,-7.92138671875
20181121,12,82,17,2000,25793.51171875,256.399963378906,18.3150024414063,-11.9319772720337
20181121,18,82,17,2000,25764.931640625,255.800003051758,12.9577903747559,-15.3273878097534
20181122,0,82,17,2000,25755.9140625,255.899993896484,8.88260459899902,-16.577465057373
20181122,6,82,17,2000,25725.595703125,255.79997253418,4.62236070632935,-15.4887742996216
20181122,12,82,17,2000,25713.654296875,254.800003051758,-0.3512182533741,-13.0285692214966
20181122,18,82,17,2000,25734.9140625,253.79997253418,-3.66649413108826,-10.3233671188354
20181123,0,82,17,2000,25785.939453125,252.899993896484,-4.3240065574646,-8.17199230194092
20181123,6,82,17,2000,25818.53515625,251.499969482422,-5.23601341247559,-4.95977544784546
20181123,12,82,17,2000,25853.203125,250.800003051758,-5.74399900436401,-2.46065425872803
20181123,18,82,17,2000,25884.904296875,249.899993896484,-5.94000482559204,-0.808647453784943
20181124,0,82,17,2000,25931.970703125,249.800003051758,-4.39398670196533,0.779457986354828
20181124,6,82,17,2000,25967.7578125,250.029144287109,-5.26342058181763,2.02029776573181
20181124,12,82,17,2000,26002.05078125,250.129150390625,-7.62336158752441,1.03070306777954
20181124,18,82,17,2000,26045.4765625,250,-10.5177421569824,0.100004881620407
20181125,0,82,17,2000,26105.671875,250.199996948242,-8.86127471923828,1.45518064498901
20181125,6,82,17,2000,26140.626953125,250.300003051758,-8.60255336761475,3.59221196174622
20181125,12,82,17,2000,26172.04296875,250.100006103516,-8.52872276306152,6.34001445770264
20181125,18,82,17,2000,26189.015625,249.699981689453,-8.86392593383789,6.07382583618164
20181126,0,82,17,2000,26216.306640625,249.699981689453,-7.26778554916382,6.6933274269104
20181126,6,82,17,2000,26228.5234375,249.599975585938,-6.46311283111572,9.25001907348633
20181126,12,82,17,2000,26236.8984375,249.5,-4.93618392944336,10.1299905776978
20181126,18,82,17,2000,26223.8984375,249.099975585938,-1.99079835414886,12.0458059310913
20181127,0,82,17,2000,26232.640625,249.5,0.293742686510086,10.5090770721436
20181127,6,82,17,2000,26223.697265625,249.399993896484,1.84001708030701,11.0812845230103
20181127,12,82,17,2000,26219.662109375,249.599975585938,1.00856685638428,11.5089988708496
20181127,18,82,17,2000,26212.115234375,249.5,1.16286861896515,12.4910202026367
20181128,0,82,17,2000,26228.90234375,249.899993896484,2.03070068359375,12.8623485565186
20181128,6,82,17,2000,26232.3671875,250.199996948242,2.76051950454712,15.0000057220459
20181128,12,82,17,2000,26226.642578125,250.399978637695,3.64159846305847,16.4000034332275
20181128,18,82,17,2000,26220.33984375,250.699996948242,3.75898432731628,14.8708553314209
20181129,0,82,17,2000,26234.244140625,250.899993896484,5.33436870574951,14.4999942779541
20181129,6,82,17,2000,26229.919921875,250.899993896484,4.94656991958618,15.6000003814697
20181129,12,82,17,2000,26230.470703125,250.600006103516,3.77998042106628,16.2000064849854
20181129,18,82,17,2000,26225.599609375,250.399978637695,3.49873661994934,14.5999879837036
20181130,0,82,17,2000,26233.193359375,250.699996948242,5.6279296875,12.5999937057495
20181130,6,82,17,2000,26225.34765625,250.899993896484,5.19879770278931,12.199987411499
20181130,12,82,17,2000,26205.255859375,251.100006103516,3.96467900276184,10.9999876022339
20181130,18,82,17,2000,26188.2265625,251.29997253418,1.40336000919342,7.22191143035889
20181201,0,82,17,2000,26196.732421875,251.399993896484,0.902233898639679,5.39998769760132
20181201,6,82,17,2000,26190.552734375,251.300003051758,-1.0811767578125,4.09999370574951
20181201,12,82,17,2000,26195.5234375,250.800003051758,-4.02882671356201,3.29999995231628
20181201,18,82,17,2000,26200.369140625,250.100006103516,-6.80599975585938,2.49999380111694
20181202,0,82,17,2000,26233.3984375,249.600006103516,-6.48911142349243,2.42914724349976
20181202,6,82,17,2000,26250.23046875,248.899993896484,-6.05612325668335,4.59781265258789
20181202,12,82,17,2000,26267.365234375,248.211669921875,-5.0766921043396,6.06245613098145
20181202,18,82,17,2000,26280.2265625,247.5,-5.05690908432007,6.17000961303711
20181203,0,82,17,2000,26320.0234375,246.899993896484,-6.12432861328125,5.47999000549316
20181203,6,82,17,2000,26348.712890625,247,-7.27752685546875,6.12000465393066
20181203,12,82,17,2000,26377.572265625,247,-7.25554180145264,7.00311040878296
20181203,18,82,17,2000,26394.625,246.100006103516,-5.46987295150757,7.89607906341553
20181204,0,82,17,2000,26420.40234375,246.300003051758,-3.25141596794128,8.76832962036133
20181204,6,82,17,2000,26428.92578125,246.800003051758,-3.04784178733826,10.7236518859863
20181204,12,82,17,2000,26433.39453125,247.300003051758,-2.73439931869507,12.0559597015381
20181204,18,82,17,2000,26421.234375,247.699996948242,-0.790515124797821,11.9983396530151
20181205,0,82,17,2000,26418.296875,248.300003051758,1.89852786064148,11.2734956741333
20181205,6,82,17,2000,26403.30078125,249.100006103516,2.79437875747681,12.149395942688
20181205,12,82,17,2000,26388.154296875,249.999969482422,1.32427215576172,10.9000368118286
20181205,18,82,17,2000,26371.734375,250.399993896484,-1.83040463924408,10.300030708313
20181206,0,82,17,2000,26377.794921875,250.399993896484,-4.56045246124268,9.60003089904785
20181206,6,82,17,2000,26396.919921875,250,-7.85356903076172,13.4100465774536
20181206,12,82,17,2000,26425.0859375,248.604415893555,-9.19232654571533,15.556432723999
20181206,18,82,17,2000,26458.119140625,247.295562744141,-8.76437377929688,15.7000246047974
20181207,0,82,17,2000,26507.1640625,246.499969482422,-6.26481008529663,15.4000186920166
20181207,6,82,17,2000,26551.234375,245.300003051758,-4.40079975128174,16.758056640625
20181207,12,82,17,2000,26585.732421875,243.699996948242,-3.6254608631134,16.5000057220459
20181207,18,82,17,2000,26613.244140625,242.800003051758,-2.75519108772278,14.6436100006104
20181208,0,82,17,2000,26649.408203125,242.699981689453,-1.62595820426941,13.4000120162964
20181208,6,82,17,2000,26677.29296875,242.300003051758,-1.91178894042969,15.4000186920166
20181208,12,82,17,2000,26704.8984375,242.300003051758,-3.04931640625,14.6564025878906
20181208,18,82,17,2000,26724.515625,242.100006103516,-4.04595804214478,13.3999996185303
20181209,0,82,17,2000,26755.14453125,242.300003051758,-2.36265873908997,12.2000122070313
20181209,6,82,17,2000,26770.69921875,242.199996948242,-1.54019618034363,12.7000064849854
20181209,12,82,17,2000,26778.8125,242.100006103516,-1.83172452449799,12.3999938964844
20181209,18,82,17,2000,26789.078125,241.800003051758,-2.94477701187134,10.7000122070313
20181210,0,82,17,2000,26808.6171875,241.800003051758,-1.11391758918762,9.80010986328125
20181210,6,82,17,2000,26822.25,241.599975585938,-0.254830926656723,10.0999937057495
20181210,12,82,17,2000,26828.85546875,241.600006103516,-0.674456775188446,10.1000003814697
20181210,18,82,17,2000,26827.837890625,241.199996948242,-1.0684722661972,9.09999370574951
20181211,0,82,17,2000,26846.765625,241.499969482422,1.21838533878326,7.69998788833618
20181211,6,82,17,2000,26851.880859375,241.29997253418,2.22460031509399,8.19999408721924
20181211,12,82,17,2000,26850.712890625,241.199996948242,2.29243159294128,8.79999351501465
20181211,18,82,17,2000,26842.9140625,240.899978637695,2.65375065803528,7.90000009536743
20181212,0,82,17,2000,26847.814453125,241.100006103516,4.06697702407837,7.99999380111694
20181212,6,82,17,2000,26842.16796875,241.199981689453,4.80000305175781,9.19999122619629
20181212,12,82,17,2000,26832.23828125,241.199996948242,3.75354146957397,9.30001258850098
20181212,18,82,17,2000,26813.265625,240.79997253418,2.88850092887878,8.39999389648438
20181213,0,82,17,2000,26819.171875,241.100006103516,4.09379100799561,7.70000600814819
20181213,6,82,17,2000,26809.13671875,241.199996948242,4.38103628158569,8.5000057220459
20181213,12,82,17,2000,26791.3046875,241.600006103516,3.59021615982056,8.89999961853027
20181213,18,82,17,2000,26765.6484375,241.699981689453,2.96390986442566,7.80136728286743
20181214,0,82,17,2000,26763.8046875,242.300003051758,4.20468425750732,7.10000610351563
20181214,6,82,17,2000,26745.20703125,242.5,4.30390310287476,7.74917602539063
20181214,12,82,17,2000,26731.9609375,242.899993896484,3.19985342025757,7.89998769760132
20181214,18,82,17,2000,26710.056640625,242.899993896484,2.16889333724976,6.90001201629639
20181215,0,82,17,2000,26714.341796875,243.600006103516,2.79707956314087,5.69999980926514
20181215,6,82,17,2000,26702.70703125,243.899993896484,2.31264042854309,6.49999380111694
20181215,12,82,17,2000,26696.57421875,243.899978637695,1.54555356502533,6.40856313705444
20181215,18,82,17,2000,26688.6484375,244,-0.741134643554688,4.59998798370361
20181216,0,82,17,2000,26702.44921875,244.399993896484,0.0958465561270714,3.49998784065247
20181216,6,82,17,2000,26702.05078125,244.300003051758,-1.03120112419128,4.00328350067139
20181216,12,82,17,2000,26709.4765625,244.199996948242,-2.05864572525024,3.39999079704285
20181216,18,82,17,2000,26705.130859375,244.199996948242,-3.98751211166382,1.99999392032623
20181217,0,82,17,2000,26727.966796875,244.102783203125,-3.19063711166382,1.20000004768372
20181217,6,82,17,2000,26735.732421875,244.199996948242,-3.8516845703125,2.59999990463257
20181217,12,82,17,2000,26747.2109375,244,-4.72180795669556,2.48388671875
20181217,18,82,17,2000,26752.33203125,244,-5.75451040267944,1.79996335506439
20181218,0,82,17,2000,26768.8203125,243.899993896484,-4.9268798828125,0.999951183795929
20181218,6,82,17,2000,26779.92578125,243.800003051758,-5.30879497528076,2.29998779296875
20181218,12,82,17,2000,26787.376953125,243.300003051758,-5.60419940948486,2.19998168945313
