20180720,0,-2,-58,15000,14279.0859375,207.414306640625,-21.9588871002197,-4.22683572769165
20180720,6,-2,-58,15000,14276.048828125,207.399993896484,-26.2416648864746,-1.36500000953674
20180720,12,-2,-58,15000,14288.3046875,207.297210693359,-25.9380512237549,-10.5117044448853
20180720,18,-2,-58,15000,14263.615234375,206.789993286133,-26.9411087036133,-13.8742160797119
20180721,0,-2,-58,15000,14254.5146484375,207,-30.8400001525879,-9.76845169067383
20180721,6,-2,-58,15000,14257.78125,207.017242431641,-27.0272159576416,-10.537392616272
20180721,12,-2,-58,15000,14271.4814453125,206.800003051758,-21.930004119873,-3.32108163833618
20180721,18,-2,-58,15000,14253.416015625,206.962493896484,-10.3055515289307,4.80753898620605
20180722,0,-2,-58,15000,14257.537109375,206.399993896484,-12.2872657775879,-0.588168919086456
20180722,6,-2,-58,15000,14245.5078125,206.399993896484,-12.9119434356689,-0.459399402141571
20180722,12,-2,-58,15000,14251.40234375,206.624465942383,-14.788779258728,-2.78487801551819
20180722,18,-2,-58,15000,14234.228515625,206.885330200195,-23.4068660736084,-3.94938468933105
20180723,0,-2,-58,15000,14224.4228515625,206.431686401367,-21.8706130981445,-7.23857927322388
20180723,6,-2,-58,15000,14224.380859375,206.399978637695,-25.4619426727295,-8.30231189727783
20180723,12,-2,-58,15000,14233.298828125,206.5,-27.6093559265137,-10.5923318862915
20180723,18,-2,-58,15000,14221.4326171875,206.199996948242,-23.6844234466553,-10.6435546875
20180724,0,-2,-58,15000,14222.681640625,205,-21.9284400939941,-11.7030420303345
20180724,6,-2,-58,15000,14226.41796875,206.131683349609,-20.2973442077637,-4.6451268196106
20180724,12,-2,-58,15000,14238.11328125,206.878082275391,-21.8413543701172,-3.71384763717651
20180724,18,-2,-58,15000,14232.4658203125,207.600006103516,-21.3580493927002,-0.733793973922729
20180725,0,-2,-58,15000,14232.67578125,207.199996948242,-28.5270557403564,-4.96796369552612
20180725,6,-2,-58,15000,14229.3828125,206.5,-28.6210155487061,-2.04967284202576
20180725,12,-2,-58,15000,14242.45703125,205.81282043457,-27.4249992370605,-6.63805437088013
20180725,18,-2,-58,15000,14230.10546875,205.382766723633,-24.4420852661133,-7.39050769805908
20180726,0,-2,-58,15000,14243.37109375,205.06364440918,-20.8833065032959,-6.24532461166382
20180726,6,-2,-58,15000,14235.052734375,204.899993896484,-20.1719036102295,-8.07271003723145
20180726,12,-2,-58,15000,14249.1845703125,205.129150390625,-20.985933303833,-11.0162744522095
20180726,18,-2,-58,15000,14234.236328125,205.058807373047,-19.1377506256104,-9.73116207122803
20180727,0,-2,-58,15000,14238.4560546875,205.424468994141,-21.7461090087891,-7.60967540740967
20180727,6,-2,-58,15000,14237.3876953125,205.600006103516,-23.4865818023682,-4.85857200622559
20180727,12,-2,-58,15000,14255.0009765625,206.100006103516,-23.8658447265625,-4.0810546875
20180727,18,-2,-58,15000,14236.92578125,205.888580322266,-20.4452781677246,-8.02686309814453
20180728,0,-2,-58,15000,14229.7470703125,205.614700317383,-20.1952838897705,-5.42971420288086
20180728,6,-2,-58,15000,14234.3046875,205.685302734375,-15.1397094726563,0.0819970667362213
20180728,12,-2,-58,15000,14239.0498046875,205.800003051758,-7.88098621368408,6.04616212844849
20180728,18,-2,-58,15000,14230.912109375,205.100006103516,-4.30445051193237,8.09815406799316
20180729,0,-2,-58,15000,14233.7138671875,204.399993896484,-7.0302586555481,5.39873027801514
20180729,6,-2,-58,15000,14233.3095703125,205.068313598633,-13.3291625976563,5.65152597427368
20180729,12,-2,-58,15000,14237.6201171875,204.599975585938,-20.8099899291992,-0.106921389698982
20180729,18,-2,-58,15000,14223.03515625,204.699981689453,-21.44775390625,-8.78650188446045
20180730,0,-2,-58,15000,14226.66015625,205.199981689453,-18.3535537719727,-8.20515632629395
20180730,6,-2,-58,15000,14230.0546875,205.199996948242,-18.7364063262939,-5.38470697402954
20180730,12,-2,-58,15000,14227.2802734375,205.100006103516,-27.9367084503174,-2.79906988143921
20180730,18,-2,-58,15000,14214.916015625,205,-25.333890914917,-2.45922374725342
20180731,0,-2,-58,15000,14214.9658203125,204.64892578125,-31.2399959564209,-5.05006122589111
20180731,6,-2,-58,15000,14222.84765625,204.5,-20.0163421630859,-7.02863264083862
20180731,12,-2,-58,15000,14240.2587890625,205,-21.6099796295166,-6.63119125366211
20180731,18,-2,-58,15000,14218.3447265625,205.199996948242,-21.7873153686523,-3.4632031917572
20180801,0,-2,-58,15000,14223.3154296875,204.961456298828,-28.3199520111084,-5.7455906867981
20180801,6,-2,-58,15000,14226.58203125,204.199996948242,-26.6275005340576,-9.94176292419434
20180801,12,-2,-58,15000,14233.4423828125,204.699996948242,-30.2032375335693,-6.08316421508789
20180801,18,-2,-58,15000,14215.3173828125,203.79997253418,-26.3642578125,-13.2078075408936
20180802,0,-2,-58,15000,14210.5498046875,203.199981689453,-26.4105224609375,-16.0647487640381
20180802,6,-2,-58,15000,14210.5673828125,203.100006103516,-21.3383159637451,-17.2305812835693
20180802,12,-2,-58,15000,14214.8564453125,203.100006103516,-24.6827220916748,-14.9523677825928
20180802,18,-2,-58,15000,14193.3154296875,203.699996948242,-27.4590282440186,-13.0445432662964
20180803,0,-2,-58,15000,14201.1298828125,204.099990844727,-31.9577655792236,-13.4219675064087
20180803,6,-2,-58,15000,14201.7578125,204.099990844727,-31.180004119873,-15.8926658630371
20180803,12,-2,-58,15000,14206.5810546875,203.600006103516,-27.2839946746826,-12.0459785461426
20180803,18,-2,-58,15000,14184.62890625,203.899993896484,-29.0108299255371,-12.4465475082397
20180804,0,-2,-58,15000,14190.8935546875,204.399993896484,-31.6028270721436,-12.7399682998657
20180804,6,-2,-58,15000,14186.2802734375,204,-31.4622211456299,-9.47989749908447
20180804,12,-2,-58,15000,14196.7578125,203.899993896484,-32.281665802002,-14.3338937759399
20180804,18,-2,-58,15000,14184.9765625,204.300003051758,-31.7799949645996,-14.2734231948853
20180805,0,-2,-58,15000,14197.16796875,204.600006103516,-29.3753852844238,-13.5237741470337
20180805,6,-2,-58,15000,14199.5,204.199996948242,-30.1999893188477,-14.6826782226563
20180805,12,-2,-58,15000,14221.798828125,204.507461547852,-33.8621940612793,-18.9025173187256
20180805,18,-2,-58,15000,14205.8037109375,204.099975585938,-27.4110736846924,-18.3841495513916
20180806,0,-2,-58,15000,14212.521484375,203.606979370117,-24.4599895477295,-17.2547950744629
20180806,6,-2,-58,15000,14217.6162109375,203.799987792969,-22.6700000762939,-14.5153007507324
20180806,12,-2,-58,15000,14231.3486328125,203.714248657227,-27.4799709320068,-12.6999731063843
20180806,18,-2,-58,15000,14205.91796875,204.199996948242,-28.2433490753174,-13.9637794494629
20180807,0,-2,-58,15000,14211.5078125,204.421936035156,-28.0894622802734,-12.8860769271851
20180807,6,-2,-58,15000,14210.9912109375,203.800003051758,-31.8541889190674,-12.9163694381714
20180807,12,-2,-58,15000,14228.6328125,203.899993896484,-32.4050025939941,-14.0500392913818
20180807,18,-2,-58,15000,14200.978515625,204.300003051758,-30.0458717346191,-16.7686786651611
20180808,0,-2,-58,15000,14207.544921875,206.066696166992,-32.299991607666,-13.1805152893066
20180808,6,-2,-58,15000,14221.8095703125,207.100006103516,-28.850004196167,-5.25109624862671
20180808,12,-2,-58,15000,14240.833984375,207.399978637695,-21.5972747802734,-3.54339838027954
20180808,18,-2,-58,15000,14215.392578125,207.29997253418,-25.8414459228516,-7.77664041519165
20180809,0,-2,-58,15000,14213.31640625,206.600250244141,-31.4483261108398,-10.3787746429443
20180809,6,-2,-58,15000,14209.806640625,205.600006103516,-33.8955535888672,-8.56669235229492
20180809,12,-2,-58,15000,14228.740234375,206.199996948242,-37.1856460571289,-13.1058521270752
20180809,18,-2,-58,15000,14218.0947265625,205.706985473633,-34.3052673339844,-11.7810544967651
20180810,0,-2,-58,15000,14223.009765625,205.199996948242,-29.6382026672363,-12.3899660110474
20180810,6,-2,-58,15000,14210.5634765625,204.899993896484,-32.3877258300781,-10.1570777893066
20180810,12,-2,-58,15000,14214.732421875,204.536361694336,-32.1862030029297,-12.7452001571655
20180810,18,-2,-58,15000,14194.6591796875,204.800003051758,-32.4723205566406,-14.7239408493042
20180811,0,-2,-58,15000,14201.802734375,204.800003051758,-27.1300430297852,-11.0032863616943
20180811,6,-2,-58,15000,14195.3212890625,204.100006103516,-29.5174903869629,-10.4796800613403
20180811,12,-2,-58,15000,14213.4326171875,204.199996948242,-29.0784225463867,-13.7795877456665
20180811,18,-2,-58,15000,14207.9990234375,204.787216186523,-22.9232425689697,-10.8216581344604
20180812,0,-2,-58,15000,14211.2666015625,204.118316650391,-21.1335067749023,-13.0797023773193
20180812,6,-2,-58,15000,14203.958984375,204.976409912109,-21.8299999237061,-5.25984144210815
20180812,12,-2,-58,15000,14216.5673828125,205.100006103516,-25.4480514526367,-3.21164059638977
20180812,18,-2,-58,15000,14198.28515625,205.899978637695,-27.3099956512451,-6.49738788604736
20180813,0,-2,-58,15000,14203.5703125,206.168304443359,-29.5686416625977,-11.5937013626099
20180813,6,-2,-58,15000,14207.853515625,206.399993896484,-33.2384185791016,-9.12094688415527
20180813,12,-2,-58,15000,14222.021484375,206.099975585938,-37.4633255004883,-12.9278984069824
20180813,18,-2,-58,15000,14208.1787109375,205.600006103516,-33.943359375,-18.8353366851807
20180814,0,-2,-58,15000,14209.431640625,206,-31.2303657531738,-16.2464065551758
20180814,6,-2,-58,15000,14200.48046875,206.199996948242,-34.8838768005371,-14.6632566452026
20180814,12,-2,-58,15000,14210.0771484375,206.600006103516,-26.2103805541992,-2.67000484466553
20180814,18,-2,-58,15000,14205.76171875,206.899978637695,-16.6228713989258,0.422153323888779
20180815,0,-2,-58,15000,14208.0087890625,206.96337890625,-15.4756345748901,0.929404318332672
20180815,6,-2,-58,15000,14209.2158203125,207.699981689453,-15.3677196502686,1.69104242324829
20180815,12,-2,-58,15000,14216.83203125,208.300003051758,-16.0987796783447,-3.94628167152405
20180815,18,-2,-58,15000,14202.271484375,208.699996948242,-6.23999977111816,-7.44306135177612
20180816,0,-2,-58,15000,14204.6337890625,209.399993896484,-6.25,0.156718745827675
20180816,6,-2,-58,15000,14212.5751953125,209.339797973633,-12.5151224136353,0.857570827007294
20180816,12,-2,-58,15000,14224.8837890625,208,-19.6253757476807,3.30365467071533
20180816,18,-2,-58,15000,14207.646484375,208.100006103516,-15.5366649627686,-1.3565673828125
20180817,0,-2,-58,15000,14206.4140625,207.261077880859,-17.1599903106689,-4.00491189956665
20180817,6,-2,-58,15000,14202.0703125,206.600006103516,-22.1099948883057,-2.68533682823181
20180817,12,-2,-58,15000,14212.994140625,205.600006103516,-27.0799999237061,-5.81545400619507
20180817,18,-2,-58,15000,14202.9423828125,206.229156494141,-27.6855487823486,-6.47618675231934
20180818,0,-2,-58,15000,14206.4560546875,205.5,-30.1808013916016,-8.03800010681152
20180818,6,-2,-58,15000,14214.673828125,205.300003051758,-31.9924945831299,-10.391716003418
20180818,12,-2,-58,15000,14227.150390625,205.399993896484,-33.5724945068359,-14.2809152603149
20180818,18,-2,-58,15000,14209.5048828125,205.499755859375,-32.3960990905762,-15.386100769043
20180819,0,-2,-58,15000,14212.119140625,205.199752807617,-27.6763820648193,-13.2060298919678
20180819,6,-2,-58,15000,14215.78125,206.300003051758,-24.5671138763428,-2.77110600471497
20180819,12,-2,-58,15000,14230.7646484375,206.299758911133,-20.6299953460693,0.695471167564392
20180819,18,-2,-58,15000,14205.8984375,205.899993896484,-16.481861114502,3.56364250183105
20180820,0,-2,-58,15000,14218.2734375,206.507476806641,-15.1447563171387,3.40323495864868
20180820,6,-2,-58,15000,14224.224609375,207.300003051758,-12.3953275680542,2.11196279525757
20180820,12,-2,-58,15000,14234.1484375,207.999969482422,-6.98440408706665,-1.50510501861572
20180820,18,-2,-58,15000,14211.6796875,208,-5.32999038696289,-4.7376708984375
20180821,0,-2,-58,15000,14209.2490234375,207.5,-9.70889186859131,-6.75558614730835
20180821,6,-2,-58,15000,14204.9326171875,208,-8.60191440582275,-6.99406242370605
20180821,12,-2,-58,15000,14216.1025390625,207.699996948242,-14.5791654586792,-5.7947850227356
20180821,18,-2,-58,15000,14201.5537109375,206.900024414063,-14.830002784729,-1.32841801643372
20180822,0,-2,-58,15000,14206.7578125,207.436370849609,-18.0299949645996,-1.07317626476288
20180822,6,-2,-58,15000,14205.822265625,206.636383056641,-22.2000007629395,-2.45676755905151
20180822,12,-2,-58,15000,14222.6396484375,207.100006103516,-30.5943984985352,-7.78595209121704
20180822,18,-2,-58,15000,14211.7177734375,207.770843505859,-28.2247123718262,-7.41554689407349
20180823,0,-2,-58,15000,14221.6025390625,206.899993896484,-31.4802303314209,-9.87134265899658
20180823,6,-2,-58,15000,14211.48828125,206.613357543945,-29.7879695892334,-8.11593055725098
20180823,12,-2,-58,15000,14219.4287109375,206.478073120117,-34.4999847412109,-12.1961793899536
20180823,18,-2,-58,15000,14190.25,205.5,-31.7188816070557,-12.5279569625854
20180824,0,-2,-58,15000,14189.13671875,205.099975585938,-34.3799896240234,-17.0117301940918
20180824,6,-2,-58,15000,14186.611328125,205.399993896484,-31.4822273254395,-14.2475099563599
20180824,12,-2,-58,15000,14191.4375,205.800003051758,-31.2933006286621,-19.0825729370117
20180824,18,-2,-58,15000,14167.763671875,205,-28.971830368042,-18.2661323547363
20180825,0,-2,-58,15000,14172.0986328125,205.899993896484,-29.7073097229004,-17.8958644866943
20180825,6,-2,-58,15000,14172.13671875,206.699981689453,-30.2177639007568,-18.2283744812012
20180825,12,-2,-58,15000,14191.9326171875,206.399993896484,-31.6083488464355,-16.8129806518555
20180825,18,-2,-58,15000,14177.962890625,207,-25.1147212982178,-13.9093580245972
20180826,0,-2,-58,15000,14189.556640625,207.300003051758,-18.4405574798584,-6.97302007675171
20180826,6,-2,-58,15000,14196.9921875,206.600006103516,-20.3811092376709,-4.40288829803467
20180826,12,-2,-58,15000,14211.1337890625,206.506988525391,-18.9075393676758,0.705842256546021
20180826,18,-2,-58,15000,14193.8466796875,206,-15.3688774108887,-1.34637939929962
20180827,0,-2,-58,15000,14199.2685546875,206.100006103516,-17.7476902008057,-6.49602031707764
20180827,6,-2,-58,15000,14203.5126953125,205.699981689453,-21.0499897003174,-3.33023929595947
20180827,12,-2,-58,15000,14203.12109375,205.614700317383,-21.9347114562988,-6.81734132766724
20180827,18,-2,-58,15000,14179.8173828125,205.300003051758,-22.4619426727295,-9.74182605743408
20180828,0,-2,-58,15000,14187.49609375,204.79997253418,-22.5244636535645,-9.31918430328369
20180828,6,-2,-58,15000,14186.5595703125,205.600006103516,-21.7614593505859,-3.50138664245605
20180828,12,-2,-58,15000,14200.3837890625,205.699996948242,-20.8100032806396,-4.55439710617065
20180828,18,-2,-58,15000,14180.2236328125,205.5,-17.1050262451172,-4.19355201721191
20180829,0,-2,-58,15000,14186.119140625,205.899978637695,-15.2500953674316,-7.06341552734375
20180829,6,-2,-58,15000,14180.0908203125,205.939407348633,-15.0760793685913,-1.41302490234375
20180829,12,-2,-58,15000,14184.74609375,206.300003051758,-17.1303272247314,-2.71851563453674
20180829,18,-2,-58,15000,14169.8525390625,206.5,-14.1192092895508,-5.49486351013184
20180830,0,-2,-58,15000,14167.287109375,207.300003051758,-12.8753519058228,-7.12918472290039
20180830,6,-2,-58,15000,14166.6484375,205.79997253418,-26.0032844543457,-6.1184253692627
20180830,12,-2,-58,15000,14167.994140625,205.582763671875,-27.7036514282227,-7.0591869354248
20180830,18,-2,-58,15000,14159.4052734375,203.899978637695,-29.4400005340576,-5.95420408248901
20180831,0,-2,-58,15000,14174.67578125,203.887939453125,-35.9499969482422,-11.4760398864746
20180831,6,-2,-58,15000,14176.146484375,204.659240722656,-29.1744480133057,-13.8148365020752
20180831,12,-2,-58,15000,14186.26171875,204.911178588867,-34.7033805847168,-11.7195358276367
20180831,18,-2,-58,15000,14171.19921875,204.920944213867,-33.2579498291016,-13.3935642242432
20180901,0,-2,-58,15000,14178.4423828125,206.999969482422,-30.1872215270996,-12.815544128418
20180901,6,-2,-58,15000,14182.97265625,207.100006103516,-31.7999992370605,-8.67218780517578
20180901,12,-2,-58,15000,14189.6611328125,207.699996948242,-26.9999904632568,-8.5689058303833
20180901,18,-2,-58,15000,14165.45703125,207.199996948242,-29.7377777099609,-7.28830099105835
20180902,0,-2,-58,15000,14172.46484375,206.899993896484,-30.1605377197266,-14.082311630249
20180902,6,-2,-58,15000,14163.990234375,206.199996948242,-26.368091583252,-10.9881782531738
20180902,12,-2,-58,15000,14185.642578125,205.600006103516,-35.2044486999512,-16.9609661102295
20180902,18,-2,-58,15000,14163.767578125,205.199996948242,-28.5093746185303,-14.3956394195557
20180903,0,-2,-58,15000,14174.267578125,204.399993896484,-30.5595207214355,-15.8049564361572
20180903,6,-2,-58,15000,14174.744140625,204.5,-30.0899982452393,-18.021276473999
20180903,12,-2,-58,15000,14195.3828125,204.199996948242,-34.753360748291,-17.2452030181885
20180903,18,-2,-58,15000,14173.37109375,202.699996948242,-24.4955501556396,-12.9216527938843
20180904,0,-2,-58,15000,14175.3837890625,202.5,-27.7978343963623,-9.03969478607178
20180904,6,-2,-58,15000,14181.267578125,203.899978637695,-31.5151309967041,-9.99574947357178
20180904,12,-2,-58,15000,14199.271484375,203.5,-29.3708248138428,-11.4787721633911
20180904,18,-2,-58,15000,14183.23046875,202.899978637695,-22.5566463470459,-8.021803855896
20180905,0,-2,-58,15000,14187.6201171875,202.899993896484,-22.498140335083,-7.66583490371704
20180905,6,-2,-58,15000,14185.7783203125,203.100006103516,-22.5950336456299,-4.42333984375
20180905,12,-2,-58,15000,14202.3046875,203.099990844727,-23.9765682220459,-3.38505864143372
20180905,18,-2,-58,15000,14180.9287109375,203.399993896484,-22.2324905395508,-4.28245115280151
20180906,0,-2,-58,15000,14187.486328125,203.300048828125,-21.0899906158447,-6.21791982650757
20180906,6,-2,-58,15000,14178.455078125,203.699981689453,-20.569995880127,-5.38035869598389
20180906,12,-2,-58,15000,14200.65625,203.619445800781,-15.8288602828979,-8.78908157348633
20180906,18,-2,-58,15000,14179.0966796875,203.399993896484,-15.9955224990845,-12.6444511413574
20180907,0,-2,-58,15000,14189.0234375,203.494216918945,-14.7388772964478,-10.9981813430786
20180907,6,-2,-58,15000,14189.8134765625,204.199996948242,-11.8787403106689,-7.16656970977783
20180907,12,-2,-58,15000,14201.8984375,204.299987792969,-15.4491748809814,-7.50055646896362
20180907,18,-2,-58,15000,14184.125,204.099990844727,-16.0683212280273,-10.1925926208496
20180908,0,-2,-58,15000,14189.482421875,203.79997253418,-19.2883110046387,-6.7446436882019
20180908,6,-2,-58,15000,14194.8583984375,204.099990844727,-16.4799900054932,-8.5339994430542
20180908,12,-2,-58,15000,14208.4384765625,204.399978637695,-23.968879699707,-8.0600118637085
20180908,18,-2,-58,15000,14193.232421875,203.099975585938,-17.8974857330322,-6.49921607971191
20180909,0,-2,-58,15000,14195.2939453125,203.899978637695,-25.0331878662109,-2.99860596656799
20180909,6,-2,-58,15000,14200.09765625,203.899993896484,-22.5863380432129,-3.94315910339355
20180909,12,-2,-58,15000,14211.0966796875,204.600006103516,-25.4489669799805,-4.1672682762146
20180909,18,-2,-58,15000,14200.0390625,204.199996948242,-25.1499786376953,-6.50204610824585
20180910,0,-2,-58,15000,14205.8359375,203.300003051758,-23.4299850463867,-2.36335444450378
20180910,6,-2,-58,15000,14204.1201171875,203.761077880859,-21.9322185516357,-1.90618407726288
20180910,12,-2,-58,15000,14217.646484375,203.800003051758,-18.5990009307861,-0.0865234360098839
20180910,18,-2,-58,15000,14200.458984375,204.699996948242,-22.5339851379395,-3.31893301010132
20180911,0,-2,-58,15000,14203.93359375,204.238922119141,-27.7499752044678,-6.94742441177368
20180911,6,-2,-58,15000,14207.552734375,204.399993896484,-27.281982421875,-6.88835954666138
20180911,12,-2,-58,15000,14212.25390625,204.199996948242,-28.7399845123291,-10.019700050354
20180911,18,-2,-58,15000,14190.740234375,204.127731323242,-26.7194328308105,-8.85348892211914
20180912,0,-2,-58,15000,14196.3525390625,203.546600341797,-23.754711151123,-9.66246128082275
20180912,6,-2,-58,15000,14199.4697265625,204.091018676758,-23.3747138977051,-9.06113243103027
20180912,12,-2,-58,15000,14213.1875,204.546127319336,-23.7622909545898,-15.5162715911865
20180912,18,-2,-58,15000,14199.02734375,203.827545166016,-15.025764465332,-13.6033515930176
20180913,0,-2,-58,15000,14203.6396484375,203.931671142578,-19.8939037322998,-12.7177486419678
20180913,6,-2,-58,15000,14206.6962890625,204.621917724609,-21.6342182159424,-14.5335645675659
20180913,12,-2,-58,15000,14226.673828125,204.699981689453,-21.4763374328613,-12.1200733184814
20180913,18,-2,-58,15000,14210.8935546875,204.800003051758,-20.6804370880127,-12.6455173492432
20180914,12,-2,-58,15000,14236.1337890625,205.202484130859,-17.6650142669678,-20.7440280914307
20180914,18,-2,-58,15000,14216.361328125,205,-18.8358516693115,-15.4191751480103
20180915,0,-2,-58,15000,14231.4189453125,205.399993896484,-25.6099872589111,-15.1075801849365
20180915,6,-2,-58,15000,14231.103515625,205.199996948242,-21.2729663848877,-10.1554346084595
20180915,12,-2,-58,15000,14242.4912109375,205.79997253418,-18.8258075714111,-13.4870338439941
20180915,18,-2,-58,15000,14218.97265625,206.431686401367,-17.7700901031494,-19.5863056182861
20180916,0,-2,-58,15000,14223.869140625,205.685272216797,-18.8774147033691,-18.6259098052979
20180916,12,-2,-58,15000,14237.0888671875,205.638916015625,-17.6173896789551,-21.9774894714355
20180916,18,-2,-58,15000,14218.9296875,205.100006103516,-19.7763004302979,-18.3772506713867
20180917,0,-2,-58,15000,14223.8349609375,205,-16.8491630554199,-12.9621553421021
20180917,6,-2,-58,15000,14220.55859375,205,-14.8724851608276,-1.61780512332916
20180917,12,-2,-58,15000,14227.8798828125,204.699996948242,-12.3664894104004,6.65929937362671
20180917,18,-2,-58,15000,14205.6650390625,204.999969482422,-13.2959470748901,8.7484130859375
20180918,0,-2,-58,15000,14208.0771484375,204.999969482422,-18.2108688354492,3.32382082939148
20180918,6,-2,-58,15000,14211.537109375,205.300003051758,-20.0062274932861,3.95276117324829
20180918,12,-2,-58,15000,14226.7548828125,205.5,-15.5467500686646,6.96455812454224
20180918,18,-2,-58,15000,14215.53125,205.199996948242,-18.0840969085693,9.72252941131592
20180919,0,-2,-58,15000,14226.8408203125,205.336349487305,-14.7744455337524,7.5453782081604
20180919,6,-2,-58,15000,14220.4033203125,205.5,-13.8334493637085,5.31867933273315
20180919,12,-2,-58,15000,14231.361328125,205.220169067383,-11.1768550872803,-0.272312015295029
20180919,18,-2,-58,15000,14206.8251953125,204.80322265625,-6.46026849746704,-7.36742925643921
20180920,0,-2,-58,15000,14207.4638671875,204.25505065918,-9.29501438140869,-11.7157497406006
20180920,6,-2,-58,15000,14210.5048828125,204.5,-20.0403079986572,-5.48813247680664
20180920,12,-2,-58,15000,14222.0166015625,204.400024414063,-18.1916484832764,-4.95790529251099
20180920,18,-2,-58,15000,14190.3447265625,204.300003051758,-14.3003492355347,-4.33373069763184
20180921,0,-2,-58,15000,14196.7802734375,204.600006103516,-15.6816673278809,-1.94491946697235
20180921,6,-2,-58,15000,14208.732421875,205.024459838867,-13.7192039489746,2.55113291740417
20180921,12,-2,-58,15000,14223.1689453125,204.918899536133,-14.2267875671387,6.32113027572632
20180921,18,-2,-58,15000,14196.6064453125,204.5,-12.2541475296021,7.60329103469849
20180922,0,-2,-58,15000,14200.1953125,204.824462890625,-14.5524997711182,0.907177746295929
20180922,6,-2,-58,15000,14207.326171875,205.678070068359,-18.4354496002197,-0.607553720474243
20180922,12,-2,-58,15000,14224.275390625,205.800003051758,-18.8007907867432,-4.62902116775513
20180922,18,-2,-58,15000,14193.1103515625,205,-22.8757877349854,-6.9598217010498
20180923,0,-2,-58,15000,14195.0888671875,203.899993896484,-23.5018692016602,-4.58450937271118
20180923,6,-2,-58,15000,14198.5537109375,204.800003051758,-23.8329372406006,-0.250192880630493
20180923,12,-2,-58,15000,14205.7451171875,204.899993896484,-23.8078899383545,3.64413809776306
20180923,18,-2,-58,15000,14185.1826171875,204.800003051758,-21.5193157196045,3.67208981513977
20180924,0,-2,-58,15000,14192.5537109375,205.5,-23.3030624389648,-3.55650401115417
20180924,6,-2,-58,15000,14193.4189453125,205.399993896484,-18.1703643798828,-5.06171131134033
20180924,12,-2,-58,15000,14210.8916015625,204.899993896484,-22.7467479705811,-2.45840811729431
20180924,18,-2,-58,15000,14192.9921875,204.789978027344,-20.7191619873047,-3.24476552009583
20180925,0,-2,-58,15000,14199.58984375,205.508148193359,-22.0510330200195,-7.34116220474243
20180925,6,-2,-58,15000,14211.7314453125,205.5,-22.1340217590332,-4.25720930099487
20180925,12,-2,-58,15000,14223.322265625,205.899993896484,-21.6648006439209,-4.28128671646118
20180925,18,-2,-58,15000,14198.95703125,205.899993896484,-22.0158786773682,-7.42726564407349
20180926,0,-2,-58,15000,14206.9189453125,205.399993896484,-21.4799365997314,-10.6352195739746
20180926,6,-2,-58,15000,14212.76171875,205.495635986328,-22.526029586792,-12.1905908584595
20180926,12,-2,-58,15000,14221.056640625,205.685638427734,-27.1517848968506,-14.8718948364258
20180926,18,-2,-58,15000,14209.04296875,205.358032226563,-23.575834274292,-9.21275901794434
20180927,0,-2,-58,15000,14213.2314453125,205.706253051758,-27.5619277954102,-10.0293455123901
20180927,6,-2,-58,15000,14216.58984375,206.300003051758,-31.0203704833984,-15.6832399368286
20180927,12,-2,-58,15000,14227.583984375,205.899978637695,-27.3974666595459,-15.2711572647095
20180927,18,-2,-58,15000,14213.2578125,206.300003051758,-29.2371063232422,-16.5913677215576
20180928,0,-2,-58,15000,14219.2177734375,206.100006103516,-26.0302715301514,-13.5632371902466
20180928,6,-2,-58,15000,14218.798828125,206.199996948242,-30.6494293212891,-14.842324256897
20180928,12,-2,-58,15000,14233.837890625,206,-24.788215637207,-7.75846672058105
20180928,18,-2,-58,15000,14211.0185546875,206.399978637695,-14.5922117233276,-3.3519823551178
20180929,0,-2,-58,15000,14222.5712890625,207.5,-11.8446826934814,0.212495118379593
20180929,6,-2,-58,15000,14224.701171875,207.899993896484,-6.17802000045776,-0.557219266891479
20180929,12,-2,-58,15000,14242.8349609375,208.5,0.175388187170029,0.255417466163635
20180929,18,-2,-58,15000,14231.61328125,207.795562744141,-0.0430224612355232,3.30531001091003
20180930,0,-2,-58,15000,14244.2099609375,206.5,-1.50501954555511,3.54198980331421
20180930,6,-2,-58,15000,14244.8046875,206.559448242188,0.572504878044128,5.94218730926514
20180930,12,-2,-58,15000,14264,206.399978637695,-4.2404932975769,8.07173538208008
20180930,18,-2,-58,15000,14249.150390625,205.79997253418,-3.54261708259583,5.46811532974243
20181001,0,-2,-58,15000,14254.6533203125,205.600006103516,-4.08862781524658,-0.45662596821785
20181001,6,-2,-58,15000,14253.056640625,205.100006103516,-1.89664793014526,-4.43877935409546
20181001,12,-2,-58,15000,14270.587890625,205.399978637695,-5.23664236068726,-7.20015239715576
20181001,18,-2,-58,15000,14248.7529296875,205.300003051758,-3.25812387466431,-10.252477645874
20181002,0,-2,-58,15000,14249.744140625,206.199996948242,-10.9120798110962,-9.7665376663208
20181002,6,-2,-58,15000,14247.1162109375,206.5,-11.3007640838623,-10.3257369995117
20181002,12,-2,-58,15000,14261.9384765625,207.138916015625,-16.4973907470703,-9.53359889984131
20181002,18,-2,-58,15000,14239.912109375,206.600006103516,-17.5433540344238,-8.489501953125
20181003,0,-2,-58,15000,14245.1474609375,205.744094848633,-16.7189865112305,-7.5772852897644
20181003,6,-2,-58,15000,14235.7314453125,206,-19.1713886260986,-8.83267116546631
20181003,12,-2,-58,15000,14250.01171875,205.5,-20.5994319915771,-8.3482084274292
20181003,18,-2,-58,15000,14228.009765625,205.638916015625,-18.0194339752197,-7.90501689910889
20181004,0,-2,-58,15000,14236.45703125,205.621917724609,-15.0505495071411,-7.57498550415039
20181004,6,-2,-58,15000,14232.681640625,205.100006103516,-13.330078125,-6.84832048416138
20181004,12,-2,-58,15000,14245.00390625,204.814697265625,-15.770544052124,-5.27836894989014
20181004,18,-2,-58,15000,14225.21875,204.807464599609,-16.0546703338623,-5.94164800643921
20181005,0,-2,-58,15000,14233.8310546875,205.246139526367,-11.0729007720947,-2.92889404296875
20181005,6,-2,-58,15000,14235.3291015625,205.699996948242,-6.19713115692139,-0.281779795885086
20181005,12,-2,-58,15000,14249.45703125,205.499969482422,-4.93025636672974,0.409147948026657
20181005,18,-2,-58,15000,14227.337890625,205.100006103516,0.13665771484375,2.55651617050171
20181006,0,-2,-58,15000,14237.96875,204.899993896484,0.79937744140625,1.48964107036591
20181006,6,-2,-58,15000,14236.8837890625,204.753875732422,1.30708253383636,4.47627925872803
20181006,12,-2,-58,15000,14249.427734375,204.899993896484,0.791271984577179,5.88875961303711
20181006,18,-2,-58,15000,14234.451171875,205.248931884766,-0.0469702146947384,7.84756851196289
20181007,0,-2,-58,15000,14244.8701171875,205.078079223633,-1.83501589298248,10.2482242584229
20181007,6,-2,-58,15000,14241.60546875,205.321929931641,-2.58592844009399,8.77210712432861
20181007,12,-2,-58,15000,14251.9716796875,205.100006103516,-2.38467717170715,9.70646381378174
20181007,18,-2,-58,15000,14236.1171875,204.821899414063,1.84969937801361,8.61502647399902
20181008,0,-2,-58,15000,14238.71484375,204.600006103516,0.915612816810608,6.29759788513184
20181008,6,-2,-58,15000,14238.1904296875,204.79997253418,-1.62851560115814,6.22830057144165
20181008,12,-2,-58,15000,14254.7978515625,204.799987792969,-2.47742176055908,5.71808099746704
20181008,18,-2,-58,15000,14237.6572265625,204.5,-0.529062509536743,5.37213373184204
20181009,0,-2,-58,15000,14244.830078125,204.399749755859,-1.58049070835114,4.21835947036743
20181009,6,-2,-58,15000,14241.615234375,204.699996948242,-1.22252202033997,3.05322742462158
20181009,12,-2,-58,15000,14254.9501953125,205.099975585938,-0.642443835735321,4.47552251815796
20181009,18,-2,-58,15000,14236.388671875,205.007476806641,-0.150048822164536,5.31901836395264
20181010,0,-2,-58,15000,14249.91015625,205.138885498047,-0.0847363248467445,2.72618174552917
20181010,6,-2,-58,15000,14241.861328125,205,0.736372053623199,0.626232922077179
20181010,12,-2,-58,15000,14256.576171875,205.5,-1.59666752815247,2.22576427459717
20181010,18,-2,-58,15000,14242.431640625,205.100006103516,0.0114404298365116,2.88279795646667
20181011,0,-2,-58,15000,14252.40234375,204.806976318359,0.0101977540180087,2.46399164199829
20181011,6,-2,-58,15000,14248.9052734375,204.399993896484,0.965214848518372,0.461982429027557
20181011,12,-2,-58,15000,14261.7265625,204.699981689453,1.93008303642273,0.163476556539536
20181011,18,-2,-58,15000,14246.6904296875,204.399978637695,2.85066890716553,0.352148443460464
20181012,0,-2,-58,15000,14253.8310546875,204.199981689453,3.19337892532349,1.62205564975739
20181012,6,-2,-58,15000,14246.15625,204.699996948242,1.11651372909546,0.451220691204071
20181012,12,-2,-58,15000,14257.80078125,204.799987792969,-1.12656009197235,3.72083497047424
20181012,18,-2,-58,15000,14231.599609375,204.300003051758,-0.451596677303314,5.18962907791138
20181013,0,-2,-58,15000,14238.99609375,204.299758911133,3.57144784927368,0.333930671215057
20181013,6,-2,-58,15000,14240.087890625,204.646118164063,3.46798348426819,-3.10905027389526
20181013,12,-2,-58,15000,14244.083984375,204.100006103516,1.07174563407898,0.362695306539536
20181013,18,-2,-58,15000,14225.3603515625,204.699996948242,2.3461742401123,-2.42660641670227
20181014,0,-2,-58,15000,14227.6884765625,203.899993896484,1.63454592227936,-4.78287124633789
20181014,6,-2,-58,15000,14224.037109375,204.100006103516,-0.181237787008286,-5.50553703308105
20181014,12,-2,-58,15000,14236.3115234375,203.899993896484,-3.16149163246155,-7.2713770866394
20181014,18,-2,-58,15000,14211.5029296875,203.999984741211,-7.9225902557373,-10.5933103561401
20181015,0,-2,-58,15000,14222.0361328125,203.199996948242,-8.38113021850586,-9.36445808410645
20181015,6,-2,-58,15000,14221.2451171875,203.300003051758,-10.8217458724976,-7.72437477111816
20181015,12,-2,-58,15000,14226.4208984375,203.417236328125,-10.9954271316528,-5.55448722839355
20181015,18,-2,-58,15000,14202.4921875,203.100006103516,-16.0695209503174,-2.25886225700378
20181016,0,-2,-58,15000,14203.302734375,203,-12.8146848678589,-6.23413562774658
20181016,6,-2,-58,15000,14198.4560546875,203.499969482422,-12.4255027770996,-1.22280764579773
20181016,12,-2,-58,15000,14209.9189453125,203.600006103516,-20.2563400268555,-3.88419914245605
20181016,18,-2,-58,15000,14182.2216796875,203.699996948242,-15.5316524505615,-2.03557133674622
20181017,0,-2,-58,15000,14194.4990234375,203.5,-15.2985181808472,1.41712403297424
20181017,6,-2,-58,15000,14191.6435546875,204.506973266602,-15.726921081543,-0.935961902141571
20181017,12,-2,-58,15000,14206.8212890625,204.29997253418,-20.3864307403564,-3.33455562591553
20181017,18,-2,-58,15000,14191.9150390625,203.93212890625,-14.0884037017822,-2.70068597793579
20181018,0,-2,-58,15000,14195.6650390625,203.836380004883,-15.6989011764526,-3.95398688316345
20181018,6,-2,-58,15000,14202.4140625,204.400009155273,-14.5116577148438,-2.50503182411194
20181018,12,-2,-58,15000,14221.51171875,204.5,-15.2074775695801,-2.63428711891174
20181018,18,-2,-58,15000,14201.3037109375,204.300003051758,-14.1812477111816,-2.93141102790833
20181019,0,-2,-58,15000,14213.5654296875,203.699981689453,-14.6404685974121,-3.2858202457428
20181019,6,-2,-58,15000,14208.8076171875,203.899993896484,-12.9447269439697,-4.84340333938599
20181019,18,-2,-58,15000,14204.7109375,203.696548461914,-19.7494258880615,0.0895361304283142
20181020,0,-2,-58,15000,14220.4638671875,203.600006103516,-19.8467140197754,0.351367175579071
20181020,6,-2,-58,15000,14213.681640625,203.300003051758,-15.5193843841553,-0.383129894733429
20181020,12,-2,-58,15000,14221.955078125,203.099990844727,-14.1886253356934,-1.05110108852386
20181020,18,-2,-58,15000,14200.400390625,202.999969482422,-14.288703918457,-2.95407724380493
20181021,0,-2,-58,15000,14212.0927734375,203.300003051758,-9.75931930541992,-4.5500636100769
20181021,6,-2,-58,15000,14213.494140625,203.800003051758,-13.0994358062744,-11.9546947479248
20181021,12,-2,-58,15000,14225.5078125,203.838912963867,-16.9870777130127,-4.44188737869263
20181021,18,-2,-58,15000,14204.4072265625,203.800003051758,-14.2811985015869,-8.28100109100342
20181022,0,-2,-58,15000,14218.8388671875,203.699996948242,-17.1599979400635,-2.99262452125549
20181022,6,-2,-58,15000,14210.9677734375,203.664108276367,-18.3779277801514,-8.1459321975708
20181022,12,-2,-58,15000,14218.1533203125,204.343109130859,-21.2956085205078,-7.13206768035889
20181022,18,-2,-58,15000,14192.5849609375,203.300003051758,-10.2192525863647,-9.81289100646973
20181023,0,-2,-58,15000,14200.2509765625,205,-18.1877899169922,-12.2949638366699
20181023,6,-2,-58,15000,14202.2041015625,204.069290161133,-16.6201553344727,-6.36529541015625
20181023,12,-2,-58,15000,14216.447265625,204.086135864258,-19.9694652557373,-3.52036142349243
20181023,18,-2,-58,15000,14199.275390625,203.999984741211,-19.4018669128418,-2.10774421691895
20181024,0,-2,-58,15000,14206.3212890625,204.299987792969,-17.7160587310791,-2.3169481754303
20181024,6,-2,-58,15000,14205.5126953125,204.29997253418,-18.0542984008789,-0.758593738079071
20181024,12,-2,-58,15000,14214.9501953125,204.984527587891,-19.9154434204102,0.291386723518372
20181024,18,-2,-58,15000,14203.8837890625,205.5,-15.7987108230591,1.06392335891724
20181025,0,-2,-58,15000,14219.349609375,205.794769287109,-18.3458690643311,-1.51301515102386
20181025,6,-2,-58,15000,14222.9736328125,206.505584716797,-15.0975093841553,-1.26655519008636
20181025,12,-2,-58,15000,14236.8798828125,206.399978637695,-19.8169612884521,-1.59857904911041
20181025,18,-2,-58,15000,14219.8486328125,206.8134765625,-23.0213451385498,-0.530012190341949
20181026,0,-2,-58,15000,14230.69921875,206.403472900391,-26.372163772583,-3.46733641624451
20181026,6,-2,-58,15000,14225.072265625,206.170852661133,-22.3280277252197,-2.73848152160645
20181026,12,-2,-58,15000,14238.30078125,206.829147338867,-24.469518661499,-2.94490957260132
20181026,18,-2,-58,15000,14221.4697265625,207.167388916016,-24.9539985656738,-4.71266841888428
20181027,0,-2,-58,15000,14230.85546875,207.638916015625,-27.8084335327148,-6.3267822265625
20181027,6,-2,-58,15000,14229.4912109375,206.600006103516,-25.8445529937744,-8.1200590133667
20181027,12,-2,-58,15000,14234.068359375,205.653366088867,-23.2733383178711,-9.10194778442383
20181027,18,-2,-58,15000,14214.037109375,205.199996948242,-15.7799949645996,-7.86471700668335
20181028,0,-2,-58,15000,14222.8125,204.399993896484,-11.5,-6.13630390167236
20181028,6,-2,-58,15000,14221.0166015625,204.79997253418,-5.66638422012329,-4.26139163970947
20181028,12,-2,-58,15000,14238.642578125,205.300003051758,-5.44712400436401,-2.2047119140625
20181028,18,-2,-58,15000,14220.8408203125,204.399978637695,-0.3223657310009,-1.44705080986023
20181029,0,-2,-58,15000,14228.1279296875,204.199981689453,-1.80440187454224,-4.97731924057007
20181029,6,-2,-58,15000,14229.55859375,204.999969482422,0.09442138671875,-7.69858407974243
20181029,12,-2,-58,15000,14249.6162109375,205.79997253418,-6.10838603973389,-4.26088857650757
20181029,18,-2,-58,15000,14230.4970703125,205,-2.26585459709167,-2.59890627861023
20181030,0,-2,-58,15000,14232.4697265625,204.5,1.27944576740265,-0.665878891944885
20181030,6,-2,-58,15000,14236.2060546875,204.819625854492,1.04067385196686,1.14904296398163
20181030,12,-2,-58,15000,14250.724609375,206.307464599609,-2.05998778343201,3.53028321266174
20181030,18,-2,-58,15000,14237.87890625,205,1.22800052165985,4.36285638809204
20181031,0,-2,-58,15000,14249.3251953125,204.214691162109,-1.43284177780151,0.928520500659943
20181031,6,-2,-58,15000,14246.3671875,203.79997253418,0.0133471675217152,-0.637583017349243
20181031,12,-2,-58,15000,14252.2939453125,204.300003051758,1.60778570175171,1.49921381473541
20181031,18,-2,-58,15000,14238.416015625,204.399993896484,5.73007345199585,1.24367678165436
20181101,0,-2,-58,15000,14249.490234375,204.100006103516,5.14389896392822,2.90201663970947
20181101,6,-2,-58,15000,14248.955078125,204.399993896484,5.28717422485352,1.46735346317291
20181101,12,-2,-58,15000,14260.86328125,204.275543212891,1.28167116641998,2.64698719978333
20181101,18,-2,-58,15000,14252.142578125,204.699996948242,-0.307010501623154,6.13892555236816
20181102,0,-2,-58,15000,14266.63671875,204.699996948242,-1.08557367324829,5.82533693313599
20181102,6,-2,-58,15000,14261.5341796875,204.899993896484,1.25025141239166,2.1757128238678
20181102,12,-2,-58,15000,14281.583984375,205.20002746582,-1.93228876590729,5.61220693588257
20181102,18,-2,-58,15000,14261.6572265625,204.968307495117,-3.7392590045929,6.82288074493408
20181103,0,-2,-58,15000,14270.1552734375,205,-4.90816307067871,7.68198251724243
20181103,6,-2,-58,15000,14276.44140625,205.100006103516,-7.48761940002441,8.81647205352783
20181103,12,-2,-58,15000,14284.9501953125,205.100006103516,-8.74274158477783,7.92087650299072
20181103,18,-2,-58,15000,14264.443359375,204.985305786133,-10.0177974700928,8.52765655517578
20181104,0,-2,-58,15000,14270.7373046875,204.794525146484,-7.66240215301514,2.33108401298523
20181104,6,-2,-58,15000,14260.7724609375,205.300003051758,-8.97178745269775,-1.33882808685303
20181104,12,-2,-58,15000,14275.162109375,205.600021362305,-7.32499027252197,-1.18925297260284
20181104,18,-2,-58,15000,14253.916015625,205.343597412109,-7.76685810089111,-1.67693364620209
20181105,0,-2,-58,15000,14260.89453125,204.899993896484,-4.61839485168457,-4.0373363494873
20181105,6,-2,-58,15000,14254.0537109375,205.004104614258,-3.485107421875,-6.52650880813599
20181105,12,-2,-58,15000,14267.5888671875,205.236373901367,-5.38167238235474,-7.26852798461914
20181105,18,-2,-58,15000,14246.4140625,205.199996948242,-5.42965316772461,-7.20918703079224
20181106,0,-2,-58,15000,14262.7841796875,205.5,-2.60999751091003,-8.59990215301514
20181106,6,-2,-58,15000,14262.7021484375,205.363647460938,-4.28398418426514,-6.77904558181763
20181106,12,-2,-58,15000,14279.6103515625,205.790191650391,0.0556909181177616,-7.30802726745605
20181106,18,-2,-58,15000,14257.0302734375,205.682861328125,-2.90926265716553,-5.41028547286987
20181107,0,-2,-58,15000,14268.51171875,205.5,-2.41457772254944,-4.88219499588013
20181107,6,-2,-58,15000,14264.5341796875,205.199996948242,-2.81692624092102,-5.65225839614868
20181107,12,-2,-58,15000,14274.32421875,205.020477294922,-3.02938222885132,-3.85932850837708
20181107,18,-2,-58,15000,14255.2998046875,204.766479492188,-6.0970606803894,-3.42830562591553
20181108,0,-2,-58,15000,14259.76171875,204.699996948242,-3.26665043830872,-1.524658203125
20181108,6,-2,-58,15000,14254.857421875,204.899993896484,-3.48676991462708,1.14968264102936
20181108,12,-2,-58,15000,14260.1953125,205.300003051758,-4.03938961029053,3.54072999954224
20181108,18,-2,-58,15000,14242.4453125,205.100006103516,-1.69806146621704,5.98228025436401
20181109,0,-2,-58,15000,14253.1884765625,204.824462890625,-2.88011240959167,5.26979970932007
20181109,6,-2,-58,15000,14250.802734375,205.199996948242,-2.93206667900085,5.0676441192627
20181109,12,-2,-58,15000,14268.5390625,205.199996948242,-2.79050421714783,6.36454820632935
20181109,18,-2,-58,15000,14252.5634765625,205,-2.10504627227783,7.8158106803894
20181110,0,-2,-58,15000,14266.173828125,204.499984741211,0.291591793298721,2.24117183685303
20181110,6,-2,-58,15000,14265.1259765625,204.399993896484,-1.73569583892822,0.380722641944885
20181110,12,-2,-58,15000,14273.5908203125,204.899993896484,-1.78514409065247,1.70654058456421
20181110,18,-2,-58,15000,14254.517578125,204.699981689453,-1.42722046375275,0.48193359375
20181111,0,-2,-58,15000,14256.263671875,204.800003051758,-2.30624747276306,-3.26495838165283
20181111,6,-2,-58,15000,14256.9638671875,204.800003051758,-2.33948731422424,-3.72818350791931
20181111,12,-2,-58,15000,14273.677734375,205.100006103516,-5.93133068084717,-2.97371816635132
20181111,18,-2,-58,15000,14253.71484375,204.899993896484,-6.94724607467651,-5.04959964752197
20181112,0,-2,-58,15000,14261.63671875,204.5,-2.31535649299622,-0.678125023841858
20181112,6,-2,-58,15000,14253.9814453125,204.699996948242,-4.78606939315796,-3.94939947128296
20181112,12,-2,-58,15000,14276.177734375,204.699996948242,-3.98474597930908,-2.30933594703674
20181112,18,-2,-58,15000,14251.7158203125,204.5,-4.54870891571045,-3.00632929801941
20181113,0,-2,-58,15000,14255.8984375,204.199996948242,-3.85782623291016,-2.9522979259491
20181113,6,-2,-58,15000,14251.6083984375,204.300003051758,-4.53117656707764,0.0873046889901161
20181113,12,-2,-58,15000,14269.2236328125,204.499984741211,-7.73844623565674,1.32712709903717
20181113,18,-2,-58,15000,14252.6845703125,204.699981689453,-6.55101013183594,-0.88039243221283
20181114,0,-2,-58,15000,14262.02734375,204.399993896484,-6.25105428695679,-0.867849707603455
20181114,6,-2,-58,15000,14266.119140625,204.800003051758,-3.99925541877747,-2.5676543712616
20181114,12,-2,-58,15000,14279.9189453125,204.899993896484,-5.73633289337158,-4.98038101196289
20181114,18,-2,-58,15000,14258.23046875,204.399993896484,-2.84499263763428,-3.00830554962158
20181115,0,-2,-58,15000,14266.5009765625,204.5,-11.0600004196167,-6.32523202896118
20181115,6,-2,-58,15000,14265.1572265625,204.600006103516,-8.40765762329102,-2.54128909111023
20181115,12,-2,-58,15000,14280.9912109375,205.199996948242,-11.2784004211426,2.73418712615967
20181115,18,-2,-58,15000,14265.1025390625,205.100006103516,-12.3172359466553,1.09378659725189
20181116,0,-2,-58,15000,14266.48046875,204.599990844727,-12.5658226013184,-1.66000735759735
20181116,6,-2,-58,15000,14263.6884765625,204.818878173828,-11.6903762817383,-1.0418701171875
20181116,12,-2,-58,15000,14273.134765625,205.141967773438,-9.09624767303467,0.928862333297729
20181116,18,-2,-58,15000,14255.294921875,205.300933837891,-11.974084854126,0.0222900398075581
20181117,0,-2,-58,15000,14261.044921875,204.910003662109,-11.0441360473633,-3.26230216026306
20181117,6,-2,-58,15000,14258.150390625,205.300003051758,-9.86085224151611,-3.58753180503845
20181117,12,-2,-58,15000,14264.361328125,205.370849609375,-12.7697238922119,-3.05854487419128
20181117,18,-2,-58,15000,14244.3173828125,205.399993896484,-15.9323635101318,-0.937260746955872
20181118,0,-2,-58,15000,14247.4013671875,205.199996948242,-21.3392066955566,-4.62316417694092
20181118,6,-2,-58,15000,14246.107421875,205.100006103516,-19.4955501556396,-3.4011766910553
20181118,12,-2,-58,15000,14253.732421875,205.5,-24.3664455413818,-6.58771991729736
20181118,18,-2,-58,15000,14235.0087890625,204.499984741211,-23.0428562164307,-3.82123041152954
20181119,0,-2,-58,15000,14239.662109375,204.399993896484,-28.8334102630615,-3.9232714176178
20181119,6,-2,-58,15000,14243.380859375,205.092529296875,-26.4271488189697,-6.80271482467651
20181119,12,-2,-58,15000,14251.3349609375,205.100006103516,-25.6858692169189,-10.9535617828369
20181119,18,-2,-58,15000,14238.78125,204.79997253418,-19.5199947357178,-7.18828392028809
20181120,0,-2,-58,15000,14244.912109375,204.814697265625,-19.7514915466309,-6.93398189544678
20181120,6,-2,-58,15000,14240.28125,205.44612121582,-21.6643085479736,-10.8076858520508
20181120,12,-2,-58,15000,14246.5146484375,205.5,-22.4944438934326,-7.28987073898315
20181120,18,-2,-58,15000,14224.412109375,205,-23.2553043365479,-6.35443830490112
20181121,0,-2,-58,15000,14234.25390625,204.699981689453,-29.6044406890869,-3.81397461891174
20181121,6,-2,-58,15000,14226.6591796875,204.199981689453,-27.1999969482422,1.15451169013977
20181121,12,-2,-58,15000,14245.1591796875,204.78645324707,-25.9600067138672,-1.19580566883087
20181121,18,-2,-58,15000,14221.6845703125,204.399978637695,-21.8223972320557,-1.91797852516174
20181122,0,-2,-58,15000,14238.0625,204.199981689453,-19.5707454681396,-0.378100574016571
20181122,6,-2,-58,15000,14234.9189453125,205.146606445313,-19.1033992767334,5.8946533203125
20181122,12,-2,-58,15000,14251.1875,206.099975585938,-23.1132526397705,4.32127952575684
20181122,18,-2,-58,15000,14232.541015625,205.5,-24.4299983978271,1.11412596702576
20181123,0,-2,-58,15000,14245.0537109375,204.899978637695,-29.2528457641602,-0.900493144989014
20181123,6,-2,-58,15000,14241.0751953125,205.199981689453,-27.4066677093506,-0.5577392578125
20181123,12,-2,-58,15000,14259.302734375,205.493011474609,-27.2999992370605,0.1845703125
20181123,18,-2,-58,15000,14237.8154296875,204.800003051758,-23.7544460296631,-1.33155763149261
20181124,0,-2,-58,15000,14237.82421875,205,-21.3877716064453,-1.96952641010284
20181124,6,-2,-58,15000,14236.474609375,205.600006103516,-22.128734588623,-0.580007314682007
20181124,12,-2,-58,15000,14248.4677734375,205.79997253418,-19.1202392578125,3.70458984375
20181124,18,-2,-58,15000,14225.9677734375,204.800003051758,-19.7394351959229,5.99432373046875
20181125,0,-2,-58,15000,14230.291015625,204.800003051758,-22.3309707641602,9.2835111618042
20181125,6,-2,-58,15000,14227.3525390625,204.600006103516,-18.2407455444336,4.16449213027954
20181125,12,-2,-58,15000,14239.8974609375,204.300003051758,-19.5113582611084,7.06828880310059
20181125,18,-2,-58,15000,14220.7734375,204.500015258789,-11.8469896316528,6.25256586074829
20181126,0,-2,-58,15000,14229.4248046875,204.08805847168,-16.959228515625,4.99615716934204
20181126,6,-2,-58,15000,14232.775390625,203.999984741211,-15.6327514648438,5.30820798873901
20181126,12,-2,-58,15000,14244.12109375,203.899993896484,-20.2166728973389,5.08283185958862
20181126,18,-2,-58,15000,14224.73828125,203.699981689453,-13.6146020889282,6.40702867507935
20181127,0,-2,-58,15000,14236.66796875,204.000030517578,-15.0942945480347,2.04984855651855
20181127,6,-2,-58,15000,14235.6650390625,204.0947265625,-18.0936279296875,2.17211437225342
20181127,12,-2,-58,15000,14246.0341796875,204.5,-20.8933162689209,2.41751718521118
20181127,18,-2,-58,15000,14225.26171875,204,-19.3622856140137,3.76270747184753
20181128,0,-2,-58,15000,14232.53125,203.800003051758,-17.5991725921631,4.48277854919434
20181128,6,-2,-58,15000,14239.068359375,204.087219238281,-17.0579128265381,4.91726064682007
20181128,12,-2,-58,15000,14254.4384765625,204.447448730469,-14.7053518295288,7.7187647819519
20181128,18,-2,-58,15000,14238.8271484375,204,-11.8907155990601,6.85820055007935
20181129,0,-2,-58,15000,14248.5810546875,203.899993896484,-16.571870803833,6.27787113189697
20181129,6,-2,-58,15000,14253.0439453125,204,-16.4593925476074,6.34379863739014
20181129,12,-2,-58,15000,14263.1884765625,204.372772216797,-15.5282859802246,10.7611789703369
20181129,18,-2,-58,15000,14241.455078125,204.299987792969,-14.170825958252,10.9353055953979
20181130,0,-2,-58,15000,14248.45703125,203.931930541992,-10.1024293899536,8.91707229614258
20181130,6,-2,-58,15000,14250.4833984375,204.199996948242,-8.94853115081787,6.91290044784546
20181130,12,-2,-58,15000,14268.3779296875,204.934448242188,-12.4431486129761,7.02017068862915
20181130,18,-2,-58,15000,14246.8388671875,204.599990844727,-12.060661315918,8.65834426879883
20181201,0,-2,-58,15000,14253.1025390625,204.399993896484,-9.45031356811523,6.04665040969849
20181201,6,-2,-58,15000,14250.3916015625,204.399993896484,-9.63663291931152,4.79611349105835
20181201,12,-2,-58,15000,14265.896484375,204.300003051758,-7.47259283065796,6.30552244186401
20181201,18,-2,-58,15000,14246.880859375,204.199996948242,-8.35221576690674,0.795546889305115
20181202,0,-2,-58,15000,14257.5576171875,204.399993896484,-8.63593482971191,0.215539544820786
20181202,6,-2,-58,15000,14249.5927734375,204.5,-9.7146692276001,1.90166997909546
20181202,12,-2,-58,15000,14263.1396484375,204.890411376953,-10.4236764907837,2.53332996368408
20181202,18,-2,-58,15000,14247.6474609375,204.746490478516,-9.2550048828125,1.74704587459564
20181203,0,-2,-58,15000,14256.0126953125,204.699996948242,-7.8972864151001,1.56843745708466
20181203,6,-2,-58,15000,14254.951171875,204.965545654297,-5.71213150024414,3.24762201309204
20181203,12,-2,-58,15000,14263.5791015625,204.499847412109,-6.73379898071289,0.429167479276657
20181203,18,-2,-58,15000,14246.9296875,205.11279296875,-7.27679586410522,2.09506106376648
20181204,0,-2,-58,15000,14257.77734375,204.605545043945,-8.09963989257813,-0.469667971134186
20181204,6,-2,-58,15000,14256.072265625,205.201690673828,-5.28916263580322,0.273579090833664
20181204,12,-2,-58,15000,14263.802734375,205.199996948242,-7.29182147979736,0.100141599774361
20181204,18,-2,-58,15000,14244.0224609375,205.202911376953,-5.01247549057007,0.617214381694794
20181205,0,-2,-58,15000,14249.63671875,204.973541259766,-3.88259768486023,-2.96594476699829
20181205,6,-2,-58,15000,14247.0146484375,205.100006103516,-1.71392583847046,-0.212834477424622
20181205,12,-2,-58,15000,14260.228515625,204.600006103516,-7.36612558364868,-0.379306644201279
20181205,18,-2,-58,15000,14243.5810546875,205.100006103516,-6.19540786743164,1.44438481330872
20181206,0,-2,-58,15000,14262.9248046875,205.100006103516,-3.00869131088257,0.773212909698486
20181206,6,-2,-58,15000,14253.326171875,204.885955810547,-2.094970703125,-0.642504870891571
20181206,12,-2,-58,15000,14258.6865234375,205,-2.54699230194092,-0.193041995167732
20181206,18,-2,-58,15000,14249.0185546875,205.096237182617,-1.1532860994339,-1.6726952791214
20181207,0,-2,-58,15000,14257.892578125,204.318954467773,1.74316895008087,-1.89892816543579
20181207,6,-2,-58,15000,14253.111328125,204.399978637695,-1.85858643054962,-2.24178719520569
20181207,12,-2,-58,15000,14266.083984375,205.084915161133,-3.08721685409546,-3.49610829353333
20181207,18,-2,-58,15000,14246.794921875,204.590530395508,-5.28716325759888,-2.18383049964905
20181208,0,-2,-58,15000,14251.388671875,204.741363525391,-3.72924566268921,0.0620507821440697
20181208,6,-2,-58,15000,14255.61328125,204.800003051758,-6.05856943130493,1.60651850700378
20181208,12,-2,-58,15000,14263.8759765625,204.828643798828,-6.2181544303894,2.12188482284546
20181208,18,-2,-58,15000,14249.6953125,205.100021362305,-2.4782030582428,4.82231187820435
20181209,0,-2,-58,15000,14257.8759765625,204.800003051758,-2.10941648483276,1.29668700695038
20181209,6,-2,-58,15000,14257.15234375,204.699996948242,-3.33598637580872,0.0890478491783142
20181209,12,-2,-58,15000,14267.8349609375,205.100006103516,-0.454353034496307,-0.279870599508286
20181209,18,-2,-58,15000,14250.3603515625,205.399993896484,1.5559424161911,-1.53572261333466
20181210,0,-2,-58,15000,14252.1904296875,205.243896484375,2.29861807823181,-2.19013667106628
20181210,6,-2,-58,15000,14254.7861328125,204.899993896484,3.13707041740417,-3.38110828399658
20181210,12,-2,-58,15000,14268.8251953125,204.899993896484,-1.04262387752533,-1.32655644416809
20181210,18,-2,-58,15000,14253.93359375,205.399993896484,0.69879150390625,2.12373661994934
20181211,0,-2,-58,15000,14260.77734375,204.859954833984,2.34002065658569,1.2001006603241
20181211,6,-2,-58,15000,14259.4716796875,205.20002746582,3.51555180549622,4.26249980926514
20181211,12,-2,-58,15000,14273.2861328125,205.108932495117,0.0600024424493313,7.38393068313599
20181211,18,-2,-58,15000,14263.7177734375,204.853591918945,0.800961911678314,6.97969007492065
20181212,0,-2,-58,15000,14270.12109375,205,4.60361337661743,8.93049812316895
20181212,6,-2,-58,15000,14266.6123046875,204.700012207031,3.58166980743408,8.09476566314697
20181212,12,-2,-58,15000,14276.4765625,204.900146484375,0.207438960671425,6.96565437316895
20181212,18,-2,-58,15000,14256.4140625,205.199996948242,-3.88584470748901,5.77542495727539
20181213,0,-2,-58,15000,14272.5615234375,205.199996948242,-3.5027027130127,4.3482518196106
20181213,6,-2,-58,15000,14269.5224609375,205.298065185547,-5.19003677368164,2.27107906341553
20181213,12,-2,-58,15000,14287.9404296875,205.399993896484,-7.09999990463257,2.88246583938599
20181213,18,-2,-58,15000,14269.2578125,205.550827026367,-8.35606002807617,2.88139152526855
20181214,0,-2,-58,15000,14279.0126953125,205.499237060547,-8.88000011444092,3.25931143760681
20181214,6,-2,-58,15000,14271.4833984375,205.699996948242,-11.0582103729248,0.390576183795929
20181214,12,-2,-58,15000,14288.509765625,206.156402587891,-7.80230236053467,2.63833498954773
20181214,18,-2,-58,15000,14267.0546875,204.496231079102,-4.28999280929565,0.397707521915436
20181215,0,-2,-58,15000,14274.3212890625,204.800003051758,-9.84159469604492,2.13304924964905
20181215,6,-2,-58,15000,14273.5166015625,205.058029174805,-14.7472238540649,5.50850105285645
20181215,12,-2,-58,15000,14278.7958984375,205,-16.119987487793,5.50400638580322
20181215,18,-2,-58,15000,14266.423828125,205.100006103516,-17.089994430542,2.86970949172974
20181216,0,-2,-58,15000,14281.0283203125,205.300003051758,-19.3779392242432,3.89337635040283
20181216,6,-2,-58,15000,14278.1728515625,205.100006103516,-20.0299625396729,3.23184084892273
20181216,12,-2,-58,15000,14285.28515625,205.100006103516,-27.7508373260498,6.16661643981934
20181216,18,-2,-58,15000,14265.8583984375,204.836624145508,-22.4512348175049,6.75574684143066
20181217,0,-2,-58,15000,14273.5185546875,204.080810546875,-17.0911922454834,5.53859853744507
20181217,6,-2,-58,15000,14270.611328125,204.019165039063,-15.6343822479248,6.08440923690796
20181217,12,-2,-58,15000,14272.70703125,204.300003051758,-18.723461151123,1.61347651481628
20181217,18,-2,-58,15000,14246.5458984375,203.100006103516,-15.0201606750488,5.64409685134888
20181218,0,-2,-58,15000,14249.9453125,203.133270263672,-14.8724460601807,3.62734866142273
20181218,6,-2,-58,15000,14254.95703125,203.735763549805,-16.2600212097168,4.97588872909546
20181218,12,-2,-58,15000,14273.744140625,204.5,-18.8291110992432,5.48315906524658
