20180720,0,5,-120,2000,26448.158203125,224.717239379883,-13.7275876998901,-0.111865237355232
20180720,6,5,-120,2000,26501.697265625,225.199996948242,-12.7099800109863,-2.222412109375
20180720,12,5,-120,2000,26469.8203125,223.199996948242,-13.7952709197998,-1.57664549350739
20180720,18,5,-120,2000,26477.20703125,222.599975585938,-15.6851119995117,-1.23613286018372
20180721,0,5,-120,2000,26452.8359375,223.499969482422,-14.1899929046631,-3.77988290786743
20180721,6,5,-120,2000,26483.765625,223.396270751953,-13.7339868545532,-4.15858173370361
20180721,12,5,-120,2000,26451.42578125,223.800003051758,-12.0399951934814,-1.0332909822464
20180721,18,5,-120,2000,26463.744140625,223.699996948242,-14.8199949264526,0.553969740867615
20180722,0,5,-120,2000,26425.501953125,225.300003051758,-14.3899955749512,1.56996095180511
20180722,6,5,-120,2000,26472.279296875,225.100006103516,-14.4333591461182,0.438793957233429
20180722,12,5,-120,2000,26430.91015625,223.199996948242,-17.5257663726807,2.37143301963806
20180722,18,5,-120,2000,26444.259765625,225.699981689453,-18.8399906158447,2.79538321495056
20180723,0,5,-120,2000,26421.189453125,227.699981689453,-14.4399881362915,-1.34369385242462
20180723,6,5,-120,2000,26470.98046875,229.099975585938,-12.3199977874756,-1.95630371570587
20180723,12,5,-120,2000,26443.8828125,226.699996948242,-14.2699928283691,0.885355234146118
20180723,18,5,-120,2000,26460.4453125,227.5,-11.8533325195313,0.441218256950378
20180724,0,5,-120,2000,26430.17578125,227.879684448242,-7.41954326629639,-3.69865226745605
20180724,6,5,-120,2000,26485.8203125,227.899978637695,-4.93999528884888,-1.49877440929413
20180724,12,5,-120,2000,26455.9609375,226.199996948242,-5.73999977111816,2.06038331985474
20180724,18,5,-120,2000,26474.859375,227.199996948242,-6.34991455078125,2.53049325942993
20180725,0,5,-120,2000,26459.873046875,227.300003051758,-5.34999752044678,0.919570326805115
20180725,6,5,-120,2000,26500.33984375,225.300003051758,-9.274827003479,1.83310306072235
20180725,12,5,-120,2000,26473.095703125,224,-10.3500022888184,0.974802255630493
20180725,18,5,-120,2000,26484.6953125,224.699996948242,-11.1499996185303,-0.458591312170029
20180726,0,5,-120,2000,26468.0859375,224.29997253418,-8.94941139221191,-5.36617660522461
20180726,6,5,-120,2000,26496.67578125,224.399993896484,-9.26000213623047,-4.70612049102783
20180726,12,5,-120,2000,26448.197265625,223.199996948242,-9.52000045776367,0.926083981990814
20180726,18,5,-120,2000,26459.466796875,223.599975585938,-11.5197114944458,1.15876460075378
20180727,0,5,-120,2000,26436.96484375,225.29997253418,-10.1433076858521,0.0321459956467152
20180727,6,5,-120,2000,26473.58984375,225,-10.9532985687256,0.965473651885986
20180727,12,5,-120,2000,26449.7265625,223.300003051758,-12.1499977111816,4.63557863235474
20180727,18,5,-120,2000,26459.259765625,223.199981689453,-15.5333251953125,3.60369873046875
20180728,0,5,-120,2000,26432.181640625,224.800003051758,-14.6799955368042,-0.786298811435699
20180728,6,5,-120,2000,26471.232421875,224.699996948242,-14.1303052902222,-2.7504198551178
20180728,12,5,-120,2000,26460.8359375,223.100006103516,-11.083046913147,-0.820250272750854
20180728,18,5,-120,2000,26457.1171875,223.899993896484,-13.2775831222534,-1.07101321220398
20180729,0,5,-120,2000,26422.2265625,226.5,-9.33999538421631,-2.2051842212677
20180729,6,5,-120,2000,26458.642578125,225.79997253418,-9.13000011444092,-0.0398706048727036
20180729,12,5,-120,2000,26427.5546875,225.199981689453,-10.7199954986572,2.94919180870056
20180729,18,5,-120,2000,26447.90234375,226.600006103516,-9.83326148986816,3.20331907272339
20180730,0,5,-120,2000,26423.814453125,225.29997253418,-7.73984384536743,0.696562528610229
20180730,6,5,-120,2000,26452.505859375,225.706985473633,-9.14999485015869,-0.798027336597443
20180730,12,5,-120,2000,26431.41015625,224.999969482422,-8.89190196990967,-0.426591783761978
20180730,18,5,-120,2000,26444.109375,226.5,-6.38000011444092,-1.2063512802124
20180731,0,5,-120,2000,26418.912109375,227.499969482422,-1.45220947265625,-0.616187751293182
20180731,6,5,-120,2000,26453.41015625,227.29997253418,-2.55966305732727,1.35656976699829
20180731,12,5,-120,2000,26435.13671875,225.800003051758,-3.39334225654602,1.66364502906799
20180731,18,5,-120,2000,26456.9375,224.899978637695,-3.38969731330872,2.267578125
20180801,0,5,-120,2000,26429.927734375,224.29997253418,-2.64999270439148,1.98070073127747
20180801,6,5,-120,2000,26460.556640625,224.699996948242,-5.93667984008789,-1.58372557163239
20180801,12,5,-120,2000,26420.982421875,224.399993896484,-5.15999746322632,-0.292402356863022
20180801,18,5,-120,2000,26441.91015625,225.29997253418,-4.73943853378296,2.49552249908447
20180802,0,5,-120,2000,26425.248046875,224.600006103516,-4.98059558868408,1.05509281158447
20180802,6,5,-120,2000,26466.626953125,223.79997253418,-7.04132556915283,1.19009029865265
20180802,12,5,-120,2000,26430.67578125,223.29997253418,-9.8899974822998,3.03204345703125
20180802,18,5,-120,2000,26443.60546875,226.300003051758,-10.6399831771851,2.89009761810303
20180803,0,5,-120,2000,26420.3828125,226,-10.1400003433228,-2.07592535018921
20180803,6,5,-120,2000,26466.6328125,225.600006103516,-7.79660892486572,-4.38538074493408
20180803,12,5,-120,2000,26436.240234375,224.232131958008,-5.94000005722046,-1.94013178348541
20180803,18,5,-120,2000,26454.39453125,225.600006103516,-4.94973611831665,1.28956544399261
20180804,0,5,-120,2000,26433.759765625,225.800003051758,-3.15000247955322,-1.47524416446686
20180804,6,5,-120,2000,26489.052734375,226.099975585938,0.250004887580872,0.4827661216259
20180804,12,5,-120,2000,26472.21484375,223.399978637695,-4.15984869003296,6.11364507675171
20180804,18,5,-120,2000,26485.126953125,224.300003051758,-7.95000505447388,3.65132808685303
20180805,0,5,-120,2000,26465.193359375,226.699996948242,-4.5435471534729,-0.912534177303314
20180805,6,5,-120,2000,26522.462890625,226.199996948242,-4.08721685409546,-1.90005373954773
20180805,12,5,-120,2000,26496.5,222.899993896484,-6.7099928855896,-2.90328860282898
20180805,18,5,-120,2000,26499.482421875,221.800003051758,-9.03422164916992,-1.9472131729126
20180806,0,5,-120,2000,26465.2421875,224.300003051758,-5.15021705627441,0.0404333509504795
20180806,6,5,-120,2000,26508.552734375,224,-6.80422830581665,1.55479979515076
20180806,12,5,-120,2000,26478.5625,220.300003051758,-10.5502147674561,4.39693260192871
20180806,18,5,-120,2000,26480.869140625,221.099975585938,-12.8682327270508,6.9344654083252
20180807,0,5,-120,2000,26459.015625,222.699996948242,-13.0365867614746,2.53504037857056
20180807,6,5,-120,2000,26490.900390625,222.5,-15.3331985473633,-1.68937134742737
20180807,12,5,-120,2000,26456.0546875,220.999969482422,-17.3187675476074,-0.252781987190247
20180807,18,5,-120,2000,26455.625,224.300003051758,-15.1269111633301,-1.88424074649811
20180808,0,5,-120,2000,26433.107421875,226.599975585938,-7.00273418426514,-5.88138198852539
20180808,6,5,-120,2000,26473.669921875,226.999969482422,-4.3995189666748,-3.51863288879395
20180808,12,5,-120,2000,26448.6484375,225.399993896484,-5.6299901008606,2.25155997276306
20180808,18,5,-120,2000,26469.703125,227.100006103516,-2.19999265670776,3.39206552505493
20180809,0,5,-120,2000,26444.587890625,227.950729370117,0.230002447962761,0.717377901077271
20180809,6,5,-120,2000,26501.13671875,226.899993896484,-1.27134275436401,0.187897950410843
20180809,12,5,-120,2000,26457.0390625,224.29997253418,-1.96997797489166,2.19283938407898
20180809,18,5,-120,2000,26472.275390625,224.899993896484,-1.72167241573334,1.6461523771286
20180810,0,5,-120,2000,26439.087890625,223.899978637695,-0.969990253448486,-0.620063483715057
20180810,6,5,-120,2000,26488.51953125,225.29997253418,0.530009746551514,-1.59248042106628
20180810,12,5,-120,2000,26461.0078125,223.528610229492,-1.73999512195587,0.834394514560699
20180810,18,5,-120,2000,26487.64453125,224,-1.74999511241913,3.38474130630493
20180811,0,5,-120,2000,26450.66015625,224.299362182617,-2.04998540878296,0.987824678421021
20180811,6,5,-120,2000,26488.615234375,226.599975585938,-2.86996340751648,0.526252448558807
20180811,12,5,-120,2000,26467.470703125,224.499969482422,-3.72999501228333,0.0743872076272964
20180811,18,5,-120,2000,26478.158203125,225.800003051758,-1.05998289585114,-1.586181640625
20180812,0,5,-120,2000,26457.96484375,225.899993896484,3.33000731468201,-1.79759526252747
20180812,6,5,-120,2000,26513.453125,225.699981689453,3.83000493049622,-1.51411259174347
20180812,12,5,-120,2000,26472.115234375,223.300003051758,3.61048340797424,2.13991451263428
20180812,18,5,-120,2000,26495.744140625,224.899993896484,2.88822507858276,4.54992198944092
20180813,0,5,-120,2000,26478.3515625,223.099975585938,-0.319992661476135,2.33723521232605
20180813,6,5,-120,2000,26506.35546875,222.999969482422,-6.75998783111572,3.64523077011108
20180813,12,5,-120,2000,26473.51953125,223.199996948242,-7.54976558685303,2.15435314178467
20180813,18,5,-120,2000,26499.064453125,223.79997253418,-8.75693607330322,-2.20319581031799
20180814,0,5,-120,2000,26482.4921875,223.300003051758,-5.13656759262085,-5.64233160018921
20180814,6,5,-120,2000,26515.841796875,223.908081054688,-4.98998785018921,-2.30798578262329
20180814,12,5,-120,2000,26482.349609375,223,-5.14999532699585,0.271682143211365
20180814,18,5,-120,2000,26506.625,226.800003051758,-3.99000000953674,1.71056890487671
20180815,0,5,-120,2000,26487.431640625,227.699996948242,-0.349941402673721,1.04656493663788
20180815,6,5,-120,2000,26511.078125,226.300003051758,-3.48998785018921,1.31946527957916
20180815,12,5,-120,2000,26477.447265625,224.499969482422,-5.2299952507019,0.166916504502296
20180815,18,5,-120,2000,26498.677734375,225.5,-1.98999261856079,-1.44951176643372
20180816,0,5,-120,2000,26485.640625,224.199996948242,4.55001449584961,-4.93851089477539
20180816,6,5,-120,2000,26512.099609375,223.100006103516,7.88987302780151,-3.86215829849243
20180816,12,5,-120,2000,26477.509765625,222.499969482422,6.12000465393066,2.56400871276855
20180816,18,5,-120,2000,26496.876953125,223.899993896484,3.96000742912292,2.46000742912292
20180817,0,5,-120,2000,26472.84765625,223.199996948242,5.09999990463257,1.67321288585663
20180817,6,5,-120,2000,26511.19921875,221.699996948242,1.65000975131989,3.24933099746704
20180817,12,5,-120,2000,26466.912109375,219.800003051758,-2.70416021347046,5.91801500320435
20180817,18,5,-120,2000,26483.16015625,223.100006103516,-5.19999265670776,2.60571527481079
20180818,0,5,-120,2000,26448.5703125,223.499969482422,-5.05999279022217,-2.47395992279053
20180818,6,5,-120,2000,26491.0546875,225.120513916016,-2.103515625,-6.38163805007935
20180818,12,5,-120,2000,26471.0234375,224.5,2.03999996185303,-4.9111328125
20180818,18,5,-120,2000,26497.857421875,225.399993896484,7.4725341796875,-2.44468998908997
20180819,0,5,-120,2000,26466.55078125,224.399993896484,9.41234397888184,-2.1239013671875
20180819,6,5,-120,2000,26519.8359375,223.899993896484,7.19999980926514,0.577033698558807
20180819,12,5,-120,2000,26493.76953125,220.999969482422,4.25000238418579,3.44242191314697
20180819,18,5,-120,2000,26498.44921875,220.699996948242,0.439997553825378,3.77275395393372
20180820,0,5,-120,2000,26466.94921875,222.29997253418,0.159807130694389,2.99037098884583
20180820,6,5,-120,2000,26512.927734375,223.5,-2.1995165348053,2.03041005134583
20180820,12,5,-120,2000,26477.7734375,222.199981689453,-4.00995588302612,3.46919441223145
20180820,18,5,-120,2000,26491.373046875,222.099975585938,-6.45999765396118,2.51213383674622
20180821,0,5,-120,2000,26452.490234375,221.699981689453,-6.90302753448486,0.889926731586456
20180821,6,5,-120,2000,26499.5,221.199981689453,-9.7599925994873,-1.34569096565247
20180821,12,5,-120,2000,26462.732421875,218.899993896484,-8.84326648712158,0.346606433391571
20180821,18,5,-120,2000,26469.244140625,222,-6.09428215026855,1.52920651435852
20180822,0,5,-120,2000,26440.193359375,222.300003051758,-4.58999013900757,-1.71266603469849
20180822,6,5,-120,2000,26480.619140625,224.199996948242,-5.73222637176514,-1.07029056549072
20180822,12,5,-120,2000,26446.349609375,221.399993896484,-8.43582534790039,-0.213557124137878
20180822,18,5,-120,2000,26464.375,225.199996948242,-4.73999738693237,-1.85612797737122
20180823,0,5,-120,2000,26439.69921875,225.800003051758,-0.239990234375,-2.60345220565796
20180823,6,5,-120,2000,26488.490234375,226.79997253418,0.414648443460464,-0.219936519861221
20180823,12,5,-120,2000,26452.90234375,225.499969482422,-0.28326416015625,1.62550294399261
20180823,18,5,-120,2000,26476.16015625,228.006988525391,2.44340825080872,4.15034675598145
20180824,0,5,-120,2000,26443.7578125,228.399993896484,3.48769044876099,1.73607182502747
20180824,6,5,-120,2000,26489.669921875,228.199981689453,4.79331064224243,-0.481909185647964
20180824,12,5,-120,2000,26466.328125,226.600006103516,5.72001218795776,1.60357058048248
20180824,18,5,-120,2000,26479.705078125,227.399978637695,8.58223628997803,2.5002965927124
20180825,0,5,-120,2000,26451.359375,227.300003051758,10.6210422515869,-0.598859846591949
20180825,6,5,-120,2000,26504.84765625,226.699996948242,12.7900123596191,-0.682565927505493
20180825,12,5,-120,2000,26474.169921875,224,10.6600074768066,0.862597644329071
20180825,18,5,-120,2000,26474.65234375,224.399993896484,8.23000526428223,0.0334008783102036
20180826,0,5,-120,2000,26450.80078125,225,10.130012512207,0.556765139102936
20180826,6,5,-120,2000,26497.13671875,223.800003051758,6.50861072540283,3.49913811683655
20180826,12,5,-120,2000,26448.4453125,221.699996948242,2.58000254631042,2.53959226608276
20180826,18,5,-120,2000,26466.7734375,225.593017578125,4.37000226974487,3.33198976516724
20180827,0,5,-120,2000,26448.845703125,226.199996948242,5.11260509490967,0.824426293373108
20180827,6,5,-120,2000,26502.6640625,224.5,4.59000015258789,0.138459473848343
20180827,12,5,-120,2000,26457.23828125,222.699981689453,4.91000986099243,-0.525507807731628
20180827,18,5,-120,2000,26472.921875,223.199996948242,7.09116220474243,-1.36261224746704
20180828,0,5,-120,2000,26460.23828125,224.199996948242,7.90001201629639,-2.95550537109375
20180828,6,5,-120,2000,26518.6171875,224.100006103516,8.43001461029053,-0.122443847358227
20180828,12,5,-120,2000,26484.162109375,222,7.05000019073486,0.821428239345551
20180828,18,5,-120,2000,26496.29296875,222.699996948242,6.64999771118164,1.00687992572784
20180829,0,5,-120,2000,26469.77734375,222.199981689453,2.81222414970398,3.37005496025085
20180829,6,5,-120,2000,26505.626953125,222.399978637695,-1.55000483989716,2.16365242004395
20180829,12,5,-120,2000,26474.841796875,222.100006103516,-1.95222413539886,3.64072275161743
20180829,18,5,-120,2000,26483.19921875,223.899993896484,-0.0499975569546223,1.44779539108276
20180830,0,5,-120,2000,26462.23828125,224.29997253418,1.54000246524811,-1.17998898029327
20180830,6,5,-120,2000,26516.427734375,223.300003051758,1.78001463413239,-2.92692637443542
20180830,12,5,-120,2000,26465.705078125,222.399978637695,2.82805919647217,-1.90241694450378
20180830,18,5,-120,2000,26491.634765625,224.399978637695,4.53322505950928,-1.23951661586761
20180831,0,5,-120,2000,26464.318359375,225.100006103516,5.760009765625,-3.23271250724792
20180831,6,5,-120,2000,26513.287109375,225.29997253418,9.03500461578369,-5.00684928894043
20180831,12,5,-120,2000,26477.564453125,223.099975585938,11.8200168609619,-1.46227657794952
20180831,18,5,-120,2000,26497.546875,223.899993896484,10.5000028610229,2.3510205745697
20180901,0,5,-120,2000,26481.517578125,224.399993896484,11.1231660842896,2.5990526676178
20180901,6,5,-120,2000,26520.2109375,223.199996948242,6.79978275299072,4.74398565292358
20180901,12,5,-120,2000,26479.015625,221.199981689453,0.628613293170929,4.71951913833618
20180901,18,5,-120,2000,26490.158203125,222.56787109375,-2.474609375,1.50995111465454
20180902,0,5,-120,2000,26464.48828125,224.199981689453,-1.10827875137329,-1.48020267486572
20180902,6,5,-120,2000,26514.107421875,224.29948425293,-0.462392568588257,-4.14788579940796
20180902,12,5,-120,2000,26472.9453125,226.199981689453,7.3399977684021,-3.04025888442993
20180902,18,5,-120,2000,26490.97265625,225.699996948242,10.5486183166504,-0.792539060115814
20180903,0,5,-120,2000,26458.33203125,225.699981689453,11.5300149917603,-0.583603501319885
20180903,6,5,-120,2000,26519.619140625,226.79997253418,13.3600120544434,-0.322514653205872
20180903,12,5,-120,2000,26481.0078125,224.899993896484,15.5577878952026,0.615893542766571
20180903,18,5,-120,2000,26492.056640625,222.899993896484,14.790002822876,0.154194340109825
20180904,0,5,-120,2000,26453.91015625,223.399993896484,14.2800102233887,-1.84853518009186
20180904,6,5,-120,2000,26522.03515625,224.199996948242,13.0300025939941,0.549824237823486
20180904,12,5,-120,2000,26476.41015625,221.399978637695,13.3932590484619,0.995427250862122
20180904,18,5,-120,2000,26491.77734375,221.699981689453,9.05629348754883,1.23982667922974
20180905,0,5,-120,2000,26452.533203125,222.300003051758,6.93000507354736,-0.420830070972443
20180905,6,5,-120,2000,26499.275390625,222.300003051758,6.72666025161743,0.195214837789536
20180905,12,5,-120,2000,26471.8125,221.399993896484,7.82999992370605,3.52005624771118
20180905,18,5,-120,2000,26474.119140625,222.5,2.86999988555908,3.60377192497253
20180906,0,5,-120,2000,26437.5703125,222.999969482422,0.430004894733429,3.03011226654053
20180906,6,5,-120,2000,26474.35546875,222.5,-2.99000000953674,0.678583979606628
20180906,12,5,-120,2000,26443.359375,222.100006103516,-1.17999505996704,-0.86810302734375
20180906,18,5,-120,2000,26474.1953125,223.963653564453,1.72410154342651,-2.67158198356628
20180907,0,5,-120,2000,26448.783203125,224.810012817383,4.80000257492065,-1.09033441543579
20180907,6,5,-120,2000,26490.09765625,224.300003051758,4.5250096321106,0.524565458297729
20180907,12,5,-120,2000,26459.1640625,221.600006103516,6.17000484466553,0.526606440544128
20180907,18,5,-120,2000,26483.865234375,221.899993896484,3.09093022346497,2.05847644805908
20180908,0,5,-120,2000,26436.9921875,222.499969482422,4.15000486373901,-0.947268068790436
20180908,6,5,-120,2000,26488.85546875,224.699996948242,4.43778562545776,0.481235355138779
20180908,12,5,-120,2000,26456.279296875,221.5,2.41000008583069,1.25341796875
20180908,18,5,-120,2000,26463.69921875,221.699981689453,1.03861081600189,-1.39989018440247
20180909,0,5,-120,2000,26425.94921875,223.199981689453,4.70000314712524,-3.69990229606628
20180909,6,5,-120,2000,26478.412109375,225.999969482422,5.48901653289795,-3.29990243911743
20180909,12,5,-120,2000,26456.220703125,223.100006103516,3.90000009536743,-0.199902340769768
20180909,18,5,-120,2000,26458.630859375,223.899993896484,3.79999995231628,-0.400079339742661
20180910,0,5,-120,2000,26427.814453125,226.199981689453,9.39999961853027,-7.9345700214617e-05
20180910,6,5,-120,2000,26499.224609375,225.599975585938,9.10001564025879,1.10009765625
20180910,12,5,-120,2000,26448.83984375,223.599975585938,7.90000295639038,-0.607757568359375
20180910,18,5,-120,2000,26481.1953125,224.300003051758,13.3000001907349,1.30006718635559
20180911,0,5,-120,2000,26447.470703125,223.899978637695,12.3691158294678,1.26004636287689
20180911,6,5,-120,2000,26497.9375,224.800003051758,11.3800077438354,1.79994142055511
20180911,12,5,-120,2000,26472.142578125,222.999969482422,9.02000522613525,0.293999016284943
20180911,18,5,-120,2000,26484.392578125,223.100006103516,6.99670648574829,0.245991215109825
20180912,0,5,-120,2000,26440.69921875,222.699996948242,5.17999505996704,-0.319736331701279
20180912,6,5,-120,2000,26483.796875,223.399993896484,4.05000019073486,-1.71254396438599
20180912,12,5,-120,2000,26450.8671875,223.699996948242,7.90000009536743,-0.364721685647964
20180912,18,5,-120,2000,26476.001953125,224.699981689453,11.0049705505371,2.10812997817993
20180913,0,5,-120,2000,26429.92578125,223.300003051758,10.6084289550781,2.30010986328125
20180913,6,5,-120,2000,26477.13671875,222.899627685547,6.80000305175781,4.31312274932861
20180913,12,5,-120,2000,26443.091796875,220.600006103516,1.29189455509186,3.56674814224243
20180913,18,5,-120,2000,26462.1015625,223.199996948242,0.300000011920929,0.540661633014679
20180914,12,5,-120,2000,26451.4609375,222.300003051758,3.80000448226929,-3.98856806755066
20180914,18,5,-120,2000,26470.47265625,222.699981689453,4.92222118377686,-3.08945322036743
20180915,0,5,-120,2000,26428.126953125,222.699996948242,5.61500263214111,0.900073230266571
20180915,6,5,-120,2000,26478.716796875,223.899993896484,2.1000030040741,2.10012817382813
20180915,12,5,-120,2000,26448.751953125,222.5,1.203857421875,2.21903681755066
20180915,18,5,-120,2000,26464.8046875,223.999969482422,0.799996972084045,1.89985346794128
20180916,0,5,-120,2000,26426.90234375,225.499969482422,1.84197509288788,0.879638671875
20180916,12,5,-120,2000,26441.04296875,223.199996948242,2.41000485420227,0.627370595932007
20180916,18,5,-120,2000,26462.189453125,224.29997253418,3.82659912109375,-0.0594531260430813
20180917,0,5,-120,2000,26445.8046875,225.600006103516,5.35000228881836,-1.72303950786591
20180917,6,5,-120,2000,26493.60546875,225.800003051758,7.6100001335144,-5.99443864822388
20180917,12,5,-120,2000,26467.822265625,223.199310302734,15.4300022125244,-4.83510494232178
20180917,18,5,-120,2000,26480.1328125,222.600006103516,15.664999961853,-0.191770017147064
20180918,0,5,-120,2000,26440.859375,222,9.69000720977783,2.7337110042572
20180918,6,5,-120,2000,26477.056640625,222,2.57861804962158,3.39138674736023
20180918,12,5,-120,2000,26447.455078125,220.499969482422,0.130002439022064,0.915024399757385
20180918,18,5,-120,2000,26460.453125,222.800003051758,0.910004854202271,-1.14621579647064
20180919,0,5,-120,2000,26440.078125,225.199981689453,2.46000480651855,0.582607448101044
20180919,6,5,-120,2000,26497.212890625,224.499969482422,0.990002453327179,-0.408876955509186
20180919,12,5,-120,2000,26462.654296875,223.399993896484,2.65000247955322,-1.27972173690796
20180919,18,5,-120,2000,26472.822265625,225.399978637695,7.06340599060059,-1.24381101131439
20180920,0,5,-120,2000,26445.23828125,227.29997253418,10.9299974441528,0.178994134068489
20180920,6,5,-120,2000,26493.6171875,226.399978637695,10.4600048065186,0.930764138698578
20180920,12,5,-120,2000,26445.921875,223.999969482422,7.42000246047974,3.99603509902954
20180920,18,5,-120,2000,26446.068359375,224.5,5.8058934211731,2.71360111236572
20180921,0,5,-120,2000,26408.9296875,226.300003051758,9.08000755310059,2.86792969703674
20180921,6,5,-120,2000,26468.490234375,226.100006103516,7.33996438980103,1.52756953239441
20180921,12,5,-120,2000,26438.595703125,224.100006103516,7.40473175048828,1.50010371208191
20180921,18,5,-120,2000,26463.552734375,223.836349487305,7.59999990463257,-0.639837622642517
20180922,0,5,-120,2000,26437.484375,224.399993896484,10.8000001907349,-2.07526850700378
20180922,6,5,-120,2000,26491.525390625,224.5,7.06861734390259,-1.7332763671875
20180922,12,5,-120,2000,26454.814453125,222.910034179688,6.09999990463257,-1.80001223087311
20180922,18,5,-120,2000,26465.01953125,224.399993896484,6.80000019073486,-1.19995725154877
20180923,0,5,-120,2000,26438.48828125,225.199996948242,8.40000629425049,-2.37238764762878
20180923,6,5,-120,2000,26498.248046875,226.699996948242,9.60000133514404,-2.35498666763306
20180923,12,5,-120,2000,26461.064453125,224.100006103516,11.8999967575073,0.900006115436554
20180923,18,5,-120,2000,26468.189453125,222.999969482422,13.3999996185303,-0.281079113483429
20180924,0,5,-120,2000,26438.01953125,225.199996948242,14.6000032424927,0.918939232826233
20180924,6,5,-120,2000,26496.755859375,225,12.5511226654053,1.40755617618561
20180924,12,5,-120,2000,26471.44921875,222.199996948242,13.5,1.88118898868561
20180924,18,5,-120,2000,26478.255859375,221.699996948242,11.5999965667725,1.03385007381439
20180925,0,5,-120,2000,26434.955078125,224.199996948242,10.7000026702881,-0.0999816879630089
20180925,6,5,-120,2000,26491,224.899993896484,6.60002613067627,1.20003056526184
20180925,12,5,-120,2000,26447.220703125,222.699996948242,4.95326519012451,1.40008544921875
20180925,18,5,-120,2000,26465.3671875,223.29997253418,6.18001222610474,-1.78785157203674
20180926,0,5,-120,2000,26431.203125,224.699996948242,11.541955947876,-1.94312012195587
20180926,6,5,-120,2000,26491.4140625,224.599975585938,10.25,-0.257441401481628
20180926,12,5,-120,2000,26460.94921875,221.699996948242,11.6899976730347,-0.182265624403954
20180926,18,5,-120,2000,26473.53515625,220.199996948242,9.69000720977783,1.99120366573334
20180927,0,5,-120,2000,26420.544921875,222.399993896484,7.15207052230835,1.13169682025909
20180927,6,5,-120,2000,26495.1953125,223.191619873047,3.68000483512878,0.457194834947586
20180927,12,5,-120,2000,26456.07421875,221.300003051758,4.45000505447388,-0.912863790988922
20180927,18,5,-120,2000,26469.837890625,221.600006103516,5.15000009536743,-0.162226557731628
20180928,0,5,-120,2000,26437.671875,223.300003051758,5.09878158569336,1.63007080554962
20180928,6,5,-120,2000,26482.66015625,222.499969482422,1.08000242710114,2.98133540153503
20180928,12,5,-120,2000,26422.830078125,222.699996948242,0.00222412100993097,0.231979981064796
20180928,18,5,-120,2000,26455.8046875,225.399993896484,4.04139423370361,1.84876465797424
20180929,0,5,-120,2000,26425.427734375,226.300003051758,5.1837477684021,-0.282719731330872
20180929,6,5,-120,2000,26477.623046875,225.399978637695,7.03000259399414,-4.23539781570435
20180929,12,5,-120,2000,26447.83984375,222.699996948242,11.0699996948242,-3.7516405582428
20180929,18,5,-120,2000,26451.607421875,221.499969482422,8.82999992370605,-0.814204096794128
20180930,0,5,-120,2000,26409.505859375,222.600006103516,7.32367658615112,2.14583992958069
20180930,6,5,-120,2000,26453.212890625,224.099975585938,3.50249028205872,3.00510740280151
20180930,12,5,-120,2000,26426.962890625,223.199996948242,3.88000011444092,3.91184091567993
20180930,18,5,-120,2000,26446.240234375,223.999969482422,3.72000002861023,1.57035160064697
20181001,0,5,-120,2000,26411.03515625,222.699996948242,5.59000015258789,0.529946267604828
20181001,6,5,-120,2000,26446.640625,224.100006103516,2.3199999332428,-0.0539746098220348
20181001,12,5,-120,2000,26409.15234375,224,7.06000232696533,-4.10715818405151
20181001,18,5,-120,2000,26445.19921875,224.100006103516,12.0500020980835,-2.73441171646118
20181002,0,5,-120,2000,26407.595703125,222.300003051758,12.3900022506714,-0.231699213385582
20181002,6,5,-120,2000,26450.41796875,223.199996948242,11.1700096130371,-3.31778311729431
20181002,12,5,-120,2000,26412.751953125,221.099975585938,15.5500020980835,-1.76259768009186
20181002,18,5,-120,2000,26433.052734375,221.211624145508,13.7500047683716,2.6031665802002
20181003,0,5,-120,2000,26385.869140625,221.5,10.9900026321411,5.30439472198486
20181003,6,5,-120,2000,26425.193359375,221.836029052734,2.35000252723694,6.5306544303894
20181003,12,5,-120,2000,26387.375,221.100006103516,1.5900000333786,2.37529540061951
20181003,18,5,-120,2000,26416.658203125,224.323043823242,4.55000019073486,-1.49004399776459
20181004,0,5,-120,2000,26374.7734375,224.300003051758,9.75000286102295,-4.3625636100769
20181004,6,5,-120,2000,26432.33203125,225.197235107422,13.0000171661377,-2.83184337615967
20181004,12,5,-120,2000,26378.5703125,224.100006103516,17.0947456359863,-0.359338372945786
20181004,18,5,-120,2000,26426.29296875,225.100006103516,19.1000022888184,0.549597144126892
20181005,0,5,-120,2000,26400.380859375,223.684814453125,16.8899974822998,0.199689939618111
20181005,6,5,-120,2000,26449.134765625,223.999969482422,13.1100101470947,0.484226077795029
20181005,12,5,-120,2000,26397.357421875,222.199996948242,16.3500080108643,-1.42768549919128
20181005,18,5,-120,2000,26436.681640625,223.800003051758,22,0.2502661049366
20181006,0,5,-120,2000,26408.869140625,221.399978637695,21.4475173950195,5.59304428100586
20181006,6,5,-120,2000,26448.5078125,219.388916015625,11.7497138977051,5.4569239616394
20181006,12,5,-120,2000,26384.13671875,220.313522338867,10.2100076675415,0.919467747211456
20181006,18,5,-120,2000,26421.322265625,221.899993896484,7.8600001335144,1.23193359375
20181007,0,5,-120,2000,26379.953125,220.899993896484,5.69000005722046,2.08885741233826
20181007,6,5,-120,2000,26425.232421875,222.199996948242,3.55000495910645,-0.659951150417328
20181007,12,5,-120,2000,26390.265625,221.100006103516,6.33000230789185,-4.56574726104736
20181007,18,5,-120,2000,26417.873046875,221.699996948242,8.75,-3.14677238464355
20181008,0,5,-120,2000,26382.53515625,222.300003051758,11.5500049591064,-0.797607421875
20181008,6,5,-120,2000,26423.3203125,223.100006103516,8.54999732971191,0.734243154525757
20181008,12,5,-120,2000,26390.72265625,222.800003051758,11.8200025558472,0.592729508876801
20181008,18,5,-120,2000,26423.107421875,223.046676635742,14.0600004196167,2.84562993049622
20181009,0,5,-120,2000,26390.21484375,222.204559326172,11.1875123977661,2.41020011901855
20181009,6,5,-120,2000,26418.255859375,222.800003051758,7.15000009536743,3.24716305732727
20181009,12,5,-120,2000,26378.845703125,221.699996948242,8.57999992370605,0.932812511920929
20181009,18,5,-120,2000,26422.302734375,223.399993896484,8.8000020980835,1.81900882720947
20181010,0,5,-120,2000,26387.875,223.199981689453,6.55000257492065,2.26844716072083
20181010,6,5,-120,2000,26425.09765625,223.499969482422,2.85000252723694,1.32312500476837
20181010,12,5,-120,2000,26390.884765625,224.399993896484,3.99000239372253,-1.18740725517273
20181010,18,5,-120,2000,26430.056640625,226.899993896484,10.6800003051758,-1.02854490280151
20181011,0,5,-120,2000,26408.716796875,224.600006103516,15.3400096893311,-2.92794680595398
20181011,6,5,-120,2000,26454.876953125,222.899993896484,13.2600002288818,-1.62442874908447
20181011,12,5,-120,2000,26406.498046875,222.199996948242,11.0999975204468,0.301774889230728
20181011,18,5,-120,2000,26435.0625,223.79997253418,10.6099996566772,1.580322265625
20181012,0,5,-120,2000,26398.224609375,223.099975585938,10.5300045013428,0.465458989143372
20181012,6,5,-120,2000,26444.65234375,222.899978637695,8.83000469207764,1.6952246427536
20181012,12,5,-120,2000,26404.26953125,221.399993896484,7.34750986099243,2.28741216659546
20181012,18,5,-120,2000,26415.1953125,223.300003051758,2.75000476837158,1.31957519054413
20181013,0,5,-120,2000,26404.318359375,223.999969482422,6.64000511169434,-4.6037745475769
20181013,6,5,-120,2000,26437.5703125,222.79997253418,6.94991445541382,-4.83893060684204
20181013,12,5,-120,2000,26390.240234375,222,9.46760272979736,-2.49147939682007
20181013,18,5,-120,2000,26415.1015625,223.800003051758,8.10999965667725,-0.127207025885582
20181014,0,5,-120,2000,26385.947265625,225.599975585938,10.6599979400635,-2.0861279964447
20181014,6,5,-120,2000,26442.716796875,224.899978637695,13.5567579269409,-3.61998534202576
20181014,12,5,-120,2000,26396.57421875,223.199996948242,17.6500015258789,-2.13477540016174
20181014,18,5,-120,2000,26421.607421875,223.399993896484,17.7899971008301,0.834062516689301
20181015,0,5,-120,2000,26389.5,223.100006103516,13.4600048065186,2.78998279571533
20181015,6,5,-120,2000,26422.884765625,221.592529296875,11.6066427230835,0.734091818332672
20181015,12,5,-120,2000,26377.955078125,222.29997253418,11.5100002288818,-1.22598874568939
20181015,18,5,-120,2000,26418.091796875,223.600006103516,9.10000228881836,-0.00251953117549419
20181016,0,5,-120,2000,26375.94921875,223.300003051758,8.25,-1.20867192745209
20181016,6,5,-120,2000,26428.66015625,223.199996948242,7.80000734329224,-2.14104008674622
20181016,12,5,-120,2000,26380.86328125,223.199996948242,9.71000003814697,-4.76613521575928
20181016,18,5,-120,2000,26420.755859375,225.100006103516,10.6799955368042,-1.10665035247803
20181017,0,5,-120,2000,26383.634765625,224.79997253418,10.4799995422363,1.63332521915436
20181017,6,5,-120,2000,26430.7578125,224.29997253418,10.2600002288818,1.24241459369659
20181017,12,5,-120,2000,26377.427734375,223.199996948242,11.0000047683716,0.421320796012878
20181017,18,5,-120,2000,26408.58203125,225.100006103516,10.6600151062012,2.55427002906799
20181018,0,5,-120,2000,26367.8828125,224.199996948242,8.94999980926514,4.77791023254395
20181018,6,5,-120,2000,26417.390625,223.899993896484,5.55000495910645,0.864057600498199
20181018,12,5,-120,2000,26361.677734375,222.5,6.15000486373901,-0.828027367591858
20181018,18,5,-120,2000,26383.001953125,224.699996948242,7.46000003814697,0.601098656654358
20181019,0,5,-120,2000,26350.9765625,227.5,12.3100004196167,-0.197280272841454
20181019,6,5,-120,2000,26423.158203125,225.499969482422,14.3500003814697,-1.53643071651459
20181019,18,5,-120,2000,26419.1484375,225.29997253418,17.1499996185303,-1.58765625953674
20181020,0,5,-120,2000,26374.9375,223.399978637695,16.8507442474365,-3.11799311637878
20181020,6,5,-120,2000,26435.1484375,223.872650146484,16.2600078582764,-3.44993162155151
20181020,12,5,-120,2000,26392.17578125,222.699981689453,14.5047340393066,-0.803808569908142
20181020,18,5,-120,2000,26419.1953125,223.399978637695,11.5600023269653,-2.06778812408447
20181021,0,5,-120,2000,26368.369140625,223.100006103516,12.9100170135498,-0.245185554027557
20181021,6,5,-120,2000,26417.1640625,224.399993896484,11.7600002288818,0.181547850370407
20181021,12,5,-120,2000,26389.947265625,223.199981689453,14.7700023651123,0.773100614547729
20181021,18,5,-120,2000,26423.2734375,223.600006103516,13.4800052642822,1.97886967658997
20181022,0,5,-120,2000,26387.90234375,223.800003051758,12.2700099945068,3.38208484649658
20181022,6,5,-120,2000,26419.900390625,225.800003051758,9.36556625366211,0.0953247100114822
20181022,12,5,-120,2000,26390.005859375,225.899993896484,13.4100027084351,-1.86039304733276
20181022,18,5,-120,2000,26435.009765625,225.099975585938,16.850004196167,-1.23074460029602
20181023,0,5,-120,2000,26397.2109375,222.899948120117,17.2000007629395,-3.75024890899658
20181023,6,5,-120,2000,26425.83984375,223,15.8780517578125,-3.68995118141174
20181023,12,5,-120,2000,26390.1015625,223.599975585938,15.4716529846191,-2.03083252906799
20181023,18,5,-120,2000,26418.912109375,224.800003051758,15.8616504669189,-2.61995124816895
20181024,0,5,-120,2000,26383.85546875,222.899993896484,18.8600025177002,-0.38651368021965
20181024,6,5,-120,2000,26430.08203125,222.199981689453,15.6300077438354,3.26026129722595
20181024,12,5,-120,2000,26370.974609375,220.800003051758,13.209997177124,3.97514891624451
20181024,18,5,-120,2000,26411.08984375,224.399993896484,11.4800052642822,4.73213863372803
20181025,0,5,-120,2000,26368.9140625,223.5,11.2152738571167,4.80397701263428
20181025,6,5,-120,2000,26404.595703125,223.600006103516,5.85000467300415,4.2433762550354
20181025,12,5,-120,2000,26363.625,223.699981689453,6.1652684211731,-0.388159185647964
20181025,18,5,-120,2000,26409.70703125,226.399993896484,11.0647315979004,-2.64599132537842
20181026,0,5,-120,2000,26377.19921875,224.899993896484,13.8600044250488,-0.854018568992615
20181026,6,5,-120,2000,26426.873046875,223.099975585938,13.9499998092651,-0.536582052707672
20181026,12,5,-120,2000,26372.419921875,221.599975585938,13.5599975585938,-0.434052735567093
20181026,18,5,-120,2000,26409.720703125,223.300003051758,11.6700077056885,5.06648445129395
20181027,0,5,-120,2000,26372.740234375,221.100006103516,9.23083019256592,3.96138191223145
20181027,6,5,-120,2000,26415.0703125,221.899978637695,6.21000480651855,0.619619131088257
20181027,12,5,-120,2000,26357.572265625,221.899993896484,6.65999507904053,-0.769594728946686
20181027,18,5,-120,2000,26399.41796875,224.399993896484,8.9799976348877,-2.11788320541382
20181028,0,5,-120,2000,26365.751953125,224,12.0600023269653,-3.07651376724243
20181028,6,5,-120,2000,26411.02734375,223.300003051758,12.1600074768066,-4.15261459350586
20181028,12,5,-120,2000,26367.5859375,222.199996948242,14.8199977874756,-3.70589113235474
20181028,18,5,-120,2000,26406.421875,225.79997253418,14.4800024032593,1.18151617050171
20181029,0,5,-120,2000,26378.677734375,225.099975585938,14.6600074768066,1.25279784202576
20181029,6,5,-120,2000,26421.44921875,223.300003051758,12.4600143432617,0.751301288604736
20181029,12,5,-120,2000,26357.2265625,223.5,11.7605981826782,3.14404296875
20181029,18,5,-120,2000,26389.466796875,226.5,12.5600004196167,3.41698002815247
20181030,0,5,-120,2000,26345.58984375,227.699996948242,15.7148904800415,0.153327643871307
20181030,6,5,-120,2000,26402.22265625,227.100006103516,18.0931701660156,0.234670415520668
20181030,12,5,-120,2000,26368.22265625,226.300003051758,19.3237991333008,2.57801747322083
20181030,18,5,-120,2000,26405.900390625,224.800003051758,15.4605026245117,3.32443356513977
20181031,0,5,-120,2000,26354.248046875,223.999969482422,13.749342918396,1.88977539539337
20181031,6,5,-120,2000,26398.95703125,226,14.5946683883667,0.245134279131889
20181031,12,5,-120,2000,26381.3203125,226.599975585938,20.1995506286621,0.844428718090057
20181031,18,5,-120,2000,26414.060546875,224.599975585938,21.7999992370605,2.23686027526855
20181101,0,5,-120,2000,26378.412109375,223.5,19.2000026702881,0.000830078148283064
20181101,6,5,-120,2000,26418.908203125,223.999969482422,18.3000030517578,0.847387671470642
20181101,12,5,-120,2000,26386.169921875,222.800003051758,16.7000026702881,0.200061038136482
20181101,18,5,-120,2000,26418.94921875,225.5,16.2999992370605,0.400061041116714
20181102,0,5,-120,2000,26396.54296875,224.899978637695,15.3999967575073,1.39005732536316
20181102,6,5,-120,2000,26431.427734375,223.699981689453,13.5000019073486,0.100079342722893
20181102,12,5,-120,2000,26382.931640625,223.399993896484,14.3488788604736,-3.59990239143372
20181102,18,5,-120,2000,26427.912109375,224.699996948242,16.350004196167,0.340053707361221
20181103,0,5,-120,2000,26393.982421875,223.5,14.4465408325195,0.619785130023956
20181103,6,5,-120,2000,26434.33203125,223.79997253418,16.2816829681396,-0.984428703784943
20181103,12,5,-120,2000,26390.814453125,223.399993896484,18.933349609375,-1.3041113615036
20181103,18,5,-120,2000,26434.9375,224.5,18.7166595458984,3.82237315177917
20181104,0,5,-120,2000,26387.5078125,222.600006103516,14.1909999847412,4.33803701400757
20181104,6,5,-120,2000,26423.072265625,222.300003051758,9.45000267028809,1.47758793830872
20181104,12,5,-120,2000,26380.431640625,223.699996948242,12.5447359085083,-3.1648633480072
20181104,18,5,-120,2000,26423.171875,224.699996948242,17.1000022888184,-2.59993290901184
20181105,0,5,-120,2000,26371.171875,222.699996948242,14.994779586792,0.900048851966858
20181105,6,5,-120,2000,26396.8125,221.800003051758,13.0874967575073,1.50001215934753
20181105,12,5,-120,2000,26347.97265625,221.899993896484,11.7884340286255,-0.799975574016571
20181105,18,5,-120,2000,26384.943359375,223.600006103516,13.0068874359131,0.400048822164536
20181106,0,5,-120,2000,26353.1171875,222.5,11.3729581832886,-0.2291259765625
20181106,6,5,-120,2000,26377.251953125,221.699996948242,9.79226112365723,-3.89993906021118
20181106,12,5,-120,2000,26351.16015625,223,12.6558713912964,-2.09994506835938
20181106,18,5,-120,2000,26394.087890625,224.560592651367,11.5487031936646,0.900054931640625
20181107,0,5,-120,2000,26365.544921875,223.79997253418,10.081787109375,-0.97800600528717
20181107,6,5,-120,2000,26413.310546875,222.199996948242,8.28828144073486,-0.89994204044342
20181107,12,5,-120,2000,26359.67578125,221.399993896484,7.21921682357788,0.300030529499054
20181107,18,5,-120,2000,26390.474609375,225.999969482422,7.95222187042236,2.30001831054688
20181108,0,5,-120,2000,26364.63671875,224.699996948242,6.04901742935181,1.40004575252533
20181108,6,5,-120,2000,26406.79296875,223.800003051758,1.36502075195313,-0.999969482421875
20181108,12,5,-120,2000,26344.142578125,223.199996948242,1.74211728572845,-2.5999755859375
20181108,18,5,-120,2000,26373.6484375,226.199996948242,3.86983942985535,-2.09998178482056
20181109,0,5,-120,2000,26350.79296875,225.999969482422,5.04931354522705,-1.09998774528503
20181109,6,5,-120,2000,26393.88671875,224.399993896484,0.984338402748108,0.500012218952179
20181109,12,5,-120,2000,26341.732421875,224.699996948242,1.11050724983215,-1.59998166561127
20181109,18,5,-120,2000,26369.8046875,228.300003051758,6.02545166015625,0.499987781047821
20181110,0,5,-120,2000,26353.2578125,227.600006103516,5.62381601333618,1.44677126407623
20181110,6,5,-120,2000,26391.515625,226.300003051758,4.98673105239868,-1.89997553825378
20181110,12,5,-120,2000,26343.72265625,227.592529296875,9.80273151397705,-4.0999755859375
20181110,18,5,-120,2000,26408.03515625,231.199996948242,18.4545497894287,-3.68273305892944
20181111,0,5,-120,2000,26379.265625,227.399993896484,20.9100093841553,-3.49993896484375
20181111,6,5,-120,2000,26416.85546875,226.300003051758,21.8999900817871,-2.19996333122253
20181111,12,5,-120,2000,26393.935546875,226.399978637695,24.0000038146973,-1.39990842342377
20181111,18,5,-120,2000,26434.787109375,224.599975585938,23.230001449585,2.49990844726563
20181112,0,5,-120,2000,26378.904296875,222,19.8194179534912,2.60001230239868
20181112,6,5,-120,2000,26411.294921875,221.100006103516,16.0620880126953,-0.502362072467804
20181112,12,5,-120,2000,26358.02734375,221.231689453125,16.7600002288818,-2.33113527297974
20181112,18,5,-120,2000,26378.25,223.300003051758,16.6758327484131,0.623181164264679
20181113,0,5,-120,2000,26348.830078125,223.099975585938,14.4885501861572,1.65510499477386
20181113,6,5,-120,2000,26379.875,222.100006103516,13.5343170166016,-1.6000030040741
20181113,12,5,-120,2000,26343.330078125,221.699981689453,16.1433734893799,-2.07999515533447
20181113,18,5,-120,2000,26378.107421875,223.100006103516,16.2830295562744,2.07999992370605
20181114,0,5,-120,2000,26339.294921875,222.599975585938,14.4563426971436,1.56067383289337
20181114,6,5,-120,2000,26376.1953125,221.300003051758,10.6477928161621,1.42467772960663
20181114,12,5,-120,2000,26328.140625,221.999969482422,9.66854000091553,0.141572266817093
20181114,18,5,-120,2000,26359.390625,224.699996948242,9.76022911071777,-0.160014644265175
20181115,0,5,-120,2000,26325.330078125,224.599975585938,12.7389965057373,0.458996593952179
20181115,6,5,-120,2000,26391.40234375,223.399978637695,14.7416038513184,-1.15998041629791
20181115,12,5,-120,2000,26335.751953125,221.800003051758,16.2097854614258,-0.189999997615814
20181115,18,5,-120,2000,26373.009765625,222.699996948242,15.7601509094238,-0.120009765028954
20181116,0,5,-120,2000,26338.712890625,222.600006103516,15.6992588043213,0.499948114156723
20181116,6,5,-120,2000,26383.73828125,222.399948120117,15.7491941452026,0.184301763772964
20181116,12,5,-120,2000,26336.6015625,221.699996948242,16.4768123626709,1.28999996185303
20181116,18,5,-120,2000,26370.84765625,221.999969482422,13.5281009674072,0.309233397245407
20181117,0,5,-120,2000,26324.404296875,222.099975585938,15.9986085891724,-1.78999996185303
20181117,6,5,-120,2000,26367.875,221.100006103516,16.5860500335693,-0.671430647373199
20181117,12,5,-120,2000,26315.841796875,221.100006103516,17.625072479248,0.534296870231628
20181117,18,5,-120,2000,26358.345703125,223.199981689453,17.1599922180176,1.26213622093201
20181118,0,5,-120,2000,26333.078125,222.906982421875,18.5307025909424,2.69998526573181
20181118,6,5,-120,2000,26361.671875,221,15.6035108566284,4.46759986877441
20181118,12,5,-120,2000,26308.365234375,220.370407104492,14.2899751663208,4.26327657699585
20181118,18,5,-120,2000,26328.6796875,221.699996948242,11.4005546569824,5.2841796875
20181119,0,5,-120,2000,26296.017578125,223.100006103516,10.5823392868042,2.7721483707428
20181119,6,5,-120,2000,26345.185546875,222.899993896484,10.0529298782349,0.604360342025757
20181119,12,5,-120,2000,26306.34765625,222.300003051758,12.8454122543335,-2.46944332122803
20181119,18,5,-120,2000,26340.7421875,222.899993896484,12.7843160629272,-2.29998302459717
20181120,0,5,-120,2000,26311.26953125,222.399993896484,14.9747219085693,-3.1594922542572
20181120,6,5,-120,2000,26351.169921875,222.800003051758,15.0981521606445,-1.03957271575928
20181120,12,5,-120,2000,26325.517578125,223.100006103516,17.5930957794189,0.218010246753693
20181120,18,5,-120,2000,26359.556640625,221.300003051758,15.5299825668335,2.71643543243408
20181121,0,5,-120,2000,26305.453125,221.5,13.8661794662476,3.65217041969299
20181121,6,5,-120,2000,26331.779296875,223.014694213867,9.84652328491211,4.30861330032349
20181121,12,5,-120,2000,26288.47265625,224.599975585938,8.50500202178955,0.188022464513779
20181121,18,5,-120,2000,26341.7734375,224.5,12.6477909088135,-2.89738774299622
20181122,0,5,-120,2000,26289.9140625,222.399993896484,15.592604637146,-3.81746578216553
20181122,6,5,-120,2000,26333.755859375,223.399978637695,17.4323616027832,-3.00877451896667
20181122,12,5,-120,2000,26300.654296875,223.800003051758,17.2487812042236,-3.32856941223145
20181122,18,5,-120,2000,26371.314453125,224.199981689453,16.9835052490234,-2.54336667060852
20181123,0,5,-120,2000,26307.66015625,222.100006103516,17.1459941864014,-2.45199227333069
20181123,6,5,-120,2000,26362.0546875,223.099975585938,16.9839859008789,-2.45977544784546
20181123,12,5,-120,2000,26323.802734375,222.600006103516,17.2760009765625,-1.59065425395966
20181123,18,5,-120,2000,26378.025390625,223,14.9599952697754,-0.718647480010986
20181124,0,5,-120,2000,26323.369140625,221.800003051758,14.1060132980347,0.219458013772964
20181124,6,5,-120,2000,26356.91796875,221.929153442383,13.5165796279907,-0.0597021467983723
20181124,12,5,-120,2000,26330.890625,224.029144287109,15.3966379165649,-0.809296846389771
20181124,18,5,-120,2000,26380.1171875,224.100006103516,14.932258605957,5.90000486373901
20181125,0,5,-120,2000,26321.671875,221.600006103516,13.3287258148193,6.2951807975769
20181125,6,5,-120,2000,26355.107421875,221.800003051758,12.0074462890625,4.60221195220947
20181125,12,5,-120,2000,26319.36328125,223,13.6012763977051,3.20001459121704
20181125,18,5,-120,2000,26346.89453125,223.099975585938,15.1460742950439,6.46382570266724
20181126,0,5,-120,2000,26291.546875,221.599975585938,13.5322141647339,6.7533278465271
20181126,6,5,-120,2000,26323.283203125,223.599975585938,11.1868867874146,4.03001976013184
20181126,12,5,-120,2000,26292.41796875,224.399993896484,15.123815536499,0.539990246295929
20181126,18,5,-120,2000,26323.2578125,222.79997253418,16.0692024230957,2.27580571174622
20181127,0,5,-120,2000,26274.3203125,221.899993896484,18.7637424468994,4.88907718658447
20181127,6,5,-120,2000,26323.2578125,224.100006103516,13.1300172805786,5.61128425598145
20181127,12,5,-120,2000,26298.58203125,222.29997253418,13.5885667800903,3.42899894714355
20181127,18,5,-120,2000,26326.71484375,222.399993896484,11.2328681945801,2.05102062225342
20181128,0,5,-120,2000,26278.22265625,221.399993896484,11.6907005310059,1.73234868049622
20181128,6,5,-120,2000,26327.16796875,222.800003051758,12.0605192184448,2.40000605583191
20181128,12,5,-120,2000,26294.681640625,221.699981689453,12.6415987014771,0.200003057718277
20181128,18,5,-120,2000,26339.30078125,222.100006103516,11.458984375,0.870855689048767
20181129,0,5,-120,2000,26287.8046875,220.600006103516,12.1343688964844,-0.100006103515625
20181129,6,5,-120,2000,26338.359375,221.399993896484,8.84657001495361,1.79999995231628
20181129,12,5,-120,2000,26285.349609375,220.800003051758,8.37998008728027,-0.899993896484375
20181129,18,5,-120,2000,26327.599609375,222.29997253418,5.99873638153076,1.49998784065247
20181130,0,5,-120,2000,26290.3515625,222.300003051758,4.22792959213257,1.89999389648438
20181130,6,5,-120,2000,26342.66796875,221.300003051758,4.39879751205444,-0.900012195110321
20181130,12,5,-120,2000,26291.255859375,221.600006103516,7.06467914581299,-2.80001211166382
20181130,18,5,-120,2000,26334.02734375,222.999969482422,9.70335960388184,-0.778088390827179
20181201,0,5,-120,2000,26290.171875,221.100006103516,11.4022340774536,1.79998779296875
20181201,6,5,-120,2000,26317.431640625,221.300003051758,8.31882286071777,2.09999394416809
20181201,12,5,-120,2000,26269.841796875,222.100006103516,8.97117328643799,0.400000005960464
20181201,18,5,-120,2000,26321.369140625,222.399993896484,9.19400024414063,1.59999394416809
20181202,0,5,-120,2000,26267.91796875,220.899993896484,8.410888671875,-1.4708526134491
20181202,6,5,-120,2000,26299.58984375,221.100006103516,7.37387704849243,-1.89218747615814
20181202,12,5,-120,2000,26250.1640625,222.611663818359,11.1933078765869,-3.44754385948181
20181202,18,5,-120,2000,26304.1875,223.199996948242,13.5430908203125,-0.919990241527557
20181203,0,5,-120,2000,26268.302734375,222.899993896484,14.4056711196899,0.859990239143372
20181203,6,5,-120,2000,26304.751953125,223.300003051758,14.2624731063843,0.470004886388779
20181203,12,5,-120,2000,26267.251953125,222.699996948242,17.6744575500488,0.993110358715057
20181203,18,5,-120,2000,26314.505859375,221.5,16.9601268768311,1.79607915878296
20181204,0,5,-120,2000,26260.482421875,220.199996948242,13.4685840606689,4.40832996368408
20181204,6,5,-120,2000,26316.884765625,221.300003051758,9.89215850830078,0.953652322292328
20181204,12,5,-120,2000,26271.8359375,221.5,12.9556007385254,-1.94404053688049
20181204,18,5,-120,2000,26308.71484375,221.899993896484,13.2294845581055,-3.1316602230072
20181205,0,5,-120,2000,26264.818359375,220.399993896484,11.4785280227661,0.213496088981628
20181205,6,5,-120,2000,26305.01953125,220,9.79437828063965,-1.05060422420502
20181205,12,5,-120,2000,26247.994140625,219.899978637695,10.724271774292,1.50003659725189
20181205,18,5,-120,2000,26298.455078125,222.300003051758,9.7695951461792,1.20003056526184
20181206,0,5,-120,2000,26257.1953125,220.399993896484,9.73954772949219,2.20003056526184
20181206,6,5,-120,2000,26280.19921875,220.800003051758,6.74643087387085,-0.189953610301018
20181206,12,5,-120,2000,26239.365234375,221.904418945313,8.20767402648926,-2.84356689453125
20181206,18,5,-120,2000,26289.880859375,223.795562744141,11.3356266021729,-4.49997568130493
20181207,0,5,-120,2000,26255.60546875,220.999969482422,14.9351902008057,-4.59998178482056
20181207,6,5,-120,2000,26291.9140625,219.699996948242,14.7992000579834,-3.34194326400757
20181207,12,5,-120,2000,26247.453125,221.600006103516,12.5745391845703,-1.49999392032623
20181207,18,5,-120,2000,26305.32421875,222.100006103516,11.0448093414307,-0.656390368938446
20181208,0,5,-120,2000,26266.6484375,221.699981689453,12.9740419387817,-3.79998779296875
20181208,6,5,-120,2000,26321.533203125,222,14.9882106781006,-2.79998159408569
20181208,12,5,-120,2000,26276.2578125,219.899993896484,16.45068359375,-1.74359738826752
20181208,18,5,-120,2000,26309.07421875,220.899993896484,13.3540420532227,-0.899999976158142
20181209,0,5,-120,2000,26268.025390625,220.199996948242,10.6373414993286,-0.699987769126892
20181209,6,5,-120,2000,26311.30078125,220.100006103516,9.15980339050293,-0.299993902444839
20181209,12,5,-120,2000,26269.212890625,219.300003051758,8.36827564239502,-0.400006115436554
20181209,18,5,-120,2000,26296.4765625,221.899993896484,8.05522346496582,-0.699987769126892
20181210,0,5,-120,2000,26265.857421875,220.800003051758,7.28608226776123,-1.89989018440247
20181210,6,5,-120,2000,26301.330078125,220.29997253418,8.04516887664795,-1.90000605583191
20181210,12,5,-120,2000,26256.57421875,221.100006103516,10.8255434036255,-2.09999990463257
20181210,18,5,-120,2000,26296.517578125,223.399993896484,13.0315275192261,-0.700006127357483
20181211,0,5,-120,2000,26264.205078125,223.499969482422,11.7183856964111,0.599987804889679
20181211,6,5,-120,2000,26298.759765625,220.499969482422,12.2245998382568,-0.300006091594696
20181211,12,5,-120,2000,26267.11328125,221.600006103516,12.7924318313599,-1.30000615119934
20181211,18,5,-120,2000,26307.9140625,223.399978637695,16.153751373291,0.800000011920929
20181212,0,5,-120,2000,26292.255859375,222.399993896484,16.9669761657715,1.19999384880066
20181212,6,5,-120,2000,26335.48828125,220.29997253418,17.5000038146973,-0.700009167194366
20181212,12,5,-120,2000,26280.158203125,220.199996948242,17.953540802002,0.100012205541134
20181212,18,5,-120,2000,26325.705078125,221.099975585938,17.9885005950928,2.79999399185181
20181213,0,5,-120,2000,26281.251953125,219.300003051758,13.7937908172607,3.10000610351563
20181213,6,5,-120,2000,26321.537109375,218.899993896484,10.081036567688,1.60000610351563
20181213,12,5,-120,2000,26264.3046875,220.199996948242,9.79021644592285,-1.5
20181213,18,5,-120,2000,26312.126953125,221.79997253418,11.4639101028442,-4.19863271713257
20181214,0,5,-120,2000,26290.60546875,221.199996948242,11.7046842575073,-1.99999392032623
20181214,6,5,-120,2000,26343.3671875,219.100006103516,12.2039031982422,-1.15082395076752
20181214,12,5,-120,2000,26272.51953125,219.600006103516,12.6998538970947,-1.40001225471497
20181214,18,5,-120,2000,26329.13671875,222.100006103516,7.96889352798462,1.20001220703125
20181215,0,5,-120,2000,26305.822265625,221.699996948242,3.29707956314087,-0.400000005960464
20181215,6,5,-120,2000,26333.626953125,220.600006103516,3.01264047622681,-6.10000610351563
20181215,12,5,-120,2000,26292.455078125,222.899978637695,10.3455533981323,-10.491436958313
20181215,18,5,-120,2000,26340.16796875,223.199996948242,18.2588653564453,-6.50001239776611
20181216,0,5,-120,2000,26323.73046875,220.399993896484,14.7958469390869,-2.70001220703125
20181216,6,5,-120,2000,26354.44921875,220.199996948242,12.5687990188599,-2.29671621322632
20181216,12,5,-120,2000,26301.59765625,219.600006103516,15.5413541793823,-6.10000896453857
20181216,18,5,-120,2000,26359.609375,219.800003051758,16.3124885559082,-3.20000600814819
20181217,0,5,-120,2000,26326.20703125,220.002777099609,11.7093629837036,-0.300000011920929
20181217,6,5,-120,2000,26358.01171875,220.199996948242,11.5483150482178,-2
20181217,12,5,-120,2000,26302.650390625,220.100006103516,13.1781921386719,-0.616113305091858
20181217,18,5,-120,2000,26347.572265625,219.5,9.84548950195313,3.09996342658997
20181218,0,5,-120,2000,26294.619140625,218.399993896484,6.97312021255493,0.0999511703848839
20181218,6,5,-120,2000,26335.0859375,219.399993896484,6.99120473861694,-2.50001215934753
20181218,12,5,-120,2000,26282.697265625,220.399993896484,8.49580097198486,-0.800018310546875
