20180720,0,40,70,2000,26323.037109375,212.317230224609,19.7624130249023,13.9381351470947
20180720,6,40,70,2000,26343.857421875,213.300003051758,17.7600193023682,14.9775876998901
20180720,12,40,70,2000,26343.5,213.699996948242,16.464729309082,16.2533550262451
20180720,18,40,70,2000,26371.6875,214.29997253418,14.0648880004883,15.3338670730591
20180721,0,40,70,2000,26390.115234375,214.899978637695,14.1900072097778,12.910117149353
20180721,6,40,70,2000,26406.244140625,215.396270751953,12.2660131454468,16.7914180755615
20180721,12,40,70,2000,26427.744140625,216.899993896484,5.17000484466553,19.5767097473145
20180721,18,40,70,2000,26477.345703125,217.600006103516,1.56000483036041,12.5039701461792
20180722,0,40,70,2000,26494.22265625,218.699996948242,7.68000507354736,3.85996103286743
20180722,6,40,70,2000,26506.0390625,219.199996948242,13.766640663147,1.49879395961761
20180722,12,40,70,2000,26470.029296875,219.699996948242,17.4742336273193,-0.538566887378693
20180722,18,40,70,2000,26464.33984375,219.599975585938,19.4800090789795,-2.57461667060852
20180723,0,40,70,2000,26441.669921875,218.899978637695,21.6600112915039,-1.12369382381439
20180723,6,40,70,2000,26440.259765625,218.599975585938,20.6600017547607,1.35369634628296
20180723,12,40,70,2000,26409.162109375,218.399993896484,19.3700065612793,0.865355253219604
20180723,18,40,70,2000,26421.244140625,218.199996948242,18.8766670227051,-0.0587817393243313
20180724,0,40,70,2000,26419.53515625,218.579681396484,19.680456161499,0.321347653865814
20180724,6,40,70,2000,26428.30078125,218.29997253418,19.4600048065186,-0.848774433135986
20180724,12,40,70,2000,26389.640625,218.600006103516,19.3799991607666,-2.81961679458618
20180724,18,40,70,2000,26393.419921875,218.600006103516,20.6800861358643,-4.35950660705566
20180725,0,40,70,2000,26386.11328125,218.699996948242,23.0800018310547,-3.70042967796326
20180725,6,40,70,2000,26382.1796875,217.800003051758,22.3851737976074,-3.50689697265625
20180725,12,40,70,2000,26353.89453125,217.399993896484,23.0699977874756,-4.49519777297974
20180725,18,40,70,2000,26359.974609375,217.5,23.1800003051758,-6.27859115600586
20180726,0,40,70,2000,26335.765625,216.899978637695,25.2705879211426,-6.99617671966553
20180726,6,40,70,2000,26321.07421875,215.699996948242,27.2999973297119,-5.31612062454224
20180726,12,40,70,2000,26282.27734375,214.600006103516,29.7700004577637,-7.64391613006592
20180726,18,40,70,2000,26273.306640625,213.399978637695,35.0802879333496,-5.32123517990112
20180727,0,40,70,2000,26263.525390625,213.999969482422,34.6566925048828,4.16214609146118
20180727,6,40,70,2000,26305.029296875,211.600006103516,35.2467002868652,13.7554740905762
20180727,12,40,70,2000,26328.767578125,211.5,30.4500026702881,15.0255784988403
20180727,18,40,70,2000,26385.419921875,212.599975585938,27.4566745758057,10.8136987686157
20180728,0,40,70,2000,26410.26171875,212.800003051758,26.1500053405762,11.2637014389038
20180728,6,40,70,2000,26462.671875,213.199996948242,21.8496952056885,11.3995800018311
20180728,12,40,70,2000,26468.9140625,213.600006103516,21.3469524383545,7.70974969863892
20180728,18,40,70,2000,26492.796875,214.600006103516,18.8724174499512,3.19898676872253
20180729,0,40,70,2000,26499.748046875,214.899993896484,19.8700046539307,-0.0651843249797821
20180729,6,40,70,2000,26505.6015625,214.79997253418,19.5699996948242,-1.65987062454224
20180729,12,40,70,2000,26471.71484375,213.999969482422,19.2700042724609,-5.41080808639526
20180729,18,40,70,2000,26476.943359375,214.800003051758,20.3767375946045,-7.98668098449707
20180730,0,40,70,2000,26451.4140625,214.099975585938,22.6801567077637,-8.51343727111816
20180730,6,40,70,2000,26432.10546875,213.206985473633,23.1700057983398,-10.6580276489258
20180730,12,40,70,2000,26381.41015625,212.899978637695,25.1880989074707,-10.8565921783447
20180730,18,40,70,2000,26368.4296875,212.699996948242,24.1599998474121,-7.60635137557983
20180731,0,40,70,2000,26351.79296875,212.999969482422,24.7777900695801,-3.41618776321411
20180731,6,40,70,2000,26356.369140625,214.099975585938,22.1803359985352,0.656569838523865
20180731,12,40,70,2000,26323.9375,214.399993896484,22.1766586303711,1.54364502429962
20180731,18,40,70,2000,26334.77734375,215.199981689453,22.6703033447266,-1.16242182254791
20180801,0,40,70,2000,26332.087890625,215.699981689453,25.8000068664551,-1.47929930686951
20180801,6,40,70,2000,26321.998046875,215.399993896484,28.0733203887939,0.666274428367615
20180801,12,40,70,2000,26287.3828125,215.899993896484,29.4900016784668,-1.1224023103714
20180801,18,40,70,2000,26275.029296875,216.499969482422,31.8705615997314,-5.86447763442993
20180802,0,40,70,2000,26227.0078125,216.800003051758,36.7894058227539,-8.80490684509277
20180802,6,40,70,2000,26196.38671875,215.199981689453,40.4886741638184,-8.39990997314453
20180802,12,40,70,2000,26125.875,213.29997253418,44.8899993896484,-6.53795671463013
20180802,18,40,70,2000,26115.205078125,213.5,43.0700187683105,-1.74990236759186
20180803,0,40,70,2000,26123.0234375,213.300003051758,40.560001373291,2.37407469749451
20180803,6,40,70,2000,26146.15234375,212.800003051758,35.8633918762207,4.21461915969849
20180803,12,40,70,2000,26147.359375,212.232131958008,33.9799995422363,2.42986822128296
20180803,18,40,70,2000,26171.115234375,212.199996948242,31.9802627563477,1.72956538200378
20180804,0,40,70,2000,26179.83984375,213.100006103516,32.2799987792969,1.94475591182709
20180804,6,40,70,2000,26190.892578125,213.999969482422,31.3800048828125,1.11276614665985
20180804,12,40,70,2000,26172.775390625,214.099975585938,31.3601512908936,-0.276354968547821
20180804,18,40,70,2000,26188.328125,215.100006103516,30.8599948883057,-1.95867192745209
20180805,0,40,70,2000,26171.11328125,215,33.1664543151855,-1.62253415584564
20180805,6,40,70,2000,26166.22265625,214.600006103516,32.662784576416,-0.200053706765175
20180805,12,40,70,2000,26149.939453125,214.699996948242,31.890007019043,0.636711418628693
20180805,18,40,70,2000,26172.203125,215.699996948242,29.6557788848877,0.132786870002747
20180806,0,40,70,2000,26170.36328125,215.399993896484,30.6797828674316,-0.219566643238068
20180806,6,40,70,2000,26171.912109375,215,29.0857715606689,0.624799787998199
20180806,12,40,70,2000,26157.36328125,214.899993896484,30.3797855377197,-0.543067634105682
20180806,18,40,70,2000,26180.150390625,215.399978637695,29.9017677307129,-0.425534665584564
20180807,0,40,70,2000,26171.57421875,215.600006103516,32.0034141540527,-1.20495975017548
20180807,6,40,70,2000,26182.419921875,216.199996948242,32.5868034362793,0.260628670454025
20180807,12,40,70,2000,26152.775390625,216.599975585938,35.0912322998047,-1.36278200149536
20180807,18,40,70,2000,26170.025390625,217,37.3930892944336,-3.60424065589905
20180808,0,40,70,2000,26158.1484375,217.599975585938,42.5672645568848,-3.76138186454773
20180808,6,40,70,2000,26131.91015625,218.399978637695,45.5704803466797,-4.30863285064697
20180808,12,40,70,2000,26095.52734375,219.100006103516,47.4800109863281,-7.99843978881836
20180808,18,40,70,2000,26073.943359375,219.100006103516,49.3900108337402,-14.9679346084595
20180809,0,40,70,2000,26016.427734375,218.150726318359,54.1800003051758,-16.3826217651367
20180809,6,40,70,2000,25947.697265625,217.600006103516,60.3986587524414,-15.192102432251
20180809,12,40,70,2000,25877.439453125,216.999969482422,60.9800186157227,-15.2771606445313
20180809,18,40,70,2000,25837.154296875,216.899993896484,62.598331451416,-15.403847694397
20180810,0,40,70,2000,25780.52734375,214.399978637695,65.4700088500977,-8.91006374359131
20180810,6,40,70,2000,25775.48046875,213.699981689453,62.570011138916,0.397519528865814
20180810,12,40,70,2000,25812.52734375,212.728607177734,55.7700042724609,8.95439434051514
20180810,18,40,70,2000,25900.4453125,212.5,52.0500030517578,12.9247407913208
20180811,0,40,70,2000,26012.98046875,212.799362182617,45.3600158691406,14.8278245925903
20180811,6,40,70,2000,26092.0546875,213.599975585938,41.4600372314453,11.3462524414063
20180811,12,40,70,2000,26103.0703125,214.499969482422,41.080005645752,6.79438734054565
20180811,18,40,70,2000,26139.357421875,215.100006103516,39.5800170898438,4.07381820678711
20180812,0,40,70,2000,26145.96484375,215.5,40.9600105285645,3.14240479469299
20180812,6,40,70,2000,26162.091796875,215.79997253418,42.080005645752,3.43588733673096
20180812,12,40,70,2000,26142.435546875,215.800003051758,41.7804832458496,4.33991432189941
20180812,18,40,70,2000,26172.865234375,215.699996948242,41.0782241821289,2.04992198944092
20180813,0,40,70,2000,26182.11328125,215.399978637695,42.9800109863281,2.78723502159119
20180813,6,40,70,2000,26183.71484375,214.499969482422,42.1800079345703,2.80523061752319
20180813,12,40,70,2000,26153.19921875,213.300003051758,42.3802337646484,1.39435303211212
20180813,18,40,70,2000,26166.744140625,213.29997253418,41.7730674743652,-0.0031958008185029
20180814,0,40,70,2000,26159.453125,212,42.2734336853027,-0.402331531047821
20180814,6,40,70,2000,26145.5234375,210.308074951172,41.0600090026855,3.47201418876648
20180814,12,40,70,2000,26124.4296875,210,38.9800033569336,4.32168197631836
20180814,18,40,70,2000,26139.265625,210.300003051758,37.0800018310547,2.53056883811951
20180815,0,40,70,2000,26148.392578125,211.399993896484,37.4600601196289,3.43656492233276
20180815,6,40,70,2000,26157.3984375,211.399993896484,35.5800132751465,5.50946521759033
20180815,12,40,70,2000,26158.806640625,211.79997253418,33.4600067138672,8.1069164276123
20180815,18,40,70,2000,26205.63671875,212.899993896484,29.1600074768066,8.07048797607422
20180816,0,40,70,2000,26241.3203125,214.800003051758,26.9600143432617,4.31148910522461
20180816,6,40,70,2000,26260.419921875,215.100006103516,26.9798736572266,0.667841792106628
20180816,12,40,70,2000,26229.75,214.699981689453,29.2800045013428,-1.65599119663239
20180816,18,40,70,2000,26235.677734375,216.100006103516,30.5800075531006,-2.07999277114868
20180817,0,40,70,2000,26226.046875,215,33.6800003051758,-3.51678705215454
20180817,6,40,70,2000,26211.279296875,213.300003051758,34.3800086975098,-2.72066903114319
20180817,12,40,70,2000,26170.51171875,212.100006103516,35.9758415222168,-2.48198485374451
20180817,18,40,70,2000,26177.880859375,212.699996948242,38.3700065612793,-1.97428464889526
20180818,0,40,70,2000,26174.490234375,212.199981689453,40.1800079345703,-0.9339599609375
20180818,6,40,70,2000,26173.134765625,212.120513916016,40.1864852905273,0.118361815810204
20180818,12,40,70,2000,26141.7421875,211,39.7799987792969,0.118867188692093
20180818,18,40,70,2000,26140.498046875,211,39.0825347900391,-1.99468994140625
20180819,0,40,70,2000,26136.390625,210.600006103516,41.7023429870605,-4.92390155792236
20180819,6,40,70,2000,26125.994140625,209.800003051758,43.7799987792969,-3.73296642303467
20180819,12,40,70,2000,26086.73046875,209.099975585938,43.1800003051758,-3.23757815361023
20180819,18,40,70,2000,26099.330078125,210.100006103516,40.6599960327148,-3.11724615097046
20180820,0,40,70,2000,26110.23046875,210.599975585938,40.9798049926758,-4.73962879180908
20180820,6,40,70,2000,26113.0078125,209.600006103516,41.2804832458496,-4.15958976745605
20180820,12,40,70,2000,26088.8125,208.999969482422,41.2600440979004,-5.18080568313599
20180820,18,40,70,2000,26091.212890625,209.699981689453,41.5800018310547,-7.34786605834961
20180821,0,40,70,2000,26099.609375,209.599975585938,43.086971282959,-8.3900728225708
20180821,6,40,70,2000,26096.060546875,208.699981689453,43.8000106811523,-8.37569046020508
20180821,12,40,70,2000,26044.65234375,207.699996948242,46.976734161377,-8.50339317321777
20180821,18,40,70,2000,26044.685546875,208.199996948242,48.5857162475586,-6.95079326629639
20180822,0,40,70,2000,26034.751953125,209.800003051758,48.8900108337402,-0.792666018009186
20180822,6,40,70,2000,26072.4609375,209.600006103516,47.4577751159668,8.00970935821533
20180822,12,40,70,2000,26114.189453125,210.199996948242,45.3641738891602,13.4364433288574
20180822,18,40,70,2000,26192.6953125,212.100006103516,39.9400024414063,14.0338716506958
20180823,0,40,70,2000,26234.740234375,213.800003051758,36.7500114440918,8.46654796600342
20180823,6,40,70,2000,26284.890625,213.599975585938,35.954647064209,7.20006370544434
20180823,12,40,70,2000,26273.623046875,213.79997253418,35.2767372131348,4.92550277709961
20180823,18,40,70,2000,26296.16015625,214.706985473633,32.3734092712402,0.680346667766571
20180824,0,40,70,2000,26292.876953125,214.800003051758,35.6776885986328,-2.44392824172974
20180824,6,40,70,2000,26297.349609375,214.499969482422,37.7733116149902,-0.861909151077271
20180824,12,40,70,2000,26264.966796875,214.199996948242,38.380012512207,-2.4664294719696
20180824,18,40,70,2000,26288.10546875,215.399978637695,36.0022354125977,-5.55970335006714
20180825,0,40,70,2000,26279.759765625,214.5,39.0810432434082,-7.67885971069336
20180825,6,40,70,2000,26271.16796875,213.800003051758,40.0800132751465,-5.76256608963013
20180825,12,40,70,2000,26225.44921875,212.699996948242,39.8800086975098,-5.7274022102356
20180825,18,40,70,2000,26225.693359375,212.5,38.8900032043457,-5.8565993309021
20180826,0,40,70,2000,26210.880859375,211.199996948242,39.3900108337402,-4.43323469161987
20180826,6,40,70,2000,26201.216796875,209.699996948242,39.8786125183105,-1.78086185455322
20180826,12,40,70,2000,26153.244140625,208.399993896484,42.1800003051758,4.30959224700928
20180826,18,40,70,2000,26185.412109375,211.193023681641,37.060001373291,13.1119899749756
20180827,0,40,70,2000,26216.92578125,214.300003051758,34.1626052856445,16.1744270324707
20180827,6,40,70,2000,26275.865234375,216.5,30.5799999237061,16.788459777832
20180827,12,40,70,2000,26285.876953125,216.999969482422,29.0600090026855,12.1944923400879
20180827,18,40,70,2000,26320.123046875,217.699996948242,27.4811630249023,8.40738773345947
20180828,0,40,70,2000,26327.517578125,218.300003051758,27.6800117492676,5.88449478149414
20180828,6,40,70,2000,26348.9375,218.399993896484,27.3800144195557,7.89755630493164
20180828,12,40,70,2000,26331.283203125,218.300003051758,25.7800006866455,6.92142820358276
20180828,18,40,70,2000,26369.732421875,219.699996948242,22.4799976348877,4.7868800163269
20180829,0,40,70,2000,26375.697265625,219.29997253418,23.8622245788574,3.78005504608154
20180829,6,40,70,2000,26397.626953125,219.899978637695,22.1799945831299,5.49365234375
20180829,12,40,70,2000,26401.40234375,219.800003051758,20.1877765655518,2.72072267532349
20180829,18,40,70,2000,26435.51953125,220.300003051758,19.6800022125244,1.19779539108276
20180830,0,40,70,2000,26441.4375,220.499969482422,20.8800029754639,0.630010962486267
20180830,6,40,70,2000,26459.306640625,221.699996948242,20.5800151824951,0.843073725700378
20180830,12,40,70,2000,26428.82421875,220.899978637695,20.4980583190918,-1.00241696834564
20180830,18,40,70,2000,26432.35546875,221.79997253418,20.7932243347168,-3.07951664924622
20180831,0,40,70,2000,26425.91796875,222.899993896484,23.9700088500977,-2.32271242141724
20180831,6,40,70,2000,26423.607421875,223.199981689453,24.7750053405762,-2.07684946060181
20180831,12,40,70,2000,26372.125,223.199981689453,26.2900161743164,-3.52227663993835
20180831,18,40,70,2000,26371.1484375,223.699996948242,28.4000015258789,-4.49897956848145
20180901,0,40,70,2000,26338.876953125,223.899993896484,31.1831665039063,-4.74094724655151
20180901,6,40,70,2000,26314.76953125,223.399993896484,32.7797813415527,-4.45601463317871
20180901,12,40,70,2000,26250.0546875,223.199981689453,36.07861328125,-4.50048112869263
20180901,18,40,70,2000,26236.4765625,223.267868041992,39.3853912353516,-6.9100489616394
20180902,0,40,70,2000,26198.16796875,222.699981689453,45.6717185974121,-7.1902027130127
20180902,6,40,70,2000,26165.546875,221.499481201172,47.5776062011719,-6.29788589477539
20180902,12,40,70,2000,26077.984375,219.79997253418,48.7799987792969,-5.71025896072388
20180902,18,40,70,2000,26055.212890625,219.600006103516,48.9686164855957,-6.23253917694092
20180903,0,40,70,2000,26024.33203125,217.999969482422,52.2700157165527,-3.45360350608826
20180903,6,40,70,2000,25995.859375,214.999969482422,53.9600105285645,-1.18251466751099
20180903,12,40,70,2000,25957.16796875,211.899993896484,49.3777885437012,6.11589336395264
20180903,18,40,70,2000,26002.216796875,209,40.4600028991699,9.37419414520264
20180904,0,40,70,2000,26056.7890625,207.399993896484,34.8600082397461,13.6614646911621
20180904,6,40,70,2000,26125.794921875,206.699996948242,25.6600017547607,17.3398246765137
20180904,12,40,70,2000,26168.009765625,207.199981689453,19.473258972168,16.7654266357422
20180904,18,40,70,2000,26235.857421875,209.199981689453,16.8662948608398,12.2198266983032
20180905,0,40,70,2000,26271.572265625,210.199996948242,18.1900043487549,10.4891700744629
20180905,6,40,70,2000,26307.115234375,211.600006103516,18.9666595458984,10.6052150726318
20180905,12,40,70,2000,26299.65234375,212.600006103516,19.0900001525879,11.1600561141968
20180905,18,40,70,2000,26342.439453125,214.600006103516,16.4599990844727,9.24377155303955
20180906,0,40,70,2000,26373.490234375,216.79997253418,17.2800045013428,7.29011249542236
20180906,6,40,70,2000,26406.1953125,217.699996948242,17.0599994659424,5.83858394622803
20180906,12,40,70,2000,26380.3203125,218.300003051758,19.660005569458,5.86189699172974
20180906,18,40,70,2000,26418.67578125,219.363647460938,16.6541023254395,5.83841800689697
20180907,0,40,70,2000,26423.421875,220.710006713867,18.4800033569336,4.39966535568237
20180907,6,40,70,2000,26437.9375,221.199996948242,18.5550098419189,1.19456541538239
20180907,12,40,70,2000,26389.484375,221,20.9800052642822,2.56660652160645
20180907,18,40,70,2000,26402.82421875,221.800003051758,18.5809307098389,0.448476552963257
20180908,0,40,70,2000,26379.79296875,221.599975585938,22.080005645752,-1.24726808071136
20180908,6,40,70,2000,26356.53515625,221,24.2777862548828,-2.68876457214355
20180908,12,40,70,2000,26281,219.899993896484,27.5699996948242,-4.27658224105835
20180908,18,40,70,2000,26235.5390625,218.599975585938,31.4386100769043,-9.69989013671875
20180909,0,40,70,2000,26152.91015625,216.999969482422,40.5000038146973,-11.5999021530151
20180909,6,40,70,2000,26069.7734375,214.699981689453,49.0890159606934,-12.4999027252197
20180909,12,40,70,2000,25918.220703125,212.399993896484,56.7000007629395,-10.9999027252197
20180909,18,40,70,2000,25867.75,212,55.5,-1.40007936954498
20180910,0,40,70,2000,25868.53515625,214.29997253418,53.0999984741211,13.6999206542969
20180910,6,40,70,2000,25963.9453125,217.399978637695,49.6000137329102,23.7000980377197
20180910,12,40,70,2000,26021.080078125,218.099975585938,48.4000015258789,20.7922420501709
20180910,18,40,70,2000,26106.234375,219.399993896484,44.9000015258789,14.2000675201416
20180911,0,40,70,2000,26138.830078125,219.199981689453,43.9691162109375,11.8600463867188
20180911,6,40,70,2000,26164.498046875,220,42.450008392334,15.0699415206909
20180911,12,40,70,2000,26171.822265625,220.199981689453,38.5400047302246,15.3639993667603
20180911,18,40,70,2000,26226.6328125,219.100006103516,34.4367065429688,13.2759914398193
20180912,0,40,70,2000,26259.66015625,219.699996948242,32.7499961853027,13.3502635955811
20180912,6,40,70,2000,26300.197265625,220.600006103516,27.2600002288818,10.2574558258057
20180912,12,40,70,2000,26286.787109375,219.699996948242,25.9699993133545,10.5052785873413
20180912,18,40,70,2000,26320.2421875,220.999969482422,25.6549701690674,10.8781299591064
20180913,0,40,70,2000,26336.8046875,222.600006103516,25.4084281921387,9.90011024475098
20180913,6,40,70,2000,26359.13671875,222.699630737305,24.8000030517578,8.21312236785889
20180913,12,40,70,2000,26323.572265625,223,25.9918937683105,8.26674842834473
20180913,18,40,70,2000,26344.90234375,224.5,24.8999996185303,9.14066123962402
20180914,12,40,70,2000,26315.939453125,223.899993896484,26.9000053405762,15.5114316940308
20180914,18,40,70,2000,26344.072265625,222.29997253418,23.5222206115723,18.6105461120605
20180915,0,40,70,2000,26366.6875,222.600006103516,19.2150020599365,21.1000728607178
20180915,6,40,70,2000,26405.91796875,222,14.9000034332275,24.9001274108887
20180915,12,40,70,2000,26417.232421875,222.100006103516,9.40385723114014,24.7190361022949
20180915,18,40,70,2000,26489.685546875,223.399978637695,2.79999685287476,20.2998542785645
20180916,0,40,70,2000,26525.142578125,224.29997253418,0.181975096464157,14.6796388626099
20180916,12,40,70,2000,26540.162109375,224.399993896484,2.98000478744507,5.73737049102783
20180916,18,40,70,2000,26554.990234375,224.79997253418,3.27659916877747,1.69054687023163
20180917,0,40,70,2000,26538.4453125,225.300003051758,5.58000230789185,-0.653039574623108
20180917,6,40,70,2000,26527.685546875,225.5,8.88000011444092,-1.93443846702576
20180917,12,40,70,2000,26470.623046875,224.999313354492,12.0000028610229,-0.875104963779449
20180917,18,40,70,2000,26472.212890625,225.5,13.4750003814697,-1.75177001953125
20180918,0,40,70,2000,26453.900390625,225,17.3800067901611,1.40371096134186
20180918,6,40,70,2000,26456.2578125,224,17.7786178588867,4.5613865852356
20180918,12,40,70,2000,26403.21484375,222.599975585938,17.9600028991699,7.25502443313599
20180918,18,40,70,2000,26430.931640625,222.5,14.8800048828125,3.84378409385681
20180919,0,40,70,2000,26411.517578125,220.999969482422,18.7600040435791,2.59260749816895
20180919,6,40,70,2000,26410.4921875,219.79997253418,20.9600028991699,4.41112327575684
20180919,12,40,70,2000,26366.57421875,218.699996948242,21.4800033569336,7.07027816772461
20180919,18,40,70,2000,26389.943359375,219.399978637695,20.873405456543,5.94618892669678
20180920,0,40,70,2000,26381.23828125,218.79997253418,20.7599983215332,5.12899398803711
20180920,6,40,70,2000,26381.056640625,217.899978637695,19.4600048065186,4.70076417922974
20180920,12,40,70,2000,26329.443359375,216.29997253418,21.0800018310547,2.27603507041931
20180920,18,40,70,2000,26325.5078125,216.199996948242,22.2858943939209,-0.776398897171021
20180921,0,40,70,2000,26279.890625,214.300003051758,27.6600074768066,-3.09207034111023
20180921,6,40,70,2000,26213.2890625,212.300003051758,33.8399658203125,-2.77243041992188
20180921,12,40,70,2000,26112.435546875,208.399993896484,40.0047302246094,0.900103747844696
20180921,18,40,70,2000,26091.15234375,207.43635559082,37.7999992370605,8.96016216278076
20180922,0,40,70,2000,26084.205078125,206.899993896484,38.7999992370605,14.2247314453125
20180922,6,40,70,2000,26071.205078125,207.300003051758,38.9686164855957,17.8667240142822
20180922,12,40,70,2000,26042.654296875,208.710037231445,35.7999992370605,24.2999877929688
20180922,18,40,70,2000,26102.140625,210.699996948242,29.2999992370605,27.6000423431396
20180923,0,40,70,2000,26148.7265625,212.100006103516,27.6000061035156,27.4276123046875
20180923,6,40,70,2000,26193.6875,212.800003051758,23.8000011444092,25.2450141906738
20180923,12,40,70,2000,26192.265625,212.800003051758,23.1999969482422,22.5000057220459
20180923,18,40,70,2000,26235.23046875,212.599975585938,22.5,17.4189205169678
20180924,0,40,70,2000,26238.33984375,211.899993896484,26.0000038146973,13.6189393997192
20180924,6,40,70,2000,26236.755859375,210.5,29.7511234283447,12.707555770874
20180924,12,40,70,2000,26184.970703125,208.5,31.6000003814697,17.9811897277832
20180924,18,40,70,2000,26226.255859375,210.699996948242,22.8999977111816,25.5338497161865
20180925,0,40,70,2000,26301.67578125,214.699996948242,16.8000030517578,25.8000183105469
20180925,6,40,70,2000,26371.80078125,216.100006103516,13.2000255584717,20.9000301361084
20180925,12,40,70,2000,26380.98046875,216.699996948242,13.9532651901245,18.1000862121582
20180925,18,40,70,2000,26424.568359375,218.599975585938,11.0600118637085,14.162148475647
20180926,0,40,70,2000,26445.36328125,219.300003051758,13.3619556427002,11.8068799972534
20180926,6,40,70,2000,26461.255859375,218.899978637695,12.1700000762939,13.1125583648682
20180926,12,40,70,2000,26438.7109375,219,7.96999740600586,14.6277341842651
20180926,18,40,70,2000,26475.294921875,219.899993896484,4.19000720977783,12.7512035369873
20180927,0,40,70,2000,26502.865234375,220.100006103516,3.8720703125,12.7816963195801
20180927,6,40,70,2000,26521.9140625,219.991622924805,1.16000485420227,14.837194442749
20180927,12,40,70,2000,26510.154296875,219.699996948242,1.26000487804413,13.5471363067627
20180927,18,40,70,2000,26534.4765625,220.199996948242,0.759999990463257,11.6677732467651
20180928,0,40,70,2000,26553.11328125,220.399993896484,0.968781709671021,10.9200706481934
20180928,6,40,70,2000,26563.060546875,220.199981689453,-0.609997570514679,10.9013357162476
20180928,12,40,70,2000,26542.189453125,220,-1.12777590751648,10.4219799041748
20180928,18,40,70,2000,26564.60546875,220.5,-2.20860600471497,7.51876449584961
20180929,0,40,70,2000,26574.787109375,220.899993896484,0.0737475603818893,7.14728021621704
20180929,6,40,70,2000,26578.90234375,220.199981689453,-0.109997555613518,7.36460208892822
20180929,12,40,70,2000,26541.359375,219.600006103516,0.790000021457672,7.51835918426514
20180929,18,40,70,2000,26549.287109375,220.699981689453,1.36000001430511,6.7057957649231
20180930,0,40,70,2000,26558.3046875,220.5,3.98367667198181,8.00584030151367
20180930,6,40,70,2000,26559.453125,220.099975585938,1.70249021053314,10.9051074981689
20180930,12,40,70,2000,26538.642578125,220,-1.71000003814697,12.1518411636353
20180930,18,40,70,2000,26569.359375,221.099975585938,-4.13000011444092,10.320351600647
20181001,0,40,70,2000,26585.275390625,221,-2.00999999046326,10.6899461746216
20181001,6,40,70,2000,26599.83984375,220.300003051758,-2.64000010490417,12.3560256958008
20181001,12,40,70,2000,26577.3125,219.100006103516,-2.03999757766724,12.6128416061401
20181001,18,40,70,2000,26596.400390625,218.899993896484,-1.31999754905701,11.8855886459351
20181002,0,40,70,2000,26617.595703125,219,0.570002436637878,11.2783012390137
20181002,6,40,70,2000,26619.376953125,217.600006103516,-1.12999022006989,12.2622165679932
20181002,12,40,70,2000,26591.392578125,217.29997253418,-2.30999755859375,11.9574022293091
20181002,18,40,70,2000,26620.091796875,218.511627197266,-6.30999517440796,8.27316665649414
20181003,0,40,70,2000,26636.26953125,218.899993896484,-8.10999774932861,6.19439458847046
20181003,6,40,70,2000,26657.193359375,218.836029052734,-9.30999755859375,3.53065419197083
20181003,12,40,70,2000,26640.974609375,219.100006103516,-9.02000045776367,2.65529537200928
20181003,18,40,70,2000,26672.177734375,220.023040771484,-8.31999969482422,-0.680043935775757
20181004,0,40,70,2000,26683.65234375,220.399993896484,-4.11999750137329,0.317436516284943
20181004,6,40,70,2000,26685.7734375,220.097244262695,-3.91998291015625,2.14815664291382
20181004,12,40,70,2000,26657.76953125,220.100006103516,-2.21525382995605,2.81066155433655
20181004,18,40,70,2000,26671.251953125,220.800003051758,-1.51999759674072,2.21959710121155
20181005,0,40,70,2000,26673.580078125,220.984817504883,1.67999756336212,5.18969011306763
20181005,6,40,70,2000,26669.294921875,220.79997253418,1.69000971317291,7.70422601699829
20181005,12,40,70,2000,26627.7578125,220.899993896484,-0.629992663860321,9.39231491088867
20181005,18,40,70,2000,26652.04296875,221.800003051758,-3.50999999046326,8.65026569366455
20181006,0,40,70,2000,26655.509765625,222.399978637695,-4.50248289108276,10.1030445098877
20181006,6,40,70,2000,26653.068359375,222.888916015625,-7.93028545379639,10.6769237518311
20181006,12,40,70,2000,26616.296875,223.013519287109,-7.90999269485474,8.86946773529053
20181006,18,40,70,2000,26630.04296875,224,-8.11999988555908,7.40193367004395
20181007,0,40,70,2000,26621.712890625,225.100006103516,-5.11999988555908,7.10885763168335
20181007,6,40,70,2000,26610.431640625,225.199996948242,-1.81999516487122,6.89004898071289
20181007,12,40,70,2000,26555.384765625,224.899993896484,1.25000238418579,7.57425308227539
20181007,18,40,70,2000,26553.232421875,225.300003051758,3.98000001907349,7.08322763442993
20181008,0,40,70,2000,26537.734375,225.5,7.96000480651855,9.13239288330078
20181008,6,40,70,2000,26524.919921875,226.100006103516,10.1599979400635,11.1842432022095
20181008,12,40,70,2000,26471.841796875,225.600006103516,10.5700025558472,13.5027294158936
20181008,18,40,70,2000,26481.34765625,225.8466796875,7.96000003814697,12.6556301116943
20181009,0,40,70,2000,26477.255859375,224.50456237793,8.98751258850098,12.9602003097534
20181009,6,40,70,2000,26475.85546875,223.199996948242,3.47000002861023,14.4671630859375
20181009,12,40,70,2000,26453.8046875,221.399993896484,-0.910000026226044,13.0028123855591
20181009,18,40,70,2000,26495.1015625,221.100006103516,-4.12999773025513,9.74900913238525
20181010,0,40,70,2000,26505.39453125,220.099975585938,-2.52999758720398,9.55844688415527
20181010,6,40,70,2000,26519.498046875,219.79997253418,-3.50999760627747,9.99312496185303
20181010,12,40,70,2000,26496.404296875,218.5,-4.62999773025513,8.52259254455566
20181010,18,40,70,2000,26535.658203125,219.300003051758,-4.40999984741211,6.55145502090454
20181011,0,40,70,2000,26547.91796875,219.399993896484,-4.52999019622803,7.8720531463623
20181011,6,40,70,2000,26568.556640625,219.800003051758,-6.90999984741211,7.14557123184204
20181011,12,40,70,2000,26544.9765625,219.600006103516,-8.01000213623047,5.90177488327026
20181011,18,40,70,2000,26580.982421875,220.29997253418,-8.13000011444092,3.63032221794128
20181012,0,40,70,2000,26605.984375,220.599975585938,-8.32999515533447,4.4854588508606
20181012,6,40,70,2000,26620.572265625,220.999969482422,-9.52999496459961,4.02522468566895
20181012,12,40,70,2000,26587.23046875,221.100006103516,-10.0024900436401,3.45741200447083
20181012,18,40,70,2000,26624.474609375,221.899993896484,-9.9299955368042,0.429575204849243
20181013,0,40,70,2000,26627.91796875,221.899978637695,-7.52999496459961,0.916225612163544
20181013,6,40,70,2000,26637.490234375,222.099975585938,-8.31008529663086,1.59106934070587
20181013,12,40,70,2000,26601.0390625,222.199996948242,-7.01239728927612,1.11852049827576
20181013,18,40,70,2000,26613.982421875,222.100006103516,-5.80999994277954,-0.997207045555115
20181014,0,40,70,2000,26604.267578125,222.499969482422,-4.01000261306763,0.313872069120407
20181014,6,40,70,2000,26601.7578125,222.099975585938,-4.00324201583862,0.210014641284943
20181014,12,40,70,2000,26554.095703125,222.100006103516,-2.40999746322632,0.525224626064301
20181014,18,40,70,2000,26564.88671875,222.100006103516,-1.91000247001648,-1.29593753814697
20181015,0,40,70,2000,26550.4609375,222.100006103516,0.690004885196686,1.01998293399811
20181015,6,40,70,2000,26543.28515625,222.092529296875,-0.113356932997704,1.31409180164337
20181015,12,40,70,2000,26499.39453125,220.999969482422,2.08999991416931,1.51401126384735
20181015,18,40,70,2000,26512.01171875,221.399993896484,0.180002436041832,1.67748045921326
20181016,0,40,70,2000,26506.26953125,221.399993896484,1.69000005722046,0.0613281242549419
20181016,6,40,70,2000,26517.30078125,220.899993896484,2.79000735282898,0.508959949016571
20181016,12,40,70,2000,26475.982421875,220.100006103516,2.57999992370605,1.42386472225189
20181016,18,40,70,2000,26500.67578125,220.600006103516,1.80999517440796,-2.50665044784546
20181017,0,40,70,2000,26502.9140625,220.599975585938,4.69000005722046,-2.02667474746704
20181017,6,40,70,2000,26510.27734375,220.399978637695,3.27999997138977,0.242414548993111
20181017,12,40,70,2000,26487.02734375,219.5,3.69000482559204,-0.358679205179214
20181017,18,40,70,2000,26522.662109375,220.699996948242,2.69001460075378,-1.47572994232178
20181018,0,40,70,2000,26538.203125,220.899993896484,4.3899998664856,1.27791011333466
20181018,6,40,70,2000,26564.109375,220.800003051758,0.590004861354828,3.47405767440796
20181018,12,40,70,2000,26542.3984375,220.699996948242,-0.109995119273663,4.45197248458862
20181018,18,40,70,2000,26586.36328125,221.699996948242,-2.00999999046326,3.21109867095947
20181019,0,40,70,2000,26595.6171875,221.600006103516,-1.9099999666214,4.18271970748901
20181019,6,40,70,2000,26596.998046875,221.699981689453,-3.70000004768372,4.11356925964355
20181019,18,40,70,2000,26581.466796875,222.599975585938,-8.39999961853027,2.78234386444092
20181020,0,40,70,2000,26584.45703125,222.79997253418,-7.89925527572632,3.64200687408447
20181020,6,40,70,2000,26583.466796875,222.572662353516,-9.40999221801758,4.77006816864014
20181020,12,40,70,2000,26540.494140625,221.699981689453,-9.21526622772217,4.97619152069092
20181020,18,40,70,2000,26562.634765625,221.899978637695,-9.00999736785889,2.9622118473053
20181021,0,40,70,2000,26558.9296875,221.600006103516,-6.40998268127441,4.184814453125
20181021,6,40,70,2000,26552.044921875,220.600006103516,-5.82000017166138,4.88154792785645
20181021,12,40,70,2000,26498.66796875,219.699981689453,-4.41999769210815,4.83310079574585
20181021,18,40,70,2000,26508.3125,219.699996948242,-4.10999488830566,2.95886969566345
20181022,0,40,70,2000,26498.142578125,219.600006103516,-1.13999021053314,3.74208498001099
20181022,6,40,70,2000,26481.900390625,219.100006103516,-0.214433595538139,4.57532453536987
20181022,12,40,70,2000,26434.244140625,218.300003051758,1.29000246524811,5.01960706710815
20181022,18,40,70,2000,26445.169921875,218.79997253418,2.39000487327576,2.34925532341003
20181023,0,40,70,2000,26435.609375,218.499954223633,4.88000011444092,4.24975109100342
20181023,6,40,70,2000,26430.080078125,218.5,5.58805179595947,4.51004886627197
20181023,12,40,70,2000,26389.54296875,217.499969482422,7.76165294647217,4.96916770935059
20181023,18,40,70,2000,26403.873046875,217.5,9.06165027618408,4.76004886627197
20181024,0,40,70,2000,26407.21484375,217.5,11.4600028991699,4.87348651885986
20181024,6,40,70,2000,26409.6015625,216.79997253418,12.1600074768066,7.18026113510132
20181024,12,40,70,2000,26376.734375,215.5,11.3599977493286,10.2251491546631
20181024,18,40,70,2000,26413.009765625,216.100006103516,9.05000495910645,10.2621383666992
20181025,0,40,70,2000,26448.755859375,216.800003051758,5.27527332305908,13.2739772796631
20181025,6,40,70,2000,26478.115234375,217.100006103516,1.37000489234924,14.7933769226074
20181025,12,40,70,2000,26477.544921875,217.999969482422,-1.6347314119339,12.9618406295776
20181025,18,40,70,2000,26524.1875,218.399993896484,-1.33526849746704,9.64400863647461
20181026,0,40,70,2000,26541.0390625,218.5,-0.729995131492615,9.35598182678223
20181026,6,40,70,2000,26547.11328125,218.499969482422,-2.50999999046326,9.02341842651367
20181026,12,40,70,2000,26513.060546875,218.699981689453,-3.01000237464905,7.32594728469849
20181026,18,40,70,2000,26535.16015625,219.100006103516,-3.30999279022217,5.26648426055908
20181027,0,40,70,2000,26543.140625,219.399993896484,-2.40916991233826,5.13138198852539
20181027,6,40,70,2000,26548.990234375,219.999969482422,-2.73999500274658,4.50961923599243
20181027,12,40,70,2000,26523.171875,220,-2.42000484466553,3.76040530204773
20181027,18,40,70,2000,26531.578125,220.5,-1.82000243663788,0.662116706371307
20181028,0,40,70,2000,26536.392578125,220.5,0.680002450942993,2.37348628044128
20181028,6,40,70,2000,26534.947265625,221.199996948242,-0.309992671012878,2.48738527297974
20181028,12,40,70,2000,26498.78515625,220.899993896484,1.45999753475189,2.04410886764526
20181028,18,40,70,2000,26511.462890625,221.599975585938,2.88000249862671,2.17151618003845
20181029,0,40,70,2000,26519.23828125,222.29997253418,3.98000741004944,4.66279792785645
20181029,6,40,70,2000,26531.529296875,222.5,2.19001460075378,6.39130115509033
20181029,12,40,70,2000,26507.787109375,222.399993896484,0.0705981478095055,8.44404315948486
20181029,18,40,70,2000,26540.427734375,223.199996948242,-4.01000022888184,6.96697998046875
20181030,0,40,70,2000,26560.7890625,223.800003051758,-4.44510984420776,6.86332750320435
20181030,6,40,70,2000,26575.421875,224.100006103516,-7.17682981491089,6.8946704864502
20181030,12,40,70,2000,26557.822265625,224,-7.40620136260986,5.37801742553711
20181030,18,40,70,2000,26585.619140625,224.699996948242,-8.01949691772461,2.39443349838257
20181031,0,40,70,2000,26600.16796875,224.899978637695,-5.41065692901611,2.14977550506592
20181031,6,40,70,2000,26599.998046875,224.800003051758,-4.80533218383789,3.50513434410095
20181031,12,40,70,2000,26568.599609375,224.399978637695,-4.15044927597046,3.12442874908447
20181031,18,40,70,2000,26590.619140625,224.699981689453,-2.11999988555908,2.26686024665833
20181101,0,40,70,2000,26599.29296875,224.5,-0.30999755859375,5.34082984924316
20181101,6,40,70,2000,26599.70703125,224.199981689453,-2.09999704360962,7.24738788604736
20181101,12,40,70,2000,26582.73046875,224,-2.59999704360962,8.60006141662598
20181101,18,40,70,2000,26607.349609375,223.300003051758,-5.30000162124634,9.30006122589111
20181102,0,40,70,2000,26615.0234375,223.999969482422,-6.10000324249268,10.3900575637817
20181102,6,40,70,2000,26632.1484375,223.399978637695,-8.39999866485596,11.0000791549683
20181102,12,40,70,2000,26611.453125,222.600006103516,-9.55112171173096,11.3000974655151
20181102,18,40,70,2000,26638.431640625,223.100006103516,-12.0099954605103,8.70005416870117
20181103,0,40,70,2000,26652.703125,223.699996948242,-11.4234590530396,7.97978496551514
20181103,6,40,70,2000,26664.693359375,222.999969482422,-12.8683176040649,8.22557163238525
20181103,12,40,70,2000,26622.4140625,222.800003051758,-13.8866500854492,6.73588848114014
20181103,18,40,70,2000,26647.41796875,223.800003051758,-13.383339881897,5.0423731803894
20181104,0,40,70,2000,26645.068359375,223.699996948242,-11.9289999008179,4.17803716659546
20181104,6,40,70,2000,26636.11328125,223.399993896484,-11.9099979400635,5.25758790969849
20181104,12,40,70,2000,26584.83203125,223.300003051758,-11.3152637481689,4.47513675689697
20181104,18,40,70,2000,26592.251953125,224.100006103516,-9.69999885559082,3.10006713867188
20181105,0,40,70,2000,26596.8125,225.300003051758,-6.60521984100342,5.90004873275757
20181105,6,40,70,2000,26580.412109375,225.199996948242,-6.71250295639038,6.60001230239868
20181105,12,40,70,2000,26523.572265625,225.399993896484,-5.61156606674194,8.80002403259277
20181105,18,40,70,2000,26537.90234375,226.399993896484,-5.59311199188232,9.10004901885986
20181106,0,40,70,2000,26529.357421875,226.899993896484,-4.62704181671143,11.8708744049072
20181106,6,40,70,2000,26524.8515625,227,-6.50773906707764,15.9000606536865
20181106,12,40,70,2000,26480.0390625,226.899993896484,-7.24412822723389,16.9000549316406
20181106,18,40,70,2000,26497.287109375,227.660598754883,-9.75129699707031,17.4000549316406
20181107,0,40,70,2000,26502.345703125,227.499969482422,-11.3182125091553,19.3219947814941
20181107,6,40,70,2000,26514.75,225.899993896484,-14.51171875,21.1000576019287
20181107,12,40,70,2000,26480.275390625,224.699996948242,-17.3807830810547,21.0000305175781
20181107,18,40,70,2000,26511.275390625,223.79997253418,-19.147777557373,18.0000190734863
20181108,0,40,70,2000,26526.4375,222.600006103516,-19.6509819030762,17.3000450134277
20181108,6,40,70,2000,26536.9921875,221.5,-22.0349788665771,15.800030708313
20181108,12,40,70,2000,26519.142578125,221.199996948242,-24.8578834533691,15.1000242233276
20181108,18,40,70,2000,26556.806640625,221.5,-27.0301609039307,10.7000179290771
20181109,0,40,70,2000,26584.9921875,220.899978637695,-25.0506858825684,9.10001182556152
20181109,6,40,70,2000,26593.046875,221,-25.8156623840332,8.40001201629639
20181109,12,40,70,2000,26571.65234375,220,-25.8894920349121,7.00001811981201
20181109,18,40,70,2000,26597.525390625,220.399993896484,-25.5745487213135,3.59998774528503
20181110,0,40,70,2000,26620.13671875,221,-24.0761833190918,4.64677143096924
20181110,6,40,70,2000,26629.35546875,221.399993896484,-24.813268661499,3.30002450942993
20181110,12,40,70,2000,26608.123046875,220.992523193359,-23.6972694396973,2.70002436637878
20181110,18,40,70,2000,26635.9140625,222.199996948242,-23.4454498291016,2.41726684570313
20181111,0,40,70,2000,26650.345703125,222.899993896484,-21.989990234375,2.90006113052368
20181111,6,40,70,2000,26653.615234375,222.600006103516,-22.1000099182129,3.00003671646118
20181111,12,40,70,2000,26617.6953125,222.399978637695,-21.5999965667725,3.80009150505066
20181111,18,40,70,2000,26634.828125,222.399978637695,-20.3699989318848,2.49990844726563
20181112,0,40,70,2000,26644.025390625,222.5,-18.5805816650391,1.70001220703125
20181112,6,40,70,2000,26647.654296875,221.800003051758,-17.5379123687744,2.69763803482056
20181112,12,40,70,2000,26601.427734375,220.431686401367,-18.1499996185303,3.43886470794678
20181112,18,40,70,2000,26608.169921875,220.600006103516,-17.3741683959961,0.623181164264679
20181113,0,40,70,2000,26611.7109375,220.79997253418,-13.9214506149292,0.29510498046875
20181113,6,40,70,2000,26598.875,220,-14.1656827926636,1.3999969959259
20181113,12,40,70,2000,26568.849609375,220.499969482422,-15.0566263198853,-0.759995102882385
20181113,18,40,70,2000,26580.2265625,221.100006103516,-14.0969705581665,-1.22000002861023
20181114,0,40,70,2000,26608.21484375,222.29997253418,-14.3036575317383,-1.00932621955872
20181114,6,40,70,2000,26610.634765625,222.199996948242,-15.802206993103,0.204677730798721
20181114,12,40,70,2000,26586.5,222.29997253418,-17.2014598846436,0.941572248935699
20181114,18,40,70,2000,26607.990234375,222.600006103516,-16.7097702026367,-0.0800146460533142
20181115,0,40,70,2000,26623.609375,222.899978637695,-15.4610033035278,2.13899660110474
20181115,6,40,70,2000,26617.802734375,222.199981689453,-17.0083961486816,3.14001941680908
20181115,12,40,70,2000,26576.51171875,221.800003051758,-17.3002147674561,3.84999990463257
20181115,18,40,70,2000,26590.25,221.899993896484,-17.8098487854004,1.90999019145966
20181116,0,40,70,2000,26606.47265625,222,-15.8007411956787,3.29994821548462
20181116,6,40,70,2000,26602.9765625,221.499954223633,-18.000804901123,3.47430181503296
20181116,12,40,70,2000,26577.322265625,221.300003051758,-18.0131893157959,2.50999999046326
20181116,18,40,70,2000,26592.046875,221.399978637695,-18.6718997955322,1.19923341274261
20181117,0,40,70,2000,26607.96484375,221.79997253418,-16.3813915252686,0.670000016689301
20181117,6,40,70,2000,26614.115234375,221.300003051758,-17.1939506530762,1.92856931686401
20181117,12,40,70,2000,26571.482421875,221.199996948242,-18.3849258422852,0.524296879768372
20181117,18,40,70,2000,26596.265625,221.499969482422,-15.8400077819824,-0.157863765954971
20181118,0,40,70,2000,26615.91796875,221.706985473633,-14.7892971038818,0.419985353946686
20181118,6,40,70,2000,26614.671875,221.100006103516,-14.2864894866943,1.47760009765625
20181118,12,40,70,2000,26575.845703125,221.17041015625,-14.2500247955322,1.5732764005661
20181118,18,40,70,2000,26590.759765625,221.600006103516,-12.6494455337524,-0.285820305347443
20181119,0,40,70,2000,26596.13671875,221.800003051758,-11.4376611709595,0.582148432731628
20181119,6,40,70,2000,26586.82421875,221.699996948242,-13.3470706939697,2.01436042785645
20181119,12,40,70,2000,26550.38671875,221.899993896484,-12.7145872116089,-0.189443364739418
20181119,18,40,70,2000,26565.0234375,222.300003051758,-11.4956836700439,-0.66998291015625
20181120,0,40,70,2000,26567.310546875,223.199996948242,-11.3552780151367,0.710507810115814
20181120,6,40,70,2000,26567.009765625,223.199996948242,-11.971848487854,-0.509572744369507
20181120,12,40,70,2000,26531.63671875,222.899993896484,-10.5569038391113,1.14801025390625
20181120,18,40,70,2000,26552.3984375,223.199996948242,-12.5800170898438,-0.223564445972443
20181121,0,40,70,2000,26561.61328125,223.600006103516,-11.0438203811646,0.282170414924622
20181121,6,40,70,2000,26564.419921875,223.314697265625,-11.5734767913818,1.77861332893372
20181121,12,40,70,2000,26526.11328125,222.79997253418,-11.9249973297119,0.968022465705872
20181121,18,40,70,2000,26546.8125,222.699996948242,-11.4422092437744,-0.107387691736221
20181122,0,40,70,2000,26553.474609375,223.100006103516,-10.197395324707,0.552534162998199
20181122,6,40,70,2000,26551.39453125,222.29997253418,-11.1876392364502,1.44122552871704
20181122,12,40,70,2000,26508.974609375,221.800003051758,-11.1912183761597,-0.218569338321686
20181122,18,40,70,2000,26514.435546875,222.199981689453,-10.2864942550659,-1.69336664676666
20181123,0,40,70,2000,26515.419921875,222.600006103516,-9.10400676727295,-0.721992194652557
20181123,6,40,70,2000,26502.255859375,221.699981689453,-9.40601348876953,-0.889775395393372
20181123,12,40,70,2000,26457.962890625,221.800003051758,-7.80399894714355,-1.59065425395966
20181123,18,40,70,2000,26463.505859375,221.800003051758,-6.06000471115112,-2.12864756584167
20181124,0,40,70,2000,26468.849609375,222,-4.04398679733276,0.209458008408546
20181124,6,40,70,2000,26459.91796875,221.129150390625,-6.3634204864502,0.730297863483429
20181124,12,40,70,2000,26428.9296875,221.129150390625,-5.7133617401123,0.720703125
20181124,18,40,70,2000,26459.91796875,220.800003051758,-5.7777419090271,-1.57999515533447
20181125,0,40,70,2000,26477.47265625,221.300003051758,-4.67127418518066,0.065180666744709
20181125,6,40,70,2000,26486.66796875,220.899993896484,-6.34255361557007,0.0722119137644768
20181125,12,40,70,2000,26467.802734375,220.399993896484,-6.13872337341309,-0.209985345602036
20181125,18,40,70,2000,26496.615234375,220.79997253418,-6.99392557144165,-1.02617430686951
20181126,0,40,70,2000,26512.1484375,220.999969482422,-6.70778560638428,0.323327630758286
20181126,6,40,70,2000,26528.76171875,220.899978637695,-9.02311325073242,0.670019507408142
20181126,12,40,70,2000,26503.658203125,220.300003051758,-8.3861837387085,0.349990248680115
20181126,18,40,70,2000,26532.73828125,220.699981689453,-11.1107978820801,-0.864194333553314
20181127,0,40,70,2000,26540.80078125,221.600006103516,-10.2862577438354,-0.0509228520095348
20181127,6,40,70,2000,26543.296875,221.100006103516,-12.3399829864502,1.04128420352936
20181127,12,40,70,2000,26500.181640625,220.499969482422,-13.4414329528809,0.618999004364014
20181127,18,40,70,2000,26517.234375,220.800003051758,-12.8571310043335,-1.55897951126099
20181128,0,40,70,2000,26524.302734375,221.399993896484,-12.5392990112305,-1.08765137195587
20181128,6,40,70,2000,26520.6484375,220.899993896484,-12.6394805908203,-1.29999387264252
20181128,12,40,70,2000,26485.5234375,220.999969482422,-12.8584012985229,-1.8999969959259
20181128,18,40,70,2000,26503.580078125,221.5,-12.2410154342651,-3.62914419174194
20181129,0,40,70,2000,26502.525390625,221.800003051758,-10.6656312942505,-2.70000600814819
20181129,6,40,70,2000,26498.80078125,221,-11.053430557251,-1.20000004768372
20181129,12,40,70,2000,26475.470703125,220.899993896484,-11.9200191497803,-1.99999392032623
20181129,18,40,70,2000,26488.560546875,220.999969482422,-9.90126323699951,-3.10001230239868
20181130,0,40,70,2000,26497.6328125,221.399993896484,-10.0720701217651,-1.90000605583191
20181130,6,40,70,2000,26505.947265625,220.699996948242,-9.70120239257813,-1.50001215934753
20181130,12,40,70,2000,26463.85546875,220.300003051758,-9.3353214263916,-0.70001220703125
20181130,18,40,70,2000,26476.267578125,220.699981689453,-9.09663963317871,-2.87808847427368
20181201,0,40,70,2000,26480.7734375,221.100006103516,-6.79776620864868,-1.40001225471497
20181201,6,40,70,2000,26473.3125,220.199996948242,-7.38117694854736,-0.900006115436554
20181201,12,40,70,2000,26434.962890625,220.199996948242,-7.42882680892944,-0.100000001490116
20181201,18,40,70,2000,26445.970703125,220.100006103516,-7.40599966049194,-1.70000612735748
20181202,0,40,70,2000,26447.556640625,220.5,-6.38911151885986,0.0291473381221294
20181202,6,40,70,2000,26449.109375,220.5,-8.30612277984619,1.29781246185303
20181202,12,40,70,2000,26401.365234375,220.311676025391,-9.05669212341309,0.702456057071686
20181202,18,40,70,2000,26414.1875,220.600006103516,-9.80690956115723,-1.52999019622803
20181203,0,40,70,2000,26413.623046875,221.300003051758,-9.38432884216309,-1.25000977516174
20181203,6,40,70,2000,26411.591796875,221.800003051758,-9.81752681732178,-1.91999506950378
20181203,12,40,70,2000,26374.8515625,221.699996948242,-9.89554214477539,-2.96688961982727
20181203,18,40,70,2000,26395.984375,222.300003051758,-8.32987308502197,-4.66392087936401
20181204,0,40,70,2000,26389.72265625,222.300003051758,-6.96141624450684,-3.33166980743408
20181204,6,40,70,2000,26398.244140625,222.300003051758,-7.57784175872803,-4.08634757995605
20181204,12,40,70,2000,26358.07421875,221.800003051758,-6.67439937591553,-3.26404047012329
20181204,18,40,70,2000,26389.435546875,222.399993896484,-6.59051513671875,-5.86166000366211
20181205,0,40,70,2000,26398.45703125,222.100006103516,-4.22147226333618,-4.63650369644165
20181205,6,40,70,2000,26411.419921875,222.199996948242,-6.80562114715576,-4.45060443878174
20181205,12,40,70,2000,26370.1953125,221.499969482422,-6.47572803497314,-5.39996337890625
20181205,18,40,70,2000,26409.255859375,222.5,-6.03040456771851,-6.19996929168701
20181206,0,40,70,2000,26416.755859375,222.300003051758,-4.66045236587524,-4.79996967315674
20181206,6,40,70,2000,26428.3203125,222.100006103516,-6.05356884002686,-3.68995356559753
20181206,12,40,70,2000,26385.60546875,221.604415893555,-6.59232616424561,-3.34356689453125
20181206,18,40,70,2000,26416.83984375,222.395553588867,-6.06437397003174,-4.19997549057007
20181207,0,40,70,2000,26413.92578125,222.099975585938,-4.76481008529663,-2.49998164176941
20181207,6,40,70,2000,26415.07421875,222.100006103516,-6.50079965591431,-1.64194333553314
20181207,12,40,70,2000,26365.61328125,221.600006103516,-6.12546062469482,-1.99999392032623
20181207,18,40,70,2000,26387.1640625,221.899993896484,-5.15519094467163,-2.85639047622681
20181208,0,40,70,2000,26382.046875,222.699981689453,-3.92595815658569,-1.39998781681061
20181208,6,40,70,2000,26381.212890625,222.399993896484,-3.51178884506226,-1.39998173713684
20181208,12,40,70,2000,26335.177734375,222.399993896484,-3.04931640625,-0.843597412109375
20181208,18,40,70,2000,26360.314453125,223.300003051758,-2.24595785140991,-3.09999990463257
20181209,0,40,70,2000,26359.705078125,224,0.33734130859375,-0.899987816810608
20181209,6,40,70,2000,26355.5390625,223.699996948242,-0.840196251869202,0.200006097555161
20181209,12,40,70,2000,26323.171875,223.899993896484,-1.73172450065613,-0.900006115436554
20181209,18,40,70,2000,26355.078125,224.600006103516,0.0552230849862099,-2.09998774528503
20181210,0,40,70,2000,26375.498046875,225.100006103516,1.28608250617981,0.400109857320786
20181210,6,40,70,2000,26381.890625,224.79997253418,-0.0548309311270714,-0.600006103515625
20181210,12,40,70,2000,26361.85546875,224.600006103516,0.825543224811554,0.100000001490116
20181210,18,40,70,2000,26393.796875,225,0.231527715921402,-1.10000610351563
20181211,0,40,70,2000,26422.32421875,225.599975585938,2.61838531494141,-0.100012205541134
20181211,6,40,70,2000,26426.400390625,225.099975585938,0.424600213766098,0.499993890523911
20181211,12,40,70,2000,26395.3125,224.600006103516,0.192431643605232,1.09999394416809
20181211,18,40,70,2000,26431.07421875,225.399978637695,-0.646249413490295,-0.699999988079071
20181212,0,40,70,2000,26450.53515625,225.399993896484,1.36697697639465,1.19999384880066
20181212,6,40,70,2000,26453.927734375,225.099975585938,-1.3999969959259,2.09999084472656
20181212,12,40,70,2000,26433.037109375,224.699996948242,-2.44645833969116,1.90001225471497
20181212,18,40,70,2000,26461.46484375,225.099975585938,-2.61149907112122,-0.100006103515625
20181213,0,40,70,2000,26480.171875,225.300003051758,-2.90620875358582,2.30000615119934
20181213,6,40,70,2000,26494.9375,224.899993896484,-4.71896362304688,2.30000615119934
20181213,12,40,70,2000,26472.744140625,224.800003051758,-4.50978374481201,1.89999997615814
20181213,18,40,70,2000,26493.16796875,224.199981689453,-6.13609027862549,1.80136716365814
20181214,0,40,70,2000,26501.28515625,224.699996948242,-6.49531555175781,1.70000612735748
20181214,6,40,70,2000,26505.767578125,223.899993896484,-8.29609680175781,1.94917607307434
20181214,12,40,70,2000,26470.240234375,223.199996948242,-8.20014667510986,2.09998774528503
20181214,18,40,70,2000,26490.658203125,223.800003051758,-10.6311063766479,-0.899987816810608
20181215,0,40,70,2000,26499.783203125,223.600006103516,-7.90292072296143,0.200000002980232
20181215,6,40,70,2000,26508.267578125,223.899993896484,-10.7873592376709,0.499993890523911
20181215,12,40,70,2000,26472.015625,223.29997253418,-10.1544466018677,0.608563244342804
20181215,18,40,70,2000,26488.927734375,224.199996948242,-10.641134262085,-0.800012230873108
20181216,0,40,70,2000,26498.330078125,224.300003051758,-10.2041530609131,0.0999877899885178
20181216,6,40,70,2000,26501.009765625,224.100006103516,-10.4312009811401,-0.496716320514679
20181216,12,40,70,2000,26466.318359375,223.899993896484,-11.4586458206177,0.199990838766098
20181216,18,40,70,2000,26491.130859375,224.5,-10.487512588501,-2.70000600814819
20181217,0,40,70,2000,26498.927734375,225.802780151367,-9.59063720703125,-0.200000002980232
20181217,6,40,70,2000,26502.892578125,224.899993896484,-11.0516843795776,-2.20000004768372
20181217,12,40,70,2000,26479.970703125,225.5,-9.52180767059326,-2.11611318588257
20181217,18,40,70,2000,26502.251953125,225.5,-9.7545108795166,-4.70003652572632
20181218,0,40,70,2000,26516.01953125,226,-8.12687969207764,-4.00004863739014
20181218,6,40,70,2000,26523.525390625,225.300003051758,-8.5087947845459,-3.60001230239868
20181218,12,40,70,2000,26497.13671875,224.899993896484,-8.00419902801514,-2.80001831054688
