20180720,0,-73,115,40000,7109.01318359375,241,6.90262746810913,-3.78466796875
20180720,6,-73,115,40000,7082.89501953125,240.685272216797,5.16010761260986,5.57722187042236
20180720,12,-73,115,40000,7079.25390625,240.199996948242,3.87683725357056,3.71162724494934
20180720,18,-73,115,40000,7095.9306640625,240.085296630859,3.87579965591431,1.98886716365814
20180721,0,-73,115,40000,7125.3662109375,241.814697265625,0.213275149464607,-5.72066640853882
20180721,6,-73,115,40000,7141.7861328125,243.399978637695,4.46509408950806,-2.78386235237122
20180721,12,-73,115,40000,7133.068359375,243,10.2826719284058,5.50451040267944
20180721,18,-73,115,40000,7102.7783203125,240.5,18.4694213867188,10.5961360931396
20180722,0,-73,115,40000,7089.6591796875,240.699996948242,19.748815536499,9.36137676239014
20180722,6,-73,115,40000,7031.07177734375,237.800003051758,30.0914859771729,9.51277446746826
20180722,12,-73,115,40000,7033.69482421875,238.100006103516,26.5382137298584,8.36423969268799
20180722,18,-73,115,40000,7002.00048828125,236.5,20.2049007415771,12.2303161621094
20180723,0,-73,115,40000,6968.08203125,234.199981689453,18.4117069244385,8.09159564971924
20180723,6,-73,115,40000,6931.13232421875,233.199981689453,14.4332981109619,13.8143920898438
20180723,12,-73,115,40000,6894.06005859375,232,4.55257558822632,15.2964687347412
20180723,18,-73,115,40000,6879.24365234375,232.037750244141,-1.07225346565247,14.4397706985474
20180724,0,-73,115,40000,6890.3994140625,232.899993896484,-1.58786618709564,9.70433330535889
20180724,6,-73,115,40000,6915.26513671875,234.100006103516,0.819732666015625,6.28376483917236
20180724,12,-73,115,40000,6937.45361328125,238.29997253418,6.92041730880737,-16.7060985565186
20180724,18,-73,115,40000,6960.4794921875,237.898483276367,11.0599508285522,-5.06901359558105
20180725,0,-73,115,40000,6944.333984375,237.700042724609,11.2994174957275,-0.147821038961411
20180725,6,-73,115,40000,6907.26513671875,235.399993896484,6.18696308135986,3.36449575424194
20180725,12,-73,115,40000,6887.111328125,235.886032104492,3.63601684570313,2.95858764648438
20180725,18,-73,115,40000,6873.7470703125,236.399993896484,2.62292957305908,3.59597659111023
20180726,0,-73,115,40000,6867.6044921875,235.868316650391,-2.27490234375,4.67512702941895
20180726,6,-73,115,40000,6859.93017578125,235.031692504883,-5.83669900894165,3.85741209983826
20180726,12,-73,115,40000,6860.52294921875,234.5,-6.72143077850342,1.74753904342651
20180726,18,-73,115,40000,6864.4267578125,234.56787109375,-6.97065687179565,-2.76930665969849
20180727,0,-73,115,40000,6876.8837890625,234.100006103516,-2.39501714706421,-6.02096176147461
20180727,6,-73,115,40000,6878.03271484375,233.699996948242,-1.75546634197235,-5.13029766082764
20180727,12,-73,115,40000,6892.3173828125,234.775192260742,0.709865748882294,-6.36284685134888
20180727,18,-73,115,40000,6911.056640625,235.177154541016,3.63330078125,-5.22584962844849
20180728,0,-73,115,40000,6942.4873046875,235.199981689453,6.15773916244507,-4.60759782791138
20180728,6,-73,115,40000,6967.01416015625,236.899993896484,10.5167484283447,-7.47457504272461
20180728,12,-73,115,40000,7006.97802734375,239.899993896484,16.325590133667,-5.27120351791382
20180728,18,-73,115,40000,7050.17333984375,242.3857421875,14.4363279342651,3.06746101379395
20180729,0,-73,115,40000,7070.41015625,242.899993896484,6.34337425231934,17.0958499908447
20180729,6,-73,115,40000,7060.30126953125,243.300003051758,-2.86426258087158,29.7259082794189
20180729,12,-73,115,40000,7014.50390625,239.800003051758,-5.072265625,33.4897651672363
20180729,18,-73,115,40000,7002.740234375,237.600006103516,6.56767082214355,29.6943740844727
20180730,0,-73,115,40000,7030.17431640625,239.245315551758,10.8206443786621,34.7195320129395
20180730,6,-73,115,40000,7067.71142578125,241.13623046875,13.2859106063843,32.2361030578613
20180730,12,-73,115,40000,7093.0205078125,243.714691162109,5.19276428222656,32.1067276000977
20180730,18,-73,115,40000,7096.31884765625,243.721923828125,2.44952630996704,35.9193458557129
20180731,0,-73,115,40000,7100.62353515625,242.692535400391,0.355001837015152,34.9585952758789
20180731,6,-73,115,40000,7101.337890625,242.399978637695,-3.71751093864441,27.29736328125
20180731,12,-73,115,40000,7093.65185546875,242.74723815918,-10.1623659133911,26.605541229248
20180731,18,-73,115,40000,7080,241.600677490234,-10.4279050827026,26.7090339660645
20180801,0,-73,115,40000,7075.01416015625,241.760589599609,-6.80267953872681,23.9468040466309
20180801,6,-73,115,40000,7071.822265625,241.486038208008,-8.94988441467285,22.3580665588379
20180801,12,-73,115,40000,7076.9599609375,241.600250244141,-11.7268857955933,18.8310241699219
20180801,18,-73,115,40000,7073.28125,241.199996948242,-13.5736112594604,11.5750064849854
20180802,0,-73,115,40000,7056.166015625,241.899993896484,-15.0888671875,8.60149574279785
20180802,6,-73,115,40000,7039.12109375,241.199996948242,-14.9495210647583,6.59809589385986
20180802,12,-73,115,40000,7018.72265625,240.5,-14.9169282913208,0.3349609375
20180802,18,-73,115,40000,6990.76953125,239.100006103516,-13.9427518844604,-0.881982445716858
20180803,0,-73,115,40000,6962.24853515625,238.592529296875,-15.0606813430786,-2.80264902114868
20180803,6,-73,115,40000,6895.49951171875,237.938919067383,-21.5556583404541,-8.59398174285889
20180803,12,-73,115,40000,6854.4658203125,236.899993896484,-9.59361267089844,5.34675884246826
20180803,18,-73,115,40000,6860.06396484375,235.221923828125,-2.87260437011719,12.926721572876
20180804,0,-73,115,40000,6887.27392578125,235.999969482422,1.98272705078125,19.2989387512207
20180804,6,-73,115,40000,6923.35107421875,237.300003051758,8.12800884246826,22.2601432800293
20180804,12,-73,115,40000,6981.265625,238.199981689453,3.17048954963684,15.4999237060547
20180804,18,-73,115,40000,7016.40234375,237.707473754883,2.90493154525757,9.83211040496826
20180805,0,-73,115,40000,7047.626953125,238.600006103516,4.39651775360107,6.34874868392944
20180805,6,-73,115,40000,7065.359375,239.100006103516,4.95613098144531,12.194073677063
20180805,12,-73,115,40000,7110.1025390625,242.006988525391,15.6682643890381,5.56864309310913
20180805,18,-73,115,40000,7157.8701171875,245.353393554688,9.53000450134277,10.1955862045288
20180806,0,-73,115,40000,7164.8681640625,245.600006103516,-2.22891545295715,19.1468086242676
20180806,6,-73,115,40000,7120.18994140625,245.251708984375,-12.3029832839966,25.9305667877197
20180806,12,-73,115,40000,7028.75439453125,240.912445068359,-10.0389041900635,38.0720405578613
20180806,18,-73,115,40000,7013.93896484375,240.685638427734,4.03009748458862,34.5854721069336
20180807,0,-73,115,40000,7001.10302734375,240.187408447266,9.74412631988525,28.0843944549561
20180807,6,-73,115,40000,7055.98828125,241.899978637695,22.8731689453125,20.6170902252197
20180807,12,-73,115,40000,7113.14794921875,243.950805664063,15.2858810424805,16.2697563171387
20180807,18,-73,115,40000,7127.611328125,244.699996948242,6.50173568725586,14.2695846557617
20180808,0,-73,115,40000,7121.81298828125,244.899993896484,4.43004751205444,13.7221927642822
20180808,6,-73,115,40000,7101.4287109375,245.170852661133,5.65696716308594,17.8547611236572
20180808,12,-73,115,40000,7087.98193359375,244.99055480957,3.93638300895691,18.4058952331543
20180808,18,-73,115,40000,7081.34326171875,244.510055541992,3.05448293685913,15.161901473999
20180809,0,-73,115,40000,7074.35107421875,242.657562255859,2.50824594497681,10.9336366653442
20180809,6,-73,115,40000,7058.3642578125,241.199996948242,2.30967402458191,9.35350322723389
20180809,12,-73,115,40000,7044.7431640625,239.710006713867,3.2660858631134,9.31755352020264
20180809,18,-73,115,40000,7050.97119140625,239.683547973633,8.66773700714111,9.68985557556152
20180810,0,-73,115,40000,7069.15625,240.899993896484,16.1774253845215,13.754638671875
20180810,6,-73,115,40000,7083.05078125,242.837600708008,13.2558536529541,17.7307014465332
20180810,12,-73,115,40000,7100.43310546875,244.600006103516,11.2999172210693,21.8277645111084
20180810,18,-73,115,40000,7116.76708984375,244.90202331543,5.11178588867188,26.6779174804688
20180811,0,-73,115,40000,7122.79248046875,245.243606567383,1.26766967773438,27.5059928894043
20180811,6,-73,115,40000,7108.4658203125,243.61003112793,-5.91697692871094,22.7326774597168
20180811,12,-73,115,40000,7084.1787109375,243.100006103516,-9.49998760223389,23.0739498138428
20180811,18,-73,115,40000,7057.37646484375,240.943572998047,-10.0091123580933,20.7555599212646
20180812,0,-73,115,40000,7021.10888671875,239.300003051758,-0.567391991615295,9.22640037536621
20180812,6,-73,115,40000,7023.78076171875,239.699996948242,2.70436716079712,9.62714195251465
20180812,12,-73,115,40000,7039.60888671875,239.699996948242,4.55740642547607,2.30574941635132
20180812,18,-73,115,40000,7059.54541015625,241.600006103516,7.92878723144531,-6.73299551010132
20180813,0,-73,115,40000,7083.34375,243.711639404297,8.89999961853027,-12.0097351074219
20180813,6,-73,115,40000,7086.50390625,243.399993896484,5.40178537368774,-9.33168315887451
20180813,12,-73,115,40000,7088.26513671875,243.436431884766,5.16531372070313,-9.02515888214111
20180813,18,-73,115,40000,7103.02490234375,244.182769775391,1.26739501953125,-4.70989990234375
20180814,0,-73,115,40000,7108.939453125,244.070846557617,-2.08525395393372,-0.471865236759186
20180814,6,-73,115,40000,7099.00048828125,243.72216796875,-3.57057118415833,2.92841792106628
20180814,12,-73,115,40000,7091.984375,243.600006103516,-4.33205080032349,5.17550802230835
20180814,18,-73,115,40000,7089.330078125,243.399993896484,-3.36924076080322,9.24832057952881
20180815,0,-73,115,40000,7082.587890625,242.199996948242,-2.39562249183655,12.9676561355591
20180815,6,-73,115,40000,7073.32080078125,241.300003051758,3.43592524528503,10.3755960464478
20180815,12,-73,115,40000,7074.07080078125,240.829147338867,1.08261716365814,8.26827144622803
20180815,18,-73,115,40000,7069.9462890625,241.029144287109,1.22867429256439,9.92118167877197
20180816,0,-73,115,40000,7068.9794921875,241.490676879883,0.552834451198578,10.0542726516724
20180816,6,-73,115,40000,7058.45166015625,241,-0.655346691608429,11.4088525772095
20180816,12,-73,115,40000,7048.037109375,240.800003051758,-3.11068367958069,11.6413717269897
20180816,18,-73,115,40000,7032.2568359375,239.991989135742,-4.66329336166382,9.4072904586792
20180817,0,-73,115,40000,7016.1943359375,239.899993896484,-3.4583055973053,8.89393997192383
20180817,6,-73,115,40000,7003.02734375,239.204437255859,-2.26819586753845,8.49928665161133
20180817,12,-73,115,40000,6996.90625,239.149169921875,-1.49541020393372,9.76094341278076
20180817,18,-73,115,40000,6995.212890625,238.899993896484,-1.52240598201752,9.78341960906982
20180818,0,-73,115,40000,6988.4189453125,238.414764404297,-0.437280267477036,5.72913217544556
20180818,6,-73,115,40000,6979.94189453125,237.800003051758,1.23316645622253,2.83951711654663
20180818,12,-73,115,40000,6982.4658203125,237.684204101563,2.90346431732178,0.849013686180115
20180818,18,-73,115,40000,6995.337890625,238,3.52339792251587,-1.24259030818939
20180819,0,-73,115,40000,7011.11376953125,239.29997253418,4.76836919784546,-5.28893566131592
20180819,6,-73,115,40000,7015.44189453125,238.79997253418,5.3299708366394,-2.04422855377197
20180819,12,-73,115,40000,7029.72021484375,238.100006103516,5.02238273620605,-3.83174800872803
20180819,18,-73,115,40000,7050.015625,238.521926879883,2.50175547599792,-2.17381358146667
20180820,0,-73,115,40000,7057.2919921875,239.099975585938,-0.387436509132385,-1.55370604991913
20180820,6,-73,115,40000,7042.884765625,239.246124267578,-3.23281002044678,-0.0233789067715406
20180820,12,-73,115,40000,7034.46484375,239.099975585938,-4.17624044418335,1.21146488189697
20180820,18,-73,115,40000,7027.81396484375,239.100006103516,-4.09162616729736,3.43106436729431
20180821,0,-73,115,40000,7013.4755859375,239.29997253418,-0.648581564426422,1.59978032112122
20180821,6,-73,115,40000,6987.38232421875,239.353851318359,4.4403223991394,0.377607434988022
20180821,12,-73,115,40000,6977.93359375,239.546112060547,7.46220684051514,-1.08504390716553
20180821,18,-73,115,40000,6980.06689453125,239.399993896484,8.1579008102417,2.25682139396667
20180822,0,-73,115,40000,6990.02197265625,239.5,8.96880531311035,0.262829601764679
20180822,6,-73,115,40000,6984.994140625,238.700241088867,8.81327819824219,-1.36811518669128
20180822,12,-73,115,40000,6981.39013671875,239.099761962891,8.03045654296875,-5.39539813995361
20180822,18,-73,115,40000,6983.84375,238.94612121582,6.15678119659424,-4.79324960708618
20180823,0,-73,115,40000,6987.30615234375,238.207473754883,6.49288940429688,-3.18671870231628
20180823,6,-73,115,40000,6978.65234375,237.007476806641,4.28954792022705,-1.05302739143372
20180823,12,-73,115,40000,6975.93505859375,235.899993896484,3.27836298942566,3.27682495117188
20180823,18,-73,115,40000,6995.8251953125,235.999969482422,2.30964660644531,4.58608388900757
20180824,0,-73,115,40000,7018.775390625,236.899993896484,3.39097285270691,3.21721196174622
20180824,6,-73,115,40000,7039.8564453125,238.600006103516,12.1298923492432,1.23269045352936
20180824,12,-73,115,40000,7055.31005859375,241.285308837891,17.1450595855713,-1.02138066291809
20180824,18,-73,115,40000,7062.41064453125,243.199981689453,13.9254512786865,-0.832727074623108
20180825,0,-73,115,40000,7059.23193359375,243.899978637695,13.2263240814209,-1.82307124137878
20180825,6,-73,115,40000,7042.23828125,243.699996948242,16.3999271392822,0.91668701171875
20180825,12,-73,115,40000,7037.482421875,243.300003051758,18.5048522949219,-2.47471308708191
20180825,18,-73,115,40000,7048.47119140625,243,14.0063810348511,-2.43863534927368
20180826,0,-73,115,40000,7061.72705078125,241.899993896484,13.4108333587646,-4.46934223175049
20180826,6,-73,115,40000,7060.7685546875,240.899978637695,9.21577167510986,-2.98412466049194
20180826,12,-73,115,40000,7056.13916015625,240.668304443359,12.3533020019531,-0.328985601663589
20180826,18,-73,115,40000,7046.46484375,240.100006103516,11.1754360198975,7.09691762924194
20180827,0,-73,115,40000,7006.353515625,238.79997253418,10.3792724609375,11.4441528320313
20180827,6,-73,115,40000,6967.16943359375,235.800018310547,11.1777982711792,8.74492168426514
20180827,12,-73,115,40000,6922.302734375,233.399993896484,11.1180324554443,11.0494260787964
20180827,18,-73,115,40000,6896.8408203125,231.800003051758,10.5265293121338,4.37835693359375
20180828,0,-73,115,40000,6889.3681640625,231.899993896484,8.92058372497559,0.374692380428314
20180828,6,-73,115,40000,6884.64306640625,232.499969482422,9.10464572906494,0.619843721389771
20180828,12,-73,115,40000,6873.96142578125,232.5,7.21970224380493,2.63365244865417
20180828,18,-73,115,40000,6865.88330078125,232.699996948242,6.57288551330566,3.07812023162842
20180829,0,-73,115,40000,6862.298828125,232.738922119141,2.97671866416931,1.03386235237122
20180829,6,-73,115,40000,6849.00439453125,232.668304443359,0.751591801643372,-0.791318356990814
20180829,12,-73,115,40000,6837.47509765625,232.646118164063,-2.28489255905151,-3.54503917694092
20180829,18,-73,115,40000,6835.50732421875,233.100006103516,-2.98803234100342,-6.87318849563599
20180830,0,-73,115,40000,6834.7607421875,233.5,-4.13243389129639,-12.307599067688
20180830,6,-73,115,40000,6830.5341796875,233.399993896484,-4.95891094207764,-12.8077640533447
20180830,12,-73,115,40000,6841.02490234375,233.29997253418,-5.33709096908569,-12.4904479980469
20180830,18,-73,115,40000,6851.90869140625,233.699996948242,-5.38527822494507,-10.5858030319214
20180831,0,-73,115,40000,6869.1025390625,234.20002746582,-5.96484375,-9.11369609832764
20180831,6,-73,115,40000,6880.96142578125,234.600006103516,-4.8424072265625,-4.21643686294556
20180831,12,-73,115,40000,6902.72998046875,235.899993896484,-0.873407006263733,2.59914541244507
20180831,18,-73,115,40000,6931.27978515625,236,-4.02602529525757,3.41232919692993
20180901,0,-73,115,40000,6941.2373046875,236.199996948242,-5.78463745117188,1.80037844181061
20180901,6,-73,115,40000,6940.25439453125,236.5,-6.55900859832764,2.90918588638306
20180901,12,-73,115,40000,6934.98876953125,236.699981689453,-8.11196899414063,5.46549701690674
20180901,18,-73,115,40000,6929.4794921875,236.699996948242,-8.684326171875,4.69648456573486
20180902,0,-73,115,40000,6917.6591796875,236.199996948242,-11.1128692626953,3.54196786880493
20180902,6,-73,115,40000,6890.61083984375,234.143600463867,-6.7499361038208,3.91332101821899
20180902,12,-73,115,40000,6875.6689453125,234.043609619141,-0.910211205482483,5.56804180145264
20180902,18,-73,115,40000,6860.8564453125,234.410064697266,5.43380737304688,6.58665752410889
20180903,0,-73,115,40000,6860.9345703125,234.199996948242,8.4096622467041,-1.2855498790741
20180903,6,-73,115,40000,6867.56396484375,233.899993896484,9.05255126953125,-9.3563175201416
20180903,12,-73,115,40000,6909.65771484375,234.746612548828,11.0036716461182,-12.2667570114136
20180903,18,-73,115,40000,6970.27490234375,235.106979370117,12.5663051605225,-7.63162517547607
20180904,0,-73,115,40000,7007.6025390625,235.499969482422,15.9670133590698,1.00397646427155
20180904,6,-73,115,40000,7024.30810546875,235,17.6424198150635,2.30482172966003
20180904,12,-73,115,40000,7041.64208984375,234,19.5428295135498,1.44015622138977
20180904,18,-73,115,40000,7063.47265625,234.29997253418,16.3954238891602,2.17884278297424
20180905,0,-73,115,40000,7067.64697265625,234.800003051758,11.3399877548218,4.69920921325684
20180905,6,-73,115,40000,7053.5048828125,234.79997253418,8.99417686462402,6.76775503158569
20180905,12,-73,115,40000,7039.39013671875,234.806976318359,7.39512014389038,9.00003623962402
20180905,18,-73,115,40000,7029.291015625,234.699996948242,8.36378192901611,9.29786968231201
20180906,0,-73,115,40000,7023.73291015625,234.600006103516,10.0989351272583,9.15621566772461
20180906,6,-73,115,40000,7024.47705078125,235,7.80729675292969,5.36967182159424
20180906,12,-73,115,40000,7026.4619140625,235.699996948242,5.96483135223389,2.11849975585938
20180906,18,-73,115,40000,7026.66064453125,236.800003051758,1.29889523983002,2.83917236328125
20180907,0,-73,115,40000,7020.86083984375,237.985305786133,3.59890127182007,1.36269533634186
20180907,6,-73,115,40000,6991.61328125,238.199981689453,3.71213388442993,2.98048400878906
20180907,12,-73,115,40000,6961.55078125,238.199996948242,6.73781442642212,11.0229005813599
20180907,18,-73,115,40000,6937.9873046875,237.092529296875,9.397705078125,15.1000242233276
20180908,0,-73,115,40000,6943.1455078125,235.699981689453,7.13815021514893,3.25654292106628
20180908,6,-73,115,40000,6940.8076171875,235,6.03545522689819,5.99360370635986
20180908,12,-73,115,40000,6932.10498046875,234.79997253418,5.06424570083618,5.30001831054688
20180908,18,-73,115,40000,6925.09228515625,235.100006103516,2.63677668571472,7.36994647979736
20180909,0,-73,115,40000,6916.74267578125,235.100006103516,1.22077631950378,7.70059204101563
20180909,6,-73,115,40000,6891.8125,234.699996948242,-0.0616027824580669,10.319561958313
20180909,12,-73,115,40000,6883.3857421875,234.600006103516,-1.70645749568939,11.5158939361572
20180909,18,-73,115,40000,6868.7314453125,234.699996948242,-4.9394850730896,10.8736820220947
20180910,0,-73,115,40000,6843.8056640625,234.199981689453,-7.56758308410645,14.6242094039917
20180910,6,-73,115,40000,6814.560546875,233,-7.66019296646118,20.215259552002
20180910,12,-73,115,40000,6821.27978515625,232,-3.95354986190796,11.1424026489258
20180910,18,-73,115,40000,6823.94921875,232.399993896484,-7.59480953216553,12.3720264434814
20180911,0,-73,115,40000,6836.12548828125,232.5,-6.39042472839355,11.5304880142212
20180911,6,-73,115,40000,6856.82763671875,232.800003051758,-5.85050344467163,11.499285697937
20180911,12,-73,115,40000,6873.94482421875,233.300003051758,-8.08047485351563,8.7541446685791
20180911,18,-73,115,40000,6892.326171875,233.699996948242,-8.15919780731201,9.63701152801514
20180912,0,-73,115,40000,6912.4482421875,233.485305786133,-9.27238178253174,11.3000545501709
20180912,6,-73,115,40000,6924.22998046875,233,-9.13064575195313,13.2770290374756
20180912,12,-73,115,40000,6939.40478515625,232.914672851563,-1.16956174373627,13.8482303619385
20180912,18,-73,115,40000,6997.5830078125,235.371536254883,4.88868999481201,6.98092031478882
20180913,0,-73,115,40000,7013.59130859375,237.199996948242,-1.55299067497253,9.96503925323486
20180913,6,-73,115,40000,7001.08251953125,237.900024414063,-4.26869487762451,9.08921241760254
20180913,12,-73,115,40000,6988.7294921875,237,-5.44451284408569,7.18253183364868
20180913,18,-73,115,40000,6976.11572265625,236.399993896484,-6.24273681640625,6.55723285675049
20180914,12,-73,115,40000,6922.47265625,234.099975585938,-3.35772085189819,5.92528676986694
20180914,18,-73,115,40000,6918.3935546875,234.099975585938,-3.38619375228882,10.2576112747192
20180915,0,-73,115,40000,6905.14453125,233.5,-9.50015258789063,10.3015012741089
20180915,6,-73,115,40000,6890.37060546875,233.29997253418,-10.0446805953979,5.77097797393799
20180915,12,-73,115,40000,6869.40625,232.899993896484,-12.5507202148438,7.50898456573486
20180915,18,-73,115,40000,6845.89794921875,232.399993896484,-10.2815608978271,12.1846742630005
20180916,0,-73,115,40000,6817.353515625,231.199981689453,-11.6019439697266,13.8357543945313
20180916,12,-73,115,40000,6797.57568359375,229.5,2.66542959213257,8.54612445831299
20180916,18,-73,115,40000,6799.724609375,229.5,3.87919616699219,10.6970701217651
20180917,0,-73,115,40000,6796.92333984375,229.199996948242,3.80003666877747,11.0780639648438
20180917,6,-73,115,40000,6797.6962890625,228.800003051758,3.47480154037476,9.07969951629639
20180917,12,-73,115,40000,6808.35888671875,228.399993896484,3.76979684829712,-0.482775866985321
20180917,18,-73,115,40000,6823.82080078125,228.899978637695,5.62563180923462,-3.67272329330444
20180918,0,-73,115,40000,6846.52197265625,229.5,7.52913093566895,-4.67110824584961
20180918,6,-73,115,40000,6873.6142578125,229.800003051758,9.14603519439697,-1.96401369571686
20180918,12,-73,115,40000,6893.31005859375,229.29997253418,8.87759017944336,-2.15453624725342
20180918,18,-73,115,40000,6913.75048828125,229.899993896484,8.62746047973633,-0.444360345602036
20180919,0,-73,115,40000,6923.17626953125,230.5,6.66528081893921,-2.58612298965454
20180919,6,-73,115,40000,6925.04052734375,231,5.99540758132935,-2.76002430915833
20180919,12,-73,115,40000,6923.4775390625,231.100006103516,6.64593029022217,-0.609814465045929
20180919,18,-73,115,40000,6924.68701171875,231.599975585938,6.71163654327393,3.42261362075806
20180920,0,-73,115,40000,6916.72119140625,231.5,6.90372562408447,6.01032209396362
20180920,6,-73,115,40000,6904.669921875,231.199996948242,7.08665466308594,3.89996337890625
20180920,12,-73,115,40000,6897.50390625,230.599975585938,6.65161848068237,6.39653825759888
20180920,18,-73,115,40000,6889.28369140625,230.699996948242,5.95964336395264,6.0710301399231
20180921,0,-73,115,40000,6878.765625,230.431686401367,4.96906757354736,6.99663066864014
20180921,6,-73,115,40000,6861.46142578125,229.999969482422,4.73084402084351,8.02756309509277
20180921,12,-73,115,40000,6849.3173828125,229.729156494141,5.82462167739868,6.72574472427368
20180921,18,-73,115,40000,6842.46142578125,229.58576965332,3.01375722885132,7.33052349090576
20180922,0,-73,115,40000,6835.759765625,229.5,1.86489260196686,7.10248708724976
20180922,6,-73,115,40000,6820.88134765625,229.100006103516,0.459149181842804,8.19334411621094
20180922,12,-73,115,40000,6813.98291015625,229,-0.383963018655777,10.3175106048584
20180922,18,-73,115,40000,6810.2900390625,228.368316650391,0.574221789836884,10.771222114563
20180923,0,-73,115,40000,6807.0185546875,227.699996948242,0.0889251679182053,7.04277324676514
20180923,6,-73,115,40000,6792.017578125,227.600006103516,-1.03644716739655,4.21998310089111
20180923,12,-73,115,40000,6778.568359375,227.499969482422,-0.241131588816643,1.26819455623627
20180923,18,-73,115,40000,6760.5439453125,227.399993896484,2.79421377182007,1.96666264533997
20180924,0,-73,115,40000,6748.39990234375,227.800003051758,5.46623516082764,2.70374155044556
20180924,6,-73,115,40000,6728.98876953125,227.899993896484,6.38994121551514,6.44464111328125
20180924,12,-73,115,40000,6714.78955078125,227.899978637695,6.73695659637451,6.80003356933594
20180924,18,-73,115,40000,6703.7841796875,227.899993896484,7.18606281280518,7.05441284179688
20180925,0,-73,115,40000,6712.806640625,229.099975585938,6.64432382583618,-6.70611572265625
20180925,6,-73,115,40000,6726.119140625,229.800003051758,10.2769012451172,-3.81915283203125
20180925,12,-73,115,40000,6733.236328125,229.699996948242,9.02769184112549,-2.20860600471497
20180925,18,-73,115,40000,6730.09326171875,229.5,4.06725454330444,1.08347773551941
20180926,0,-73,115,40000,6720.35009765625,228.639404296875,-0.990100085735321,4.01845407485962
20180926,6,-73,115,40000,6692.90673828125,227.79997253418,-5.93756723403931,3.13667607307434
20180926,12,-73,115,40000,6670.52734375,227.199996948242,-6.31734943389893,-2.39288330078125
20180926,18,-73,115,40000,6658.1904296875,228,0.361804187297821,-5.43325185775757
20180927,0,-73,115,40000,6676.421875,228.131683349609,7.92745971679688,-1.44836115837097
20180927,6,-73,115,40000,6678.58984375,227.5,6.65434885025024,4.81311655044556
20180927,12,-73,115,40000,6689.220703125,228.221923828125,8.48179912567139,4.45871591567993
20180927,18,-73,115,40000,6689.2763671875,229.185272216797,10.4777097702026,8.0034122467041
20180928,0,-73,115,40000,6668.810546875,230.300003051758,14.7925472259521,7.68255615234375
20180928,6,-73,115,40000,6639.7783203125,230.199996948242,20.2673740386963,9.97329139709473
20180928,12,-73,115,40000,6649.99169921875,229.100006103516,15.2766571044922,13.3199338912964
20180928,18,-73,115,40000,6666.3095703125,227.800003051758,8.47746562957764,14.2777099609375
20180929,0,-73,115,40000,6676.02734375,225.800003051758,1.18289065361023,9.7262601852417
20180929,6,-73,115,40000,6671.84228515625,224.899993896484,-1.30001831054688,7.81658315658569
20180929,12,-73,115,40000,6679.9150390625,224.975540161133,3.47706294059753,5.12194204330444
20180929,18,-73,115,40000,6708.0625,226.775512695313,14.75563621521,10.9633121490479
20180930,0,-73,115,40000,6755.4150390625,229,21.9608345031738,15.377965927124
20180930,6,-73,115,40000,6789.1201171875,231.600006103516,22.1427097320557,18.0564632415771
20180930,12,-73,115,40000,6799.51171875,233.600006103516,12.9440975189209,14.1863584518433
20180930,18,-73,115,40000,6794.41748046875,235.5,8.59393882751465,14.3560609817505
20181001,0,-73,115,40000,6790.62255859375,235.899993896484,4.52113342285156,9.39997577667236
20181001,6,-73,115,40000,6787.416015625,234.810012817383,0.667678833007813,5.74373769760132
20181001,12,-73,115,40000,6799.103515625,233.600006103516,-3.75340890884399,3.16129159927368
20181001,18,-73,115,40000,6811.927734375,233.899993896484,-8.46071147918701,-0.195196539163589
20181002,0,-73,115,40000,6816.6787109375,232.582763671875,-11.1923093795776,-2.73818969726563
20181002,6,-73,115,40000,6811.53076171875,230.282760620117,-10.9804077148438,1.61289668083191
20181002,12,-73,115,40000,6824.7080078125,229,-9.69503211975098,3.17670893669128
20181002,18,-73,115,40000,6823.89111328125,227.699996948242,-13.3880796432495,3.43122553825378
20181003,0,-73,115,40000,6807.23388671875,227,-13.7576780319214,0.500677466392517
20181003,6,-73,115,40000,6788.40478515625,227.117233276367,-15.1348438262939,2.60170888900757
20181003,12,-73,115,40000,6782.23681640625,227.199996948242,-14.5898532867432,2.80897831916809
20181003,18,-73,115,40000,6780.92431640625,226.699996948242,-11.8879909515381,2.95732426643372
20181004,0,-73,115,40000,6785.59521484375,226.5,-10.1412715911865,0.899981677532196
20181004,6,-73,115,40000,6786.72509765625,225.999969482422,-9.35359764099121,0.909957885742188
20181004,12,-73,115,40000,6794.05078125,225.899978637695,-9.29401874542236,1.65588986873627
20181004,18,-73,115,40000,6805.9580078125,226.400024414063,-8.65614223480225,3.73064947128296
20181005,0,-73,115,40000,6826.27001953125,227.908325195313,-6.86771965026855,1.85793459415436
20181005,6,-73,115,40000,6840.53125,230.399993896484,-10.3145627975464,0.700057983398438
20181005,12,-73,115,40000,6841.9931640625,232.499969482422,-16.5609130859375,-2.2322998046875
20181005,18,-73,115,40000,6816.10986328125,233.122680664063,-13.8962650299072,-8.02916240692139
20181006,0,-73,115,40000,6783.5673828125,233.800003051758,-14.8806095123291,-17.0824394226074
20181006,6,-73,115,40000,6745.02490234375,235.100006103516,-11.274866104126,-20.1088180541992
20181006,12,-73,115,40000,6724.05859375,235.331817626953,-0.220394894480705,-18.2791862487793
20181006,18,-73,115,40000,6688.17138671875,234.300003051758,1.77921140193939,-15.3642826080322
20181007,0,-73,115,40000,6646.18798828125,233.100006103516,7.46990966796875,-10.6636047363281
20181007,6,-73,115,40000,6598.673828125,231.899993896484,7.714599609375,-0.01434326171875
20181007,12,-73,115,40000,6600.3173828125,231.078079223633,6.24570608139038,8.34392070770264
20181007,18,-73,115,40000,6618.6025390625,230.924438476563,3.92482900619507,12.1587038040161
20181008,0,-73,115,40000,6657.8544921875,231.899993896484,0.470550537109375,15.0047855377197
20181008,6,-73,115,40000,6688.6982421875,231.882766723633,-4.03771734237671,13.3265085220337
20181008,12,-73,115,40000,6722.26708984375,231.699996948242,-5.66117668151855,6.59222173690796
20181008,18,-73,115,40000,6744.51953125,231.699996948242,-3.83187747001648,0.674472630023956
20181009,0,-73,115,40000,6747.2548828125,231.300003051758,-0.305307000875473,-6.824951171875
20181009,6,-73,115,40000,6724.494140625,230.800003051758,1.5201324224472,-7.4366455078125
20181009,12,-73,115,40000,6716.662109375,230.699996948242,-0.839181542396545,-8.71271991729736
20181009,18,-73,115,40000,6718.6318359375,230.501174926758,-0.574023425579071,-9.72568321228027
20181010,0,-73,115,40000,6750.9814453125,232.34196472168,-7.16220092773438,-20.8860168457031
20181010,6,-73,115,40000,6758.93359375,233,4.5877046585083,-11.1679019927979
20181010,12,-73,115,40000,6742.6689453125,231.697219848633,7.09776020050049,-5.16529846191406
20181010,18,-73,115,40000,6728.99267578125,231.399993896484,9.28603172302246,-5.93250751495361
20181011,0,-73,115,40000,6701.25048828125,228.743576049805,11.9847202301025,2.75107431411743
20181011,6,-73,115,40000,6671.8974609375,226.699996948242,7.32119464874268,-0.0594726577401161
20181011,12,-73,115,40000,6685.640625,226.282760620117,9.42788696289063,-9.39467811584473
20181011,18,-73,115,40000,6706.86572265625,226.899993896484,15.3623685836792,-5.13103628158569
20181012,0,-73,115,40000,6697.90771484375,227.553375244141,17.6979007720947,1.30001223087311
20181012,6,-73,115,40000,6666.5751953125,227.100006103516,12.8041715621948,8.64010047912598
20181012,12,-73,115,40000,6643.07861328125,227.300003051758,7.3895845413208,13.8383235931396
20181012,18,-73,115,40000,6622.68115234375,228.100006103516,5.78542470932007,11.1297483444214
20181013,0,-73,115,40000,6627.15185546875,229.300003051758,9.66502666473389,6.53245258331299
20181013,6,-73,115,40000,6625.33984375,228.924468994141,5.05915212631226,6.97334003448486
20181013,12,-73,115,40000,6618.30078125,228.253860473633,-0.384628295898438,7.72121572494507
20181013,18,-73,115,40000,6605.26171875,228.092529296875,-1.76300966739655,9.21111488342285
20181014,0,-73,115,40000,6590.90673828125,228.329147338867,-3.60929250717163,9.58762836456299
20181014,6,-73,115,40000,6579.56884765625,228.100006103516,-7.15316772460938,10.5828857421875
20181014,12,-73,115,40000,6579.490234375,228,-11.2456970214844,11.0978336334229
20181014,18,-73,115,40000,6568.9013671875,227.199996948242,-10.8580169677734,11.2632694244385
20181015,0,-73,115,40000,6567.837890625,227.399978637695,-12.018590927124,10.8272037506104
20181015,6,-73,115,40000,6571.1669921875,227.699996948242,-9.48398399353027,10.3732481002808
20181015,12,-73,115,40000,6576.064453125,227.899993896484,-10.483678817749,7.65863037109375
20181015,18,-73,115,40000,6576.97509765625,227.5,-10.0231657028198,6.09343862533569
20181016,0,-73,115,40000,6580.68359375,227.199981689453,-8.72316265106201,3.40017700195313
20181016,6,-73,115,40000,6579.9287109375,226.599975585938,-8.14194679260254,4.1871337890625
20181016,12,-73,115,40000,6591.646484375,226.199996948242,-8.34244728088379,4.56361103057861
20181016,18,-73,115,40000,6600.13818359375,225.94612121582,-10.4243717193604,2.38834238052368
20181017,0,-73,115,40000,6611.0439453125,225.800003051758,-10.0815000534058,-0.338555902242661
20181017,6,-73,115,40000,6603.921875,225.399993896484,-9.82620811462402,-0.397967517375946
20181017,12,-73,115,40000,6601.86376953125,225.999969482422,-10.16845703125,-1.85831904411316
20181017,18,-73,115,40000,6583.81298828125,226.100006103516,-5.32535409927368,-5.40552997589111
20181018,0,-73,115,40000,6575.21142578125,225.899993896484,-1.12030947208405,-8.70127582550049
20181018,6,-73,115,40000,6566.7705078125,225.600006103516,3.81049203872681,-7.74716806411743
20181018,12,-73,115,40000,6576.85986328125,225.899978637695,5.45682382583618,-5.36306142807007
20181018,18,-73,115,40000,6585.14306640625,226,7.34851694107056,-2.24051523208618
20181019,0,-73,115,40000,6592.78857421875,225.800003051758,7.90653705596924,-2.23780512809753
20181019,6,-73,115,40000,6588.962890625,225.300003051758,7.42959880828857,-1.60695195198059
20181019,18,-73,115,40000,6560.01513671875,223.599975585938,7.66934204101563,0.420147716999054
20181020,0,-73,115,40000,6531.13427734375,223.29997253418,4.42256450653076,-3.73455810546875
20181020,6,-73,115,40000,6501.3037109375,223.167877197266,3.09378361701965,-7.57752704620361
20181020,12,-73,115,40000,6499.521484375,222.960601806641,3.93395686149597,-13.9130373001099
20181020,18,-73,115,40000,6510.26318359375,222.699996948242,8.38296222686768,-15.5064449310303
20181021,0,-73,115,40000,6539.8212890625,222.495574951172,10.127405166626,-14.349157333374
20181021,6,-73,115,40000,6564.0556640625,222.992523193359,8.80785846710205,-3.61951899528503
20181021,12,-73,115,40000,6584.05810546875,222.885299682617,7.18991708755493,-1.8470458984375
20181021,18,-73,115,40000,6583.64794921875,222.800003051758,2.73375248908997,2.06323552131653
20181022,0,-73,115,40000,6580.69677734375,222.699996948242,1.27637326717377,-0.0994781479239464
20181022,6,-73,115,40000,6574.78759765625,222.300003051758,1.33408200740814,-0.0441223159432411
20181022,12,-73,115,40000,6590.05419921875,222.175537109375,0.694589257240295,0.248046875
20181022,18,-73,115,40000,6601.23486328125,222.37809753418,0.59149169921875,1.80248415470123
20181023,0,-73,115,40000,6618.00439453125,222.043853759766,-1.74385380744934,2.32215571403503
20181023,6,-73,115,40000,6624.09423828125,221.885299682617,-1.83107304573059,2.33486938476563
20181023,12,-73,115,40000,6631.84521484375,222.038909912109,-3.75234985351563,1.14919435977936
20181023,18,-73,115,40000,6627.443359375,222.000030517578,-3.00959777832031,-0.291558831930161
20181024,0,-73,115,40000,6625.77734375,221.792526245117,-1.34843754768372,-1.30003666877747
20181024,6,-73,115,40000,6628.00830078125,221.399993896484,0.612408459186554,-0.109973147511482
20181024,12,-73,115,40000,6648.43798828125,221.399993896484,0.155999749898911,-0.0775390639901161
20181024,18,-73,115,40000,6660.3076171875,220.899978637695,0.344049066305161,1.47620236873627
20181025,0,-73,115,40000,6673.53564453125,220.699996948242,1.91937863826752,1.45588374137878
20181025,6,-73,115,40000,6688.1630859375,220.261077880859,2.08634638786316,2.72575068473816
20181025,12,-73,115,40000,6713.0849609375,220.092498779297,2.18742060661316,2.80134892463684
20181025,18,-73,115,40000,6732.0029296875,220.19255065918,1.97532343864441,3.29619145393372
20181026,0,-73,115,40000,6751.171875,220.600006103516,1.88026118278503,3.88563227653503
20181026,6,-73,115,40000,6761.4013671875,221.099975585938,4.6397705078125,6.80234384536743
20181026,12,-73,115,40000,6765.11669921875,222.007476806641,6.25896310806274,8.48579692840576
20181026,18,-73,115,40000,6751.74560546875,226.600006103516,15.6160154342651,16.7595100402832
20181027,0,-73,115,40000,6747.8017578125,234.54345703125,22.1631278991699,33.5131225585938
20181027,6,-73,115,40000,6729.3251953125,237.782379150391,9.94185447692871,33.200023651123
20181027,12,-73,115,40000,6688.20751953125,232.643478393555,6.59532785415649,25.4293766021729
20181027,18,-73,115,40000,6636.89013671875,229.099975585938,9.44655132293701,20.6736450195313
20181028,0,-73,115,40000,6602.33984375,227.668304443359,9.64263343811035,18.3223876953125
20181028,6,-73,115,40000,6571.654296875,225.899993896484,10.1751556396484,11.8579711914063
20181028,12,-73,115,40000,6565.8857421875,224.520309448242,8.31662273406982,-3.13299560546875
20181028,18,-73,115,40000,6600.07666015625,223.397430419922,12.6931762695313,-13.8166017532349
20181029,0,-73,115,40000,6638.37109375,228.533325195313,14.4178867340088,-28.1718807220459
20181029,6,-73,115,40000,6701.59130859375,230.123046875,13.7968807220459,-28.9984130859375
20181029,12,-73,115,40000,6757.20556640625,231.341949462891,15.2040100097656,-28.1346130371094
20181029,18,-73,115,40000,6789.13232421875,231.100006103516,13.2012023925781,-25.4303035736084
20181030,0,-73,115,40000,6805.1845703125,229.800003051758,11.092264175415,-20.1046333312988
20181030,6,-73,115,40000,6786.63427734375,229,8.58570289611816,-17.4488410949707
20181030,12,-73,115,40000,6773.82861328125,228.29997253418,4.80089426040649,-18.0332336425781
20181030,18,-73,115,40000,6761.68603515625,228.399993896484,0.831915259361267,-22.0908317565918
20181031,0,-73,115,40000,6781.9111328125,226.613067626953,-2.0981719493866,-16.1999931335449
20181031,6,-73,115,40000,6781.11669921875,227.000030517578,-4.71157550811768,-20.3033084869385
20181031,12,-73,115,40000,6791.82666015625,227.800003051758,-7.42923259735107,-24.1007328033447
20181031,18,-73,115,40000,6791.7529296875,228.513061523438,-11.6734437942505,-31.502965927124
20181101,0,-73,115,40000,6806.72509765625,228.54052734375,-9.98464393615723,-28.8333740234375
20181101,6,-73,115,40000,6808.728515625,228.600006103516,-9.2926025390625,-22.0029106140137
20181101,12,-73,115,40000,6811.55615234375,227.600006103516,-6.09357643127441,-10.8497457504272
20181101,18,-73,115,40000,6795.57080078125,226.837249755859,-4.28464984893799,-4.65011596679688
20181102,0,-73,115,40000,6769.984375,226.699996948242,-2.41483163833618,-5.51502084732056
20181102,6,-73,115,40000,6732.29638671875,226.499969482422,-4.39913320541382,-3.61441659927368
20181102,12,-73,115,40000,6714.12939453125,226.218872070313,-4.32008361816406,-4.26251220703125
20181102,18,-73,115,40000,6694.55859375,225.349212646484,-4.75329875946045,-4.86744976043701
20181103,0,-73,115,40000,6685.89501953125,224.584518432617,-3.77304077148438,-8.09763145446777
20181103,6,-73,115,40000,6670.8701171875,224.199996948242,-2.56229257583618,-9.55705547332764
20181103,12,-73,115,40000,6679.9970703125,225.111694335938,-6.38508605957031,-10.5041255950928
20181103,18,-73,115,40000,6689.16015625,227.600006103516,-13.1747798919678,-13.3748655319214
20181104,0,-73,115,40000,6711.220703125,228,-18.4449863433838,-14.7988767623901
20181104,6,-73,115,40000,6712.103515625,227.936370849609,-13.3854427337646,-13.3735294342041
20181104,12,-73,115,40000,6716.01513671875,227.100006103516,-9.68587303161621,-10.288782119751
20181104,18,-73,115,40000,6707.361328125,226.099975585938,-7.49265766143799,-10.5418090820313
20181105,0,-73,115,40000,6701.0888671875,225.999969482422,-6.74435710906982,-13.1944217681885
20181105,6,-73,115,40000,6687.5654296875,225.800003051758,-4.19396352767944,-12.394495010376
20181105,12,-73,115,40000,6691.59130859375,226.324462890625,-5.64769887924194,-8.39983558654785
20181105,18,-73,115,40000,6706.255859375,226.899993896484,-5.51964712142944,-7.62891864776611
20181106,0,-73,115,40000,6721.1220703125,226.300003051758,-6.57872009277344,-9.84521484375
20181106,6,-73,115,40000,6730.37939453125,226.1083984375,-6.99626445770264,-7.56570434570313
20181106,12,-73,115,40000,6746.62109375,225.656539916992,-7.82108449935913,-7.56898784637451
20181106,18,-73,115,40000,6751.58740234375,225.500579833984,-9.01821899414063,-5.79984140396118
20181107,0,-73,115,40000,6756.90869140625,225.24919128418,-9.55799579620361,-7.57313251495361
20181107,6,-73,115,40000,6738.55810546875,224.569534301758,-11.6693363189697,-7.05228281021118
20181107,12,-73,115,40000,6731.240234375,224.63232421875,-9.66648578643799,-5.389404296875
20181107,18,-73,115,40000,6714.9130859375,224.905029296875,-5.71052551269531,-0.65673828125
20181108,0,-73,115,40000,6713.59130859375,225.725921630859,-1.02650141716003,-0.419116199016571
20181108,6,-73,115,40000,6708.4482421875,226.53776550293,2.58153676986694,-2.45458984375
20181108,12,-73,115,40000,6732.44189453125,225.908782958984,3.04659128189087,-5.77985858917236
20181108,18,-73,115,40000,6770.31884765625,228.800003051758,8.04572105407715,-9.44400024414063
20181109,0,-73,115,40000,6804.00439453125,229.063629150391,12.9349241256714,-1.73984372615814
20181109,6,-73,115,40000,6803.978515625,229,13.9061708450317,3.77110600471497
20181109,12,-73,115,40000,6802.2294921875,230.100006103516,16.8732414245605,4.71564626693726
20181109,18,-73,115,40000,6800.38232421875,229.827560424805,18.3046169281006,6.32926654815674
20181110,0,-73,115,40000,6797.11865234375,229.199996948242,18.1981086730957,8.7603759765625
20181110,6,-73,115,40000,6791.88916015625,228.899993896484,17.042724609375,10.8538513183594
20181110,12,-73,115,40000,6802.59521484375,229.699996948242,14.1884431838989,10.9000062942505
20181110,18,-73,115,40000,6807.32958984375,230.182250976563,14.0305233001709,11.8007755279541
20181111,0,-73,115,40000,6811.21484375,229.29997253418,6.76259469985962,13.1676816940308
20181111,6,-73,115,40000,6788.25732421875,227.899993896484,-4.40753793716431,19.2936897277832
20181111,12,-73,115,40000,6749.16748046875,225.91471862793,-3.53667902946472,24.1189632415771
20181111,18,-73,115,40000,6705.9736328125,225.399993896484,-5.96970224380493,27.9205932617188
20181112,0,-73,115,40000,6665.115234375,227.5,-2.00715947151184,31.1356620788574
20181112,6,-73,115,40000,6620.08935546875,227.244964599609,-3.80255126953125,31.0734310150146
20181112,12,-73,115,40000,6564.408203125,225.899978637695,-1.34942936897278,23.241527557373
20181112,18,-73,115,40000,6547.84814453125,224.206954956055,8.49179649353027,13.0522336959839
20181113,0,-73,115,40000,6577.646484375,224.199996948242,21.0649662017822,5.25108957290649
20181113,6,-73,115,40000,6608.70458984375,223.5,17.0391483306885,9.40388202667236
20181113,12,-73,115,40000,6625.056640625,223.878051757813,17.3732509613037,10.5138425827026
20181113,18,-73,115,40000,6635.626953125,224.824462890625,19.354284286499,15.1923522949219
20181114,0,-73,115,40000,6636.6845703125,225.099975585938,16.5642051696777,15.576379776001
20181114,6,-73,115,40000,6630.478515625,225.300003051758,12.6295442581177,16.4264640808105
20181114,12,-73,115,40000,6628.34228515625,225.70735168457,11.3555326461792,15.7709226608276
20181114,18,-73,115,40000,6617.25244140625,225.199996948242,10.04443359375,17.4834861755371
20181115,0,-73,115,40000,6623.68994140625,225.399993896484,14.3682308197021,18.8266353607178
20181115,6,-73,115,40000,6633.68701171875,225.199981689453,9.28533363342285,21.0523586273193
20181115,12,-73,115,40000,6628.55615234375,225.100006103516,3.71372985839844,17.6072540283203
20181115,18,-73,115,40000,6608.859375,224.465255737305,-0.446005254983902,14.0679445266724
20181116,0,-73,115,40000,6586.33740234375,223.246139526367,-2.06448364257813,10.7753629684448
20181116,6,-73,115,40000,6568.71728515625,221.899993896484,-3.67792963981628,8.77706909179688
20181116,12,-73,115,40000,6562.33544921875,221.477813720703,-3.89719533920288,9.65960693359375
20181116,18,-73,115,40000,6568.12353515625,222.899993896484,-2.38325190544128,25.10862159729
20181117,0,-73,115,40000,6590.591796875,224.599975585938,-5.30828237533569,32.5770721435547
20181117,6,-73,115,40000,6590.46630859375,227.899993896484,-9.70009136199951,29.8355827331543
20181117,12,-73,115,40000,6589.49951171875,227.254028320313,-11.246111869812,26.3846321105957
20181117,18,-73,115,40000,6561.22265625,225.899993896484,-16.9302520751953,25.6521854400635
20181118,0,-73,115,40000,6503.00830078125,225.059844970703,-17.3092918395996,23.8599853515625
20181118,6,-73,115,40000,6463.5361328125,223.711639404297,-4.05127239227295,21.5588626861572
20181118,12,-73,115,40000,6501.5986328125,223.600006103516,4.26177978515625,23.3348808288574
20181118,18,-73,115,40000,6557.29931640625,225.600006103516,8.7347469329834,35.3000679016113
20181119,0,-73,115,40000,6612.7412109375,226.300003051758,6.83641958236694,35.1803817749023
20181119,6,-73,115,40000,6670.08984375,227.699996948242,6.69212627410889,36.9956283569336
20181119,12,-73,115,40000,6741.43505859375,230.29997253418,4.31166362762451,39.302001953125
20181119,18,-73,115,40000,6784.5341796875,231.800003051758,-4.37008666992188,30.8650512695313
20181120,0,-73,115,40000,6779.6376953125,232.201950073242,-8.16119956970215,20.4000301361084
20181120,6,-73,115,40000,6775.10205078125,230.79997253418,-7.36270141601563,20.6014518737793
20181120,12,-73,115,40000,6797.01123046875,229.600006103516,-5.47773456573486,19.668285369873
20181120,18,-73,115,40000,6810.90576171875,228.600006103516,-4.72024536132813,15.5958194732666
20181121,0,-73,115,40000,6789.47998046875,229.199996948242,-10.7943849563599,2.39998173713684
20181121,6,-73,115,40000,6735.537109375,227.600006103516,-11.6191377639771,5.369140625
20181121,12,-73,115,40000,6658.076171875,225.600006103516,-18.0300388336182,-6.99887704849243
20181121,18,-73,115,40000,6570.02490234375,222.399993896484,-13.1135892868042,6.34669208526611
20181122,0,-73,115,40000,6551.02001953125,220,-11.0113801956177,12.4295711517334
20181122,6,-73,115,40000,6542.51123046875,219.800003051758,-4.20808124542236,12.2955322265625
20181122,12,-73,115,40000,6562.27685546875,223.302658081055,3.4967315196991,21.3596992492676
20181122,18,-73,115,40000,6595.8505859375,227.9287109375,9.95315551757813,28.5130500793457
20181123,0,-73,115,40000,6673.123046875,229.805374145508,6.70087909698486,30.5999450683594
20181123,6,-73,115,40000,6681.4794921875,225.933319091797,-3.60841679573059,22.0999813079834
20181123,12,-73,115,40000,6663.5205078125,221.947784423828,-12.2827939987183,22.6211910247803
20181123,18,-73,115,40000,6646.8701171875,225.559448242188,-4.65352487564087,22.3460693359375
20181124,0,-73,115,40000,6657.92578125,227.073852539063,0.748553454875946,22.1557369232178
20181124,6,-73,115,40000,6679.607421875,225.962280273438,3.98975825309753,27.1466007232666
20181124,12,-73,115,40000,6725.5341796875,227.079742431641,10.6618776321411,31.7413024902344
20181124,18,-73,115,40000,6782.51806640625,228.760665893555,13.0217409133911,41.7025833129883
20181125,0,-73,115,40000,6781.0654296875,228.872482299805,11.0976991653442,40.993034362793
20181125,6,-73,115,40000,6784.93896484375,228.800003051758,22.7547721862793,41.1708755493164
20181125,12,-73,115,40000,6757.05322265625,228.972457885742,30.6033687591553,38.2527847290039
20181125,18,-73,115,40000,6770.4560546875,226.772491455078,35.8481140136719,24.8484477996826
20181126,0,-73,115,40000,6806.8837890625,225.300003051758,27.9045963287354,11.3888330459595
20181126,6,-73,115,40000,6825.14697265625,224.640548706055,22.8132877349854,1.70320439338684
20181126,12,-73,115,40000,6817.2998046875,224.300003051758,18.0774307250977,3.13580083847046
20181126,18,-73,115,40000,6804.10498046875,224.5,20.4383354187012,-1.63598024845123
20181127,0,-73,115,40000,6835.1767578125,227.800003051758,22.6467895507813,-6.71951913833618
20181127,6,-73,115,40000,6841.44921875,228.399993896484,20.9595756530762,-2.81779170036316
20181127,12,-73,115,40000,6827.998046875,228.072509765625,20.1737060546875,-0.567099630832672
20181127,18,-73,115,40000,6799.4736328125,227.800003051758,19.5994071960449,3.85142588615417
20181128,0,-73,115,40000,6761.92822265625,225.778686523438,17.1185321807861,6.32113265991211
20181128,6,-73,115,40000,6716.638671875,225.20002746582,18.6351127624512,-1.72476077079773
20181128,12,-73,115,40000,6699.35498046875,228.720901489258,31.9467926025391,-17.017728805542
20181128,18,-73,115,40000,6709.45361328125,230.899993896484,36.2508659362793,-19.6801948547363
20181129,0,-73,115,40000,6733.58544921875,231.589645385742,36.0167846679688,-21.6982841491699
20181129,6,-73,115,40000,6738.21484375,231.403884887695,37.1991424560547,-23.118371963501
20181129,12,-73,115,40000,6757.099609375,231.5,35.4287757873535,-18.199951171875
20181129,18,-73,115,40000,6764.916015625,231.5,30.0243434906006,-13.2803955078125
20181130,0,-73,115,40000,6767.380859375,230.800003051758,27.4584007263184,-11.1777439117432
20181130,6,-73,115,40000,6757.072265625,231,25.1014385223389,-10.5116605758667
20181130,12,-73,115,40000,6749.95263671875,230.72102355957,24.0122127532959,-6.47614765167236
20181130,18,-73,115,40000,6731.6787109375,230.133499145508,20.0946025848389,-2.00113272666931
20181201,0,-73,115,40000,6716.55517578125,229.484649658203,19.6613616943359,2.13129281997681
20181201,6,-73,115,40000,6697.068359375,228.318771362305,16.0837345123291,2.21435546875
20181201,12,-73,115,40000,6668.39794921875,226.699996948242,12.6999177932739,3.20187997817993
20181201,18,-73,115,40000,6645.91552734375,226.440551757813,11.7776641845703,2.50670170783997
20181202,0,-73,115,40000,6627.537109375,226.194427490234,14.114764213562,3.79599618911743
20181202,6,-73,115,40000,6608.341796875,226.091094970703,14.5041561126709,3.70022583007813
20181202,12,-73,115,40000,6591.39794921875,225.826095581055,14.1975803375244,4.24672842025757
20181202,18,-73,115,40000,6569.07666015625,225.6162109375,14.6045932769775,8.66920757293701
20181203,0,-73,115,40000,6552.85888671875,225.127517700195,13.0438938140869,10.113317489624
20181203,6,-73,115,40000,6540.8857421875,224.41276550293,10.4018678665161,12.6799564361572
20181203,12,-73,115,40000,6528.53173828125,223.399993896484,8.75847148895264,14.0068054199219
20181203,18,-73,115,40000,6516.67919921875,222.733688354492,2.52673959732056,15.3729858398438
20181204,0,-73,115,40000,6507.8701171875,222.424560546875,-1.79013669490814,17.9102897644043
20181204,6,-73,115,40000,6493.99853515625,221.785369873047,-3.48634648323059,16.9400634765625
20181204,12,-73,115,40000,6496.234375,222.513275146484,-3.15851736068726,16.0053405761719
20181204,18,-73,115,40000,6496.70556640625,223.399932861328,-4.31852436065674,17.399730682373
20181205,0,-73,115,40000,6490.509765625,222.999969482422,-5.59628295898438,18.199987411499
20181205,6,-73,115,40000,6488.3798828125,222.614624023438,0.170541375875473,18.6976070404053
20181205,12,-73,115,40000,6509.96826171875,222.300003051758,-1.53532099723816,19.3160591125488
20181205,18,-73,115,40000,6493.88232421875,223.002410888672,-2.37320256233215,19.4606628417969
20181206,0,-73,115,40000,6494.2158203125,224.000030517578,0.883856177330017,18.8773078918457
20181206,6,-73,115,40000,6511.361328125,224.110748291016,1.03602910041809,22.3030891418457
20181206,12,-73,115,40000,6525.38818359375,223.128982543945,0.434002697467804,25.3873901367188
20181206,18,-73,115,40000,6515.9814453125,223.427978515625,-2.63432621955872,28.0711479187012
20181207,0,-73,115,40000,6509.455078125,223.061447143555,-6.04022836685181,29.7372131347656
20181207,6,-73,115,40000,6489.07763671875,222.771774291992,-7.17484760284424,26.7800712585449
20181207,12,-73,115,40000,6472.033203125,223.467849731445,-10.9025392532349,27.0164909362793
20181207,18,-73,115,40000,6438.01171875,222.400024414063,-6.51650142669678,21.1006488800049
20181208,0,-73,115,40000,6426.46044921875,222.251342773438,-2.33141112327576,17.4371681213379
20181208,6,-73,115,40000,6423.09619140625,221.41389465332,0.561455070972443,16.1007232666016
20181208,12,-73,115,40000,6435.44384765625,220.704467773438,3.8254566192627,14.9257326126099
20181208,18,-73,115,40000,6455.37255859375,220.518356323242,3.81394052505493,11.8626003265381
20181209,0,-73,115,40000,6481.79833984375,219.899993896484,4.24999761581421,3.34676265716553
20181209,6,-73,115,40000,6511.12890625,219.904006958008,4.76060485839844,1.69295656681061
20181209,12,-73,115,40000,6541.81103515625,220.399993896484,3.28465819358826,1.36980473995209
20181209,18,-73,115,40000,6571.77392578125,221.091400146484,1.6722366809845,-5.85729360580444
20181210,0,-73,115,40000,6624.97119140625,222.915802001953,-3.12508535385132,-18.9751834869385
20181210,6,-73,115,40000,6663.5498046875,225.38883972168,-1.42211306095123,-17.8624935150146
20181210,12,-73,115,40000,6695.76806640625,226.526763916016,2.75328969955444,-14.3302249908447
20181210,18,-73,115,40000,6713.92626953125,227.099975585938,1.8708404302597,-9.01503276824951
20181211,0,-73,115,40000,6731.6669921875,226.776947021484,2.99992060661316,-4.92453622817993
20181211,6,-73,115,40000,6741.37255859375,229.154983520508,1.04169619083405,-13.4892578125
20181211,12,-73,115,40000,6753.71728515625,231.872436523438,3.49999380111694,-9.92938232421875
20181211,18,-73,115,40000,6750.69384765625,233.206756591797,4.68102407455444,-2.21550893783569
20181212,0,-73,115,40000,6725.998046875,233.080932617188,4.45122051239014,8.85099792480469
20181212,6,-73,115,40000,6687.2548828125,232.199996948242,4.88512897491455,12.4921722412109
20181212,12,-73,115,40000,6649.38330078125,230.985595703125,2.93448185920715,18.8078460693359
20181212,18,-73,115,40000,6613.966796875,229.587860107422,3.98663640022278,21.7185249328613
20181213,0,-73,115,40000,6596.990234375,227.7275390625,4.14826965332031,18.4163513183594
20181213,6,-73,115,40000,6602.76611328125,227.929153442383,16.5310306549072,8.17324829101563
20181213,12,-73,115,40000,6603.51416015625,228.600006103516,23.0957794189453,7.37614154815674
20181213,18,-73,115,40000,6573.779296875,228.600021362305,29.5444221496582,5.9542236328125
20181214,0,-73,115,40000,6602.41552734375,228.720260620117,26.7915496826172,-5.23353290557861
20181214,6,-73,115,40000,6651.3779296875,229.800003051758,30.792552947998,-13.4191036224365
20181214,12,-73,115,40000,6702.412109375,230.921661376953,29.7172355651855,-7.79913949966431
20181214,18,-73,115,40000,6722.1533203125,230.5,24.227466583252,1.72140502929688
20181215,0,-73,115,40000,6728.58740234375,229.800003051758,18.0714530944824,4.60035991668701
20181215,6,-73,115,40000,6733.2626953125,229.860382080078,11.6041259765625,6.52939462661743
20181215,12,-73,115,40000,6732.26123046875,229.013092041016,12.0127229690552,11.3737001419067
20181215,18,-73,115,40000,6720.20556640625,228.504974365234,9.50027465820313,13.3289337158203
20181216,0,-73,115,40000,6725.7412109375,228.29997253418,8.80314350128174,12.2128200531006
20181216,6,-73,115,40000,6728.21728515625,228.29997253418,6.65034770965576,15.1341581344604
20181216,12,-73,115,40000,6731.2294921875,228.000030517578,1.144287109375,12.1601285934448
20181216,18,-73,115,40000,6715.33056640625,228.199996948242,-4.571533203125,10.6194553375244
20181217,0,-73,115,40000,6701.6669921875,227.899993896484,-9.06788635253906,5.55693960189819
20181217,6,-73,115,40000,6675.9091796875,227.699996948242,-12.9137516021729,5.40004253387451
20181217,12,-73,115,40000,6647.43505859375,227.00439453125,-15.4777069091797,5.44479990005493
20181217,18,-73,115,40000,6612.943359375,227.34114074707,-12.9812746047974,11.5174379348755
20181218,0,-73,115,40000,6588.234375,226.77392578125,-10.3954372406006,7.89323711395264
20181218,6,-73,115,40000,6567.0107421875,226.73486328125,2.00503849983215,1.22219848632813
20181218,12,-73,115,40000,6601.29833984375,227.087738037109,12.2916688919067,1.01059567928314
