20180720,0,53,52,15000,13276.806640625,217.714309692383,29.9211139678955,8.75316429138184
20180720,6,53,52,15000,13293.1689453125,218.899993896484,26.5183353424072,2.97499990463257
20180720,12,53,52,15000,13298.7451171875,220.897216796875,23.2219486236572,-0.921704113483429
20180720,18,53,52,15000,13276.6552734375,222.489990234375,23.0988922119141,-4.53421640396118
20180721,0,53,52,15000,13252.115234375,223.199996948242,23.4899997711182,-6.08845233917236
20180721,6,53,52,15000,13203.3408203125,223.917236328125,23.6127834320068,-3.98739266395569
20180721,12,53,52,15000,13169.0810546875,224.600006103516,24.7999954223633,-1.24108159542084
20180721,18,53,52,15000,13143.896484375,224.5625,28.984447479248,2.26753902435303
20180722,0,53,52,15000,13118.337890625,223.699996948242,33.362735748291,5.28183126449585
20180722,6,53,52,15000,13100.2275390625,220.600006103516,33.3080558776855,11.0406007766724
20180722,12,53,52,15000,13124.322265625,215.424468994141,29.8112201690674,14.7051219940186
20180722,18,53,52,15000,13160.228515625,212.585327148438,28.9031352996826,14.3106155395508
20180723,0,53,52,15000,13194.58203125,212.931686401367,28.5893878936768,9.63142108917236
20180723,6,53,52,15000,13197.3408203125,214.29997253418,31.8780574798584,5.43768787384033
20180723,12,53,52,15000,13167.3388671875,216.199996948242,34.0606460571289,2.88766837120056
20180723,18,53,52,15000,13134.912109375,219.300003051758,35.0755767822266,2.69644522666931
20180724,0,53,52,15000,13105.1611328125,218.399993896484,39.5615615844727,2.89695811271667
20180724,6,53,52,15000,13058.9375,216.531692504883,46.0626564025879,3.18487310409546
20180724,12,53,52,15000,13008.7138671875,214.778076171875,52.8686408996582,1.56615233421326
20180724,18,53,52,15000,12977.505859375,213.5,50.2319526672363,3.7362060546875
20180725,0,53,52,15000,12986.31640625,212.399993896484,47.6129455566406,5.62203598022461
20180725,6,53,52,15000,12984.462890625,211.899993896484,44.5789833068848,0.920327126979828
20180725,12,53,52,15000,12969.2177734375,214.31282043457,43.685001373291,1.91194581985474
20180725,18,53,52,15000,12956.544921875,216.982757568359,41.0879135131836,4.90949201583862
20180726,0,53,52,15000,12958.451171875,217.463653564453,39.686695098877,9.25467491149902
20180726,6,53,52,15000,12984.29296875,216.199996948242,40.5680961608887,15.7272901535034
20180726,12,53,52,15000,13020.9453125,215.329147338867,41.5440673828125,16.8637256622314
20180726,18,53,52,15000,13075.5966796875,213.558807373047,39.1922492980957,18.4288387298584
20180727,0,53,52,15000,13140.3359375,211.224456787109,42.1038932800293,18.120325088501
20180727,6,53,52,15000,13196.7470703125,209,45.2734184265137,16.3414287567139
20180727,12,53,52,15000,13241.6015625,208.800003051758,44.8641548156738,6.89894533157349
20180727,18,53,52,15000,13257.806640625,209.988571166992,37.4947204589844,0.90313720703125
20180728,0,53,52,15000,13268.427734375,212.014694213867,32.894718170166,-4.05971431732178
20180728,6,53,52,15000,13269.7451171875,215.585296630859,28.2902908325195,-7.87800312042236
20180728,12,53,52,15000,13247.2099609375,218.699996948242,22.7090129852295,-11.5638380050659
20180728,18,53,52,15000,13203.3525390625,220.199996948242,21.0155487060547,-11.5918455123901
20180729,0,53,52,15000,13179.9140625,220.600006103516,22.1297416687012,-10.6412696838379
20180729,6,53,52,15000,13153.669921875,220.368316650391,22.990837097168,-10.6784744262695
20180729,12,53,52,15000,13132.419921875,219.499969482422,22.9200096130371,-9.39692115783691
20180729,18,53,52,15000,13126.0751953125,219.199981689453,23.80224609375,-7.03650140762329
20180730,0,53,52,15000,13136.8203125,218.79997253418,24.5964450836182,-6.29515647888184
20180730,6,53,52,15000,13143.89453125,218.5,24.4035930633545,-6.49470710754395
20180730,12,53,52,15000,13155.240234375,218.5,25.2232913970947,-7.09906959533691
20180730,18,53,52,15000,13152.236328125,218.5,24.0961074829102,-8.10922336578369
20180731,0,53,52,15000,13143.005859375,217.848922729492,25.7000045776367,-9.53006076812744
20180731,6,53,52,15000,13121.52734375,217.800003051758,26.2036571502686,-7.85863304138184
20180731,12,53,52,15000,13103.458984375,217.300003051758,28.9100189208984,-3.99119138717651
20180731,18,53,52,15000,13105.2646484375,215.300003051758,29.2926864624023,-1.71320307254791
20180801,0,53,52,15000,13108.35546875,214.16145324707,32.0900497436523,-1.7655907869339
20180801,6,53,52,15000,13108.7822265625,212.199996948242,34.2024993896484,-2.6117627620697
20180801,12,53,52,15000,13102.1220703125,211.199996948242,32.606761932373,-3.55316400527954
20180801,18,53,52,15000,13101.3974609375,210.79997253418,30.4157428741455,-4.77780771255493
20180802,0,53,52,15000,13082.9501953125,211.100006103516,28.2194766998291,-7.62474870681763
20180802,6,53,52,15000,13057.927734375,212,23.4116840362549,-8.02058124542236
20180802,12,53,52,15000,13031.2958984375,213.5,20.9272785186768,-6.79236793518066
20180802,18,53,52,15000,12998.1552734375,214.399993896484,16.7309722900391,-5.02454328536987
20180803,0,53,52,15000,12980.009765625,215.300003051758,17.3122329711914,-3.36196780204773
20180803,6,53,52,15000,12961.517578125,215.199996948242,18.839994430542,-2.71266603469849
20180803,12,53,52,15000,12947.78125,215,20.7160053253174,-3.93597888946533
20180803,18,53,52,15000,12923.228515625,213.5,20.3191699981689,-6.14654779434204
20180804,0,53,52,15000,12898.8134765625,212.199996948242,23.0171737670898,-8.24996852874756
20180804,6,53,52,15000,12865.599609375,209.899993896484,19.5577774047852,-10.8398971557617
20180804,12,53,52,15000,12842.2373046875,209.5,18.0283355712891,-7.40389394760132
20180804,18,53,52,15000,12844.2158203125,209.100006103516,13.5400047302246,-3.75342273712158
20180805,0,53,52,15000,12857.2470703125,210.100006103516,11.2446146011353,0.276225596666336
20180805,6,53,52,15000,12883.5400390625,212.699996948242,10.9500093460083,4.29732179641724
20180805,12,53,52,15000,12914.798828125,216.307464599609,10.5378074645996,7.3874831199646
20180805,18,53,52,15000,12952.32421875,217.899978637695,11.9989261627197,8.19584941864014
20180806,0,53,52,15000,12973.2412109375,219.206985473633,19.6900100708008,5.92520523071289
20180806,6,53,52,15000,12950.8564453125,218.699996948242,27.6499996185303,2.97469973564148
20180806,12,53,52,15000,12890.7490234375,217.914260864258,34.1100311279297,4.25002670288086
20180806,18,53,52,15000,12868.2373046875,213.300003051758,24.316650390625,14.916220664978
20180807,0,53,52,15000,12902.6279296875,210.221923828125,22.9705371856689,17.4939231872559
20180807,6,53,52,15000,12933.271484375,209.600006103516,24.205810546875,15.7536306381226
20180807,12,53,52,15000,12944.3525390625,209.5,28.7949981689453,14.6099605560303
20180807,18,53,52,15000,12941.5791015625,209.399993896484,31.3941287994385,12.8213205337524
20180808,0,53,52,15000,12914.5849609375,209.86669921875,36.6800079345703,12.7894849777222
20180808,6,53,52,15000,12868.1298828125,212.5,41.8099937438965,14.3589038848877
20180808,12,53,52,15000,12818.9140625,213.099975585938,38.2127227783203,20.5866012573242
20180808,18,53,52,15000,12804.5927734375,212.79997253418,33.5285530090332,29.6333599090576
20180809,0,53,52,15000,12825.2763671875,211.300247192383,30.0116748809814,36.7812271118164
20180809,6,53,52,15000,12879.9658203125,210.199996948242,26.5244483947754,36.713306427002
20180809,12,53,52,15000,12928.7001953125,210,26.4043560028076,34.0141487121582
20180809,18,53,52,15000,12992.9345703125,210.006988525391,26.8147315979004,32.5889434814453
20180810,0,53,52,15000,13049.73046875,210.5,27.9017963409424,28.3700332641602
20180810,6,53,52,15000,13084.2041015625,213.300003051758,31.3122749328613,24.3829231262207
20180810,12,53,52,15000,13090.9326171875,215.236373901367,33.1037979125977,23.6448001861572
20180810,18,53,52,15000,13110.978515625,215.600006103516,33.4776802062988,22.9760589599609
20180811,0,53,52,15000,13124.72265625,214.5,37.279956817627,21.5467147827148
20180811,6,53,52,15000,13127.4814453125,212.600006103516,40.882511138916,21.1503200531006
20180811,12,53,52,15000,13114.072265625,211.800003051758,44.3015785217285,16.9804134368896
20180811,18,53,52,15000,13103.87890625,212.187210083008,42.8167572021484,14.2183418273926
20180812,0,53,52,15000,13114.2666015625,212.318313598633,36.5364952087402,13.5502977371216
20180812,6,53,52,15000,13125.9990234375,210.776412963867,30.9400005340576,13.3601589202881
20180812,12,53,52,15000,13127.16796875,209.300003051758,31.4919490814209,13.6883592605591
20180812,18,53,52,15000,13128.365234375,209.79997253418,30.8900051116943,14.9126119613647
20180813,0,53,52,15000,13145.5302734375,209.868316650391,30.0813579559326,15.6062984466553
20180813,6,53,52,15000,13168.7734375,210.100006103516,26.4915828704834,15.1790523529053
20180813,12,53,52,15000,13178.4208984375,210.29997253418,28.496675491333,12.022102355957
20180813,18,53,52,15000,13180.1787109375,210.800003051758,30.9766407012939,10.5146627426147
20180814,0,53,52,15000,13168.7509765625,211.800003051758,35.0696334838867,11.6535940170288
20180814,6,53,52,15000,13155.599609375,212.5,35.2861213684082,14.0767431259155
20180814,12,53,52,15000,13150.8779296875,213.199996948242,34.8696174621582,13.9199953079224
20180814,18,53,52,15000,13145.041015625,214.29997253418,33.6871299743652,14.2521533966064
20180815,0,53,52,15000,13133.6083984375,215.763381958008,35.2943649291992,17.0794048309326
20180815,6,53,52,15000,13138.9365234375,214.599975585938,34.5022811889648,20.3410415649414
20180815,12,53,52,15000,13156.83203125,213,34.1112213134766,20.9537181854248
20180815,18,53,52,15000,13182.0712890625,211.5,33.810001373291,19.1769390106201
20180816,0,53,52,15000,13209.1533203125,210.199996948242,33.2099990844727,14.8667182922363
20180816,6,53,52,15000,13213.3349609375,210.039794921875,32.7148780822754,7.4775710105896
20180816,12,53,52,15000,13202.2841796875,211.199996948242,32.0146255493164,2.96365475654602
20180816,18,53,52,15000,13177.88671875,212.199996948242,30.6233348846436,-0.746567368507385
20180817,0,53,52,15000,13164.693359375,212.261077880859,32.8000106811523,-2.54491209983826
20180817,6,53,52,15000,13140.23046875,212,32.5200042724609,-3.68533682823181
20180817,12,53,52,15000,13120.2734375,211.399993896484,32.0400009155273,-4.72545433044434
20180817,18,53,52,15000,13101.8623046875,211.729156494141,29.7944507598877,-6.06618642807007
20180818,0,53,52,15000,13087.3359375,212.600006103516,28.4891986846924,-4.9180006980896
20180818,6,53,52,15000,13050.193359375,214,27.9075050354004,-1.32171630859375
20180818,12,53,52,15000,13026.5498046875,214.5,26.9875049591064,4.01908445358276
20180818,18,53,52,15000,13021.3046875,214.699752807617,23.2239017486572,8.92389869689941
20180819,0,53,52,15000,13041.7587890625,213.099761962891,21.0936183929443,12.2039699554443
20180819,6,53,52,15000,13057.9814453125,211.800003051758,20.3928852081299,10.5088939666748
20180819,12,53,52,15000,13058.884765625,211.299758911133,21.9900054931641,9.72547149658203
20180819,18,53,52,15000,13063.8984375,211,22.2981395721436,9.78364276885986
20180820,0,53,52,15000,13071.3935546875,210.907470703125,23.2952442169189,9.5832347869873
20180820,6,53,52,15000,13078.14453125,211.100006103516,22.9046726226807,11.0619630813599
20180820,12,53,52,15000,13091.1083984375,211.699981689453,23.8955955505371,10.0448951721191
20180820,18,53,52,15000,13101.2001953125,211.600006103516,23.9900093078613,9.77232933044434
20180821,0,53,52,15000,13105.80859375,211.100006103516,25.0811080932617,10.9344139099121
20180821,6,53,52,15000,13115.1328125,209.399993896484,24.5880851745605,11.2359371185303
20180821,12,53,52,15000,13133.58203125,207.800003051758,23.5808353424072,12.385214805603
20180821,18,53,52,15000,13161.1533203125,207.100021362305,22.7799968719482,9.77158164978027
20180822,0,53,52,15000,13178.197265625,207.836380004883,23.4600048065186,5.74682378768921
20180822,6,53,52,15000,13172.822265625,209.636383056641,26.9599990844727,0.743232429027557
20180822,12,53,52,15000,13157.2802734375,210.5,29.8756008148193,3.23404788970947
20180822,18,53,52,15000,13150.1572265625,210.370849609375,34.3752899169922,3.22445321083069
20180823,0,53,52,15000,13136.5224609375,210.600006103516,36.6797714233398,3.09865713119507
20180823,6,53,52,15000,13123.44921875,210.613357543945,36.1820297241211,4.87406969070435
20180823,12,53,52,15000,13117.228515625,208.978073120117,35.8800163269043,4.14382076263428
20180823,18,53,52,15000,13102.76953125,208.5,37.2911186218262,-0.357956528663635
20180824,0,53,52,15000,13096.7763671875,208.79997253418,34.1300086975098,-5.73173093795776
20180824,6,53,52,15000,13067.37109375,210.600006103516,27.7277736663818,-8.197509765625
20180824,12,53,52,15000,13029.9970703125,212.100006103516,23.8166999816895,-6.52257347106934
20180824,18,53,52,15000,13007.1640625,213.399993896484,22.5881690979004,-0.636132836341858
20180825,0,53,52,15000,13005.7783203125,214.600006103516,25.8926906585693,3.19413566589355
20180825,6,53,52,15000,13017.6962890625,215.099975585938,26.5922355651855,6.09162616729736
20180825,12,53,52,15000,13030.052734375,215.100006103516,29.1116504669189,7.27701902389526
20180825,18,53,52,15000,13053.5625,214.300003051758,30.4952774047852,8.19064235687256
20180826,0,53,52,15000,13080.5166015625,212.5,32.7194442749023,7.72698020935059
20180826,6,53,52,15000,13101.6328125,211.600006103516,32.6288909912109,10.0971117019653
20180826,12,53,52,15000,13135.013671875,210.706985473633,28.6424617767334,7.36584234237671
20180826,18,53,52,15000,13155.166015625,211.399993896484,24.7111225128174,6.02362060546875
20180827,0,53,52,15000,13166.5888671875,212.399993896484,22.192310333252,4.92397928237915
20180827,6,53,52,15000,13169.83203125,212.79997253418,21.4900093078613,2.99976062774658
20180827,12,53,52,15000,13161.041015625,212.514694213867,23.5852890014648,1.41265869140625
20180827,18,53,52,15000,13141.857421875,212.100006103516,25.8080558776855,-2.36182618141174
20180828,0,53,52,15000,13122.896484375,211.499969482422,26.6855373382568,-3.95918464660645
20180828,6,53,52,15000,13096.400390625,211.699996948242,27.7085399627686,-5.18138694763184
20180828,12,53,52,15000,13071.7041015625,213.5,25.2899971008301,-3.87439703941345
20180828,18,53,52,15000,13067.2236328125,215.800003051758,25.8949737548828,-4.56355237960815
20180829,0,53,52,15000,13047.6787109375,216.79997253418,29.6599044799805,-8.08341598510742
20180829,6,53,52,15000,13014.9716796875,217.239410400391,34.8639221191406,-11.5730247497559
20180829,12,53,52,15000,12971.1865234375,217.300003051758,39.5396728515625,-15.2585153579712
20180829,18,53,52,15000,12919.29296875,217.199996948242,42.9207916259766,-20.1348628997803
20180830,0,53,52,15000,12877.5673828125,216.699996948242,37.5546493530273,-14.9391841888428
20180830,6,53,52,15000,12856.12890625,215.699981689453,32.326717376709,-7.96842527389526
20180830,12,53,52,15000,12860.4736328125,215.282760620117,28.2263469696045,-0.959187030792236
20180830,18,53,52,15000,12891.044921875,214.29997253418,24.2199993133545,5.05579566955566
20180831,0,53,52,15000,12918.4765625,213.887939453125,24.0900020599365,11.1839599609375
20180831,6,53,52,15000,12964.5859375,211.759231567383,23.115550994873,20.2951641082764
20180831,12,53,52,15000,13006.7412109375,208.611175537109,26.8666210174561,17.6004638671875
20180831,18,53,52,15000,13007.0390625,210.820953369141,29.6820507049561,13.8764352798462
20180901,0,53,52,15000,12969.5625,211.999969482422,36.4727783203125,13.644455909729
20180901,6,53,52,15000,12897.6923828125,212.600006103516,40.7999992370605,21.5078125
20180901,12,53,52,15000,12878.78125,212,34.3300094604492,36.6010932922363
20180901,18,53,52,15000,12949.8974609375,210.100006103516,29.0922222137451,48.5116996765137
20180902,0,53,52,15000,13056.10546875,207.5,24.3994636535645,52.2076873779297
20180902,6,53,52,15000,13179.91015625,203.499984741211,18.3719100952148,55.2018203735352
20180902,12,53,52,15000,13294.162109375,198.600006103516,21.3555526733398,44.5190315246582
20180902,18,53,52,15000,13346.767578125,200.100006103516,22.9306259155273,30.624361038208
20180903,0,53,52,15000,13344.8671875,206.399993896484,25.4704780578613,15.0650444030762
20180903,6,53,52,15000,13351.9833984375,213.5,22.0800018310547,17.6487236022949
20180903,12,53,52,15000,13382.58203125,214.800003051758,20.1666412353516,18.4147968292236
20180903,18,53,52,15000,13412.291015625,214.600006103516,21.8644504547119,16.6183471679688
20180904,0,53,52,15000,13426.50390625,214.100006103516,23.6521663665771,12.4803047180176
20180904,6,53,52,15000,13409.107421875,215.499969482422,26.2548675537109,6.2642502784729
20180904,12,53,52,15000,13373.8310546875,216.399993896484,31.6491756439209,5.23122787475586
20180904,18,53,52,15000,13317.4296875,217.29997253418,37.013355255127,4.92819595336914
20180905,0,53,52,15000,13237.740234375,218.199996948242,43.6418609619141,-4.38583517074585
20180905,6,53,52,15000,13134.05859375,221.100006103516,47.6449661254883,-0.213339850306511
20180905,12,53,52,15000,13038.625,221.199996948242,49.4934310913086,5.81494140625
20180905,18,53,52,15000,13011.1689453125,219.5,46.9775085449219,17.9775485992432
20180906,0,53,52,15000,13019.9658203125,215.000045776367,49.8700103759766,18.3120803833008
20180906,6,53,52,15000,13017.974609375,213.300003051758,51.1700057983398,17.0596408843994
20180906,12,53,52,15000,13001.0166015625,212.819427490234,52.8811416625977,13.9309177398682
20180906,18,53,52,15000,12971.17578125,214.5,50.6244773864746,9.75554943084717
20180907,0,53,52,15000,12935.3837890625,216.494216918945,44.5211219787598,8.08181858062744
20180907,6,53,52,15000,12918.2138671875,216.399993896484,42.5912590026855,12.0834302902222
20180907,12,53,52,15000,12906.7783203125,215.300003051758,41.6108245849609,12.7694435119629
20180907,18,53,52,15000,12914.8447265625,215.600006103516,39.7116813659668,13.9874076843262
20180908,0,53,52,15000,12915.04296875,216.199981689453,41.5816879272461,16.0453567504883
20180908,6,53,52,15000,12913.9384765625,216.199996948242,40.6100082397461,21.3460006713867
20180908,12,53,52,15000,12939.478515625,211.599975585938,37.4111213684082,28.3399887084961
20180908,18,53,52,15000,12979.912109375,207.599975585938,39.0625152587891,24.0707836151123
20180909,0,53,52,15000,12955.0537109375,206.199981689453,45.1868133544922,24.2113933563232
20180909,6,53,52,15000,12942.3779296875,205.399993896484,46.2836608886719,27.5968399047852
20180909,12,53,52,15000,12938.17578125,205.899993896484,43.81103515625,33.4127311706543
20180909,18,53,52,15000,12987.6787109375,206,42.6900177001953,31.9179534912109
20180910,0,53,52,15000,13029.67578125,206.399993896484,44.9800148010254,28.7466449737549
20180910,6,53,52,15000,13040.1201171875,206.161087036133,49.3777847290039,28.6138153076172
20180910,12,53,52,15000,13042.24609375,205,53.2809944152832,24.7734756469727
20180910,18,53,52,15000,13060.4189453125,204.600006103516,57.1160163879395,13.7010669708252
20180911,0,53,52,15000,13080.173828125,205.338912963867,54.5300254821777,12.5125761032104
20180911,6,53,52,15000,13115.6328125,208.800003051758,45.5480194091797,6.37164068222046
20180911,12,53,52,15000,13109.333984375,213.199996948242,37.3300132751465,3.14030027389526
20180911,18,53,52,15000,13090.7001953125,216.327728271484,33.390567779541,2.38651132583618
20180912,0,53,52,15000,13068.552734375,217.346603393555,34.2952880859375,1.99753904342651
20180912,6,53,52,15000,13057.5498046875,216.791015625,33.7952842712402,1.76886713504791
20180912,12,53,52,15000,13022.5078125,215.346145629883,34.977710723877,1.33372807502747
20180912,18,53,52,15000,12998.107421875,213.7275390625,35.8742370605469,1.90664792060852
20180913,0,53,52,15000,12987.0400390625,211.431686401367,37.056095123291,4.89225101470947
20180913,6,53,52,15000,12998.416015625,209.321929931641,35.735782623291,8.30643558502197
20180913,12,53,52,15000,13017.9541015625,208.499969482422,32.2036628723145,6.08992671966553
20180913,18,53,52,15000,13050.93359375,210.699996948242,28.6495628356934,6.7044825553894
20180914,12,53,52,15000,13119.333984375,217.202484130859,15.7649850845337,5.3859715461731
20180914,18,53,52,15000,13142.2412109375,219,12.6141481399536,6.2208251953125
20180915,0,53,52,15000,13168.21875,220,14.6800117492676,4.81241941452026
20180915,6,53,52,15000,13185.943359375,220.699996948242,16.4870338439941,4.17456531524658
20180915,12,53,52,15000,13187.291015625,221.099975585938,17.2941913604736,3.03296637535095
20180915,18,53,52,15000,13179.97265625,221.431686401367,20.7699089050293,0.213693842291832
20180916,0,53,52,15000,13154.0283203125,221.385284423828,22.1625862121582,-2.98591065406799
20180916,12,53,52,15000,13029.44921875,220.638916015625,27.3926105499268,-9.57748985290527
20180916,18,53,52,15000,12979.0498046875,217,25.1236991882324,-8.78725051879883
20180917,0,53,52,15000,12964.5947265625,213.199996948242,17.5008373260498,2.8078441619873
20180917,6,53,52,15000,13020.478515625,210.800003051758,7.11751461029053,19.132194519043
20180917,12,53,52,15000,13107.599609375,209.100006103516,6.69351053237915,26.6693000793457
20180917,18,53,52,15000,13180.224609375,211.199981689453,15.5540523529053,21.6484127044678
20180918,0,53,52,15000,13194.59765625,213.79997253418,25.8491306304932,14.7238206863403
20180918,6,53,52,15000,13177.9775390625,217.699996948242,31.2737712860107,10.9327611923218
20180918,12,53,52,15000,13148.1953125,218,33.3532485961914,12.094557762146
20180918,18,53,52,15000,13150.130859375,216.199996948242,33.6659049987793,15.8125295639038
20180919,0,53,52,15000,13161.28125,215.036346435547,34.1255531311035,18.2053775787354
20180919,6,53,52,15000,13202.00390625,214.399993896484,31.2765502929688,20.4286785125732
20180919,12,53,52,15000,13233.1611328125,212.920166015625,32.47314453125,16.7576885223389
20180919,18,53,52,15000,13244.8251953125,214.103225708008,31.799732208252,8.6525707244873
20180920,0,53,52,15000,13244.744140625,216.655059814453,30.1949844360352,4.7142505645752
20180920,6,53,52,15000,13241.8251953125,218,27.3796920776367,4.09186744689941
20180920,12,53,52,15000,13226.736328125,218.300018310547,28.3783512115479,4.64209461212158
20180920,18,53,52,15000,13219.78515625,218.300003051758,29.1696510314941,6.61626958847046
20180921,0,53,52,15000,13196.3798828125,217.600006103516,34.3783340454102,9.38508033752441
20180921,6,53,52,15000,13156.052734375,217.024459838867,35.2607955932617,12.8611326217651
20180921,12,53,52,15000,13105.5283203125,215.918899536133,35.3232116699219,19.1911296844482
20180921,18,53,52,15000,13121.7666015625,214.699996948242,29.4158515930176,25.7932910919189
20180922,0,53,52,15000,13171.875,213.824462890625,24.9174995422363,29.4071769714355
20180922,6,53,52,15000,13240.40625,214.578079223633,21.3545513153076,31.182445526123
20180922,12,53,52,15000,13296.5546875,214.800003051758,21.1092090606689,26.6809787750244
20180922,18,53,52,15000,13338.91015625,216.800003051758,20.0342121124268,19.8701782226563
20180923,0,53,52,15000,13360.6083984375,217.800003051758,21.8081302642822,14.4254903793335
20180923,6,53,52,15000,13364.8740234375,219.100006103516,21.3670635223389,11.7198066711426
20180923,12,53,52,15000,13359.5048828125,219.800003051758,22.5721092224121,10.624137878418
20180923,18,53,52,15000,13371.90234375,219,23.9306831359863,11.89208984375
20180924,0,53,52,15000,13385.43359375,216.600006103516,29.1269378662109,9.58349609375
20180924,6,53,52,15000,13377.37890625,214.699996948242,33.9196357727051,9.77828884124756
20180924,12,53,52,15000,13362.5712890625,213.300003051758,36.4232521057129,8.29159164428711
20180924,18,53,52,15000,13372.6728515625,212.789993286133,37.3508377075195,7.56523418426514
20180925,0,53,52,15000,13393.3896484375,212.008148193359,38.2289657592773,6.95883798599243
20180925,6,53,52,15000,13413.4912109375,214.100006103516,38.8759803771973,3.16279053688049
20180925,12,53,52,15000,13414.8828125,215.399993896484,41.0452003479004,-2.25128650665283
20180925,18,53,52,15000,13405.837890625,217.199996948242,39.97412109375,-7.41726541519165
20180926,0,53,52,15000,13391.119140625,217.899993896484,41.3200645446777,-6.85521984100342
20180926,6,53,52,15000,13384.2412109375,218.895629882813,35.493968963623,-6.3405909538269
20180926,12,53,52,15000,13366.0166015625,218.685638427734,33.0082168579102,-0.901894509792328
20180926,18,53,52,15000,13382.802734375,218.458038330078,28.8741645812988,1.22724115848541
20180927,0,53,52,15000,13398.951171875,218.106246948242,28.0780715942383,2.03065419197083
20180927,6,53,52,15000,13417.4296875,217,25.1296291351318,1.86676025390625
20180927,12,53,52,15000,13416.943359375,216.999969482422,24.0125350952148,-1.98115718364716
20180927,18,53,52,15000,13426.2578125,217.699996948242,21.8628921508789,-4.49136734008789
20180928,0,53,52,15000,13434.8173828125,218.199996948242,21.4897289276123,-5.18323707580566
20180928,6,53,52,15000,13442.9189453125,218.699996948242,18.9405708312988,-8.02232456207275
20180928,12,53,52,15000,13436.8779296875,219.399993896484,19.2517852783203,-10.3184671401978
20180928,18,53,52,15000,13445.05859375,219.499969482422,18.7777881622314,-10.4419822692871
20180929,0,53,52,15000,13448.611328125,219.5,18.875316619873,-11.0875053405762
20180929,6,53,52,15000,13454.181640625,219.5,19.5719795227051,-9.7572193145752
20180929,12,53,52,15000,13459.7548828125,219.100006103516,20.0753879547119,-9.12458229064941
20180929,18,53,52,15000,13481.013671875,218.695556640625,19.6769771575928,-8.43468952178955
20180930,0,53,52,15000,13508.2099609375,218.399993896484,19.3749809265137,-6.78801012039185
20180930,6,53,52,15000,13535.205078125,217.359451293945,16.7925052642822,-5.97781229019165
20180930,12,53,52,15000,13536.919921875,217.79997253418,13.9895067214966,-7.11826419830322
20180930,18,53,52,15000,13541.1904296875,219.099975585938,10.5673828125,-10.3818845748901
20181001,0,53,52,15000,13535.7734375,221.300003051758,8.21137237548828,-11.5766258239746
20181001,6,53,52,15000,13512.4560546875,223.399993896484,9.40335178375244,-13.4887790679932
20181001,12,53,52,15000,13478.587890625,226.199981689453,9.86335754394531,-10.9001522064209
20181001,18,53,52,15000,13463.8720703125,226.899993896484,9.0418758392334,-11.252477645874
20181002,0,53,52,15000,13460.0234375,227.600006103516,11.3179197311401,-10.6165380477905
20181002,6,53,52,15000,13453.396484375,226.899993896484,8.48923587799072,-9.82573699951172
20181002,12,53,52,15000,13428.1787109375,227.438919067383,9.29261016845703,-9.70359897613525
20181002,18,53,52,15000,13406.912109375,227.399993896484,8.70664596557617,-9.18950176239014
20181003,0,53,52,15000,13384.34765625,228.244094848633,10.3910131454468,-7.27728509902954
20181003,6,53,52,15000,13357.69140625,227.899993896484,11.9686107635498,-5.44267082214355
20181003,12,53,52,15000,13325.2109375,227.600006103516,15.5605688095093,-3.12820792198181
20181003,18,53,52,15000,13308.2099609375,227.338912963867,20.33056640625,-6.06501722335815
20181004,0,53,52,15000,13294.177734375,226.621917724609,23.4794502258301,1.09501469135284
20181004,6,53,52,15000,13322.6015625,225.100006103516,22.7599220275879,11.3916797637939
20181004,12,53,52,15000,13353.8037109375,223.314697265625,24.6094551086426,9.51163101196289
20181004,18,53,52,15000,13382.37890625,221.007476806641,24.0553302764893,6.25835227966309
20181005,0,53,52,15000,13378.5908203125,219.046142578125,26.7271003723145,1.47110593318939
20181005,6,53,52,15000,13359.6083984375,219.100006103516,31.5628681182861,1.91822016239166
20181005,12,53,52,15000,13312.09765625,218.29997253418,39.9397430419922,4.79914808273315
20181005,18,53,52,15000,13299.4970703125,217.5,39.9366569519043,4.8365159034729
20181006,0,53,52,15000,13292.7685546875,214.699996948242,45.109375,3.46964120864868
20181006,6,53,52,15000,13282.8037109375,212.453887939453,48.197078704834,2.16627931594849
20181006,12,53,52,15000,13247.66796875,210.899993896484,49.1712684631348,-2.54124021530151
20181006,18,53,52,15000,13234.2109375,211.348922729492,48.6730270385742,-3.23243165016174
20181007,0,53,52,15000,13246.26953125,210.478073120117,41.4649848937988,1.54822385311127
20181007,6,53,52,15000,13282.4453125,209.821929931641,34.5140724182129,2.47210693359375
20181007,12,53,52,15000,13283.69140625,209.800003051758,29.515323638916,-1.79353642463684
20181007,18,53,52,15000,13287.8779296875,209.721893310547,30.5497016906738,-6.88497304916382
20181008,0,53,52,15000,13273.3154296875,211,30.0456123352051,-10.9524021148682
20181008,6,53,52,15000,13244.0703125,211.999969482422,29.7814846038818,-13.2616996765137
20181008,12,53,52,15000,13204.1572265625,213.300003051758,29.1825790405273,-13.5819187164307
20181008,18,53,52,15000,13194.177734375,214.800003051758,31.0409374237061,-10.7778663635254
20181009,0,53,52,15000,13201.150390625,216.399749755859,32.189510345459,-7.96164083480835
20181009,6,53,52,15000,13234.0947265625,219.600006103516,30.1174774169922,-2.52677249908447
20181009,12,53,52,15000,13249.0703125,221.999969482422,28.4075565338135,-5.06447744369507
20181009,18,53,52,15000,13260.1484375,223.407470703125,28.4399509429932,-7.75098133087158
20181010,0,53,52,15000,13252.1904296875,224.738891601563,31.4752635955811,-9.74381828308105
20181010,6,53,52,15000,13228.4609375,225.600006103516,34.6863708496094,-10.4837675094604
20181010,12,53,52,15000,13193.4560546875,226,42.5633316040039,-3.72423577308655
20181010,18,53,52,15000,13243.55078125,223.899993896484,41.1614418029785,6.1327977180481
20181011,0,53,52,15000,13319.482421875,222.906982421875,40.1701965332031,-2.85600829124451
20181011,6,53,52,15000,13355.9453125,224.100006103516,39.155216217041,-2.82801747322083
20181011,12,53,52,15000,13365.486328125,224.100006103516,36.7100830078125,-5.64652347564697
20181011,18,53,52,15000,13386.490234375,223.699981689453,33.7006683349609,-6.67785167694092
20181012,0,53,52,15000,13392.791015625,224.599975585938,28.9133796691895,-7.95794439315796
20181012,6,53,52,15000,13387.4365234375,225.600006103516,25.7165145874023,-6.248779296875
20181012,12,53,52,15000,13367.041015625,225.600006103516,24.4634399414063,0.0508349612355232
20181012,18,53,52,15000,13375.51953125,224,27.3984031677246,-1.7903710603714
20181013,0,53,52,15000,13361.0361328125,222.699752807617,31.5614471435547,-5.46606922149658
20181013,6,53,52,15000,13338.767578125,222.146118164063,36.6279830932617,-1.85905027389526
20181013,12,53,52,15000,13311.603515625,221.399993896484,38.671745300293,3.66269540786743
20181013,18,53,52,15000,13324.400390625,219.399993896484,38.3661727905273,6.7433934211731
20181014,0,53,52,15000,13350.3291015625,216.800003051758,37.6945457458496,4.56712913513184
20181014,6,53,52,15000,13376.1572265625,215.100006103516,35.0787620544434,1.21446287631989
20181014,12,53,52,15000,13371.03125,213.699996948242,35.6785087585449,-1.161376953125
20181014,18,53,52,15000,13389.2626953125,212.5,33.7474098205566,-0.173310548067093
20181015,0,53,52,15000,13422.8759765625,208.800003051758,33.6788711547852,-3.11445808410645
20181015,6,53,52,15000,13427.205078125,208.199996948242,29.998254776001,-11.1743745803833
20181015,12,53,52,15000,13400.380859375,210.517242431641,25.9245719909668,-18.8344879150391
20181015,18,53,52,15000,13354.412109375,211.5,25.0104789733887,-28.3888626098633
20181016,0,53,52,15000,13303.6220703125,214.300003051758,28.8753147125244,-32.7641372680664
20181016,6,53,52,15000,13237.255859375,216.099975585938,26.8744964599609,-36.2328071594238
20181016,12,53,52,15000,13151.798828125,218.199996948242,28.0236587524414,-38.7841987609863
20181016,18,53,52,15000,13112.1015625,218.899993896484,30.4583473205566,-35.6855697631836
20181017,0,53,52,15000,13099.21875,217.899993896484,33.1314811706543,-37.7928771972656
20181017,6,53,52,15000,13076.0439453125,217.106979370117,34.0430793762207,-33.3759613037109
20181017,12,53,52,15000,13086.181640625,218.29997253418,37.5335693359375,-27.764554977417
20181017,18,53,52,15000,13119.9150390625,219.232131958008,36.6115951538086,-27.9206867218018
20181018,0,53,52,15000,13162.224609375,220.136383056641,35.3111000061035,-27.123987197876
20181018,6,53,52,15000,13208.61328125,222.699996948242,31.5583419799805,-21.3650321960449
20181018,12,53,52,15000,13247.1513671875,223.899993896484,27.7725219726563,-13.1642875671387
20181018,18,53,52,15000,13291.7041015625,222.5,24.5687522888184,-12.6914110183716
20181019,0,53,52,15000,13337.64453125,220.899993896484,25.9895305633545,-10.9858207702637
20181019,6,53,52,15000,13360.2470703125,218,28.5052738189697,-10.6434030532837
20181019,18,53,52,15000,13365.1513671875,216.796539306641,27.8505744934082,-17.320463180542
20181020,0,53,52,15000,13377.0634765625,217.100006103516,27.293285369873,-16.9086322784424
20181020,6,53,52,15000,13373.201171875,217.800003051758,25.4906158447266,-15.8831300735474
20181020,12,53,52,15000,13348.2353515625,217.699996948242,21.791374206543,-15.841100692749
20181020,18,53,52,15000,13339.6796875,218.29997253418,20.5712966918945,-18.2440776824951
20181021,0,53,52,15000,13323.212890625,219.100006103516,19.0906810760498,-18.1100635528564
20181021,6,53,52,15000,13292.2939453125,220.100006103516,15.790563583374,-15.0546951293945
20181021,12,53,52,15000,13256.9873046875,220.338912963867,17.7029228210449,-11.6818876266479
20181021,18,53,52,15000,13252.3271484375,219.399993896484,19.0988006591797,-13.0910005569458
20181022,0,53,52,15000,13258.23828125,219.600006103516,20.1100025177002,-11.5426244735718
20181022,6,53,52,15000,13246.6875,220.664108276367,13.7820730209351,-9.17593288421631
20181022,12,53,52,15000,13217.513671875,223.643112182617,12.5343923568726,-6.13206768035889
20181022,18,53,52,15000,13222.46484375,225.300003051758,12.5707473754883,-1.19289064407349
20181023,0,53,52,15000,13241.0908203125,226.5,13.342209815979,0.665036618709564
20181023,6,53,52,15000,13242.4833984375,226.769287109375,14.2798433303833,0.964704573154449
20181023,12,53,52,15000,13216.6474609375,226.7861328125,17.2105350494385,2.93963861465454
20181023,18,53,52,15000,13213.3154296875,226,19.2881317138672,3.47225594520569
20181024,0,53,52,15000,13198.880859375,224.5,26.6539402008057,5.23305177688599
20181024,6,53,52,15000,13159.0322265625,223.79997253418,36.0756988525391,5.07140636444092
20181024,12,53,52,15000,13084.75,223.784515380859,36.7845573425293,6.97138690948486
20181024,18,53,52,15000,13089.68359375,224.199996948242,32.6712875366211,14.733922958374
20181025,0,53,52,15000,13150.5498046875,223.194778442383,32.6141319274902,20.0669841766357
20181025,6,53,52,15000,13231.8134765625,221.205596923828,31.1024894714355,19.4634456634521
20181025,12,53,52,15000,13253.599609375,220.099975585938,35.1630401611328,10.9414205551147
20181025,18,53,52,15000,13256.888671875,221.8134765625,44.0286521911621,6.81998777389526
20181026,0,53,52,15000,13253.6591796875,220.103469848633,51.0278358459473,6.38266372680664
20181026,6,53,52,15000,13247.232421875,219.870849609375,51.8719711303711,2.94151854515076
20181026,12,53,52,15000,13199.5810546875,220.429153442383,51.5104789733887,-1.63490962982178
20181026,18,53,52,15000,13168.75,221.367385864258,45.2460021972656,-1.09266841411591
20181027,0,53,52,15000,13158.5751953125,221.238922119141,44.9015655517578,1.25321781635284
20181027,6,53,52,15000,13159.9716796875,220.899993896484,44.0554504394531,3.96994137763977
20181027,12,53,52,15000,13150.869140625,220.953369140625,44.4766616821289,5.78805160522461
20181027,18,53,52,15000,13164.5576171875,220.699996948242,42.580005645752,5.82528305053711
20181028,0,53,52,15000,13184.1728515625,220,42.1800003051758,6.61369609832764
20181028,6,53,52,15000,13193.0166015625,219.899978637695,42.7736129760742,6.9486083984375
20181028,12,53,52,15000,13190.08203125,219.800003051758,40.1928749084473,12.9652881622314
20181028,18,53,52,15000,13249.9609375,220.399978637695,31.3176345825195,13.9129495620728
20181029,0,53,52,15000,13300.927734375,221.100006103516,27.7855987548828,9.75268077850342
20181029,6,53,52,15000,13324.478515625,221.999969482422,24.6444206237793,8.07141590118408
20181029,12,53,52,15000,13316.65625,223.099975585938,23.7116146087646,8.2791109085083
20181029,18,53,52,15000,13325.697265625,223.899993896484,23.2341461181641,6.20109367370605
20181030,0,53,52,15000,13320.1904296875,223.399993896484,27.2494449615479,6.76412105560303
20181030,6,53,52,15000,13295.24609375,223.019622802734,31.4706745147705,9.48904323577881
20181030,12,53,52,15000,13266.7646484375,221.307464599609,39.6500129699707,15.3702831268311
20181030,18,53,52,15000,13270.638671875,219,41.257999420166,18.4628562927246
20181031,0,53,52,15000,13274.1650390625,217.214691162109,43.3871574401855,20.5085201263428
20181031,6,53,52,15000,13305.20703125,217.199981689453,39.7833480834961,20.7724170684814
20181031,12,53,52,15000,13328.494140625,217.800003051758,37.9877853393555,16.289213180542
20181031,18,53,52,15000,13355.6962890625,220.100006103516,35.4900741577148,12.6936769485474
20181101,0,53,52,15000,13375.6103515625,221.399993896484,35.9838981628418,13.5020170211792
20181101,6,53,52,15000,13395.39453125,223.100006103516,35.6971740722656,14.6973533630371
20181101,12,53,52,15000,13398.5439453125,224.075531005859,35.4416694641113,14.5669870376587
20181101,18,53,52,15000,13424.0625,224.199996948242,35.9229888916016,15.6189260482788
20181102,0,53,52,15000,13452.99609375,223.600006103516,36.3044281005859,16.4753360748291
20181102,6,53,52,15000,13476.9736328125,223.399993896484,33.5402526855469,15.1957130432129
20181102,12,53,52,15000,13478.9033203125,223.800018310547,29.8177108764648,12.802206993103
20181102,18,53,52,15000,13491.6171875,224.168304443359,27.3307418823242,10.242880821228
20181103,0,53,52,15000,13500.4345703125,225.300003051758,24.0018367767334,9.00198268890381
20181103,6,53,52,15000,13505.041015625,225.300003051758,23.1923809051514,8.76647186279297
20181103,12,53,52,15000,13483.669921875,225.600006103516,25.0372581481934,7.20087623596191
20181103,18,53,52,15000,13459.443359375,225.385299682617,26.682201385498,6.60765647888184
20181104,0,53,52,15000,13436.337890625,226.194534301758,28.0075969696045,9.14108371734619
20181104,6,53,52,15000,13423.412109375,226.199996948242,24.9382133483887,18.1811714172363
20181104,12,53,52,15000,13417.6025390625,222.500030517578,29.4450092315674,28.6307468414307
20181104,18,53,52,15000,13450.7958984375,219.043609619141,26.9031429290771,36.833065032959
20181105,0,53,52,15000,13512.0146484375,213.5,29.1716060638428,38.612663269043
20181105,6,53,52,15000,13559.8935546875,211.104095458984,26.5248928070068,34.6334915161133
20181105,12,53,52,15000,13579.6689453125,210.636383056641,18.7283267974854,28.3614730834961
20181105,18,53,52,15000,13594.61328125,213.600006103516,12.6503467559814,20.8108139038086
20181106,0,53,52,15000,13618.7841796875,216.199996948242,9.63000202178955,14.9900979995728
20181106,6,53,52,15000,13625.2626953125,218.363647460938,8.95601558685303,8.42095470428467
20181106,12,53,52,15000,13610.5302734375,221.090179443359,7.6156907081604,3.97197270393372
20181106,18,53,52,15000,13598.8701171875,222.682861328125,7.40073728561401,-1.79028558731079
20181107,0,53,52,15000,13597.4716796875,224.600006103516,7.9154224395752,-3.43219470977783
20181107,6,53,52,15000,13583.09375,226.300003051758,7.56307363510132,-5.31225824356079
20181107,12,53,52,15000,13558.9638671875,227.020477294922,8.81061744689941,-7.22932863235474
20181107,18,53,52,15000,13549.7001953125,227.366485595703,7.66293954849243,-7.3883056640625
20181108,0,53,52,15000,13550.4814453125,228.5,8.8733491897583,-8.37465858459473
20181108,6,53,52,15000,13536.177734375,229.5,7.27323007583618,-7.11031723022461
20181108,12,53,52,15000,13519.115234375,230.300003051758,7.88061046600342,-6.09926986694336
20181108,18,53,52,15000,13525.724609375,230,8.65193843841553,-3.89771962165833
20181109,0,53,52,15000,13548.9091796875,229.424468994141,11.5398874282837,-1.10020017623901
20181109,6,53,52,15000,13553.2421875,227.5,15.9379329681396,-0.702355980873108
20181109,12,53,52,15000,13512.458984375,226.199996948242,25.1494979858398,-2.1954517364502
20181109,18,53,52,15000,13464.4833984375,227.800003051758,26.2449531555176,-4.1541895866394
20181110,0,53,52,15000,13410.57421875,232.100006103516,28.5715923309326,-1.86882817745209
20181110,6,53,52,15000,13391.2060546875,233.899993896484,29.1043033599854,3.54072260856628
20181110,12,53,52,15000,13368.87109375,234,27.0548553466797,7.46654033660889
20181110,18,53,52,15000,13386.0771484375,233.699996948242,25.8827781677246,8.66193389892578
20181111,0,53,52,15000,13418.744140625,232.899993896484,26.1237525939941,9.70504188537598
20181111,6,53,52,15000,13447.7236328125,232.199996948242,22.9005126953125,10.0818166732788
20181111,12,53,52,15000,13459.59765625,230.899993896484,21.1586685180664,10.9562816619873
20181111,18,53,52,15000,13479.35546875,229.899993896484,17.9727535247803,7.19040060043335
20181112,0,53,52,15000,13495.236328125,229.399993896484,16.934642791748,3.65187501907349
20181112,6,53,52,15000,13493.4609375,228.899993896484,15.0639305114746,3.07060050964355
20181112,12,53,52,15000,13461.857421875,227.800003051758,16.6652545928955,-0.159335941076279
20181112,18,53,52,15000,13445.556640625,227.300003051758,16.9512901306152,-1.10632932186127
20181113,0,53,52,15000,13431.458984375,226.600006103516,18.8421745300293,-1.9522979259491
20181113,6,53,52,15000,13416.4091796875,226.300003051758,20.0688228607178,-0.712695300579071
20181113,12,53,52,15000,13390.583984375,227.100006103516,21.1615543365479,0.127127081155777
20181113,18,53,52,15000,13394.724609375,226.899978637695,20.2489891052246,1.8196074962616
20181114,0,53,52,15000,13410.4677734375,226.5,20.9489459991455,2.63215017318726
20181114,6,53,52,15000,13414.2783203125,226.100006103516,20.300745010376,1.53234553337097
20181114,12,53,52,15000,13398.798828125,226,22.7936668395996,-0.0703808590769768
20181114,18,53,52,15000,13387.509765625,227.399993896484,23.4050064086914,-3.41830563545227
20181115,0,53,52,15000,13383.1416015625,230,23.8199996948242,-1.82523190975189
20181115,6,53,52,15000,13383.7978515625,231.600006103516,21.90234375,6.1787109375
20181115,12,53,52,15000,13397.2314453125,230.899993896484,20.7315998077393,9.86418724060059
20181115,18,53,52,15000,13415.462890625,230.100006103516,22.6027641296387,4.4737868309021
20181116,0,53,52,15000,13416.6796875,231.300003051758,23.3641777038574,2.90999269485474
20181116,6,53,52,15000,13402.48828125,232.01887512207,23.789623260498,5.83812999725342
20181116,12,53,52,15000,13391.375,231.041961669922,26.5437526702881,6.79886245727539
20181116,18,53,52,15000,13395.134765625,230.600921630859,26.7659149169922,5.80228996276855
20181117,0,53,52,15000,13401.0048828125,229.410003662109,26.7158641815186,2.82769775390625
20181117,6,53,52,15000,13381.5498046875,229.800003051758,26.9691486358643,-0.847531735897064
20181117,12,53,52,15000,13333.3212890625,231.670852661133,27.2702751159668,-0.938544929027557
20181117,18,53,52,15000,13312.59765625,232,24.4876365661621,1.69273924827576
20181118,0,53,52,15000,13318.521484375,231.5,24.6107940673828,1.42683589458466
20181118,6,53,52,15000,13310.8271484375,231.399993896484,25.3044509887695,3.71882319450378
20181118,12,53,52,15000,13281.6123046875,231.300003051758,24.2435550689697,4.30228042602539
20181118,18,53,52,15000,13279.4091796875,230.5,23.8771438598633,6.75876951217651
20181119,0,53,52,15000,13288.1826171875,230.399993896484,23.7965888977051,7.87672853469849
20181119,6,53,52,15000,13287.9814453125,229.392532348633,23.7128524780273,9.83728504180908
20181119,12,53,52,15000,13258.9345703125,227.5,27.0741310119629,9.99643802642822
20181119,18,53,52,15000,13234.0615234375,222.79997253418,30.080005645752,11.3517160415649
20181120,0,53,52,15000,13225.5126953125,219.814697265625,28.0685081481934,15.956018447876
20181120,6,53,52,15000,13273.0810546875,222.846115112305,21.295690536499,18.2323150634766
20181120,12,53,52,15000,13300.35546875,224.699996948242,22.4955558776855,13.2901296615601
20181120,18,53,52,15000,13340.0126953125,224.899993896484,21.7946949005127,11.3355617523193
20181121,0,53,52,15000,13365.693359375,223.300003051758,23.3755588531494,12.3560256958008
20181121,6,53,52,15000,13380.9384765625,223.29997253418,28.0600032806396,10.2445116043091
20181121,12,53,52,15000,13346.23828125,223.28645324707,33.8999938964844,10.8141946792603
20181121,18,53,52,15000,13334.4853515625,222.29997253418,35.5976028442383,12.0520210266113
20181122,0,53,52,15000,13351.462890625,221.29997253418,34.3892555236816,15.3218994140625
20181122,6,53,52,15000,13349.3583984375,221.646606445313,36.3966026306152,11.9946537017822
20181122,12,53,52,15000,13317.947265625,221.29997253418,36.1767463684082,13.5812797546387
20181122,18,53,52,15000,13311.6611328125,219.800003051758,35.6900024414063,12.8841257095337
20181123,0,53,52,15000,13317.494140625,217.499969482422,37.507152557373,11.0195064544678
20181123,6,53,52,15000,13329.9150390625,215.29997253418,33.3933334350586,17.2622604370117
20181123,12,53,52,15000,13341.0625,213.193023681641,32,15.5845699310303
20181123,18,53,52,15000,13357.4150390625,213.800003051758,32.9755554199219,8.73844242095947
20181124,0,53,52,15000,13366.2236328125,215.100006103516,33.9822273254395,4.8604736328125
20181124,6,53,52,15000,13354.0751953125,217.300003051758,31.8812637329102,4.91999244689941
20181124,12,53,52,15000,13330.1474609375,218.599975585938,32.2797622680664,3.90458989143372
20181124,18,53,52,15000,13334.3271484375,220.199996948242,31.7705631256104,2.10432362556458
20181125,0,53,52,15000,13344.4912109375,221.300003051758,31.7790279388428,1.33351075649261
20181125,6,53,52,15000,13355.5927734375,221.699996948242,30.4792556762695,0.164492189884186
20181125,12,53,52,15000,13347.337890625,221.399993896484,29.8986434936523,-1.63171148300171
20181125,18,53,52,15000,13354.09375,221.100006103516,28.3930110931396,-5.19743394851685
20181126,0,53,52,15000,13361.865234375,220.988067626953,27.6707706451416,-7.39384269714355
20181126,6,53,52,15000,13353.53515625,221.600006103516,27.6772480010986,-9.26179218292236
20181126,12,53,52,15000,13341.681640625,222.5,27.4833278656006,-11.1471681594849
20181126,18,53,52,15000,13333.7783203125,223.899993896484,25.1253986358643,-12.412971496582
20181127,0,53,52,15000,13325.427734375,225.500030517578,25.6057052612305,-13.3001518249512
20181127,6,53,52,15000,13306.9853515625,227.394729614258,24.6363716125488,-13.2978858947754
20181127,12,53,52,15000,13267.353515625,228.300003051758,23.8866844177246,-9.4024829864502
20181127,18,53,52,15000,13243.5009765625,227.800003051758,27.0977153778076,-8.97729206085205
20181128,0,53,52,15000,13227.3310546875,226.300003051758,29.0108280181885,-7.84722185134888
20181128,6,53,52,15000,13211.1484375,224.987213134766,29.9720878601074,-4.17273902893066
20181128,12,53,52,15000,13186.9189453125,223.347457885742,34.2946472167969,-4.84123516082764
20181128,18,53,52,15000,13195.267578125,221.399993896484,37.5992851257324,-6.28179931640625
20181129,0,53,52,15000,13200.7412109375,220.199996948242,39.2081298828125,-10.2321290969849
20181129,6,53,52,15000,13197.443359375,220.5,37.8906097412109,-10.0162010192871
20181129,12,53,52,15000,13191.5087890625,219.77278137207,40.1917152404785,-11.8788204193115
20181129,18,53,52,15000,13203.375,219.100006103516,41.079174041748,-14.6446952819824
20181130,0,53,52,15000,13197.45703125,218.631927490234,42.2975692749023,-18.1629276275635
20181130,6,53,52,15000,13165.8037109375,219.199996948242,42.4714698791504,-16.7171001434326
20181130,12,53,52,15000,13123.9375,219.034454345703,44.2968521118164,-13.9498291015625
20181130,18,53,52,15000,13141.4384765625,219.300003051758,39.5593376159668,-6.0716552734375
20181201,0,53,52,15000,13164.4228515625,221.199996948242,36.0096893310547,-5.90334939956665
20181201,6,53,52,15000,13154.7509765625,222.600006103516,33.2333679199219,-0.143886715173721
20181201,12,53,52,15000,13158.81640625,223.100006103516,31.7174072265625,11.8355226516724
20181201,18,53,52,15000,13229.6015625,223,32.787784576416,15.1755466461182
20181202,0,53,52,15000,13271.7578125,222.100006103516,38.0640640258789,13.2655391693115
20181202,6,53,52,15000,13280.3125,221.100006103516,38.2953338623047,14.4316701889038
20181202,12,53,52,15000,13285.419921875,219.590408325195,36.8363227844238,12.9733304977417
20181202,18,53,52,15000,13284.087890625,219.346481323242,35.6449966430664,8.73704624176025
20181203,0,53,52,15000,13284.9326171875,218.899993896484,34.3227157592773,7.63843727111816
20181203,6,53,52,15000,13254.2314453125,218.665557861328,34.1878700256348,3.98762202262878
20181203,12,53,52,15000,13198.0986328125,218.699859619141,35.7562026977539,-3.1208324432373
20181203,18,53,52,15000,13149.0498046875,218.912796020508,31.1332035064697,-7.19493913650513
20181204,0,53,52,15000,13106.2978515625,219.205535888672,27.4103622436523,-9.53966808319092
20181204,6,53,52,15000,13059.3525390625,218.601684570313,21.2208366394043,-9.12642097473145
20181204,12,53,52,15000,13010.802734375,217.899993896484,13.6881790161133,-7.12985849380493
20181204,18,53,52,15000,13003.54296875,217.602905273438,5.63752460479736,-3.27278566360474
20181205,0,53,52,15000,13010.4765625,216.973541259766,1.83740234375,5.11405515670776
20181205,6,53,52,15000,13041.2548828125,215.899993896484,-2.62392568588257,12.3871650695801
20181205,12,53,52,15000,13080.30859375,213.600006103516,-5.59612560272217,21.9706935882568
20181205,18,53,52,15000,13164.9814453125,211.199996948242,-4.99540758132935,27.6543846130371
20181206,0,53,52,15000,13256.205078125,209.199996948242,-4.47869157791138,30.8132133483887
20181206,6,53,52,15000,13359.0859375,209.985961914063,-3.81497073173523,28.5774955749512
20181206,12,53,52,15000,13430.7666015625,210.5,0.843007802963257,25.4169578552246
20181206,18,53,52,15000,13509.5791015625,210.696243286133,1.35671389102936,21.2873039245605
20181207,0,53,52,15000,13574.4921875,210.318939208984,6.2631688117981,14.7510719299316
20181207,6,53,52,15000,13606.8310546875,211.79997253418,10.6514139175415,11.3182125091553
20181207,12,53,52,15000,13599.1240234375,212.284912109375,13.3827829360962,9.60389137268066
20181207,18,53,52,15000,13606.7548828125,212.490524291992,15.5728368759155,8.51616954803467
20181208,0,53,52,15000,13602.4287109375,214.241363525391,19.5507545471191,5.57205057144165
20181208,6,53,52,15000,13586.2939453125,216.199996948242,22.1814308166504,9.19651889801025
20181208,12,53,52,15000,13567.5166015625,215.728637695313,20.7818450927734,12.3018846511841
20181208,18,53,52,15000,13572.375,215.000030517578,19.1817970275879,12.4623117446899
20181209,0,53,52,15000,13589.9560546875,213.600006103516,19.060583114624,9.37668704986572
20181209,6,53,52,15000,13584.0322265625,214,22.1240139007568,4.19904804229736
20181209,12,53,52,15000,13544.2353515625,215.300003051758,25.2756462097168,0.0901293978095055
20181209,18,53,52,15000,13513.400390625,216.399993896484,27.7059421539307,-2.52572274208069
20181210,0,53,52,15000,13485.509765625,217.343902587891,31.2186183929443,-2.77013683319092
20181210,6,53,52,15000,13444.1865234375,218.399993896484,29.6670703887939,-0.641108393669128
20181210,12,53,52,15000,13403.14453125,220.300003051758,28.5573768615723,2.17344355583191
20181210,18,53,52,15000,13399.2138671875,221,28.298791885376,6.72373676300049
20181211,0,53,52,15000,13427.6171875,220.4599609375,30.5400199890137,11.6001005172729
20181211,6,53,52,15000,13468.9912109375,218.70002746582,32.7255516052246,14.9925003051758
20181211,12,53,52,15000,13514.2060546875,216.308929443359,34.0000038146973,13.2139310836792
20181211,18,53,52,15000,13563.95703125,215.053588867188,35.0109634399414,6.45969009399414
20181212,0,53,52,15000,13599.6015625,215.100006103516,37.9336128234863,-0.749501943588257
20181212,6,53,52,15000,13602.65234375,217.100006103516,35.6116714477539,-6.18523454666138
20181212,12,53,52,15000,13560.5166015625,219.700149536133,30.3074398040771,-10.6943454742432
20181212,18,53,52,15000,13537.8134765625,222.100006103516,29.3941555023193,-12.2445755004883
20181213,0,53,52,15000,13531.76171875,223.100006103516,30.4272975921631,-11.581748008728
20181213,6,53,52,15000,13526.162109375,223.69807434082,30.0399627685547,-10.2589206695557
20181213,12,53,52,15000,13519.8203125,224,31.8400001525879,-11.0875339508057
20181213,18,53,52,15000,13529.537109375,225.150833129883,31.5239410400391,-16.1786079406738
20181214,0,53,52,15000,13529.1728515625,226.799240112305,26.2900009155273,-18.3506889343262
20181214,6,53,52,15000,13494.2841796875,228.100006103516,21.9717903137207,-15.199423789978
20181214,12,53,52,15000,13440.0703125,228.856399536133,20.8176975250244,-12.2216653823853
20181214,18,53,52,15000,13430.7353515625,227.896240234375,18.8200073242188,-7.54229259490967
20181215,0,53,52,15000,13456.041015625,225.100006103516,19.0184059143066,-3.09695076942444
20181215,6,53,52,15000,13485.99609375,222.358032226563,20.0127754211426,-3.7314989566803
20181215,12,53,52,15000,13483.076171875,220.699996948242,21.380012512207,-5.21599388122559
20181215,18,53,52,15000,13490.86328125,219.600006103516,21.5700054168701,-9.5002908706665
20181216,0,53,52,15000,13491.2685546875,219.699996948242,22.9420604705811,-10.3166236877441
20181216,6,53,52,15000,13482.6123046875,219.699996948242,21.670036315918,-10.0381593704224
20181216,12,53,52,15000,13465.8447265625,219.5,22.1491622924805,-9.79338359832764
20181216,18,53,52,15000,13468.4990234375,219.236618041992,21.6787643432617,-12.9842529296875
20181217,0,53,52,15000,13457.3583984375,219.280807495117,21.1588077545166,-14.7814016342163
20181217,6,53,52,15000,13428.8115234375,220.119171142578,19.7356185913086,-16.4755916595459
20181217,12,53,52,15000,13381.2275390625,220.5,20.2865371704102,-20.4765243530273
20181217,18,53,52,15000,13348.06640625,221.899993896484,19.2998390197754,-23.975902557373
20181218,0,53,52,15000,13313.9453125,222.933258056641,15.6075534820557,-23.1826515197754
20181218,6,53,52,15000,13279.3173828125,223.435760498047,13.399977684021,-17.7941112518311
20181218,12,53,52,15000,13246.4638671875,223.699996948242,15.0008888244629,-14.6468410491943
