20180720,0,-22,96,2000,26637.4375,223.117233276367,-24.4575881958008,-0.161865234375
20180720,6,-22,96,2000,26630.177734375,222.600006103516,-23.0699806213379,1.05758786201477
20180720,12,-22,96,2000,26612.5390625,222.100006103516,-23.3752708435059,-1.49664545059204
20180720,18,-22,96,2000,26641.126953125,222.099975585938,-27.0351123809814,-0.746132791042328
20180721,0,-22,96,2000,26644.755859375,222.999969482422,-25.9899921417236,2.02011728286743
20180721,6,-22,96,2000,26628.404296875,222.896270751953,-26.0939865112305,0.841418445110321
20180721,12,-22,96,2000,26624.78515625,223.800003051758,-25.4599952697754,-1.15329098701477
20180721,18,-22,96,2000,26649.744140625,222.199996948242,-26.4799957275391,-1.10603022575378
20180722,0,-22,96,2000,26637.341796875,221.600006103516,-31.1999950408936,2.17996096611023
20180722,6,-22,96,2000,26630.599609375,222.199996948242,-30.8733596801758,1.0487939119339
20180722,12,-22,96,2000,26633.23046875,223.699996948242,-27.755765914917,0.661433100700378
20180722,18,-22,96,2000,26652.5,222.199981689453,-26.7199897766113,0.295383304357529
20180723,0,-22,96,2000,26643.109375,222.499969482422,-27.2299880981445,-1.17369389533997
20180723,6,-22,96,2000,26632.419921875,221.199981689453,-27.9999980926514,0.00369628914631903
20180723,12,-22,96,2000,26608.681640625,222.399993896484,-24.9999923706055,0.335355222225189
20180723,18,-22,96,2000,26645.564453125,222.399993896484,-26.203332901001,1.27121829986572
20180724,0,-22,96,2000,26636.4140625,222.379684448242,-26.3895435333252,0.711347639560699
20180724,6,-22,96,2000,26637.099609375,222.599975585938,-24.5999946594238,2.07122564315796
20180724,12,-22,96,2000,26632.759765625,222.699996948242,-22.6000003814697,-0.599616706371307
20180724,18,-22,96,2000,26648.779296875,222.699996948242,-24.529914855957,-0.559506833553314
20180725,0,-22,96,2000,26641.6328125,222.399993896484,-24.3299980163574,0.569570302963257
20180725,6,-22,96,2000,26622.01953125,222.800003051758,-25.8748264312744,-1.85689699649811
20180725,12,-22,96,2000,26607.015625,223.100006103516,-25.870002746582,-0.0551977530121803
20180725,18,-22,96,2000,26629.57421875,223.5,-24.2399997711182,1.29140865802765
20180726,0,-22,96,2000,26630.96484375,222.199981689453,-24.0994110107422,1.06382322311401
20180726,6,-22,96,2000,26626.755859375,221.600006103516,-23.6700019836426,0.393879383802414
20180726,12,-22,96,2000,26614.4375,222.399993896484,-22.4699993133545,-1.09391605854034
20180726,18,-22,96,2000,26638.66796875,222.199981689453,-23.9697113037109,-0.321235358715057
20180727,0,-22,96,2000,26641.125,221.899978637695,-22.2033081054688,-0.817853987216949
20180727,6,-22,96,2000,26627.990234375,221.899993896484,-20.6032981872559,-1.57452630996704
20180727,12,-22,96,2000,26606.287109375,221.899993896484,-22.0999984741211,-3.04442143440247
20180727,18,-22,96,2000,26639.259765625,221.199981689453,-23.003324508667,-1.46630132198334
20180728,0,-22,96,2000,26614.181640625,220.199996948242,-25.569995880127,-0.446298837661743
20180728,6,-22,96,2000,26592.193359375,221.899993896484,-26.0403060913086,-0.220419928431511
20180728,12,-22,96,2000,26585.955078125,222.600006103516,-24.7930469512939,-1.0602502822876
20180728,18,-22,96,2000,26612.318359375,223,-25.8975830078125,0.408986806869507
20180729,0,-22,96,2000,26630.306640625,221.899993896484,-24.9799957275391,0.314815670251846
20180729,6,-22,96,2000,26613.36328125,222.099975585938,-25,1.60012936592102
20180729,12,-22,96,2000,26607.794921875,223.399978637695,-21.6899948120117,-2.21080803871155
20180729,18,-22,96,2000,26627.822265625,222.199996948242,-24.3832626342773,-1.32668089866638
20180730,0,-22,96,2000,26613.095703125,221.29997253418,-26.7998428344727,1.34656250476837
20180730,6,-22,96,2000,26613.9453125,220.806976318359,-24.1799945831299,1.32197260856628
20180730,12,-22,96,2000,26591.650390625,221.199981689453,-25.0019016265869,-0.726591825485229
20180730,18,-22,96,2000,26620.26953125,222.600006103516,-26.3700008392334,0.233648687601089
20180731,0,-22,96,2000,26613.6328125,222.399978637695,-25.7722091674805,3.54381227493286
20180731,6,-22,96,2000,26606.44921875,223.399978637695,-22.9596633911133,0.956569850444794
20180731,12,-22,96,2000,26596.2578125,222.800003051758,-22.0733413696289,-1.24635493755341
20180731,18,-22,96,2000,26610.056640625,222.499969482422,-23.2696971893311,-0.892421901226044
20180801,0,-22,96,2000,26604.966796875,222.199981689453,-23.3299922943115,0.500700712203979
20180801,6,-22,96,2000,26593.59765625,221.800003051758,-24.5966796875,0.426274418830872
20180801,12,-22,96,2000,26588.0234375,223.600006103516,-24.7199974060059,-0.312402337789536
20180801,18,-22,96,2000,26608.23046875,222.999969482422,-26.999439239502,0.645522475242615
20180802,0,-22,96,2000,26613.328125,223.699996948242,-26.5405960083008,1.37509274482727
20180802,6,-22,96,2000,26615.34765625,222.79997253418,-25.0013256072998,1.00009036064148
20180802,12,-22,96,2000,26597.955078125,221.199981689453,-26.5299968719482,-1.65795660018921
20180802,18,-22,96,2000,26609.845703125,221.100006103516,-30.769983291626,0.240097656846046
20180803,0,-22,96,2000,26617.7421875,222.5,-30.2399997711182,1.15407466888428
20180803,6,-22,96,2000,26623.912109375,222.399993896484,-27.0366096496582,1.36461913585663
20180803,12,-22,96,2000,26609.439453125,221.43212890625,-27.1000003814697,1.22986817359924
20180803,18,-22,96,2000,26644.39453125,221.800003051758,-26.2497367858887,1.90956544876099
20180804,0,-22,96,2000,26632,222.199996948242,-25.2200031280518,-0.405244141817093
20180804,6,-22,96,2000,26632.251953125,221.199981689453,-25.2299957275391,-3.43723392486572
20180804,12,-22,96,2000,26597.89453125,221.499969482422,-25.5998477935791,-3.17635488510132
20180804,18,-22,96,2000,26619.607421875,221,-27.4000053405762,-0.998671889305115
20180805,0,-22,96,2000,26607.51171875,222.300003051758,-26.4635467529297,2.35746574401855
20180805,6,-22,96,2000,26618.54296875,222,-22.4472160339355,0.399946302175522
20180805,12,-22,96,2000,26608.98046875,221.5,-22.1999931335449,-1.48328852653503
20180805,18,-22,96,2000,26626.123046875,220.399993896484,-24.614221572876,-0.447213143110275
20180806,0,-22,96,2000,26612.841796875,221.899993896484,-27.840217590332,1.94043338298798
20180806,6,-22,96,2000,26618.552734375,223,-23.5342292785645,0.684799790382385
20180806,12,-22,96,2000,26616.162109375,223,-19.9802150726318,0.0369323715567589
20180806,18,-22,96,2000,26636.310546875,222.199981689453,-21.688232421875,-1.06553471088409
20180807,0,-22,96,2000,26631.57421875,222.100006103516,-24.4965877532959,0.195040285587311
20180807,6,-22,96,2000,26628.580078125,221.899993896484,-23.203197479248,2.35062861442566
20180807,12,-22,96,2000,26629.4140625,222.899978637695,-21.3887672424316,1.0772180557251
20180807,18,-22,96,2000,26650.185546875,222.399993896484,-22.4969120025635,-0.0242407228797674
20180808,0,-22,96,2000,26643.98828125,222.499969482422,-26.2427349090576,0.4586181640625
20180808,6,-22,96,2000,26635.830078125,222.199981689453,-24.969518661499,3.81136727333069
20180808,12,-22,96,2000,26640.48828125,223.100006103516,-19.5699901580811,0.721560060977936
20180808,18,-22,96,2000,26647.703125,221,-22.9699935913086,-2.85793447494507
20180809,0,-22,96,2000,26627.2265625,221.350738525391,-26.3499984741211,-4.27262210845947
20180809,6,-22,96,2000,26615.45703125,222.399993896484,-28.2713432312012,2.08789801597595
20180809,12,-22,96,2000,26617.439453125,223.499969482422,-20.3899784088135,1.93283939361572
20180809,18,-22,96,2000,26642.67578125,222.300003051758,-18.501672744751,-1.07384765148163
20180810,0,-22,96,2000,26631.568359375,221.699981689453,-21.7699909210205,-3.83006358146667
20180810,6,-22,96,2000,26622.599609375,222.199981689453,-23.1999893188477,-1.29248046875
20180810,12,-22,96,2000,26609.568359375,221.728607177734,-21.899995803833,-1.09560549259186
20180810,18,-22,96,2000,26615.724609375,221.5,-24.2999954223633,1.8247412443161
20180811,0,-22,96,2000,26623.69921875,221.799362182617,-21.3999862670898,-0.152175292372704
20180811,6,-22,96,2000,26614.615234375,221.499969482422,-25.2799625396729,-1.39374756813049
20180811,12,-22,96,2000,26614.669921875,222.199981689453,-25.149995803833,-0.0156127931550145
20180811,18,-22,96,2000,26637.677734375,221,-25.9499835968018,2.10381841659546
20180812,0,-22,96,2000,26627.8046875,222.100006103516,-24.7899932861328,0.872404813766479
20180812,6,-22,96,2000,26631.931640625,221.79997253418,-24.9999942779541,-1.7141125202179
20180812,12,-22,96,2000,26615.234375,221.300003051758,-26.4995174407959,0.419914543628693
20180812,18,-22,96,2000,26649.82421875,222.100006103516,-26.201774597168,-0.830078125
20180813,0,-22,96,2000,26634.3515625,221.399978637695,-27.7499923706055,-0.512764871120453
20180813,6,-22,96,2000,26638.1953125,221.79997253418,-25.0899887084961,3.14523077011108
20180813,12,-22,96,2000,26630.48046875,221.300003051758,-20.7897663116455,-1.22564697265625
20180813,18,-22,96,2000,26646.42578125,220.79997253418,-21.5969352722168,-1.99319577217102
20180814,0,-22,96,2000,26612.412109375,220.5,-23.7765674591064,-3.27233147621155
20180814,6,-22,96,2000,26606.001953125,221.508087158203,-25.2899875640869,-0.897985816001892
20180814,12,-22,96,2000,26584.75,221.300003051758,-21.9799957275391,-0.618317842483521
20180814,18,-22,96,2000,26607.984375,221.899993896484,-21.75,0.350568860769272
20180815,0,-22,96,2000,26602.712890625,221,-22.5999412536621,0.3765649497509
20180815,6,-22,96,2000,26598.7578125,221.600006103516,-23.9999885559082,1.89946532249451
20180815,12,-22,96,2000,26595.84765625,222.699981689453,-20.399995803833,1.40691649913788
20180815,18,-22,96,2000,26647.796875,222.399993896484,-21.2999935150146,0.780488252639771
20180816,0,-22,96,2000,26634.759765625,221.199996948242,-22.6199855804443,0.191489264369011
20180816,6,-22,96,2000,26625.140625,220.699996948242,-23.1201267242432,-1.15215826034546
20180816,12,-22,96,2000,26627.26953125,221.79997253418,-24.2999954223633,-1.39599120616913
20180816,18,-22,96,2000,26650.23828125,221.100006103516,-26.5699920654297,-1.00999271869659
20180817,0,-22,96,2000,26642.84765625,222.100006103516,-26.3700008392334,1.28321290016174
20180817,6,-22,96,2000,26642.560546875,221.399993896484,-25.8899898529053,2.66933107376099
20180817,12,-22,96,2000,26622.671875,220.600006103516,-22.8941593170166,-1.64198482036591
20180817,18,-22,96,2000,26632.19921875,219.899993896484,-25.2999935150146,-1.36428463459015
20180818,0,-22,96,2000,26636.650390625,221.499969482422,-26.1699924468994,-1.41395998001099
20180818,6,-22,96,2000,26623.615234375,220.720504760742,-25.8035163879395,1.84836184978485
20180818,12,-22,96,2000,26610.783203125,220.800003051758,-21.75,-0.581132829189301
20180818,18,-22,96,2000,26605.216796875,220,-25.5274658203125,-0.604689955711365
20180819,0,-22,96,2000,26599.990234375,222.199996948242,-23.1076564788818,0.676098644733429
20180819,6,-22,96,2000,26595.515625,220.100006103516,-22.0900001525879,-0.132966309785843
20180819,12,-22,96,2000,26581.529296875,221.099975585938,-22.4699974060059,-2.46757817268372
20180819,18,-22,96,2000,26609.169921875,221.300003051758,-24.4700031280518,2.26275396347046
20180820,0,-22,96,2000,26602.390625,222.199981689453,-19.9701919555664,0.780371069908142
20180820,6,-22,96,2000,26614.287109375,222.300003051758,-21.4895172119141,-1.4895898103714
20180820,12,-22,96,2000,26599.693359375,219.699981689453,-22.299955368042,-1.46080565452576
20180820,18,-22,96,2000,26609.1328125,220.79997253418,-24.5699977874756,-0.417866200208664
20180821,0,-22,96,2000,26608.25,221.79997253418,-24.5730266571045,-2.55007314682007
20180821,6,-22,96,2000,26610.779296875,221.79997253418,-24.2699928283691,2.69430899620056
20180821,12,-22,96,2000,26595.61328125,221.800003051758,-20.6332664489746,0.136606439948082
20180821,18,-22,96,2000,26609.64453125,221,-23.7242813110352,-1.94079351425171
20180822,0,-22,96,2000,26604.83203125,221.699996948242,-23.8999900817871,-0.962666034698486
20180822,6,-22,96,2000,26601.419921875,221.699996948242,-22.4922256469727,1.87970948219299
20180822,12,-22,96,2000,26587.55078125,221.899993896484,-17.8658256530762,-0.793557107448578
20180822,18,-22,96,2000,26607.654296875,220.199996948242,-19.6499977111816,-2.46612787246704
20180823,0,-22,96,2000,26590.01953125,220.300003051758,-23.0999908447266,-1.36345219612122
20180823,6,-22,96,2000,26583.849609375,219.999969482422,-24.1953506469727,2.50006341934204
20180823,12,-22,96,2000,26580.26171875,220.499969482422,-21.7032642364502,1.05550289154053
20180823,18,-22,96,2000,26603.599609375,220.306976318359,-22.1465911865234,1.13034665584564
20180824,0,-22,96,2000,26595.677734375,220.5,-23.8023090362549,0.606071770191193
20180824,6,-22,96,2000,26588.869140625,219.699981689453,-24.9266891479492,3.45809078216553
20180824,12,-22,96,2000,26580.88671875,220.199996948242,-23.0699882507324,1.72357058525085
20180824,18,-22,96,2000,26616.6640625,220.499969482422,-24.0677642822266,1.03029668331146
20180825,0,-22,96,2000,26622.560546875,221.399993896484,-23.2689571380615,-0.818859875202179
20180825,6,-22,96,2000,26629.6484375,220.699996948242,-22.7699871063232,1.34743404388428
20180825,12,-22,96,2000,26614.009765625,220,-19.9899921417236,-0.917402327060699
20180825,18,-22,96,2000,26621.931640625,219.5,-23.1799945831299,-0.0265991203486919
20180826,0,-22,96,2000,26618.720703125,221.5,-21.7699871063232,-2.13323497772217
20180826,6,-22,96,2000,26621.296875,221.100006103516,-21.4513893127441,0.259138196706772
20180826,12,-22,96,2000,26602.845703125,220.699996948242,-17.7999973297119,-1.48040771484375
20180826,18,-22,96,2000,26619.8125,220.093017578125,-21.4999980926514,-1.26801025867462
20180827,0,-22,96,2000,26606.125,221.399993896484,-23.0673942565918,0.384426265954971
20180827,6,-22,96,2000,26606.265625,220.899993896484,-20.3700008392334,2.30845952033997
20180827,12,-22,96,2000,26603.63671875,219.499969482422,-17.4999904632568,-2.00550770759583
20180827,18,-22,96,2000,26621.962890625,219.5,-21.0688381195068,-3.2326123714447
20180828,0,-22,96,2000,26604.318359375,219.5,-23.8899879455566,-0.365505367517471
20180828,6,-22,96,2000,26593.09765625,220.699996948242,-23.9899845123291,2.48755621910095
20180828,12,-22,96,2000,26589.04296875,221.5,-17.5,0.201428219676018
20180828,18,-22,96,2000,26607.33203125,220.800003051758,-20.8200016021729,-2.52312016487122
20180829,0,-22,96,2000,26606.498046875,220.099975585938,-22.0277767181396,-2.46994495391846
20180829,6,-22,96,2000,26594.427734375,219.29997253418,-22.330005645752,0.45365235209465
20180829,12,-22,96,2000,26578.36328125,220.199996948242,-20.9622249603271,-1.44927740097046
20180829,18,-22,96,2000,26594.9609375,220.300003051758,-22.7499980926514,-0.892204582691193
20180830,0,-22,96,2000,26575.1171875,220.79997253418,-24.6699981689453,0.0600109845399857
20180830,6,-22,96,2000,26593.787109375,220.5,-19.7299861907959,3.5430736541748
20180830,12,-22,96,2000,26586.265625,220.099975585938,-17.621940612793,-1.12241697311401
20180830,18,-22,96,2000,26601.39453125,219.999969482422,-21.1967754364014,-3.21951651573181
20180831,0,-22,96,2000,26579.357421875,219.800003051758,-23.4499893188477,-1.41271245479584
20180831,6,-22,96,2000,26585.3671875,221.099975585938,-21.7049942016602,3.72315073013306
20180831,12,-22,96,2000,26569.564453125,220.399978637695,-16.1999835968018,0.757723391056061
20180831,18,-22,96,2000,26600.107421875,220.699996948242,-20.3999977111816,-2.27897953987122
20180901,0,-22,96,2000,26586.876953125,220.699996948242,-23.4968338012695,-0.800947248935699
20180901,6,-22,96,2000,26583.650390625,220.300003051758,-23.6002178192139,3.4439857006073
20180901,12,-22,96,2000,26568.85546875,219.699981689453,-20.4313869476318,1.13951909542084
20180901,18,-22,96,2000,26595.7578125,220.967864990234,-22.5646095275879,0.0499511733651161
20180902,0,-22,96,2000,26594.88671875,220.899978637695,-24.4782791137695,-1.22020268440247
20180902,6,-22,96,2000,26598.107421875,220.099487304688,-23.452392578125,3.89211416244507
20180902,12,-22,96,2000,26589.984375,220.699981689453,-18.9000015258789,-0.760258793830872
20180902,18,-22,96,2000,26602.97265625,219.300003051758,-22.3813819885254,0.0874609351158142
20180903,0,-22,96,2000,26589.8515625,220.199981689453,-25.0699844360352,-1.11360347270966
20180903,6,-22,96,2000,26592.98046875,221.499969482422,-23.4399871826172,0.407485365867615
20180903,12,-22,96,2000,26590.3671875,219.899993896484,-16.4322128295898,-1.00410640239716
20180903,18,-22,96,2000,26593.498046875,217.300003051758,-19.629997253418,-0.605805635452271
20180904,0,-22,96,2000,26563.669921875,219.899993896484,-24.1599903106689,-2.00853514671326
20180904,6,-22,96,2000,26577.794921875,221.699996948242,-22.8699970245361,1.27982425689697
20180904,12,-22,96,2000,26576.890625,220.599975585938,-14.9667406082153,0.115427248179913
20180904,18,-22,96,2000,26594.017578125,219.29997253418,-18.0337066650391,-2.44017338752747
20180905,0,-22,96,2000,26566.1328125,219.5,-21.9699954986572,0.569169938564301
20180905,6,-22,96,2000,26571.435546875,220.899993896484,-20.0633392333984,2.40521478652954
20180905,12,-22,96,2000,26552.052734375,219.399993896484,-17.7999992370605,-0.489943861961365
20180905,18,-22,96,2000,26574.279296875,219.699996948242,-20.3700008392334,-2.96622800827026
20180906,0,-22,96,2000,26576.9296875,219.79997253418,-22.6999950408936,0.620112299919128
20180906,6,-22,96,2000,26572.275390625,221,-21.3700008392334,3.32858395576477
20180906,12,-22,96,2000,26563.51953125,220.699996948242,-17.5199947357178,0.921896994113922
20180906,18,-22,96,2000,26588.994140625,219.863647460938,-16.3658981323242,-1.07158207893372
20180907,0,-22,96,2000,26559.982421875,218.910003662109,-19.5799980163574,-2.33033442497253
20180907,6,-22,96,2000,26563.056640625,220,-19.3049907684326,1.03456544876099
20180907,12,-22,96,2000,26546.845703125,219.199996948242,-17.169994354248,-0.773393571376801
20180907,18,-22,96,2000,26560.10546875,220.899993896484,-17.6690692901611,0.978476583957672
20180908,0,-22,96,2000,26556.83203125,220.79997253418,-17.0499954223633,-0.13726806640625
20180908,6,-22,96,2000,26545.974609375,220.100006103516,-15.5722141265869,1.46123540401459
20180908,12,-22,96,2000,26525.3203125,219.800003051758,-14.5,-3.43658208847046
20180908,18,-22,96,2000,26554.900390625,219.899978637695,-20.7613887786865,-0.19989013671875
20180909,0,-22,96,2000,26536.91015625,220.599975585938,-20.5999965667725,2.10009765625
20180909,6,-22,96,2000,26545.693359375,220.79997253418,-18.3109836578369,3.60009765625
20180909,12,-22,96,2000,26536.939453125,219.199996948242,-16,-0.39990234375
20180909,18,-22,96,2000,26562.7890625,218.399993896484,-20.7999992370605,-1.00007939338684
20180910,0,-22,96,2000,26539.57421875,219.899978637695,-22.7000007629395,-0.400079339742661
20180910,6,-22,96,2000,26568.744140625,219.29997253418,-21.3999843597412,4.80009746551514
20180910,12,-22,96,2000,26543.400390625,219.099975585938,-17.1999969482422,-0.507757544517517
20180910,18,-22,96,2000,26563.35546875,219.300003051758,-22.7999992370605,-1.39993286132813
20180911,0,-22,96,2000,26550.26953125,221.199981689453,-24.6308841705322,-0.439953625202179
20180911,6,-22,96,2000,26569.45703125,220.600006103516,-21.4999923706055,2.68994140625
20180911,12,-22,96,2000,26548.142578125,221.199981689453,-18.399995803833,-0.816000998020172
20180911,18,-22,96,2000,26573.033203125,219.899993896484,-21.8632926940918,-2.89400887489319
20180912,0,-22,96,2000,26544.939453125,221.699996948242,-24.5900039672852,-1.02973628044128
20180912,6,-22,96,2000,26565.556640625,220.600006103516,-23.3099994659424,1.87745606899261
20180912,12,-22,96,2000,26547.587890625,220.399993896484,-18.2999992370605,-0.434721678495407
20180912,18,-22,96,2000,26574.40234375,220.599975585938,-22.2950286865234,-0.801870107650757
20180913,0,-22,96,2000,26559.525390625,221.300003051758,-23.0915718078613,-1.89989018440247
20180913,6,-22,96,2000,26556.9765625,218.899627685547,-22.6999969482422,1.01312255859375
20180913,12,-22,96,2000,26522.212890625,220.600006103516,-21.9081058502197,0.266748040914536
20180913,18,-22,96,2000,26548.26171875,220.800003051758,-23,0.74066162109375
20180914,12,-22,96,2000,26528.1796875,221.300003051758,-17.7999954223633,0.711431860923767
20180914,18,-22,96,2000,26554.392578125,218.599975585938,-18.377779006958,-0.889453113079071
20180915,0,-22,96,2000,26526.6875,219,-21.3849983215332,1.00007319450378
20180915,6,-22,96,2000,26543.4375,220.300003051758,-21.5999965667725,0.600128173828125
20180915,12,-22,96,2000,26523.072265625,220.199996948242,-15.6961421966553,3.41903686523438
20180915,18,-22,96,2000,26556.32421875,219.399978637695,-14.0000028610229,-1.80014646053314
20180916,0,-22,96,2000,26526.982421875,218.499969482422,-17.6980247497559,-3.77036142349243
20180916,12,-22,96,2000,26518.72265625,220.600006103516,-15.4699954986572,2.00737071037292
20180916,18,-22,96,2000,26540.4296875,219.29997253418,-15.853401184082,0.530546903610229
20180917,0,-22,96,2000,26534.4453125,219.600006103516,-17.1699981689453,-1.82303953170776
20180917,6,-22,96,2000,26533.125,220.300003051758,-20.1700000762939,0.925561547279358
20180917,12,-22,96,2000,26518.54296875,220.599319458008,-18.1599979400635,2.2848949432373
20180917,18,-22,96,2000,26545.4921875,219.199996948242,-17.8050003051758,1.59823000431061
20180918,0,-22,96,2000,26537.419921875,219.300003051758,-14.9699926376343,-1.05628907680511
20180918,6,-22,96,2000,26540.017578125,220.199996948242,-18.571382522583,-2.32861328125
20180918,12,-22,96,2000,26520.255859375,220.29997253418,-20.1999969482422,1.57502436637878
20180918,18,-22,96,2000,26531.091796875,221.100006103516,-18.2699947357178,4.68378400802612
20180919,0,-22,96,2000,26530.23828125,221.199981689453,-13.8699951171875,0.512607395648956
20180919,6,-22,96,2000,26520.8125,220.899978637695,-16.2999973297119,-2.82887697219849
20180919,12,-22,96,2000,26526.494140625,221.199996948242,-20.2499980926514,-2.6597216129303
20180919,18,-22,96,2000,26560.421875,220.099975585938,-21.0665950775146,4.71618890762329
20180920,0,-22,96,2000,26540.7578125,221.099975585938,-14.9700021743774,3.70899415016174
20180920,6,-22,96,2000,26550.017578125,220.899978637695,-15.2699947357178,-1.17923581600189
20180920,12,-22,96,2000,26544.08203125,219.699981689453,-17.5999984741211,-6.30396461486816
20180920,18,-22,96,2000,26560.787109375,219,-22.1041069030762,1.05360102653503
20180921,0,-22,96,2000,26560.2109375,221.399993896484,-17.5699920654297,1.58792972564697
20180921,6,-22,96,2000,26560.41015625,220.5,-17.1600360870361,1.02756953239441
20180921,12,-22,96,2000,26538.9140625,219.399993896484,-17.495267868042,-2.99989628791809
20180921,18,-22,96,2000,26550.51171875,220.036346435547,-20,-1.03983759880066
20180922,0,-22,96,2000,26552.525390625,219.5,-18.1000003814697,-1.97526860237122
20180922,6,-22,96,2000,26539.28515625,219.600006103516,-18.1313819885254,0.966723620891571
20180922,12,-22,96,2000,26517.615234375,219.910034179688,-17.2000007629395,0.0999877899885178
20180922,18,-22,96,2000,26543.01953125,219.899993896484,-16.7000007629395,0.400042712688446
20180923,0,-22,96,2000,26521.607421875,220.800003051758,-16.9999942779541,-2.27238774299622
20180923,6,-22,96,2000,26521.126953125,221,-16.2999992370605,1.04501342773438
20180923,12,-22,96,2000,26519.544921875,221.5,-14.6000032424927,-1.69999384880066
20180923,18,-22,96,2000,26527.7109375,220.199981689453,-17,2.5189208984375
20180924,0,-22,96,2000,26508.419921875,221.600006103516,-15.7999973297119,-1.88106083869934
20180924,6,-22,96,2000,26530.9140625,221.5,-17.7488765716553,0.707556128501892
20180924,12,-22,96,2000,26521.2890625,220.699996948242,-15.1999998092651,-0.318811029195786
20180924,18,-22,96,2000,26536.015625,219.600006103516,-15.9000034332275,1.53385007381439
20180925,0,-22,96,2000,26524.07421875,219.399993896484,-17.7999973297119,-2.89998173713684
20180925,6,-22,96,2000,26535.640625,220,-19.7999744415283,0.900030493736267
20180925,12,-22,96,2000,26509.779296875,219.5,-17.0467338562012,-1.99991452693939
20180925,18,-22,96,2000,26535.20703125,220.999969482422,-17.9999885559082,0.7021484375
20180926,0,-22,96,2000,26524.2421875,220.699996948242,-16.2880439758301,0.336879879236221
20180926,6,-22,96,2000,26518.85546875,219.899978637695,-14.7700004577637,-1.0374413728714
20180926,12,-22,96,2000,26496.630859375,217.899993896484,-15.8100023269653,-1.53226566314697
20180926,18,-22,96,2000,26516.015625,219.699996948242,-16.8999919891357,1.55120360851288
20180927,0,-22,96,2000,26507.984375,219.600006103516,-15.0479297637939,-1.58830320835114
20180927,6,-22,96,2000,26507.67578125,219.191619873047,-16.0999946594238,-0.572805166244507
20180927,12,-22,96,2000,26491.515625,219.300003051758,-16.5299949645996,-2.05286383628845
20180927,18,-22,96,2000,26507.517578125,219.5,-16.3700008392334,4.17777347564697
20180928,0,-22,96,2000,26496.232421875,219,-12.0012178421021,-0.539929211139679
20180928,6,-22,96,2000,26488.900390625,219.199981689453,-16.3999977111816,-1.40866458415985
20180928,12,-22,96,2000,26479.150390625,218.899993896484,-18.5977764129639,-0.418020009994507
20180928,18,-22,96,2000,26507.005859375,220.899993896484,-16.7386054992676,5.54876470565796
20180929,0,-22,96,2000,26498.068359375,219.800003051758,-12.2962522506714,3.20728015899658
20180929,6,-22,96,2000,26503.302734375,220.399978637695,-13.3999977111816,2.22460198402405
20180929,12,-22,96,2000,26494,220,-12.4499998092651,-2.19164061546326
20180929,18,-22,96,2000,26512.328125,219.29997253418,-14.6999998092651,2.15579581260681
20180930,0,-22,96,2000,26498.625,220,-13.1663236618042,-1.01416015625
20180930,6,-22,96,2000,26499.212890625,221.499969482422,-14.157509803772,-0.164892584085464
20180930,12,-22,96,2000,26495.283203125,220.600006103516,-13.0200004577637,-2.8081591129303
20180930,18,-22,96,2000,26496.880859375,220.29997253418,-12.9200000762939,0.800351560115814
20181001,0,-22,96,2000,26484.39453125,221.199996948242,-11.9200000762939,-1.01005375385284
20181001,6,-22,96,2000,26492.80078125,221,-12.1199998855591,-0.403974622488022
20181001,12,-22,96,2000,26493.953125,220.100006103516,-10.5899972915649,-0.827158212661743
20181001,18,-22,96,2000,26507.279296875,219.5,-12.4399976730347,0.515588402748108
20181002,0,-22,96,2000,26491.35546875,221.100006103516,-11.2699975967407,1.52830076217651
20181002,6,-22,96,2000,26503.77734375,219.699996948242,-10.9699897766113,1.87221682071686
20181002,12,-22,96,2000,26497.15234375,218.29997253418,-9.37999725341797,-2.7325975894928
20181002,18,-22,96,2000,26500.732421875,218.611618041992,-13.8499946594238,-0.0468334965407848
20181003,0,-22,96,2000,26494.109375,219.800003051758,-15.2699975967407,-1.0856055021286
20181003,6,-22,96,2000,26490.873046875,219.136032104492,-14.669997215271,2.28065419197083
20181003,12,-22,96,2000,26484.89453125,219.100006103516,-12.0699996948242,0.555295407772064
20181003,18,-22,96,2000,26503.056640625,219.123046875,-13.3699998855591,1.7399560213089
20181004,0,-22,96,2000,26484.931640625,218,-14.0699977874756,-0.912563502788544
20181004,6,-22,96,2000,26495.29296875,218.397247314453,-14.0499830245972,-0.841843247413635
20181004,12,-22,96,2000,26483.529296875,216.899993896484,-14.5852537155151,0.200661614537239
20181004,18,-22,96,2000,26490.1328125,217.300003051758,-16.7699966430664,1.86959719657898
20181005,0,-22,96,2000,26475.01953125,219.184814453125,-16.9700031280518,-0.120310060679913
20181005,6,-22,96,2000,26474.654296875,218.699981689453,-18.3699893951416,1.77422606945038
20181005,12,-22,96,2000,26456.158203125,217.699996948242,-15.0999927520752,0.152314454317093
20181005,18,-22,96,2000,26466.203125,219,-17.6499996185303,0.970266103744507
20181006,0,-22,96,2000,26466.94921875,218.79997253418,-16.2724838256836,-0.286955565214157
20181006,6,-22,96,2000,26465.068359375,218.488922119141,-17.5702857971191,-0.263076186180115
20181006,12,-22,96,2000,26455.578125,219.113525390625,-15.0999927520752,-1.45053219795227
20181006,18,-22,96,2000,26464.921875,219.399993896484,-16.0900001525879,1.48193359375
20181007,0,-22,96,2000,26448.3515625,219.600006103516,-12.6700000762939,-1.41114258766174
20181007,6,-22,96,2000,26441.392578125,219.5,-13.1199951171875,-2.56995105743408
20181007,12,-22,96,2000,26422.984375,219.800003051758,-14.3499975204468,-3.6957471370697
20181007,18,-22,96,2000,26449.15234375,220.800003051758,-14.6899995803833,2.39322757720947
20181008,0,-22,96,2000,26428.21484375,219.800003051758,-8.69999504089355,1.67239260673523
20181008,6,-22,96,2000,26442.279296875,220.800003051758,-9.5500020980835,-1.3657568693161
20181008,12,-22,96,2000,26432.40234375,220.300003051758,-10.5199975967407,-1.7372704744339
20181008,18,-22,96,2000,26457.98828125,220.3466796875,-13.0299997329712,3.09562993049622
20181009,0,-22,96,2000,26426.21484375,221.404571533203,-8.65248775482178,2.22020030021667
20181009,6,-22,96,2000,26447.615234375,221,-7.86999988555908,-0.332836925983429
20181009,12,-22,96,2000,26425.564453125,218,-9.61999988555908,-3.38718748092651
20181009,18,-22,96,2000,26433.0234375,219.600006103516,-15.8699979782104,0.929008781909943
20181010,0,-22,96,2000,26410.755859375,219.699981689453,-12.9699974060059,2.11844730377197
20181010,6,-22,96,2000,26434.697265625,220.899978637695,-10.7899971008301,3.7731249332428
20181010,12,-22,96,2000,26423.765625,219.399993896484,-8.4499979019165,0.112592771649361
20181010,18,-22,96,2000,26451.9765625,218.699996948242,-10.1199998855591,-0.918544948101044
20181011,0,-22,96,2000,26429.1171875,218.800003051758,-12.9699897766113,-2.16794681549072
20181011,6,-22,96,2000,26429.837890625,220.399993896484,-15.1000003814697,3.0155713558197
20181011,12,-22,96,2000,26412.8984375,220.899993896484,-7.89000225067139,1.63177490234375
20181011,18,-22,96,2000,26451.0625,220.999969482422,-7.40000009536743,-1.31967771053314
20181012,0,-22,96,2000,26434.14453125,218.899978637695,-11.4299955368042,-2.57454109191895
20181012,6,-22,96,2000,26444.091796875,219.899978637695,-12.4499950408936,0.575224637985229
20181012,12,-22,96,2000,26433.630859375,219.300003051758,-10.9724903106689,3.13741207122803
20181012,18,-22,96,2000,26446.07421875,219.100006103516,-9.27999496459961,2.1895751953125
20181013,0,-22,96,2000,26432.4765625,220.199981689453,-8.96999549865723,-1.97377443313599
20181013,6,-22,96,2000,26456.529296875,219.79997253418,-11.0000858306885,2.07106924057007
20181013,12,-22,96,2000,26446.9609375,218.5,-8.38239765167236,2.19852042198181
20181013,18,-22,96,2000,26481.421875,219.199996948242,-9.06999969482422,2.13279294967651
20181014,0,-22,96,2000,26470.66796875,219.499969482422,-9.7700023651123,0.523872077465057
20181014,6,-22,96,2000,26479.677734375,218.899978637695,-11.3732423782349,0.820014655590057
20181014,12,-22,96,2000,26454.095703125,218.899993896484,-11.5699977874756,0.375224620103836
20181014,18,-22,96,2000,26481.447265625,220.199996948242,-11.7700023651123,1.63406252861023
20181015,0,-22,96,2000,26473.66015625,220.5,-9.56999492645264,-1.00001704692841
20181015,6,-22,96,2000,26473.125,219.492523193359,-12.3733568191528,-2.35590815544128
20181015,12,-22,96,2000,26439.154296875,218.399978637695,-12.6700000762939,-1.83598875999451
20181015,18,-22,96,2000,26450.8125,219.600006103516,-13.2199974060059,-1.04251956939697
20181016,0,-22,96,2000,26441.470703125,220.300003051758,-13.3500003814697,-3.138671875
20181016,6,-22,96,2000,26446.5,219.5,-15.3899927139282,0.728959977626801
20181016,12,-22,96,2000,26422.462890625,218.800003051758,-11.5,-0.346135258674622
20181016,18,-22,96,2000,26439.07421875,220.199996948242,-13.0000047683716,1.44334959983826
20181017,0,-22,96,2000,26435.39453125,220.599975585938,-11.0900001525879,-2.99667477607727
20181017,6,-22,96,2000,26429.876953125,220.899978637695,-12.5299997329712,-0.08758544921875
20181017,12,-22,96,2000,26431.34765625,220.699996948242,-10.3799953460693,-1.28867924213409
20181017,18,-22,96,2000,26441.302734375,220.699996948242,-9.76998519897461,1.19427001476288
20181018,0,-22,96,2000,26420.443359375,219.399993896484,-8.30000019073486,-2.37208986282349
20181018,6,-22,96,2000,26420.91015625,219.899993896484,-11.1999950408936,-4.29594230651855
20181018,12,-22,96,2000,26393.91796875,219.5,-10.4299955368042,-2.86802744865417
20181018,18,-22,96,2000,26415.2421875,219.699996948242,-9.89999961853027,-0.868901371955872
20181019,0,-22,96,2000,26390.498046875,219.5,-9.22999954223633,-5.01728010177612
20181019,6,-22,96,2000,26380.27734375,220.399978637695,-10.3199996948242,-2.47643065452576
20181019,18,-22,96,2000,26365.546875,219.999969482422,-7.80000019073486,-1.29765629768372
20181020,0,-22,96,2000,26349.09765625,220.399978637695,-5.17925548553467,-2.80799317359924
20181020,6,-22,96,2000,26344.908203125,219.772659301758,-5.3999924659729,-3.18993163108826
20181020,12,-22,96,2000,26318.3359375,218.999969482422,-7.49526596069336,-2.95380854606628
20181020,18,-22,96,2000,26339.435546875,220.499969482422,-5.09999752044678,1.07221186161041
20181021,0,-22,96,2000,26334.130859375,219.899993896484,-3.09998297691345,-1.48518550395966
20181021,6,-22,96,2000,26335.0859375,219.399993896484,-6.17000007629395,-2.63845205307007
20181021,12,-22,96,2000,26333.947265625,218.999969482422,-7.19999742507935,-0.886899411678314
20181021,18,-22,96,2000,26352.552734375,220.300003051758,-7.19999504089355,3.05886960029602
20181022,0,-22,96,2000,26345.58203125,220,-6.89999008178711,0.882084965705872
20181022,6,-22,96,2000,26361.419921875,219.5,-6.75443363189697,2.52532482147217
20181022,12,-22,96,2000,26363.685546875,218.800003051758,-4.90999746322632,0.439606934785843
20181022,18,-22,96,2000,26400.849609375,219.79997253418,-6.69999504089355,2.29925537109375
20181023,0,-22,96,2000,26403.609375,218.499954223633,-7.25,1.67975091934204
20181023,6,-22,96,2000,26403.0390625,218.800003051758,-5.28194808959961,2.3700487613678
20181023,12,-22,96,2000,26400.0234375,218.29997253418,-5.09834718704224,-0.0808325186371803
20181023,18,-22,96,2000,26426.671875,218.600006103516,-6.92834949493408,1.88004887104034
20181024,0,-22,96,2000,26421.85546875,218.199996948242,-4.96999740600586,-0.476513683795929
20181024,6,-22,96,2000,26425.681640625,218.499969482422,-5.16999244689941,-0.329738765954971
20181024,12,-22,96,2000,26409.375,218.199996948242,-4.7700023651123,-1.12485110759735
20181024,18,-22,96,2000,26424.05078125,217.699996948242,-4.8699951171875,0.552138686180115
20181025,0,-22,96,2000,26391.07421875,218.300003051758,-2.63472652435303,-0.576022922992706
20181025,6,-22,96,2000,26394.8359375,218.899993896484,-3.26999521255493,-1.20662355422974
20181025,12,-22,96,2000,26378.5859375,218.399978637695,-1.67473149299622,0.811840832233429
20181025,18,-22,96,2000,26397.38671875,217.5,-0.175268560647964,2.3040087223053
20181026,0,-22,96,2000,26362.880859375,217.800003051758,0.460004895925522,-0.204018548130989
20181026,6,-22,96,2000,26374.712890625,218.899978637695,-1.26999998092651,-0.146582037210464
20181026,12,-22,96,2000,26346.01953125,216.399978637695,-0.970002412796021,3.0259473323822
20181026,18,-22,96,2000,26371.720703125,218.300003051758,1.93000733852386,2.66648435592651
20181027,0,-22,96,2000,26349.4609375,217.300003051758,1.03083002567291,-0.0186181645840406
20181027,6,-22,96,2000,26356.189453125,217.599975585938,-2.3699951171875,0.299619138240814
20181027,12,-22,96,2000,26349.8125,217,-3.74000477790833,1.91040527820587
20181027,18,-22,96,2000,26383.09765625,217.899993896484,-2.25000238418579,4.6521167755127
20181028,0,-22,96,2000,26384.6328125,217.699996948242,-2.66999745368958,2.03348636627197
20181028,6,-22,96,2000,26397.908203125,216.899993896484,-2.66999268531799,-0.0326147451996803
20181028,12,-22,96,2000,26381.10546875,216.800003051758,-4.49000263214111,-1.30589115619659
20181028,18,-22,96,2000,26399.462890625,216.699981689453,-7.46999740600586,-0.168483883142471
20181029,0,-22,96,2000,26386.59765625,217.999969482422,-6.93999290466309,1.77279782295227
20181029,6,-22,96,2000,26399.609375,218.600006103516,-2.29998540878296,1.12130129337311
20181029,12,-22,96,2000,26385.2265625,217.899993896484,-2.94940185546875,-1.87595701217651
20181029,18,-22,96,2000,26403.98828125,218.600006103516,-5.21999979019165,-0.923020005226135
20181030,0,-22,96,2000,26389.109375,218.300003051758,-4.4551100730896,-0.246672362089157
20181030,6,-22,96,2000,26389.58203125,218.699996948242,-4.51682996749878,-0.0453295893967152
20181030,12,-22,96,2000,26392.3828125,218.5,-2.07620120048523,-0.791982412338257
20181030,18,-22,96,2000,26404.30078125,218.800003051758,-3.0394971370697,1.10443353652954
20181031,0,-22,96,2000,26399.84765625,218.599975585938,-3.7806568145752,-2.32022452354431
20181031,6,-22,96,2000,26398.3984375,219.399993896484,-3.70533204078674,-0.344865709543228
20181031,12,-22,96,2000,26392.0390625,219.29997253418,-3.88044929504395,-0.705571293830872
20181031,18,-22,96,2000,26410.859375,219.79997253418,-4.90000009536743,0.866860330104828
20181101,0,-22,96,2000,26410.732421875,219.600006103516,-0.899997532367706,0.810830056667328
20181101,6,-22,96,2000,26402.02734375,219.899978637695,-1.09999692440033,-3.35261225700378
20181101,12,-22,96,2000,26396.890625,218.899993896484,-3.79999685287476,-6.59993886947632
20181101,18,-22,96,2000,26412.630859375,219.199996948242,-6.60000133514404,-0.599938988685608
20181102,0,-22,96,2000,26399.7421875,218.899978637695,-0.90000307559967,0.190057367086411
20181102,6,-22,96,2000,26397.908203125,220.199981689453,-1.69999849796295,-4.99992084503174
20181102,12,-22,96,2000,26392.732421875,218.5,-4.05112171173096,-6.69990253448486
20181102,18,-22,96,2000,26391.751953125,218.899993896484,-6.59999513626099,0.0500537119805813
20181103,0,-22,96,2000,26368.3828125,218.800003051758,-6.10345935821533,-0.680214822292328
20181103,6,-22,96,2000,26378.8125,220.999969482422,-5.81831789016724,0.0555712878704071
20181103,12,-22,96,2000,26386.015625,219,-4.27665042877197,2.59588861465454
20181103,18,-22,96,2000,26414.9375,220.100006103516,-4.08333969116211,3.32237315177917
20181104,0,-22,96,2000,26406.8671875,217.899993896484,-5.10900020599365,0.918037116527557
20181104,6,-22,96,2000,26411.51171875,218.699996948242,-7.86999750137329,1.21758794784546
20181104,12,-22,96,2000,26397.51171875,218.800003051758,-7.97526359558105,0.315136730670929
20181104,18,-22,96,2000,26427.533203125,219,-10.1999988555908,4.20006704330444
20181105,0,-22,96,2000,26397.33203125,216.5,-11.005220413208,3.60004878044128
20181105,6,-22,96,2000,26398.892578125,219.5,-9.71250343322754,2.00001215934753
20181105,12,-22,96,2000,26399.373046875,219.899993896484,-9.81156635284424,-0.5999755859375
20181105,18,-22,96,2000,26425.7421875,218.699996948242,-10.8931121826172,2.00004887580872
20181106,0,-22,96,2000,26394.23828125,217.600006103516,-7.82704162597656,-0.129125982522964
20181106,6,-22,96,2000,26392.572265625,220.5,-7.70773935317993,-3.29993891716003
20181106,12,-22,96,2000,26394.279296875,219,-9.24412822723389,-0.699945092201233
20181106,18,-22,96,2000,26394.927734375,217.460601806641,-6.25129699707031,0.700054943561554
20181107,0,-22,96,2000,26371.904296875,218.29997253418,-4.01821279525757,-2.07800602912903
20181107,6,-22,96,2000,26359.189453125,219.600006103516,-5.21171855926514,-4.09994220733643
20181107,12,-22,96,2000,26350.634765625,218.699996948242,-4.68078327178955,-2.99996948242188
20181107,18,-22,96,2000,26360.234375,218.599975585938,-3.94777822494507,-1.89998173713684
20181108,0,-22,96,2000,26336.318359375,218.800003051758,-1.75098264217377,-2.7999541759491
20181108,6,-22,96,2000,26339.033203125,220.899993896484,-1.73497927188873,-4.29996967315674
20181108,12,-22,96,2000,26332.623046875,219,-2.05788278579712,-4.79997539520264
20181108,18,-22,96,2000,26334.20703125,219.5,-2.43016052246094,-1.29998171329498
20181109,0,-22,96,2000,26323.552734375,219.899978637695,-0.85068666934967,-1.19998776912689
20181109,6,-22,96,2000,26332.927734375,220.399993896484,0.684338390827179,-1.19998776912689
20181109,12,-22,96,2000,26323.29296875,219.399993896484,0.910507202148438,-3.39998173713684
20181109,18,-22,96,2000,26341.92578125,219.899993896484,-1.17454838752747,-0.500012218952179
20181110,0,-22,96,2000,26320.376953125,219.699996948242,-0.0761840790510178,0.446771234273911
20181110,6,-22,96,2000,26331.955078125,221,0.986730933189392,0.9000244140625
20181110,12,-22,96,2000,26321.162109375,219.992523193359,2.60273122787476,-1.79997563362122
20181110,18,-22,96,2000,26328.03515625,220.300003051758,-0.345449835062027,-0.182733148336411
20181111,0,-22,96,2000,26315.064453125,220.800003051758,2.11000967025757,-0.199938967823982
20181111,6,-22,96,2000,26318.4140625,221.199996948242,2.19999074935913,0.10003662109375
20181111,12,-22,96,2000,26308.17578125,219.899978637695,2.90000295639038,-1.59990847110748
20181111,18,-22,96,2000,26315.466796875,219.399978637695,-0.269998162984848,0.399908453226089
20181112,0,-22,96,2000,26308.5859375,219.399993896484,0.619418323040009,0.70001220703125
20181112,6,-22,96,2000,26311.935546875,220.800003051758,1.26208806037903,1.29763793945313
20181112,12,-22,96,2000,26320.8671875,219.831695556641,0.230000004172325,-0.581135272979736
20181112,18,-22,96,2000,26331.330078125,219.699996948242,-1.65416753292084,3.76318120956421
20181113,0,-22,96,2000,26333.91015625,218.79997253418,0.908549785614014,4.27510499954224
20181113,6,-22,96,2000,26355.794921875,221.399993896484,1.63431704044342,0.299996942281723
20181113,12,-22,96,2000,26351.529296875,221.099975585938,-0.716625988483429,-0.789995133876801
20181113,18,-22,96,2000,26386.5078125,221,-2.08697032928467,4.03000020980835
20181114,0,-22,96,2000,26365.494140625,220.099975585938,1.52634274959564,3.00067377090454
20181114,6,-22,96,2000,26372.595703125,222.300003051758,-0.272207021713257,-0.885322272777557
20181114,12,-22,96,2000,26367.8203125,222.29997253418,-0.751459956169128,-1.95842778682709
20181114,18,-22,96,2000,26392.0703125,221.300003051758,-2.79977059364319,2.95998525619507
20181115,0,-22,96,2000,26371.369140625,220.499969482422,0.258996576070786,0.948996603488922
20181115,6,-22,96,2000,26367.72265625,222.699981689453,1.49160397052765,-3.35998058319092
20181115,12,-22,96,2000,26365.912109375,221.899993896484,-1.09021484851837,-3.03999996185303
20181115,18,-22,96,2000,26367.970703125,221,-3.2198486328125,-0.760009765625
20181116,0,-22,96,2000,26338.072265625,222.100006103516,-0.900741577148438,0.899948120117188
20181116,6,-22,96,2000,26358.818359375,222.999954223633,0.649194359779358,1.0343017578125
20181116,12,-22,96,2000,26339.642578125,221.699996948242,2.71681141853333,-1.04999995231628
20181116,18,-22,96,2000,26357.6875,222.399978637695,-1.40189945697784,-1.13076663017273
20181117,0,-22,96,2000,26347.96484375,221.599975585938,-1.8913916349411,3.75999999046326
20181117,6,-22,96,2000,26351.275390625,222.800003051758,2.19604969024658,2.4785692691803
20181117,12,-22,96,2000,26352.322265625,221.800003051758,3.83507323265076,-1.14570307731628
20181117,18,-22,96,2000,26368.865234375,222.999969482422,0.209992676973343,-1.50786375999451
20181118,0,-22,96,2000,26347.318359375,221.806976318359,-1.22929692268372,-0.610014677047729
20181118,6,-22,96,2000,26346.2734375,223.199996948242,-1.75648927688599,0.567600071430206
20181118,12,-22,96,2000,26330.765625,223.470413208008,0.0399755872786045,0.383276373147964
20181118,18,-22,96,2000,26368.119140625,223.899993896484,-0.999445796012878,-0.695820331573486
20181119,0,-22,96,2000,26347.537109375,222.100006103516,-1.09766113758087,-0.157851561903954
20181119,6,-22,96,2000,26337.744140625,222.600006103516,-1.7470703125,1.13436031341553
20181119,12,-22,96,2000,26329.107421875,223,-0.894587397575378,-0.579443335533142
20181119,18,-22,96,2000,26350.22265625,223.699996948242,-2.13568353652954,-0.409982919692993
20181120,0,-22,96,2000,26328.390625,222.899993896484,0.094721682369709,-0.0394921861588955
20181120,6,-22,96,2000,26332.41015625,222.5,-0.961848139762878,0.720427274703979
20181120,12,-22,96,2000,26315.517578125,221.699996948242,0.203095704317093,-0.981989741325378
20181120,18,-22,96,2000,26330.677734375,222.199996948242,-2.09001708030701,-0.563564479351044
20181121,0,-22,96,2000,26316.373046875,222.300003051758,-1.53382074832916,1.78217041492462
20181121,6,-22,96,2000,26329.4609375,222.214691162109,1.55652344226837,2.3986132144928
20181121,12,-22,96,2000,26313.9921875,221.899978637695,3.88500237464905,-2.32197761535645
20181121,18,-22,96,2000,26327.533203125,221.5,-0.652209460735321,-1.57738769054413
20181122,0,-22,96,2000,26313.314453125,221.300003051758,-0.737395048141479,1.3125342130661
20181122,6,-22,96,2000,26318.234375,221.399978637695,0.262360841035843,0.331225574016571
20181122,12,-22,96,2000,26307.4140625,222.600006103516,3.03878164291382,-0.148569330573082
20181122,18,-22,96,2000,26323.515625,222.099975585938,2.74350595474243,-0.883366703987122
20181123,0,-22,96,2000,26294.30078125,220.899993896484,3.16599369049072,0.088007815182209
20181123,6,-22,96,2000,26293.57421875,222.099975585938,2.34398674964905,-1.98977541923523
20181123,12,-22,96,2000,26287.76171875,222.199996948242,2.32600092887878,-0.540654301643372
20181123,18,-22,96,2000,26308.865234375,221.899993896484,3.00999522209167,1.81135249137878
20181124,0,-22,96,2000,26292.2109375,221,5.98601341247559,-0.0105419922620058
20181124,6,-22,96,2000,26303.158203125,222.329147338867,4.15657949447632,-2.72970223426819
20181124,12,-22,96,2000,26292.810546875,221.229156494141,2.87663817405701,-4.03929710388184
20181124,18,-22,96,2000,26305.4765625,221.800003051758,1.41225826740265,2.64000487327576
20181125,0,-22,96,2000,26294.11328125,221.600006103516,2.6387255191803,-0.404819339513779
20181125,6,-22,96,2000,26304.70703125,221.5,2.30744624137878,-1.90778803825378
20181125,12,-22,96,2000,26287.123046875,220.5,2.08127689361572,-1.50998532772064
20181125,18,-22,96,2000,26318.294921875,221.199981689453,0.926074206829071,0.0438256822526455
20181126,0,-22,96,2000,26281.068359375,220.899978637695,1.00221431255341,0.863327622413635
20181126,6,-22,96,2000,26292.203125,221.79997253418,1.08688724040985,-1.54998052120209
20181126,12,-22,96,2000,26283.41796875,221.300003051758,2.87381601333618,-0.930009782314301
20181126,18,-22,96,2000,26301.818359375,221.399978637695,3.4492015838623,0.945805668830872
20181127,0,-22,96,2000,26281.0390625,220.699996948242,7.48374271392822,-0.5709228515625
20181127,6,-22,96,2000,26267.77734375,221.100006103516,7.53001689910889,-2.67871570587158
20181127,12,-22,96,2000,26253.142578125,219.699981689453,5.70856666564941,-1.85100102424622
20181127,18,-22,96,2000,26255.275390625,219.800003051758,7.25286865234375,2.11102056503296
20181128,0,-22,96,2000,26217.3828125,219,9.91070079803467,0.572348654270172
20181128,6,-22,96,2000,26220.607421875,221.100006103516,10.4605197906494,1.70000612735748
20181128,12,-22,96,2000,26219.2421875,219.899978637695,11.7415981292725,2.20000314712524
20181128,18,-22,96,2000,26230.220703125,221,12.458984375,4.17085552215576
20181129,0,-22,96,2000,26223.96484375,219.699996948242,13.0343685150146,5.39999389648438
20181129,6,-22,96,2000,26240.919921875,221,16.0465698242188,4.40000009536743
20181129,12,-22,96,2000,26240.109375,219.899993896484,16.1799812316895,2.00000619888306
20181129,18,-22,96,2000,26249.560546875,220.499969482422,14.0987367630005,4.39998769760132
20181130,0,-22,96,2000,26247.2734375,220.199996948242,13.9279298782349,4.49999380111694
20181130,6,-22,96,2000,26250.787109375,218.899993896484,15.5987977981567,2.29998779296875
20181130,12,-22,96,2000,26228.294921875,218.100006103516,12.9646787643433,2.29998779296875
20181130,18,-22,96,2000,26256.38671875,219.29997253418,14.2033596038818,3.62191152572632
20181201,0,-22,96,2000,26249.33203125,218.300003051758,14.6022338867188,2.29998779296875
20181201,6,-22,96,2000,26244.712890625,219,13.4188232421875,1.29999387264252
20181201,12,-22,96,2000,26234.962890625,217.699996948242,12.471173286438,-1.89999997615814
20181201,18,-22,96,2000,26243.9296875,218.800003051758,12.6940002441406,3.59999394416809
20181202,0,-22,96,2000,26244.677734375,218.199996948242,14.7108888626099,1.92914736270905
20181202,6,-22,96,2000,26257.7890625,218.199996948242,14.263876914978,0.167812496423721
20181202,12,-22,96,2000,26236.525390625,216.711669921875,10.4933080673218,-2.22754383087158
20181202,18,-22,96,2000,26265.107421875,217.100006103516,8.32309055328369,2.0800096988678
20181203,0,-22,96,2000,26240.1015625,216.899993896484,11.4756717681885,-0.120009765028954
20181203,6,-22,96,2000,26251.2734375,217.800003051758,9.03247356414795,-1.89999508857727
20181203,12,-22,96,2000,26228.61328125,217.300003051758,8.95445823669434,-3.3668897151947
20181203,18,-22,96,2000,26263.705078125,218.600006103516,7.55012702941895,1.65607905387878
20181204,0,-22,96,2000,26243.6015625,217.5,10.9785842895508,2.06833004951477
20181204,6,-22,96,2000,26240.28515625,217.399993896484,12.422158241272,-2.99634766578674
20181204,12,-22,96,2000,26227.234375,216.699996948242,10.8456001281738,-4.26404047012329
20181204,18,-22,96,2000,26233.9140625,218.100006103516,10.259485244751,-2.84166026115417
20181205,0,-22,96,2000,26218.73828125,217.399993896484,11.2285280227661,-1.17650389671326
20181205,6,-22,96,2000,26223.380859375,218.5,14.7943782806396,0.349395751953125
20181205,12,-22,96,2000,26209.5546875,217.599975585938,15.0242719650269,-0.799963355064392
20181205,18,-22,96,2000,26225.734375,217.5,14.9695949554443,-1.39996945858002
20181206,0,-22,96,2000,26211.35546875,218.199996948242,15.3395481109619,-2.09996938705444
20181206,6,-22,96,2000,26214.3203125,218.899993896484,14.746431350708,1.11004638671875
20181206,12,-22,96,2000,26209.205078125,217.304412841797,15.0076732635498,0.256433099508286
20181206,18,-22,96,2000,26223.720703125,217.495559692383,14.3356266021729,3.9000244140625
20181207,0,-22,96,2000,26213.564453125,218.599975585938,17.4351902008057,2.10001826286316
20181207,6,-22,96,2000,26229.9140625,218.199996948242,15.0992002487183,-1.741943359375
20181207,12,-22,96,2000,26218.453125,216.399993896484,11.4745388031006,0.700006127357483
20181207,18,-22,96,2000,26241.765625,217.5,12.0448093414307,3.84360957145691
20181208,0,-22,96,2000,26220.767578125,218.499969482422,13.2740421295166,3.90001225471497
20181208,6,-22,96,2000,26240.1328125,218.699996948242,14.5882110595703,1.80001831054688
20181208,12,-22,96,2000,26219.697265625,216.399993896484,12.6506834030151,-0.443597406148911
20181208,18,-22,96,2000,26246.03515625,218.199996948242,12.5540418624878,3.90000009536743
20181209,0,-22,96,2000,26234.384765625,218.899993896484,14.3373413085938,4.60001230239868
20181209,6,-22,96,2000,26247.4609375,217.5,13.8598041534424,2.20000600814819
20181209,12,-22,96,2000,26223.931640625,216.800003051758,13.9682750701904,-0.100006103515625
20181209,18,-22,96,2000,26243.4765625,218.399993896484,14.3552227020264,3.20001220703125
20181210,0,-22,96,2000,26225.697265625,218.100006103516,14.6860828399658,1.80010986328125
20181210,6,-22,96,2000,26235.970703125,216.899978637695,12.7451686859131,0.399993896484375
20181210,12,-22,96,2000,26216.89453125,216.800003051758,15.3255434036255,2.59999990463257
20181210,18,-22,96,2000,26244.998046875,218,14.1315279006958,3.09999394416809
20181211,0,-22,96,2000,26233.884765625,216.79997253418,13.6183853149414,1.89998781681061
20181211,6,-22,96,2000,26236.0390625,216.29997253418,12.8246002197266,3.69999384880066
20181211,12,-22,96,2000,26223.79296875,217.399993896484,16.6924324035645,1.49999392032623
20181211,18,-22,96,2000,26248.234375,217.899978637695,16.0537509918213,2
20181212,0,-22,96,2000,26231.375,216.600006103516,15.9669771194458,0.999993920326233
20181212,6,-22,96,2000,26230.248046875,217.499969482422,14.7000026702881,0.799990832805634
20181212,12,-22,96,2000,26218.556640625,217.399993896484,14.8535413742065,0.70001220703125
20181212,18,-22,96,2000,26236.3046875,217.499969482422,15.3885011672974,0.699993908405304
20181213,0,-22,96,2000,26227.373046875,216.699996948242,14.5937910079956,1.80000615119934
20181213,6,-22,96,2000,26220.537109375,217.800003051758,14.7810363769531,2.70000600814819
20181213,12,-22,96,2000,26230.705078125,218,15.7902164459229,1
20181213,18,-22,96,2000,26254.20703125,217.099975585938,15.1639099121094,2.20136713981628
20181214,0,-22,96,2000,26247.005859375,216.800003051758,16.4046840667725,1.40000605583191
20181214,6,-22,96,2000,26242.966796875,216.899993896484,13.2039031982422,-1.75082397460938
20181214,12,-22,96,2000,26227.0390625,217,12.3998537063599,-1.60001218318939
20181214,18,-22,96,2000,26251.9765625,216.800003051758,11.8688936233521,1.90001225471497
20181215,0,-22,96,2000,26232.662109375,215.800003051758,14.7970790863037,1.20000004768372
20181215,6,-22,96,2000,26238.98828125,216.300003051758,15.7126407623291,-1.90000605583191
20181215,12,-22,96,2000,26232.134765625,215.79997253418,11.9455537796021,-3.79143667221069
20181215,18,-22,96,2000,26244.52734375,215.100006103516,9.95886516571045,3.49998784065247
20181216,0,-22,96,2000,26237.689453125,216.100006103516,14.9958467483521,0.79998779296875
20181216,6,-22,96,2000,26244.25,215.899993896484,13.4687986373901,-3.09671640396118
20181216,12,-22,96,2000,26219.7578125,215.300003051758,9.24135398864746,-3.70000910758972
20181216,18,-22,96,2000,26234.130859375,216.300003051758,10.012487411499,0.499993890523911
20181217,0,-22,96,2000,26220.84765625,215.802780151367,13.4093627929688,1.29999995231628
20181217,6,-22,96,2000,26218.01171875,216.300003051758,13.6483154296875,-3.09999990463257
20181217,12,-22,96,2000,26191.490234375,215.600006103516,11.1781921386719,-3.01611328125
20181217,18,-22,96,2000,26219.373046875,217,11.145489692688,0.799963355064392
20181218,0,-22,96,2000,26205.5,216.199996948242,14.5731201171875,1.79995119571686
20181218,6,-22,96,2000,26201.96484375,217.100006103516,15.3912048339844,-0.600012183189392
20181218,12,-22,96,2000,26186.578125,216.399993896484,13.7958011627197,-4.00001811981201
