20180720,0,27,69,2000,26456.23828125,217.417236328125,5.80241203308105,6.28813457489014
20180720,6,27,69,2000,26469.45703125,217.600006103516,3.30001950263977,7.44758796691895
20180720,12,27,69,2000,26451.8203125,218.100006103516,1.72472906112671,5.02335453033447
20180720,18,27,69,2000,26466.328125,217.79997253418,1.32488775253296,3.41386723518372
20180721,0,27,69,2000,26464.435546875,218.499969482422,2.00000739097595,6.14011716842651
20180721,6,27,69,2000,26473.125,218.596267700195,-1.40398681163788,7.01141834259033
20180721,12,27,69,2000,26456.3046875,219.800003051758,-2.3699951171875,4.376708984375
20180721,18,27,69,2000,26486.705078125,219.5,-4.69999504089355,4.26396989822388
20180722,0,27,69,2000,26478.3828125,219.899993896484,-4.69999504089355,3.29996085166931
20180722,6,27,69,2000,26498.279296875,220.300003051758,-6.00335931777954,2.08879399299622
20180722,12,27,69,2000,26478.58984375,220.199996948242,-5.37576675415039,-0.0185668952763081
20180722,18,27,69,2000,26490.5,220.099975585938,-5.19999027252197,-0.174616694450378
20180723,0,27,69,2000,26470.310546875,220.199981689453,-3.49998784065247,0.0363061539828777
20180723,6,27,69,2000,26492.1796875,220.099975585938,-3.89999747276306,-0.196303710341454
20180723,12,27,69,2000,26457.5625,219.699996948242,-2.39999270439148,0.325355231761932
20180723,18,27,69,2000,26476.765625,220.5,-4.30333232879639,-1.55878174304962
20180724,0,27,69,2000,26476.255859375,220.6796875,-0.999543428421021,-0.808652341365814
20180724,6,27,69,2000,26501.099609375,220.499969482422,-0.799995124340057,-0.278774410486221
20180724,12,27,69,2000,26464.919921875,219.899993896484,-1.20000004768372,-0.789616703987122
20180724,18,27,69,2000,26481.33984375,220.899993896484,-1.29991459846497,-2.69950675964355
20180725,0,27,69,2000,26481.712890625,220.199996948242,2.40000247955322,-1.24042963981628
20180725,6,27,69,2000,26498.419921875,219.899993896484,0.695173323154449,-1.01689696311951
20180725,12,27,69,2000,26470.775390625,219.300003051758,2.39999747276306,-1.69519770145416
20180725,18,27,69,2000,26491.4140625,219.699996948242,2.29999995231628,-2.42859125137329
20180726,0,27,69,2000,26483.685546875,219.29997253418,4.3705883026123,-1.84617674350739
20180726,6,27,69,2000,26486.755859375,218.899993896484,5.29999732971191,-1.60612058639526
20180726,12,27,69,2000,26468.4375,218.600006103516,7.59999990463257,-0.133916020393372
20180726,18,27,69,2000,26481.70703125,219.29997253418,6.07028818130493,-0.0212353523820639
20180727,0,27,69,2000,26470.404296875,218.499969482422,7.59669208526611,1.25214600563049
20180727,6,27,69,2000,26487.990234375,218.699996948242,5.2267017364502,3.68547368049622
20180727,12,27,69,2000,26470.447265625,218.899993896484,2.80000233650208,5.16557884216309
20180727,18,27,69,2000,26493.98046875,219.499969482422,-2.70332527160645,4.76369857788086
20180728,0,27,69,2000,26494.501953125,219.100006103516,-4.8699951171875,2.73370122909546
20180728,6,27,69,2000,26516.671875,219.600006103516,-6.80030536651611,3.67957997322083
20180728,12,27,69,2000,26508.9140625,219.199996948242,-10.3930473327637,2.52974987030029
20180728,18,27,69,2000,26522.796875,220,-12.7975826263428,-0.971013188362122
20180729,0,27,69,2000,26513.587890625,219.800003051758,-10.3999948501587,-2.86518430709839
20180729,6,27,69,2000,26529.76171875,219.899978637695,-11.3999996185303,-1.92987060546875
20180729,12,27,69,2000,26498.994140625,219.699981689453,-11.4199953079224,-3.84080815315247
20180729,18,27,69,2000,26515.90234375,219.699996948242,-10.8232612609863,-7.12668085098267
20180730,0,27,69,2000,26495.095703125,219.699981689453,-6.62984371185303,-6.40343761444092
20180730,6,27,69,2000,26505.9453125,220.106979370117,-3.92999505996704,-4.72802734375
20180730,12,27,69,2000,26483.5703125,219.399978637695,-2.52190184593201,-4.63659191131592
20180730,18,27,69,2000,26482.75,218.899993896484,-2.09999990463257,-4.89635133743286
20180731,0,27,69,2000,26465.15234375,219.199981689453,0.497790515422821,-3.01618766784668
20180731,6,27,69,2000,26469.970703125,219.199981689453,0.4703369140625,-0.473430186510086
20180731,12,27,69,2000,26444.2578125,218.699996948242,-0.603342294692993,-0.706354975700378
20180731,18,27,69,2000,26454.216796875,219.499969482422,-0.429697275161743,-2.50242185592651
20180801,0,27,69,2000,26455.767578125,219.29997253418,2.4000072479248,-1.63929927349091
20180801,6,27,69,2000,26463.7578125,219.100006103516,2.69332027435303,0.916274428367615
20180801,12,27,69,2000,26441.142578125,219,1.90000247955322,-0.0424023419618607
20180801,18,27,69,2000,26450.470703125,219.499969482422,1.77056157588959,-1.78447759151459
20180802,0,27,69,2000,26431.0078125,219.199996948242,5.36940431594849,-3.59490728378296
20180802,6,27,69,2000,26440.546875,218.199981689453,7.39867448806763,-2.73990964889526
20180802,12,27,69,2000,26419.07421875,218.29997253418,9.50000286102295,-1.66795659065247
20180802,18,27,69,2000,26427.044921875,218.800003051758,9.67001724243164,-1.00990235805511
20180803,0,27,69,2000,26423.341796875,218.100006103516,10.6000003814697,-1.92592525482178
20180803,6,27,69,2000,26436.6328125,217.800003051758,11.2933912277222,-0.325380861759186
20180803,12,27,69,2000,26415.759765625,217.132125854492,11.1199998855591,0.289868175983429
20180803,18,27,69,2000,26435.595703125,218.300003051758,9.70026397705078,-2.5004346370697
20180804,0,27,69,2000,26424.80078125,217.100006103516,11.6999979019165,-1.49524414539337
20180804,6,27,69,2000,26432.171875,217.699981689453,11.4000053405762,0.402766108512878
20180804,12,27,69,2000,26415.89453125,217.79997253418,9.50015163421631,-0.926355004310608
20180804,18,27,69,2000,26429.84765625,218.199996948242,10.3999948501587,-3.41867184638977
20180805,0,27,69,2000,26424.3125,218.699996948242,13.8764524459839,-2.4025342464447
20180805,6,27,69,2000,26422.142578125,218.699996948242,13.3027830123901,-0.710053682327271
20180805,12,27,69,2000,26416.259765625,219.399993896484,12.9000072479248,-0.383288562297821
20180805,18,27,69,2000,26449.162109375,219.699996948242,13.8957786560059,-4.45721292495728
20180806,0,27,69,2000,26429.72265625,218.699996948242,18.1997833251953,-1.84956669807434
20180806,6,27,69,2000,26441.51171875,219.600006103516,15.2957715988159,-0.245200201869011
20180806,12,27,69,2000,26430.322265625,219.600006103516,15.0997848510742,-1.34306764602661
20180806,18,27,69,2000,26464.7890625,220.099975585938,15.601767539978,-3.60553455352783
20180807,0,27,69,2000,26461.4140625,219.800003051758,19.7034130096436,-3.8349597454071
20180807,6,27,69,2000,26482.740234375,219.699996948242,17.796802520752,0.470628648996353
20180807,12,27,69,2000,26451.3359375,219.899978637695,14.3312330245972,0.927218019962311
20180807,18,27,69,2000,26481.78515625,221.300003051758,11.9030885696411,-1.14424073696136
20180808,0,27,69,2000,26482.068359375,220.499969482422,13.7272653579712,-3.01138186454773
20180808,6,27,69,2000,26490.94921875,220.999969482422,13.2004814147949,-1.95863282680511
20180808,12,27,69,2000,26466.328125,221.100006103516,16.1800098419189,-4.92844009399414
20180808,18,27,69,2000,26489.783203125,220.899993896484,23.0700073242188,-6.33793449401855
20180809,0,27,69,2000,26478.02734375,220.950729370117,26.7600021362305,-5.52262210845947
20180809,6,27,69,2000,26487.056640625,220.5,26.8886566162109,-5.97210216522217
20180809,12,27,69,2000,26466.80078125,219.399978637695,27.0900211334229,-8.22716045379639
20180809,18,27,69,2000,26479.71484375,219.399993896484,25.8583278656006,-10.9738473892212
20180810,0,27,69,2000,26459.328125,220.399978637695,28.3600101470947,-10.8300638198853
20180810,6,27,69,2000,26476.0390625,220.79997253418,29.0600090026855,-6.14248037338257
20180810,12,27,69,2000,26448.607421875,219.928619384766,28.5600051879883,-6.8556056022644
20180810,18,27,69,2000,26472.525390625,220.300003051758,27.180004119873,-7.94525861740112
20180811,0,27,69,2000,26463.5390625,220.599365234375,28.6800155639648,-6.55217552185059
20180811,6,27,69,2000,26486.775390625,220.199981689453,26.5200366973877,-4.01374769210815
20180811,12,27,69,2000,26453.310546875,219.899978637695,22.9000053405762,-1.38561284542084
20180811,18,27,69,2000,26485.1171875,220.399993896484,17.6300163269043,-3.61618161201477
20180812,0,27,69,2000,26487.005859375,220.300003051758,20.7300071716309,-5.09759521484375
20180812,6,27,69,2000,26509.453125,219.499969482422,21.2300052642822,-1.62411260604858
20180812,12,27,69,2000,26480.275390625,219.300003051758,17.4304828643799,-0.430085450410843
20180812,18,27,69,2000,26511.10546875,220.300003051758,15.1982250213623,-3.04007816314697
20180813,0,27,69,2000,26504.193359375,219.999969482422,17.9000072479248,-3.36276483535767
20180813,6,27,69,2000,26514.994140625,220.099975585938,18.6000118255615,-1.84476923942566
20180813,12,27,69,2000,26476.9609375,219.199996948242,18.7002334594727,-0.0556469708681107
20180813,18,27,69,2000,26495.78515625,219.79997253418,18.1330642700195,-1.87319576740265
20180814,0,27,69,2000,26482.732421875,219.5,21.2034320831299,-1.88233149051666
20180814,6,27,69,2000,26476.322265625,219.708084106445,20.6000118255615,0.342014163732529
20180814,12,27,69,2000,26454.349609375,219.100006103516,19.5300045013428,-0.318317860364914
20180814,18,27,69,2000,26459.744140625,218.600006103516,18.7999992370605,-1.64943110942841
20180815,0,27,69,2000,26449.591796875,219.300003051758,20.5000591278076,-0.343435049057007
20180815,6,27,69,2000,26463.716796875,219.399993896484,18.9000129699707,0.88946533203125
20180815,12,27,69,2000,26444.48828125,218.79997253418,16.9000053405762,-0.183083489537239
20180815,18,27,69,2000,26457.4765625,219.300003051758,15.1000070571899,-1.80951166152954
20180816,0,27,69,2000,26457.9609375,219.199996948242,15.2000150680542,-1.36851072311401
20180816,6,27,69,2000,26481.939453125,219.199996948242,14.7998733520508,-0.982158184051514
20180816,12,27,69,2000,26458.869140625,219.099975585938,15.1000051498413,-2.30599117279053
20180816,18,27,69,2000,26481.197265625,218.899993896484,14.3000068664551,-4.42999267578125
20180817,0,27,69,2000,26494.767578125,219,18.6000003814697,-3.8867871761322
20180817,6,27,69,2000,26502.48046875,217.899993896484,18.8000106811523,-1.52066898345947
20180817,12,27,69,2000,26480.591796875,217.600006103516,17.9958400726318,-2.67198491096497
20180817,18,27,69,2000,26501.80078125,217.899993896484,18.3200073242188,-3.90428471565247
20180818,0,27,69,2000,26511.689453125,216.999969482422,21.0000076293945,-2.46395993232727
20180818,6,27,69,2000,26509.615234375,216.720504760742,19.6964836120605,-0.00163818360306323
20180818,12,27,69,2000,26471.90234375,217.100006103516,18.1700000762939,-0.561132788658142
20180818,18,27,69,2000,26480.818359375,217.300003051758,16.8925342559814,-3.45468997955322
20180819,0,27,69,2000,26475.4296875,216.899993896484,19.8923435211182,-5.02390146255493
20180819,6,27,69,2000,26477.435546875,216.199996948242,19.4899997711182,-1.86296629905701
20180819,12,27,69,2000,26450.25,216.599975585938,17.8900032043457,-1.90757811069489
20180819,18,27,69,2000,26469.41015625,217.300003051758,16.9699974060059,-6.48724603652954
20180820,0,27,69,2000,26466.55078125,217.499969482422,19.0598068237305,-5.85962867736816
20180820,6,27,69,2000,26476.84765625,217,18.7604827880859,-4.06958961486816
20180820,12,27,69,2000,26451.61328125,217.099975585938,19.2900447845459,-3.64080572128296
20180820,18,27,69,2000,26481.8515625,217.999969482422,17.9600028991699,-6.08786630630493
20180821,0,27,69,2000,26483.609375,218.79997253418,18.3569717407227,-6.62007331848145
20180821,6,27,69,2000,26503.66015625,218.79997253418,18.2600078582764,-5.63569068908691
20180821,12,27,69,2000,26468.01171875,218.699996948242,18.4567337036133,-5.59339332580566
20180821,18,27,69,2000,26499.96484375,220.100006103516,18.6657180786133,-5.19079351425171
20180822,0,27,69,2000,26487.6328125,219.100006103516,19.6900100708008,-5.64266586303711
20180822,6,27,69,2000,26502.4609375,219.100006103516,21.7577743530273,-1.26029050350189
20180822,12,27,69,2000,26487.7890625,219.100006103516,19.5241756439209,0.616442859172821
20180822,18,27,69,2000,26517.3359375,219.100006103516,13.0600023269653,0.613872051239014
20180823,0,27,69,2000,26498.900390625,219,11.4300098419189,0.396547853946686
20180823,6,27,69,2000,26527.44921875,219.899978637695,8.92464828491211,2.22006344795227
20180823,12,27,69,2000,26500.26171875,219.699981689453,7.02673578262329,1.87550294399261
20180823,18,27,69,2000,26520.080078125,219.606979370117,3.72340822219849,0.140346676111221
20180824,0,27,69,2000,26505.677734375,219.699996948242,6.12769031524658,-1.58392822742462
20180824,6,27,69,2000,26533.109375,220.499969482422,7.10331058502197,0.4180908203125
20180824,12,27,69,2000,26500.248046875,219.600006103516,6.10001230239868,0.333570569753647
20180824,18,27,69,2000,26536.984375,219.999969482422,4.80223655700684,-2.62970328330994
20180825,0,27,69,2000,26525.759765625,220.399993896484,10.1010427474976,-2.55885982513428
20180825,6,27,69,2000,26541.408203125,220.600006103516,12.1700124740601,0.707434058189392
20180825,12,27,69,2000,26515.529296875,220.600006103516,13.8700075149536,2.32259774208069
20180825,18,27,69,2000,26542.732421875,220.699996948242,12.3900051116943,-0.0665991231799126
20180826,0,27,69,2000,26534.240234375,220.199996948242,14.6900119781494,-0.613234877586365
20180826,6,27,69,2000,26538.177734375,219.600006103516,17.4886112213135,1.99913823604584
20180826,12,27,69,2000,26501.244140625,219.300003051758,18.2600021362305,4.77959251403809
20180826,18,27,69,2000,26519.091796875,219.893020629883,13.7000026702881,2.24198985099792
20180827,0,27,69,2000,26496.125,218.899993896484,12.2026052474976,2.3944263458252
20180827,6,27,69,2000,26500.82421875,218.5,11.2200002670288,5.17845964431763
20180827,12,27,69,2000,26479.078125,219.29997253418,6.70000982284546,5.8544921875
20180827,18,27,69,2000,26504.36328125,220.399993896484,2.60116219520569,0.807387709617615
20180828,0,27,69,2000,26507.7578125,220,7.43001222610474,-1.25550532341003
20180828,6,27,69,2000,26513.177734375,219.300003051758,7.23001480102539,3.96755623817444
20180828,12,27,69,2000,26490.5625,219.699996948242,2,5.15142822265625
20180828,18,27,69,2000,26514.931640625,220.600006103516,-0.500002443790436,0.556879878044128
20180829,0,27,69,2000,26504.73828125,220.499969482422,2.10222411155701,0.650054931640625
20180829,6,27,69,2000,26523.947265625,220.399978637695,0.599995136260986,1.99365234375
20180829,12,27,69,2000,26507.8828125,220.300003051758,-0.502224147319794,2.03072261810303
20180829,18,27,69,2000,26538.16015625,221.300003051758,-2.19999766349792,0.0477954111993313
20180830,0,27,69,2000,26538.158203125,220.699981689453,-0.899997532367706,-0.419989019632339
20180830,6,27,69,2000,26549.1484375,220.800003051758,-1.66998529434204,-0.456926256418228
20180830,12,27,69,2000,26520.265625,221.199981689453,-1.30194091796875,1.44758296012878
20180830,18,27,69,2000,26540.115234375,221.099975585938,-3.22677493095398,-1.59951663017273
20180831,0,27,69,2000,26528.95703125,221.300003051758,-0.899990260601044,-1.85271239280701
20180831,6,27,69,2000,26539.52734375,221.599975585938,-0.104995116591454,-1.26684939861298
20180831,12,27,69,2000,26504.365234375,221.499969482422,-0.0299829095602036,-0.122276611626148
20180831,18,27,69,2000,26531.2265625,222.100006103516,0.900002419948578,-3.94897937774658
20180901,0,27,69,2000,26514.95703125,221.199996948242,6.20316648483276,-2.48094725608826
20180901,6,27,69,2000,26518.76953125,221.199996948242,5.59978294372559,-0.21601440012455
20180901,12,27,69,2000,26474.53515625,220.999969482422,5.49861335754395,-1.37048101425171
20180901,18,27,69,2000,26498.63671875,222.06787109375,6.59539079666138,-3.58004879951477
20180902,0,27,69,2000,26493.84765625,221.499969482422,11.5017213821411,-4.88020277023315
20180902,6,27,69,2000,26498.107421875,220.499481201172,13.297607421875,-2.81788563728333
20180902,12,27,69,2000,26456.544921875,220.399978637695,12.9999971389771,-1.29025876522064
20180902,18,27,69,2000,26474.892578125,221.100006103516,13.2186183929443,-5.75253915786743
20180903,0,27,69,2000,26452.892578125,220.499969482422,18.690013885498,-7.13360357284546
20180903,6,27,69,2000,26460.419921875,219.599975585938,20.800012588501,-3.87251472473145
20180903,12,27,69,2000,26424.126953125,218.5,20.7277889251709,-3.63410639762878
20180903,18,27,69,2000,26449.41796875,219.399993896484,19.8200016021729,-3.02580571174622
20180904,0,27,69,2000,26434.150390625,218.800003051758,19.7200088500977,-4.43853521347046
20180904,6,27,69,2000,26447.955078125,217.300003051758,20.7300033569336,-2.54017567634583
20180904,12,27,69,2000,26426.970703125,216.79997253418,18.4932594299316,1.65542721748352
20180904,18,27,69,2000,26438.177734375,217.79997253418,15.2962942123413,0.489826649427414
20180905,0,27,69,2000,26442.7734375,217.899993896484,14.5200052261353,-2.5308301448822
20180905,6,27,69,2000,26455.9140625,216.899993896484,15.2266597747803,-0.534785151481628
20180905,12,27,69,2000,26431.33203125,216.699996948242,13.4300003051758,3.87005615234375
20180905,18,27,69,2000,26461.080078125,218,4.42999982833862,2.51377201080322
20180906,0,27,69,2000,26465.890625,218.099975585938,5.43000507354736,-0.999887704849243
20180906,6,27,69,2000,26501.474609375,218.5,5.13000011444092,0.968584001064301
20180906,12,27,69,2000,26464.880859375,219.199996948242,3.40000486373901,2.11189699172974
20180906,18,27,69,2000,26496.755859375,219.163650512695,0.604101538658142,-0.33158203959465
20180907,0,27,69,2000,26496.86328125,219.310012817383,2.30000233650208,-0.310334473848343
20180907,6,27,69,2000,26516.73828125,219.5,1.60500979423523,0.324565440416336
20180907,12,27,69,2000,26478.525390625,219.800003051758,1.00000488758087,0.826606452465057
20180907,18,27,69,2000,26504.984375,220.199996948242,0.700930178165436,-1.19152343273163
20180908,0,27,69,2000,26490.2734375,219.999969482422,2.53000497817993,-1.67726802825928
20180908,6,27,69,2000,26496.455078125,219.699996948242,5.22778558731079,-1.09876465797424
20180908,12,27,69,2000,26450.279296875,219.5,6.40000009536743,-1.97658205032349
20180908,18,27,69,2000,26465.380859375,218.699981689453,7.93861103057861,-4.69989013671875
20180909,0,27,69,2000,26448.029296875,218.999969482422,14.1000032424927,-6.69990253448486
20180909,6,27,69,2000,26450.33203125,217.599975585938,18.9890174865723,-5.69990253448486
20180909,12,27,69,2000,26406.220703125,217.600006103516,21.2000007629395,-3.19990229606628
20180909,18,27,69,2000,26428.7890625,218.600006103516,19.1000003814697,-5.30007934570313
20180910,0,27,69,2000,26420.53515625,218.79997253418,20.2999992370605,-4.10007953643799
20180910,6,27,69,2000,26445.064453125,218.699981689453,17.6000156402588,1.00009763240814
20180910,12,27,69,2000,26425.560546875,219.199981689453,13.4000034332275,1.79224240779877
20180910,18,27,69,2000,26459.994140625,219.800003051758,10,0.900067150592804
20180911,0,27,69,2000,26454.58984375,220.199981689453,9.76911640167236,-0.239953607320786
20180911,6,27,69,2000,26473.9375,220,9.83000755310059,-0.230058595538139
20180911,12,27,69,2000,26445.58203125,219.699981689453,9.62000465393066,2.71399903297424
20180911,18,27,69,2000,26480.6328125,220.5,7.12670660018921,0.655991196632385
20180912,0,27,69,2000,26483.900390625,220.399993896484,7.71999502182007,0.720263659954071
20180912,6,27,69,2000,26492.7578125,220.300003051758,6.5,3.0174560546875
20180912,12,27,69,2000,26468.546875,220.300003051758,4.30000019073486,2.24527835845947
20180912,18,27,69,2000,26485.681640625,221.099975585938,3.90497064590454,1.59812986850739
20180913,0,27,69,2000,26484.8046875,221.5,3.50842905044556,1.60010981559753
20180913,6,27,69,2000,26491.77734375,220.899627685547,3.80000305175781,2.21312260627747
20180913,12,27,69,2000,26465.65234375,221.800003051758,2.09189462661743,2.666748046875
20180913,18,27,69,2000,26485.943359375,221.699996948242,2.20000004768372,0.640661597251892
20180914,12,27,69,2000,26457.4609375,221.100006103516,3.90000462532043,4.11143207550049
20180914,18,27,69,2000,26478.47265625,220.79997253418,1.32222139835358,5.21054697036743
20180915,0,27,69,2000,26467.6484375,221.199996948242,-0.784997582435608,5.60007333755493
20180915,6,27,69,2000,26477.91796875,221.399993896484,-2.29999685287476,5.60012817382813
20180915,12,27,69,2000,26461.392578125,221.199996948242,-3.99614262580872,8.31903648376465
20180915,18,27,69,2000,26491.845703125,222.29997253418,-7.50000286102295,7.099853515625
20180916,0,27,69,2000,26487.462890625,221.999969482422,-8.87802505493164,5.29963874816895
20180916,12,27,69,2000,26467.681640625,221.600006103516,-8.29999542236328,3.99737071990967
20180916,18,27,69,2000,26494.349609375,221.599975585938,-10.4934005737305,-0.929453134536743
20180917,0,27,69,2000,26484.765625,221.600006103516,-6.99999761581421,-1.56303954124451
20180917,6,27,69,2000,26494.96484375,222.199996948242,-4.90000009536743,-1.04443848133087
20180917,12,27,69,2000,26466.86328125,221.29931640625,-4.11999750137329,-0.455104976892471
20180917,18,27,69,2000,26488.1328125,221.300003051758,-3.70499992370605,-2.11176991462708
20180918,0,27,69,2000,26487.580078125,221.300003051758,-0.399992674589157,-0.48628905415535
20180918,6,27,69,2000,26494.017578125,221,-0.471381843090057,1.39138674736023
20180918,12,27,69,2000,26455.775390625,220.29997253418,-2.09999752044678,2.57502436637878
20180918,18,27,69,2000,26475.4921875,220.699996948242,-3.3699951171875,-0.45621582865715
20180919,0,27,69,2000,26469.1171875,220.199981689453,0.400004893541336,-0.517392575740814
20180919,6,27,69,2000,26486.4921875,220.399978637695,0.270002454519272,2.98112297058105
20180919,12,27,69,2000,26450.17578125,219.399993896484,-0.869997560977936,1.43027830123901
20180919,18,27,69,2000,26476.1015625,219.899978637695,-1.09659421443939,0.566188991069794
20180920,0,27,69,2000,26460.837890625,219.699981689453,0.499997556209564,-0.351005852222443
20180920,6,27,69,2000,26468.498046875,219.29997253418,1.60000491142273,0.520764172077179
20180920,12,27,69,2000,26438.2421875,218.499969482422,1.80000245571136,1.50603520870209
20180920,18,27,69,2000,26460.1484375,218.5,0.0958935543894768,-1.82639896869659
20180921,0,27,69,2000,26446.849609375,218.300003051758,5.00000715255737,-3.89207029342651
20180921,6,27,69,2000,26443.76953125,217.899993896484,9.23996448516846,-2.57243037223816
20180921,12,27,69,2000,26399.875,216.800003051758,12.2047319412231,-0.299896240234375
20180921,18,27,69,2000,26416.9921875,216.536346435547,11.3000001907349,-0.439837634563446
20180922,0,27,69,2000,26405.0859375,216.100006103516,13.1000003814697,-0.2752685546875
20180922,6,27,69,2000,26402.244140625,215.600006103516,13.1686172485352,2.46672368049622
20180922,12,27,69,2000,26371.375,215.310028076172,12.5,3.79998779296875
20180922,18,27,69,2000,26393.98046875,215.600006103516,10.8000001907349,3.10004281997681
20180923,0,27,69,2000,26390.0078125,215.5,10.4000062942505,4.22761249542236
20180923,6,27,69,2000,26403.607421875,215.699996948242,7.30000162124634,6.14501333236694
20180923,12,27,69,2000,26368.345703125,216.300003051758,4.89999675750732,6.30000591278076
20180923,18,27,69,2000,26403.55078125,216.899978637695,2.79999995231628,3.71892094612122
20180924,0,27,69,2000,26407.5390625,216.899993896484,4.60000324249268,1.31893920898438
20180924,6,27,69,2000,26414.595703125,216.600006103516,6.151123046875,3.10755610466003
20180924,12,27,69,2000,26380.169921875,215.600006103516,5,5.48118877410889
20180924,18,27,69,2000,26414.654296875,217.300003051758,1.79999697208405,4.63385009765625
20180925,0,27,69,2000,26424.39453125,216.899993896484,2.20000314712524,3.80001831054688
20180925,6,27,69,2000,26442.6796875,216.600006103516,1.20002591609955,6.70003032684326
20180925,12,27,69,2000,26423.220703125,216.800003051758,-2.64673471450806,7.50008535385132
20180925,18,27,69,2000,26457.6875,218.399978637695,-5.86998796463013,3.69214844703674
20180926,0,27,69,2000,26459.5234375,217.800003051758,-3.29804444313049,1.1768798828125
20180926,6,27,69,2000,26470.21484375,217.699981689453,-4.19999980926514,6.52255868911743
20180926,12,27,69,2000,26445.830078125,218.399993896484,-9.07000255584717,6.44773435592651
20180926,18,27,69,2000,26471.455078125,219.699996948242,-10.4699926376343,1.79120361804962
20180927,0,27,69,2000,26479.505859375,219.199996948242,-6.46792984008789,1.77169680595398
20180927,6,27,69,2000,26476.07421875,219.191619873047,-6.49999523162842,6.14719486236572
20180927,12,27,69,2000,26455.1953125,219.300003051758,-9.49999523162842,6.36713600158691
20180927,18,27,69,2000,26463.837890625,219.800003051758,-11.0699996948242,2.12777352333069
20180928,0,27,69,2000,26466.47265625,220.399993896484,-7.27121829986572,1.09007084369659
20180928,6,27,69,2000,26484.98046875,219.599975585938,-7.19999742507935,4.59133529663086
20180928,12,27,69,2000,26454.029296875,219.600006103516,-10.9977760314941,4.65197992324829
20180928,18,27,69,2000,26478.044921875,220.399993896484,-12.5986061096191,-0.6412353515625
20180929,0,27,69,2000,26487.02734375,220.300003051758,-7.19625234603882,-0.692719697952271
20180929,6,27,69,2000,26494.982421875,219.399978637695,-7.89999771118164,4.56460189819336
20180929,12,27,69,2000,26466.880859375,219.100006103516,-12.8000001907349,3.87835931777954
20180929,18,27,69,2000,26478.48828125,219.899978637695,-13.0699996948242,-1.13420414924622
20180930,0,27,69,2000,26495.505859375,220.300003051758,-7.86632347106934,-0.124160155653954
20180930,6,27,69,2000,26496.091796875,219.79997253418,-8.197509765625,3.735107421875
20180930,12,27,69,2000,26476.2421875,219.399993896484,-10.8999996185303,4.77184104919434
20180930,18,27,69,2000,26490.48046875,219.199981689453,-11.1999998092651,0.680351555347443
20181001,0,27,69,2000,26495.115234375,219,-8.36999988555908,2.89994621276855
20181001,6,27,69,2000,26499.919921875,219.199996948242,-10.7700004577637,4.49602556228638
20181001,12,27,69,2000,26484.11328125,219,-12.5999975204468,3.03284168243408
20181001,18,27,69,2000,26496,219.5,-12.9699974060059,0.425588369369507
20181002,0,27,69,2000,26514.955078125,218.699996948242,-9.49999713897705,1.64830076694489
20181002,6,27,69,2000,26511.13671875,219.399993896484,-13.1699905395508,5.50221681594849
20181002,12,27,69,2000,26493.47265625,218.999969482422,-14.9999971389771,3.16740226745605
20181002,18,27,69,2000,26504.732421875,219.41162109375,-15.4999952316284,1.07316648960114
20181003,0,27,69,2000,26513.470703125,219,-13.3999977111816,2.74439454078674
20181003,6,27,69,2000,26516.47265625,218.836029052734,-14.3999977111816,4.02065420150757
20181003,12,27,69,2000,26490.015625,218.5,-15.1999998092651,2.7852954864502
20181003,18,27,69,2000,26506.8984375,219.023040771484,-16.2999992370605,-0.120043948292732
20181004,0,27,69,2000,26512.29296875,219.100006103516,-13.7999973297119,0.227436527609825
20181004,6,27,69,2000,26515.212890625,218.697235107422,-16.4999828338623,2.20815682411194
20181004,12,27,69,2000,26483.689453125,218.199996948242,-20.5252532958984,2.77066159248352
20181004,18,27,69,2000,26500.373046875,218.300003051758,-21.6999969482422,-1.49040281772614
20181005,0,27,69,2000,26503.66015625,218.384811401367,-21.6000022888184,0.589689970016479
20181005,6,27,69,2000,26526.89453125,218.899978637695,-24.1999893188477,2.50422596931458
20181005,12,27,69,2000,26492.23828125,218.600006103516,-26.2999935150146,2.68231439590454
20181005,18,27,69,2000,26524.841796875,219,-23.2000007629395,1.37026607990265
20181006,0,27,69,2000,26517.91015625,218.999969482422,-20.3024826049805,3.93304443359375
20181006,6,27,69,2000,26517.787109375,218.588912963867,-20.7002849578857,6.29692363739014
20181006,12,27,69,2000,26472.857421875,218.113525390625,-19.7999935150146,6.17946767807007
20181006,18,27,69,2000,26480.921875,218.300003051758,-18.7000007629395,4.13193368911743
20181007,0,27,69,2000,26470.671875,219.100006103516,-15.5,3.0088574886322
20181007,6,27,69,2000,26475.3125,218.699996948242,-13.9999952316284,3.63004875183105
20181007,12,27,69,2000,26437.064453125,218.899993896484,-12.9999971389771,3.59425282478333
20181007,18,27,69,2000,26452.912109375,218.600006103516,-13.5699996948242,2.4332275390625
20181008,0,27,69,2000,26445.57421875,219.100006103516,-11.4999952316284,2.78239250183105
20181008,6,27,69,2000,26456.599609375,219.600006103516,-11.4700021743774,3.9742431640625
20181008,12,27,69,2000,26422.08203125,219.300003051758,-12.3699979782104,6.38272953033447
20181008,18,27,69,2000,26442.546875,219.746673583984,-15.5,3.27562999725342
20181009,0,27,69,2000,26434.294921875,219.304565429688,-11.7724876403809,3.11020016670227
20181009,6,27,69,2000,26440.255859375,219.600006103516,-13.4700002670288,6.8571629524231
20181009,12,27,69,2000,26407.8046875,218.899993896484,-14,5.06281232833862
20181009,18,27,69,2000,26441.7421875,219,-13.169997215271,2.36900877952576
20181010,0,27,69,2000,26429.154296875,217.999969482422,-10.4999971389771,1.41844725608826
20181010,6,27,69,2000,26432.13671875,218.199981689453,-10.7999973297119,5.29312515258789
20181010,12,27,69,2000,26405.92578125,217.399993896484,-12.379997253418,2.67259287834167
20181010,18,27,69,2000,26429.73828125,218,-11.0799999237061,0.911455094814301
20181011,0,27,69,2000,26433.037109375,218,-9.49999046325684,3.14205312728882
20181011,6,27,69,2000,26442.63671875,218.5,-10.3999996185303,4.52557134628296
20181011,12,27,69,2000,26416.8984375,218.600006103516,-12.4000024795532,1.60177493095398
20181011,18,27,69,2000,26439.22265625,218.499969482422,-10.7700004577637,-0.499677747488022
20181012,0,27,69,2000,26453.185546875,218.79997253418,-10.9999952316284,2.05545902252197
20181012,6,27,69,2000,26459.7734375,218.499969482422,-14.1999950408936,2.15522456169128
20181012,12,27,69,2000,26425.869140625,218.800003051758,-15.1924905776978,-1.34258794784546
20181012,18,27,69,2000,26460.634765625,219,-12.9999952316284,-1.99042475223541
20181013,0,27,69,2000,26465.27734375,218.79997253418,-11.7999954223633,-0.673774421215057
20181013,6,27,69,2000,26469.73046875,219.599975585938,-13.7000856399536,-0.378930658102036
20181013,12,27,69,2000,26457.6796875,219.399993896484,-13.7023973464966,-2.11147952079773
20181013,18,27,69,2000,26473.7421875,219.899993896484,-11.0699996948242,-3.60720705986023
20181014,0,27,69,2000,26477.70703125,219.899978637695,-9.57000255584717,-1.13612794876099
20181014,6,27,69,2000,26485.59765625,219.599975585938,-10.0732421875,-0.159985348582268
20181014,12,27,69,2000,26451.0546875,220.100006103516,-10.4999971389771,-0.344775378704071
20181014,18,27,69,2000,26472.48828125,220.199996948242,-9.20000267028809,-1.89593744277954
20181015,0,27,69,2000,26464.69921875,220.399993896484,-6.91999530792236,-0.310017079114914
20181015,6,27,69,2000,26464.484375,219.592529296875,-8.29335689544678,1.81409180164337
20181015,12,27,69,2000,26427.71484375,219.399978637695,-10.6000003814697,2.13401126861572
20181015,18,27,69,2000,26441.453125,219.699996948242,-10.8699979782104,-2.16251945495605
20181016,0,27,69,2000,26441.7890625,220.100006103516,-6.5,-1.53867185115814
20181016,6,27,69,2000,26459.140625,219.899993896484,-6.19999265670776,0.858959972858429
20181016,12,27,69,2000,26425.662109375,219.699996948242,-8.30000019073486,2.04386472702026
20181016,18,27,69,2000,26442.35546875,219.899993896484,-10.4000053405762,-2.52665042877197
20181017,0,27,69,2000,26442.435546875,220.499969482422,-5.40000009536743,-1.63667476177216
20181017,6,27,69,2000,26456.1171875,219.79997253418,-7.69999980926514,2.2424144744873
20181017,12,27,69,2000,26428.8671875,219.600006103516,-11.6999950408936,1.20132076740265
20181017,18,27,69,2000,26461.54296875,220.800003051758,-10.8299856185913,-3.0157299041748
20181018,0,27,69,2000,26465.40234375,220.600006103516,-8.60000038146973,-1.36208987236023
20181018,6,27,69,2000,26473.55078125,220.199996948242,-11.7999954223633,1.82405757904053
20181018,12,27,69,2000,26450.556640625,220,-13.6999950408936,1.23197269439697
20181018,18,27,69,2000,26484.681640625,221.5,-15.2299995422363,-1.80890130996704
20181019,0,27,69,2000,26485.537109375,221.5,-12.6000003814697,-0.777280271053314
20181019,6,27,69,2000,26483.796875,221.29997253418,-12.6999998092651,2.47356939315796
20181019,18,27,69,2000,26468.66796875,221.099975585938,-14.3699998855591,-0.0376562513411045
20181020,0,27,69,2000,26465.498046875,220.999969482422,-9.59925556182861,2.38200688362122
20181020,6,27,69,2000,26460.5078125,220.572662353516,-12.569993019104,5.12006855010986
20181020,12,27,69,2000,26411.0546875,220.399978637695,-13.0952663421631,4.14619159698486
20181020,18,27,69,2000,26424.71484375,219.899978637695,-12.5699977874756,1.51221191883087
20181021,0,27,69,2000,26416.05078125,220.199996948242,-10.3699827194214,2.83481454849243
20181021,6,27,69,2000,26420.044921875,219.399993896484,-10,4.02154779434204
20181021,12,27,69,2000,26368.66796875,218.999969482422,-11.1999979019165,4.61310052871704
20181021,18,27,69,2000,26385.3515625,218.899993896484,-10.8999948501587,0.578869640827179
20181022,0,27,69,2000,26377.90234375,219.100006103516,-7.49999046325684,1.19208490848541
20181022,6,27,69,2000,26381.33984375,218.899993896484,-7.79443359375,2.4753246307373
20181022,12,27,69,2000,26350.244140625,218.600006103516,-7.89999771118164,1.41960692405701
20181022,18,27,69,2000,26370.44921875,218.29997253418,-8.16999530792236,-1.18074464797974
20181023,0,27,69,2000,26372.41015625,219.099945068359,-5.26999998092651,-2.1302490234375
20181023,6,27,69,2000,26393.119140625,219,-3.70194816589355,-1.34995114803314
20181023,12,27,69,2000,26360.1015625,219.099975585938,-3.79834723472595,-0.320832520723343
20181023,18,27,69,2000,26407.712890625,219.100006103516,-2.69834971427917,-3.70995116233826
20181024,0,27,69,2000,26405.53515625,219.100006103516,2.44140619543032e-06,-1.96651363372803
20181024,6,27,69,2000,26429.283203125,219.199981689453,-0.299992680549622,-0.179738774895668
20181024,12,27,69,2000,26392.734375,218.399993896484,-1.10000240802765,1.03514897823334
20181024,18,27,69,2000,26433.330078125,218.600006103516,-1.96999514102936,-1.807861328125
20181025,0,27,69,2000,26440.35546875,218.600006103516,0.705273449420929,1.29397702217102
20181025,6,27,69,2000,26463.955078125,218.600006103516,-1.29999506473541,2.25337648391724
20181025,12,27,69,2000,26429.064453125,218.099975585938,-2.4747314453125,2.96184086799622
20181025,18,27,69,2000,26460.98828125,217.899993896484,-3.99526858329773,1.24400877952576
20181026,0,27,69,2000,26444.3203125,217.899993896484,-4.28999519348145,4.01598167419434
20181026,6,27,69,2000,26459.751953125,218.199981689453,-8.67000007629395,5.05341815948486
20181026,12,27,69,2000,26413.060546875,217.399978637695,-10.370002746582,3.12594723701477
20181026,18,27,69,2000,26428.759765625,217.899993896484,-10.9999923706055,0.136484369635582
20181027,0,27,69,2000,26426.33984375,218,-9.16917037963867,2.84138178825378
20181027,6,27,69,2000,26434.509765625,218.199981689453,-11.0999946594238,2.51961922645569
20181027,12,27,69,2000,26409.732421875,218.100006103516,-10.7000045776367,1.18040525913239
20181027,18,27,69,2000,26419.8984375,218.300003051758,-10.4000024795532,-0.847883284091949
20181028,0,27,69,2000,26422.552734375,218.800003051758,-7.49999761581421,1.19348633289337
20181028,6,27,69,2000,26435.107421875,218.600006103516,-10.4899930953979,2.13738536834717
20181028,12,27,69,2000,26400.625,219.100006103516,-11.0900020599365,0.77410888671875
20181028,18,27,69,2000,26422.1015625,220.099975585938,-9.48999786376953,-0.548483908176422
20181029,0,27,69,2000,26431.158203125,219.599975585938,-7.96999263763428,1.20279788970947
20181029,6,27,69,2000,26440.5703125,219.899993896484,-8.6699857711792,4.21130132675171
20181029,12,27,69,2000,26421.546875,220.699996948242,-10.9994020462036,3.78404307365417
20181029,18,27,69,2000,26440.70703125,220.100006103516,-10.8000001907349,1.02697992324829
20181030,0,27,69,2000,26440.630859375,220.399993896484,-9.5951099395752,3.6433277130127
20181030,6,27,69,2000,26444.703125,220.600006103516,-14.176830291748,4.51467037200928
20181030,12,27,69,2000,26424.3828125,221.100006103516,-15.5962009429932,2.19801759719849
20181030,18,27,69,2000,26454.220703125,221.199996948242,-14.8094968795776,-0.345566391944885
20181031,0,27,69,2000,26461.6875,221.79997253418,-11.4006567001343,0.919775366783142
20181031,6,27,69,2000,26463.677734375,221.100006103516,-13.3153324127197,2.38513422012329
20181031,12,27,69,2000,26446.599609375,220.79997253418,-13.5604496002197,1.11442875862122
20181031,18,27,69,2000,26471.419921875,220.699981689453,-12.4700002670288,-1.80313968658447
20181101,0,27,69,2000,26483.7734375,220.5,-7.66999769210815,-0.239169925451279
20181101,6,27,69,2000,26493.787109375,220.599975585938,-9.89999675750732,2.34738779067993
20181101,12,27,69,2000,26471.44921875,220.699996948242,-10.2999973297119,2.30006098747253
20181101,18,27,69,2000,26500.630859375,220.600006103516,-11.100001335144,1.30006098747253
20181102,0,27,69,2000,26483.501953125,220.399978637695,-9.20000267028809,1.79005742073059
20181102,6,27,69,2000,26499.1875,220.79997253418,-13.1999988555908,6.10007953643799
20181102,12,27,69,2000,26466.171875,220.600006103516,-15.7511215209961,4.90009784698486
20181102,18,27,69,2000,26493.193359375,221,-15.9699954986572,1.82005369663239
20181103,0,27,69,2000,26484.0625,221.199996948242,-12.8934593200684,3.54978513717651
20181103,6,27,69,2000,26499.8515625,221.29997253418,-15.6483182907104,6.17557144165039
20181103,12,27,69,2000,26449.134765625,220.600006103516,-17.1966495513916,5.27588844299316
20181103,18,27,69,2000,26470.376953125,222,-16.1533393859863,0.802373051643372
20181104,0,27,69,2000,26472.1484375,220.800003051758,-12.5390005111694,3.08803701400757
20181104,6,27,69,2000,26460.033203125,220.600006103516,-16.5999984741211,5.51758766174316
20181104,12,27,69,2000,26415.072265625,220.899993896484,-17.7752628326416,3.04513669013977
20181104,18,27,69,2000,26429.7734375,221.399993896484,-14.9999980926514,0.200067132711411
20181105,0,27,69,2000,26433.8515625,221.800003051758,-11.6052198410034,1.60004878044128
20181105,6,27,69,2000,26435.212890625,221.300003051758,-12.8125028610229,3.30001211166382
20181105,12,27,69,2000,26386.091796875,221.199996948242,-13.1115665435791,2.9000244140625
20181105,18,27,69,2000,26417.302734375,222,-11.3931121826172,-0.999951183795929
20181106,0,27,69,2000,26404.998046875,222.199996948242,-6.32704162597656,1.57087397575378
20181106,6,27,69,2000,26412.533203125,221.699996948242,-9.3077392578125,4.80006122589111
20181106,12,27,69,2000,26381.359375,221.5,-9.44412803649902,3.50005483627319
20181106,18,27,69,2000,26407.16796875,221.160598754883,-7.05129718780518,0.900054931640625
20181107,0,27,69,2000,26386.6640625,221.499969482422,-5.71821308135986,4.92199420928955
20181107,6,27,69,2000,26397.75,221.399993896484,-8.51171875,6.60005807876587
20181107,12,27,69,2000,26357.234375,221.199996948242,-9.08078289031982,4.70003032684326
20181107,18,27,69,2000,26387.67578125,221.699981689453,-6.54777812957764,2.40001821517944
20181108,0,27,69,2000,26374.95703125,220.600006103516,-4.55098247528076,4.70004558563232
20181108,6,27,69,2000,26374.11328125,219.699996948242,-5.83497905731201,4.70003032684326
20181108,12,27,69,2000,26338.822265625,218.899993896484,-6.45788288116455,3.9000244140625
20181108,18,27,69,2000,26364.6484375,219.199996948242,-6.53016042709351,-0.299981683492661
20181109,0,27,69,2000,26367.15234375,219.199981689453,-2.85068655014038,-1.09998774528503
20181109,6,27,69,2000,26380.447265625,218.100006103516,-2.71566152572632,0.70001220703125
20181109,12,27,69,2000,26348.65234375,218.300003051758,-4.2894926071167,1.83105476025958e-05
20181109,18,27,69,2000,26379.685546875,218.199996948242,-4.57454824447632,-4.10001230239868
20181110,0,27,69,2000,26399.41796875,219.399993896484,-1.27618408203125,-3.15322875976563
20181110,6,27,69,2000,26424.875,219,-4.01326894760132,-0.499975591897964
20181110,12,27,69,2000,26395.802734375,218.592529296875,-5.19726848602295,0.100024417042732
20181110,18,27,69,2000,26421.5546875,219.600006103516,-6.6454496383667,-1.38273310661316
20181111,0,27,69,2000,26428.025390625,219.399993896484,-5.38999032974243,1.80006098747253
20181111,6,27,69,2000,26427.974609375,219.699996948242,-6.90000915527344,3.30003666877747
20181111,12,27,69,2000,26380.85546875,219.499969482422,-8.59999656677246,3.50009155273438
20181111,18,27,69,2000,26405.466796875,220.499969482422,-8.26999855041504,-1.40009152889252
20181112,0,27,69,2000,26413.46484375,219.699996948242,-5.08058166503906,1.40001225471497
20181112,6,27,69,2000,26415.615234375,219,-9.33791160583496,3.09763789176941
20181112,12,27,69,2000,26368.8671875,219.031692504883,-12.7600002288818,2.23886466026306
20181112,18,27,69,2000,26384.689453125,220.5,-11.2141675949097,-3.26681876182556
20181113,0,27,69,2000,26400.91015625,220.099975585938,-5.79145002365112,-1.48489499092102
20181113,6,27,69,2000,26413.435546875,219.399993896484,-7.96568298339844,0.699996948242188
20181113,12,27,69,2000,26380.9296875,218.599975585938,-9.1066255569458,-0.319995105266571
20181113,18,27,69,2000,26410.546875,219.199996948242,-8.3469705581665,-3.40000009536743
20181114,0,27,69,2000,26421.654296875,218.999969482422,-7.02365732192993,0.130673825740814
20181114,6,27,69,2000,26433.515625,218.600006103516,-9.40220737457275,0.484677731990814
20181114,12,27,69,2000,26402.01953125,218.599975585938,-9.40145969390869,2.2915723323822
20181114,18,27,69,2000,26428.23046875,219.399993896484,-10.7197704315186,-0.240014642477036
20181115,0,27,69,2000,26419.76953125,219.099975585938,-8.6710033416748,1.31899654865265
20181115,6,27,69,2000,26427.08203125,219.599975585938,-12.0583963394165,4.02001953125
20181115,12,27,69,2000,26372.47265625,218.600006103516,-14.5002145767212,3.04999995231628
20181115,18,27,69,2000,26398.2890625,219.399993896484,-13.1698484420776,0.0699902325868607
20181116,0,27,69,2000,26397.11328125,218.899993896484,-9.90074157714844,2.49994802474976
20181116,6,27,69,2000,26399.337890625,217.799957275391,-10.9908056259155,4.81430196762085
20181116,12,27,69,2000,26355.76171875,216.699996948242,-11.9831886291504,3.79999995231628
20181116,18,27,69,2000,26372.927734375,216.79997253418,-9.62189960479736,-1.4107666015625
20181117,0,27,69,2000,26383.685546875,217.199981689453,-6.22139167785645,-1.72000002861023
20181117,6,27,69,2000,26408.35546875,218.199996948242,-10.6539497375488,-2.08143067359924
20181117,12,27,69,2000,26374.123046875,219,-13.7049264907837,-4.68570327758789
20181117,18,27,69,2000,26413.064453125,220.499969482422,-11.640007019043,-6.05786371231079
20181118,0,27,69,2000,26426.59765625,221.106979370117,-8.89929676055908,-0.540014624595642
20181118,6,27,69,2000,26436.79296875,221,-12.3464889526367,2.22760009765625
20181118,12,27,69,2000,26403.96484375,220.270416259766,-13.9300241470337,1.00327634811401
20181118,18,27,69,2000,26425.720703125,220.899993896484,-13.5394458770752,0.464179694652557
20181119,0,27,69,2000,26418.8984375,220.699996948242,-14.1476612091064,3.01214838027954
20181119,6,27,69,2000,26423.544921875,220.100006103516,-16.2070693969727,2.45436024665833
20181119,12,27,69,2000,26377.1875,218.800003051758,-14.5045871734619,-0.639443337917328
20181119,18,27,69,2000,26416.783203125,218.100006103516,-9.94568347930908,-4.66998291015625
20181120,0,27,69,2000,26412.75,219.399993896484,-6.97527837753296,-3.48949217796326
20181120,6,27,69,2000,26426.2890625,219.300003051758,-7.5018482208252,0.260427236557007
20181120,12,27,69,2000,26389.63671875,219.199996948242,-7.31690406799316,-0.261989742517471
20181120,18,27,69,2000,26414.837890625,219.600006103516,-6.31001710891724,-0.323564440011978
20181121,0,27,69,2000,26400.4921875,220.100006103516,-7.41382074356079,3.06217050552368
20181121,6,27,69,2000,26417.5,219.414703369141,-10.4234762191772,1.08861327171326
20181121,12,27,69,2000,26372.11328125,218.599975585938,-10.8549976348877,1.65802240371704
20181121,18,27,69,2000,26408.533203125,219.399993896484,-11.2822093963623,-0.137387692928314
20181122,0,27,69,2000,26390.8359375,218.600006103516,-9.33739471435547,2.98253417015076
20181122,6,27,69,2000,26408.115234375,218.099975585938,-12.197639465332,3.36122560501099
20181122,12,27,69,2000,26350.375,217.399993896484,-12.2012186050415,1.24143064022064
20181122,18,27,69,2000,26374.994140625,217.199981689453,-10.4964942932129,-1.55336666107178
20181123,0,27,69,2000,26365.4609375,217.699996948242,-9.10400676727295,0.598007798194885
20181123,6,27,69,2000,26377.654296875,216.79997253418,-10.9360132217407,0.170224606990814
20181123,12,27,69,2000,26332.203125,217.399993896484,-9.17399883270264,-2.66065430641174
20181123,18,27,69,2000,26371.46484375,217.399993896484,-6.7400050163269,-3.70864748954773
20181124,0,27,69,2000,26362.169921875,217.600006103516,-6.0539870262146,-0.47054198384285
20181124,6,27,69,2000,26372.95703125,216.929153442383,-9.48342037200928,-1.03970217704773
20181124,12,27,69,2000,26338.2109375,217.429153442383,-8.04336166381836,-3.46929693222046
20181124,18,27,69,2000,26386.158203125,217.800003051758,-7.0277419090271,-4.40999507904053
20181125,0,27,69,2000,26386.912109375,218.199996948242,-6.96127462387085,-3.1348192691803
20181125,6,27,69,2000,26411.306640625,218.399993896484,-8.89255332946777,-1.80778813362122
20181125,12,27,69,2000,26382.6015625,218.300003051758,-9.03872299194336,-1.77998530864716
20181125,18,27,69,2000,26415.494140625,219.599975585938,-9.12392616271973,-0.436174303293228
20181126,0,27,69,2000,26414.587890625,219.899978637695,-8.88778591156006,1.40332758426666
20181126,6,27,69,2000,26438.2421875,219.899978637695,-8.5831127166748,1.67001950740814
20181126,12,27,69,2000,26402.537109375,218.5,-7.78618431091309,3.24999022483826
20181126,18,27,69,2000,26422.498046875,218.499969482422,-10.3607978820801,1.51580572128296
20181127,0,27,69,2000,26403.080078125,218.699996948242,-10.5562572479248,2.50907707214355
20181127,6,27,69,2000,26412.09765625,218.100006103516,-11.2899827957153,3.53128409385681
20181127,12,27,69,2000,26347.58203125,216.999969482422,-12.9514331817627,3.78899908065796
20181127,18,27,69,2000,26370.994140625,217.699996948242,-12.4671316146851,-0.868979513645172
20181128,0,27,69,2000,26357.0234375,217.899993896484,-9.80929946899414,1.29234862327576
20181128,6,27,69,2000,26364.6484375,217.699996948242,-11.3394804000854,1.50000607967377
20181128,12,27,69,2000,26323.2421875,217.29997253418,-11.8584012985229,1.00000309944153
20181128,18,27,69,2000,26356.33984375,218.800003051758,-10.6410160064697,-1.22914433479309
20181129,0,27,69,2000,26339.404296875,218.100006103516,-10.2656307220459,0.499993890523911
20181129,6,27,69,2000,26356.240234375,218.600006103516,-11.2534303665161,1.79999995231628
20181129,12,27,69,2000,26320.0703125,217.699996948242,-12.8200197219849,0.900006115436554
20181129,18,27,69,2000,26346.560546875,218.79997253418,-13.8012638092041,-2.80001211166382
20181130,0,27,69,2000,26348.953125,218.600006103516,-9.17207050323486,-2.70000600814819
20181130,6,27,69,2000,26365.587890625,218.600006103516,-11.001202583313,1.89998781681061
20181130,12,27,69,2000,26331.654296875,218.399993896484,-13.6353206634521,-1.22070314318989e-05
20181130,18,27,69,2000,26359.98828125,220.099975585938,-10.5966396331787,-3.77808833122253
20181201,0,27,69,2000,26360.052734375,220.199996948242,-7.09776592254639,-1.80001223087311
20181201,6,27,69,2000,26373.79296875,219.199996948242,-7.68117666244507,2.19999384880066
20181201,12,27,69,2000,26325.72265625,218.899993896484,-9.9288272857666,0.5
20181201,18,27,69,2000,26359.76953125,219.399993896484,-9.10599994659424,-2.60000610351563
20181202,0,27,69,2000,26337.318359375,220.199996948242,-5.88911151885986,-0.870852649211884
20181202,6,27,69,2000,26355.94921875,220.199996948242,-6.47612285614014,0.817812502384186
20181202,12,27,69,2000,26313.365234375,219.511672973633,-5.49669170379639,0.832456052303314
20181202,18,27,69,2000,26339.38671875,220.300003051758,-5.98690938949585,-1.45999026298523
20181203,0,27,69,2000,26318.0625,220.199996948242,-3.91432857513428,-0.510009765625
20181203,6,27,69,2000,26340.193359375,220.699996948242,-4.77752685546875,-0.209995120763779
20181203,12,27,69,2000,26305.052734375,220.300003051758,-2.8055419921875,-1.12688970565796
20181203,18,27,69,2000,26339.6640625,220.399993896484,-2.38987302780151,-1.03392088413239
20181204,0,27,69,2000,26320.08203125,220.100006103516,-2.54141592979431,0.958330094814301
20181204,6,27,69,2000,26337.724609375,220.100006103516,-4.47784185409546,0.823652327060699
20181204,12,27,69,2000,26296.39453125,220.399993896484,-3.35439944267273,0.0859594717621803
20181204,18,27,69,2000,26339.9140625,220.899993896484,-2.86051511764526,-1.68166017532349
20181205,0,27,69,2000,26333.09765625,220,-0.381472170352936,1.11349606513977
20181205,6,27,69,2000,26351.140625,220.5,-3.80562138557434,3.54939579963684
20181205,12,27,69,2000,26300.595703125,219.599975585938,-5.47572803497314,1.30003666877747
20181205,18,27,69,2000,26346.375,221.199996948242,-3.93040466308594,-1.79996943473816
20181206,0,27,69,2000,26338.1953125,220,-1.0604522228241,2.30003046989441
20181206,6,27,69,2000,26353,219.600006103516,-4.65356922149658,3.41004633903503
20181206,12,27,69,2000,26305.884765625,219.004425048828,-5.99232625961304,1.45643305778503
20181206,18,27,69,2000,26343.640625,219.995559692383,-5.46437358856201,-2.0999755859375
20181207,0,27,69,2000,26335.205078125,219.399978637695,-2.36481022834778,-0.199981689453125
20181207,6,27,69,2000,26352.234375,220.199996948242,-3.80079960823059,1.35805666446686
20181207,12,27,69,2000,26309.931640625,219.300003051758,-5.22546100616455,-0.599993884563446
20181207,18,27,69,2000,26337.92578125,220.399993896484,-2.85519099235535,-5.15639019012451
20181208,0,27,69,2000,26334.248046875,221.199981689453,-0.0259582512080669,-2.29998779296875
20181208,6,27,69,2000,26356.412109375,220.899993896484,-1.91178894042969,1.83105476025958e-05
20181208,12,27,69,2000,26303.017578125,220.600006103516,-3.24931645393372,-2.54359745979309
20181208,18,27,69,2000,26355.35546875,222.600006103516,-1.54595792293549,-5
20181209,0,27,69,2000,26347.14453125,221.699996948242,1.03734135627747,-1.69998776912689
20181209,6,27,69,2000,26356.580078125,221.199996948242,-2.44019627571106,0.500006079673767
20181209,12,27,69,2000,26322.091796875,221.199996948242,-3.93172454833984,-2.30000615119934
20181209,18,27,69,2000,26354.517578125,222.399993896484,-3.54477691650391,-5.29998779296875
20181210,0,27,69,2000,26370.216796875,222.300003051758,-0.413917541503906,-1.59989011287689
20181210,6,27,69,2000,26398.08984375,221.499969482422,-3.45483088493347,-0.300006091594696
20181210,12,27,69,2000,26360.21484375,221.5,-3.57445669174194,-1
20181210,18,27,69,2000,26397.63671875,222.199996948242,-4.46847248077393,-2.10000610351563
20181211,0,27,69,2000,26412.564453125,221.899978637695,-3.98161458969116,-0.100012205541134
20181211,6,27,69,2000,26428.439453125,220.899978637695,-5.17539978027344,2.59999394416809
20181211,12,27,69,2000,26382.6328125,220.300003051758,-7.80756855010986,2.69999384880066
20181211,18,27,69,2000,26417.794921875,221.29997253418,-9.24624919891357,-2
20181212,0,27,69,2000,26415.85546875,220.800003051758,-5.5330228805542,0.899993896484375
20181212,6,27,69,2000,26426.767578125,220.399978637695,-8.29999732971191,4.89999103546143
20181212,12,27,69,2000,26392.197265625,219.699996948242,-10.0464582443237,1.90001225471497
20181212,18,27,69,2000,26413.384765625,219.499969482422,-10.4114990234375,-0.400006115436554
20181213,0,27,69,2000,26411.1328125,221.100006103516,-8.5062084197998,1.80000615119934
20181213,6,27,69,2000,26447.8984375,221.199996948242,-10.6189632415771,2.30000615119934
20181213,12,27,69,2000,26400.384765625,220.199996948242,-9.4097843170166,0
20181213,18,27,69,2000,26423.16796875,220.399978637695,-9.43609046936035,0.601367175579071
20181214,0,27,69,2000,26415.724609375,221.300003051758,-8.59531593322754,1.30000615119934
20181214,6,27,69,2000,26428.087890625,219.699996948242,-10.0960969924927,1.24917602539063
20181214,12,27,69,2000,26381.48046875,219.800003051758,-8.80014610290527,2.39998769760132
20181214,18,27,69,2000,26402.77734375,219.800003051758,-11.8311061859131,-1.39998781681061
20181215,0,27,69,2000,26402.822265625,220.300003051758,-7.00292062759399,1.20000004768372
20181215,6,27,69,2000,26408.748046875,219.300003051758,-10.2873592376709,3.99999380111694
20181215,12,27,69,2000,26366.3359375,219.099975585938,-10.5544462203979,1.10856318473816
20181215,18,27,69,2000,26392.806640625,220.199996948242,-9.04113483428955,0.499987781047821
20181216,0,27,69,2000,26383.330078125,220.600006103516,-8.10415363311768,4.09998798370361
20181216,6,27,69,2000,26398.25,220.5,-10.4312009811401,2.00328373908997
20181216,12,27,69,2000,26351.95703125,219.399993896484,-8.35864543914795,0.899990856647491
20181216,18,27,69,2000,26375.849609375,220.199996948242,-11.0875120162964,1.29999387264252
20181217,0,27,69,2000,26365.16796875,220.202789306641,-9.99063682556152,0.200000002980232
20181217,6,27,69,2000,26378.572265625,220.199996948242,-11.0516843795776,0
20181217,12,27,69,2000,26339.05078125,219.800003051758,-12.3218078613281,-0.316113293170929
20181217,18,27,69,2000,26372.8515625,220,-12.9545106887817,-3.00003671646118
20181218,0,27,69,2000,26371.98046875,220.199996948242,-12.8268795013428,-2.10004878044128
20181218,6,27,69,2000,26390.765625,219.600006103516,-15.2087955474854,-2.70001220703125
20181218,12,27,69,2000,26352.9765625,219.600006103516,-14.2041988372803,-2.70001840591431
