20180720,0,40,180,40000,6862.693359375,226.5,25.002628326416,0.815332055091858
20180720,6,40,180,40000,6880.4951171875,227.185272216797,23.2601070404053,-3.62277841567993
20180720,12,40,180,40000,6894.333984375,227.699996948242,21.3768367767334,-5.08837270736694
20180720,18,40,180,40000,6908.73046875,227.885299682617,41.075798034668,-5.71113300323486
20180721,0,40,180,40000,6958.88623046875,232.614700317383,37.0132751464844,-12.220666885376
20180721,6,40,180,40000,6974.58642578125,236.099975585938,13.2650938034058,-29.6838626861572
20180721,12,40,180,40000,6938.587890625,238.699996948242,3.48267221450806,-29.2954902648926
20180721,18,40,180,40000,6823.337890625,235.100006103516,2.96942138671875,-13.2038631439209
20180722,0,40,180,40000,6755.33935546875,231.899993896484,9.54881572723389,0.161376953125
20180722,6,40,180,40000,6776.8720703125,232.899993896484,3.69148564338684,9.91277503967285
20180722,12,40,180,40000,6806.3349609375,232.699996948242,11.7382144927979,8.06423950195313
20180722,18,40,180,40000,6835.96044921875,231.800003051758,16.0049018859863,13.3303165435791
20180723,0,40,180,40000,6900.64208984375,230.999969482422,3.71170663833618,8.99159526824951
20180723,6,40,180,40000,6946.7724609375,232.599975585938,0.73329770565033,20.0143928527832
20180723,12,40,180,40000,6978.97998046875,233,3.75257563591003,11.1964693069458
20180723,18,40,180,40000,6999.52392578125,231.737747192383,1.42774653434753,20.7397708892822
20180724,0,40,180,40000,7028.83935546875,232.300003051758,-7.58786630630493,24.404333114624
20180724,6,40,180,40000,7094.7451171875,238.600006103516,-19.0802669525146,37.783763885498
20180724,12,40,180,40000,7168.173828125,240.599975585938,-14.0095825195313,29.9339008331299
20180724,18,40,180,40000,7225.87939453125,240.898483276367,-7.87004899978638,23.3909854888916
20180725,0,40,180,40000,7268.8935546875,241.200042724609,-2.20058298110962,16.2521781921387
20180725,6,40,180,40000,7297.544921875,242,-2.21303701400757,13.8644962310791
20180725,12,40,180,40000,7320.47119140625,242.886032104492,-1.86398315429688,7.45858764648438
20180725,18,40,180,40000,7324.3466796875,243.5,2.94292974472046,0.41597655415535
20180726,0,40,180,40000,7304.404296875,243.868316650391,8.09509754180908,-5.59487295150757
20180726,6,40,180,40000,7257.77001953125,243.231689453125,19.0433006286621,-7.32258796691895
20180726,12,40,180,40000,7212.72314453125,242.699996948242,25.5385684967041,-12.6524610519409
20180726,18,40,180,40000,7154.90673828125,240.167877197266,28.289342880249,-4.26930665969849
20180727,0,40,180,40000,7141.36376953125,238.800003051758,25.1249828338623,-9.47096157073975
20180727,6,40,180,40000,7095.91259765625,237.5,30.9645328521729,-16.2802982330322
20180727,12,40,180,40000,7063.5576171875,236.0751953125,35.3498649597168,-8.53284645080566
20180727,18,40,180,40000,7050.93701171875,235.677154541016,30.5132999420166,-14.8958492279053
20180728,0,40,180,40000,7025.32763671875,234.699981689453,33.8877410888672,-18.5075969696045
20180728,6,40,180,40000,7001.29443359375,233.899993896484,31.1467475891113,-19.1045761108398
20180728,12,40,180,40000,6987.17822265625,233.399993896484,19.9555912017822,-10.3412036895752
20180728,18,40,180,40000,6984.89306640625,234.585739135742,22.7163276672363,-8.28253936767578
20180729,0,40,180,40000,7000.4501953125,234.600006103516,25.053373336792,-14.6641502380371
20180729,6,40,180,40000,7006.9814453125,233.600006103516,16.9957370758057,-17.6340923309326
20180729,12,40,180,40000,7003.50390625,233.5,10.6677341461182,-28.0702342987061
20180729,18,40,180,40000,6958.22021484375,232.300003051758,-1.29232907295227,-27.1956253051758
20180730,0,40,180,40000,6914.7744140625,229.845306396484,7.36064434051514,-15.270468711853
20180730,6,40,180,40000,6913.63134765625,229.63623046875,0.49591064453125,-11.0738964080811
20180730,12,40,180,40000,6902.1005859375,230.114700317383,-7.30723571777344,-9.19327354431152
20180730,18,40,180,40000,6908.35888671875,230.221923828125,-9.12047386169434,4.80934572219849
20180731,0,40,180,40000,6915.18359375,229.892532348633,-2.94499826431274,10.8585939407349
20180731,6,40,180,40000,6963.6982421875,233.199981689453,-27.8175106048584,14.0973634719849
20180731,12,40,180,40000,7037.091796875,236.24723815918,-18.6623649597168,19.505542755127
20180731,18,40,180,40000,7072.43994140625,237.600677490234,-27.7279052734375,28.1090335845947
20180801,0,40,180,40000,7115.89453125,239.260589599609,-39.5026779174805,24.8468055725098
20180801,6,40,180,40000,7188.70263671875,240.68603515625,-31.4498844146729,20.8580665588379
20180801,12,40,180,40000,7247.0400390625,241.400238037109,-23.6268863677979,21.1310234069824
20180801,18,40,180,40000,7301.64111328125,242.600006103516,-17.973611831665,19.3750057220459
20180802,0,40,180,40000,7337.166015625,242.699996948242,-12.8888673782349,16.8014945983887
20180802,6,40,180,40000,7352.0810546875,242.600006103516,-6.64952087402344,17.5980949401855
20180802,12,40,180,40000,7375.40234375,244,-13.0169277191162,17.2349605560303
20180802,18,40,180,40000,7395.08935546875,244.800003051758,-7.64275217056274,10.9180173873901
20180803,0,40,180,40000,7404.0087890625,244.492523193359,-2.36068105697632,6.59735107421875
20180803,6,40,180,40000,7398.13916015625,244.338912963867,2.64434194564819,3.30601811408997
20180803,12,40,180,40000,7390.185546875,244.600006103516,6.70638751983643,-2.55324101448059
20180803,18,40,180,40000,7361.583984375,244.421920776367,14.4273958206177,-6.37327861785889
20180804,0,40,180,40000,7325.4736328125,243.899978637695,19.8827266693115,-11.1010618209839
20180804,6,40,180,40000,7269.67138671875,242.399993896484,26.2280082702637,-14.639856338501
20180804,12,40,180,40000,7207.70556640625,242.199981689453,36.1704902648926,-17.600076675415
20180804,18,40,180,40000,7126.16259765625,241.707473754883,48.9049301147461,-12.4678897857666
20180805,0,40,180,40000,7088.02685546875,238.199996948242,37.0965194702148,6.54874897003174
20180805,6,40,180,40000,7099.63916015625,236.600006103516,33.3561325073242,6.59407329559326
20180805,12,40,180,40000,7097.74267578125,235.606979370117,24.4682655334473,13.3686428070068
20180805,18,40,180,40000,7101.7099609375,236.653396606445,23.830005645752,25.0155868530273
20180806,0,40,180,40000,7126.068359375,236.600006103516,8.07108497619629,34.4468078613281
20180806,6,40,180,40000,7163.6298828125,237.251708984375,6.25701665878296,26.08056640625
20180806,12,40,180,40000,7186.0341796875,236.012451171875,7.06109619140625,15.5320405960083
20180806,18,40,180,40000,7199.57861328125,235.885650634766,2.00009775161743,17.8354740142822
20180807,0,40,180,40000,7225.8232421875,236.187408447266,-0.8958740234375,18.9843940734863
20180807,6,40,180,40000,7245.54833984375,235.899978637695,-2.15683102607727,17.0470905303955
20180807,12,40,180,40000,7272.30810546875,235.75080871582,-1.90411865711212,12.6297559738159
20180807,18,40,180,40000,7280.37109375,235.899993896484,-0.208264157176018,9.64958477020264
20180808,0,40,180,40000,7283.77294921875,235.699996948242,1.23004758358002,5.92219257354736
20180808,6,40,180,40000,7273.46875,235.270843505859,5.05696725845337,1.65476071834564
20180808,12,40,180,40000,7271.662109375,234.790557861328,11.5363826751709,2.60589599609375
20180808,18,40,180,40000,7268.623046875,237.010055541992,20.5544834136963,24.9619026184082
20180809,0,40,180,40000,7284.47119140625,237.557571411133,16.8082466125488,15.9336366653442
20180809,6,40,180,40000,7290.32421875,238.300003051758,18.9096736907959,10.2535037994385
20180809,12,40,180,40000,7295.86328125,239.310012817383,19.3660850524902,8.71755409240723
20180809,18,40,180,40000,7297.01123046875,241.683547973633,19.2677364349365,3.38985586166382
20180810,0,40,180,40000,7277.75634765625,241.800003051758,23.6774253845215,-0.245361328125
20180810,6,40,180,40000,7242.29052734375,242.937591552734,28.1558532714844,0.330700695514679
20180810,12,40,180,40000,7190.1533203125,242.5,31.5999183654785,-3.67223501205444
20180810,18,40,180,40000,7130.40673828125,241.802032470703,39.6117858886719,-10.3220825195313
20180811,0,40,180,40000,7041.1123046875,239.543609619141,50.3676681518555,-15.4940061569214
20180811,6,40,180,40000,7035.74560546875,237.710037231445,29.1830234527588,19.6326789855957
20180811,12,40,180,40000,7085.49853515625,237.800003051758,21.300012588501,17.0739498138428
20180811,18,40,180,40000,7099.576171875,238.643585205078,22.8908882141113,18.9555606842041
20180812,0,40,180,40000,7123.548828125,238.5,22.0326080322266,22.1263999938965
20180812,6,40,180,40000,7151.62060546875,239.800003051758,18.20436668396,26.2271423339844
20180812,12,40,180,40000,7189.208984375,240.600006103516,19.8574066162109,18.0057487487793
20180812,18,40,180,40000,7189.62548828125,239.399993896484,28.028787612915,7.76700448989868
20180813,0,40,180,40000,7179.263671875,240.11164855957,31.7999992370605,8.59026527404785
20180813,6,40,180,40000,7152.62353515625,240.300003051758,37.4017868041992,9.06831645965576
20180813,12,40,180,40000,7145.22509765625,239.136428833008,37.565315246582,9.77484130859375
20180813,18,40,180,40000,7139.8251953125,238.182769775391,37.2673950195313,7.59010028839111
20180814,0,40,180,40000,7152.13916015625,238.070846557617,31.7247467041016,8.30813503265381
20180814,6,40,180,40000,7135.640625,237.822174072266,31.8694286346436,-1.2115820646286
20180814,12,40,180,40000,7117.14453125,235.100006103516,24.3679485321045,7.48550796508789
20180814,18,40,180,40000,7144.85009765625,235.5,29.4307594299316,8.72832012176514
20180815,0,40,180,40000,7156.7080078125,237.600006103516,34.0343780517578,3.15765619277954
20180815,6,40,180,40000,7134.20068359375,238.800003051758,46.5359268188477,4.49559593200684
20180815,12,40,180,40000,7111.3505859375,240.829147338867,49.5926170349121,10.5082712173462
20180815,18,40,180,40000,7046.54638671875,240.329147338867,58.7886734008789,9.2711820602417
20180816,0,40,180,40000,7032.29931640625,235.690673828125,41.4428329467773,28.9342727661133
20180816,6,40,180,40000,7116.65185546875,238.899993896484,43.8246536254883,33.5288543701172
20180816,12,40,180,40000,7206.47705078125,239.5,26.1093158721924,37.9713706970215
20180816,18,40,180,40000,7302.4970703125,240.891998291016,20.2467060089111,17.9572906494141
20180817,0,40,180,40000,7339.91455078125,242.800003051758,19.8516941070557,6.85394048690796
20180817,6,40,180,40000,7327.46728515625,242.704437255859,27.2618045806885,-4.35071277618408
20180817,12,40,180,40000,7294.38623046875,243.149169921875,29.70458984375,-14.5390567779541
20180817,18,40,180,40000,7234.89306640625,243.100006103516,34.4775924682617,-15.6165800094604
20180818,0,40,180,40000,7158.4189453125,241.81477355957,36.7627182006836,-18.7708683013916
20180818,6,40,180,40000,7063.181640625,240.800003051758,47.3331680297852,-23.9604835510254
20180818,12,40,180,40000,7017.0654296875,237.884201049805,29.933464050293,0.219013676047325
20180818,18,40,180,40000,7079.3779296875,237.899993896484,16.7233982086182,17.4574089050293
20180819,0,40,180,40000,7090.11376953125,235.399978637695,21.3083686828613,5.06106424331665
20180819,6,40,180,40000,7078.64208984375,236.999969482422,19.1499710083008,9.13577175140381
20180819,12,40,180,40000,7112.759765625,236.399993896484,13.2023830413818,17.8582515716553
20180819,18,40,180,40000,7150.45556640625,236.321929931641,17.4817562103271,22.1161861419678
20180820,0,40,180,40000,7190.3720703125,237.79997253418,10.8025636672974,35.376293182373
20180820,6,40,180,40000,7242.044921875,241.44612121582,14.7471895217896,27.2966213226318
20180820,12,40,180,40000,7284.34521484375,242.199981689453,19.5837593078613,21.8014640808105
20180820,18,40,180,40000,7277.8935546875,242.800003051758,36.4183731079102,10.2210645675659
20180821,0,40,180,40000,7237.79541015625,243.29997253418,45.8714141845703,7.07978010177612
20180821,6,40,180,40000,7219.38232421875,240.453857421875,26.0303230285645,13.4576072692871
20180821,12,40,180,40000,7240.173828125,241.246124267578,24.9122066497803,9.80495643615723
20180821,18,40,180,40000,7248.6669921875,241.699996948242,27.2179012298584,10.3568210601807
20180822,0,40,180,40000,7248.90185546875,242,26.1688041687012,14.1628293991089
20180822,6,40,180,40000,7258.1943359375,241.600250244141,28.3132781982422,16.1318855285645
20180822,12,40,180,40000,7276.75,242.599761962891,25.930456161499,22.2046012878418
20180822,18,40,180,40000,7316.48388671875,245.346115112305,22.8567810058594,16.206750869751
20180823,0,40,180,40000,7329.146484375,246.407470703125,24.8928890228271,11.7132816314697
20180823,6,40,180,40000,7332.0126953125,246.307464599609,25.5895481109619,5.14697265625
20180823,12,40,180,40000,7300.93505859375,245.800003051758,27.2783622741699,-13.023175239563
20180823,18,40,180,40000,7217.705078125,244.499969482422,38.1096458435059,-19.7139167785645
20180824,0,40,180,40000,7142.8154296875,240.100006103516,33.7909736633301,-14.0827884674072
20180824,6,40,180,40000,7040.896484375,237.899993896484,40.4298934936523,-12.4673099517822
20180824,12,40,180,40000,6854.830078125,236.985305786133,42.1450576782227,-23.0213813781738
20180824,18,40,180,40000,6782.53076171875,234.899978637695,33.2254524230957,14.5672731399536
20180825,0,40,180,40000,6787.15185546875,233.099975585938,22.4263248443604,24.9769287109375
20180825,6,40,180,40000,6942.2783203125,236.399993896484,25.099925994873,55.8166885375977
20180825,12,40,180,40000,7085.16259765625,238.5,20.3048515319824,45.2252883911133
20180825,18,40,180,40000,7193.0712890625,239.100006103516,14.4063816070557,33.1613655090332
20180826,0,40,180,40000,7258.0869140625,240.100006103516,14.8108339309692,24.5306587219238
20180826,6,40,180,40000,7301.64892578125,241.699981689453,21.6157722473145,29.1158752441406
20180826,12,40,180,40000,7359.939453125,244.668304443359,18.1533012390137,21.5710144042969
20180826,18,40,180,40000,7409.10498046875,246.800003051758,20.9754371643066,17.5969181060791
20180827,0,40,180,40000,7439.513671875,246.79997253418,19.2792720794678,14.2441530227661
20180827,6,40,180,40000,7452.00927734375,248.400024414063,23.8777980804443,8.044921875
20180827,12,40,180,40000,7460.22265625,248.600006103516,25.5180320739746,2.74942636489868
20180827,18,40,180,40000,7454.24072265625,248.100006103516,24.8265285491943,0.0783569365739822
20180828,0,40,180,40000,7437.76806640625,247.300003051758,24.8805828094482,-3.69530773162842
20180828,6,40,180,40000,7415.3232421875,246.79997253418,24.5646457672119,-7.93015623092651
20180828,12,40,180,40000,7378.28125,244.899993896484,20.6497020721436,-13.1263475418091
20180828,18,40,180,40000,7328.60302734375,243,18.2328853607178,-9.23188018798828
20180829,0,40,180,40000,7292.81884765625,242.038909912109,20.6867179870605,-9.14613723754883
20180829,6,40,180,40000,7241.76416015625,242.568313598633,23.0815925598145,-8.32131862640381
20180829,12,40,180,40000,7211.955078125,241.546112060547,23.5351066589355,-9.20503902435303
20180829,18,40,180,40000,7177.267578125,238.800003051758,26.6619682312012,-3.59318852424622
20180830,0,40,180,40000,7158.4404296875,237.5,22.2675666809082,-4.10759878158569
20180830,6,40,180,40000,7136.29443359375,236.899993896484,17.941089630127,-3.30776357650757
20180830,12,40,180,40000,7134.98486328125,236.999969482422,13.962908744812,-5.39044809341431
20180830,18,40,180,40000,7139.4287109375,236.5,9.2147216796875,-1.78580319881439
20180831,0,40,180,40000,7161.38232421875,237.500030517578,-3.66484379768372,7.78630352020264
20180831,6,40,180,40000,7194.80126953125,239.899993896484,-6.74240732192993,13.2835636138916
20180831,12,40,180,40000,7242.08984375,241.600006103516,-5.97340679168701,8.89914512634277
20180831,18,40,180,40000,7280.7998046875,242.399993896484,2.47397470474243,7.0123291015625
20180901,0,40,180,40000,7289.6376953125,243.300003051758,6.11536264419556,1.20037841796875
20180901,6,40,180,40000,7277.494140625,244.5,17.5409908294678,-2.79081416130066
20180901,12,40,180,40000,7275.388671875,245.599975585938,23.6880302429199,3.06549692153931
20180901,18,40,180,40000,7246.75927734375,246.100006103516,32.4156723022461,-7.40351581573486
20180902,0,40,180,40000,7198.29931640625,245.600006103516,37.0871315002441,-7.55803203582764
20180902,6,40,180,40000,7119.49072265625,244.043609619141,41.1500625610352,-15.7866792678833
20180902,12,40,180,40000,7031.06884765625,240.243606567383,42.6897888183594,-24.331958770752
20180902,18,40,180,40000,6922.33642578125,235.110061645508,41.6338081359863,-23.0133419036865
20180903,0,40,180,40000,6825.01416015625,233.699996948242,34.9096603393555,-20.6855506896973
20180903,6,40,180,40000,6770.24365234375,231.600006103516,18.0525512695313,1.24368286132813
20180903,12,40,180,40000,6792.8173828125,228.346603393555,10.4036712646484,8.33324241638184
20180903,18,40,180,40000,6838.955078125,227.706985473633,0.166305541992188,22.0683746337891
20180904,0,40,180,40000,6889.16259765625,229.699981689453,3.56701350212097,18.9039764404297
20180904,6,40,180,40000,6914.587890625,231.199996948242,3.14241933822632,21.3048210144043
20180904,12,40,180,40000,6962.08203125,233,-2.57717037200928,25.4901561737061
20180904,18,40,180,40000,7027.232421875,234.599975585938,-10.1345748901367,29.158842086792
20180905,0,40,180,40000,7117.0869140625,237.699996948242,-3.30001211166382,26.8892097473145
20180905,6,40,180,40000,7164.14501953125,237.79997253418,10.1941776275635,19.5677547454834
20180905,12,40,180,40000,7185.02978515625,238.406982421875,21.0951194763184,15.7000370025635
20180905,18,40,180,40000,7168.771484375,238.300003051758,30.3637809753418,24.4978694915771
20180906,0,40,180,40000,7172.09326171875,242.399993896484,34.1289367675781,40.8962173461914
20180906,6,40,180,40000,7228.9169921875,244.199996948242,25.5072975158691,37.9696731567383
20180906,12,40,180,40000,7292.421875,243.699996948242,20.664831161499,21.5184993743896
20180906,18,40,180,40000,7327.30078125,245.199996948242,18.6988945007324,18.6391716003418
20180907,0,40,180,40000,7340.66064453125,244.585296630859,20.0989017486572,6.2626953125
20180907,6,40,180,40000,7332.5732421875,244.099975585938,13.0121335983276,-2.11951589584351
20180907,12,40,180,40000,7323.310546875,243.800003051758,19.9378147125244,-3.67709970474243
20180907,18,40,180,40000,7305.0673828125,244.192535400391,24.2977046966553,-7.99997568130493
20180908,0,40,180,40000,7283.345703125,245.199981689453,24.9381504058838,-11.7434568405151
20180908,6,40,180,40000,7253.00732421875,244.5,27.0354557037354,-19.0063972473145
20180908,12,40,180,40000,7223.02490234375,242.899978637695,26.1642456054688,-21.4999809265137
20180908,18,40,180,40000,7196.17236328125,240.5,39.2367782592773,-15.8300533294678
20180909,0,40,180,40000,7189.302734375,242.399993896484,44.4207763671875,-21.4994087219238
20180909,6,40,180,40000,7182.09228515625,240.800003051758,35.1383972167969,-21.7804374694824
20180909,12,40,180,40000,7186.42578125,241.300003051758,27.7935428619385,-22.9841060638428
20180909,18,40,180,40000,7176.451171875,240.5,29.3305149078369,-11.4863185882568
20180910,0,40,180,40000,7172.40576171875,239.999969482422,17.2524166107178,-17.0957908630371
20180910,6,40,180,40000,7152.640625,240.100006103516,17.9398078918457,-15.5847415924072
20180910,12,40,180,40000,7147.64013671875,241.100006103516,13.0864505767822,-17.7275981903076
20180910,18,40,180,40000,7101.82958984375,239.800003051758,-0.824809551239014,-16.497974395752
20180911,0,40,180,40000,7056.765625,239.199996948242,-1.08042478561401,-14.5895118713379
20180911,6,40,180,40000,7009.82763671875,239,-4.75050354003906,0.499285876750946
20180911,12,40,180,40000,7043.46484375,238.899993896484,7.41952514648438,6.15414428710938
20180911,18,40,180,40000,7070.646484375,238,14.340802192688,4.83701181411743
20180912,0,40,180,40000,7102.2880859375,238.485305786133,15.827618598938,5.20005512237549
20180912,6,40,180,40000,7092.58984375,236.600006103516,13.9693546295166,-1.52297055721283
20180912,12,40,180,40000,7085.72509765625,237.114669799805,20.0304374694824,-3.55176997184753
20180912,18,40,180,40000,7071.8232421875,236.671539306641,20.6886901855469,-3.11907958984375
20180913,0,40,180,40000,7054.19140625,236.600006103516,22.3470096588135,-4.43496084213257
20180913,6,40,180,40000,7041.322265625,236.000030517578,22.6313056945801,-3.01078796386719
20180913,12,40,180,40000,7044.08935546875,235.600006103516,27.5554866790771,-4.01746845245361
20180913,18,40,180,40000,7039.515625,234.800003051758,31.657262802124,-3.14276742935181
20180914,12,40,180,40000,7169.95263671875,242.199981689453,21.5422782897949,-19.7747135162354
20180914,18,40,180,40000,7146.19384765625,241.699981689453,6.21380615234375,-14.2423887252808
20180915,0,40,180,40000,7073.224609375,237.699996948242,-9.60015296936035,-12.3984985351563
20180915,6,40,180,40000,7053.05078125,235.79997253418,-1.24468076229095,-4.32902240753174
20180915,12,40,180,40000,7057.2861328125,236,-6.55072021484375,-5.291015625
20180915,18,40,180,40000,7057.498046875,236.300003051758,-6.98156118392944,1.18467402458191
20180916,0,40,180,40000,7067.31396484375,235.499969482422,-6.8019437789917,3.63575434684753
20180916,12,40,180,40000,7104.095703125,235.699996948242,6.16542959213257,5.64612436294556
20180916,18,40,180,40000,7117.12451171875,235,4.17919635772705,10.6970701217651
20180917,0,40,180,40000,7101.3232421875,234.300003051758,9.70003700256348,10.0780639648438
20180917,6,40,180,40000,7093.09619140625,234.100006103516,3.47480154037476,16.0797004699707
20180917,12,40,180,40000,7127.958984375,235.899993896484,-3.13020324707031,18.7172241210938
20180917,18,40,180,40000,7145.0205078125,236.699981689453,15.1256313323975,12.1272764205933
20180918,0,40,180,40000,7104.44189453125,235.300003051758,25.9191303253174,16.2188911437988
20180918,6,40,180,40000,7060.974609375,234.100006103516,27.2560348510742,33.0259857177734
20180918,12,40,180,40000,7141.10986328125,235.499969482422,11.6175899505615,38.4454650878906
20180918,18,40,180,40000,7227.91064453125,239.100006103516,9.0874605178833,30.0256404876709
20180919,0,40,180,40000,7281.81640625,239.699996948242,12.5952806472778,15.5738773345947
20180919,6,40,180,40000,7297.7607421875,239.600006103516,15.3454074859619,13.5199756622314
20180919,12,40,180,40000,7324.71728515625,240,15.4659299850464,10.7001857757568
20180919,18,40,180,40000,7336.8466796875,240.29997253418,18.8116359710693,11.5226135253906
20180920,0,40,180,40000,7327.1611328125,240.899993896484,23.5337257385254,7.65032243728638
20180920,6,40,180,40000,7318.669921875,241.300003051758,18.8866539001465,16.3999633789063
20180920,12,40,180,40000,7335.62353515625,241.499969482422,19.6116180419922,11.6765384674072
20180920,18,40,180,40000,7345.12353515625,241.899993896484,23.209644317627,11.8010301589966
20180921,0,40,180,40000,7351.765625,243.131683349609,21.4090671539307,10.6366310119629
20180921,6,40,180,40000,7348.22119140625,244.29997253418,17.4308433532715,6.02756357192993
20180921,12,40,180,40000,7359.677734375,244.629150390625,19.7246208190918,3.32574462890625
20180921,18,40,180,40000,7347.42138671875,244.285766601563,20.7137565612793,2.33052372932434
20180922,0,40,180,40000,7332.60009765625,243.800003051758,25.1648921966553,4.50248718261719
20180922,6,40,180,40000,7313.521484375,244.199996948242,29.7591495513916,5.39334392547607
20180922,12,40,180,40000,7316.86328125,244.699996948242,31.916036605835,0.517511010169983
20180922,18,40,180,40000,7296.41015625,244.568313598633,32.9742202758789,-1.02877807617188
20180923,0,40,180,40000,7290.21875,243.699996948242,32.9889259338379,-1.55722653865814
20180923,6,40,180,40000,7284.09765625,244.899993896484,29.2635536193848,1.21998286247253
20180923,12,40,180,40000,7263.5283203125,245.499969482422,24.9588680267334,-6.63180541992188
20180923,18,40,180,40000,7216.66357421875,245.100006103516,26.6942138671875,-11.0333375930786
20180924,0,40,180,40000,7157.27978515625,242.199996948242,28.8662357330322,-15.396258354187
20180924,6,40,180,40000,7054.78857421875,239.300003051758,38.7899398803711,-18.1553592681885
20180924,12,40,180,40000,6948.189453125,237.499969482422,40.0369567871094,-1.89996647834778
20180924,18,40,180,40000,7006.62451171875,241.100006103516,41.5860633850098,13.5544128417969
20180925,0,40,180,40000,7018.0869140625,236.999969482422,33.1443252563477,10.0938844680786
20180925,6,40,180,40000,7023.279296875,239.899993896484,45.6769027709961,18.3808479309082
20180925,12,40,180,40000,7091.63623046875,242.800003051758,42.5276908874512,5.19139385223389
20180925,18,40,180,40000,7079.4931640625,241.399993896484,35.3672561645508,-11.0165224075317
20180926,0,40,180,40000,7055.27001953125,244.339401245117,51.6099014282227,7.21845388412476
20180926,6,40,180,40000,7040.5068359375,242.099975585938,53.2624320983887,-5.76332378387451
20180926,12,40,180,40000,7022.12744140625,239.800003051758,51.082649230957,-14.2928829193115
20180926,18,40,180,40000,6965.5908203125,235.800003051758,44.4618034362793,-7.53325176239014
20180927,0,40,180,40000,6963.3818359375,231.131683349609,22.9274597167969,1.85163879394531
20180927,6,40,180,40000,6950.43017578125,232.399993896484,19.9543495178223,0.113116458058357
20180927,12,40,180,40000,7009.900390625,234.321929931641,36.7817993164063,28.858715057373
20180927,18,40,180,40000,7097.1962890625,237.885284423828,41.1777114868164,19.1034126281738
20180928,0,40,180,40000,7181.0908203125,241.199996948242,38.992546081543,14.3825559616089
20180928,6,40,180,40000,7227.09814453125,244,43.4673728942871,2.17329096794128
20180928,12,40,180,40000,7253.5517578125,245.399993896484,37.3766555786133,-4.38006591796875
20180928,18,40,180,40000,7245.54931640625,246,34.077465057373,-13.1222896575928
20180929,0,40,180,40000,7222.46728515625,246.199996948242,35.3628921508789,-15.6337404251099
20180929,6,40,180,40000,7199.16259765625,245.100006103516,39.3999824523926,-21.6834163665771
20180929,12,40,180,40000,7169.875,245.075531005859,42.5770645141602,-28.1780586242676
20180929,18,40,180,40000,7139.0625,244.375518798828,38.3556365966797,-33.1366882324219
20180930,0,40,180,40000,7093.97509765625,243.199996948242,45.4608345031738,-31.5220336914063
20180930,6,40,180,40000,7064.759765625,241.699996948242,35.8427085876465,-26.5435371398926
20180930,12,40,180,40000,7052.07177734375,237.600006103516,7.74409770965576,4.98635864257813
20180930,18,40,180,40000,7128.61767578125,238.199996948242,-1.60606074333191,15.0560607910156
20181001,0,40,180,40000,7197.1826171875,240.100006103516,1.52113342285156,10.4999752044678
20181001,6,40,180,40000,7245.17626953125,239.810012817383,2.56767892837524,5.64373779296875
20181001,12,40,180,40000,7293.70361328125,240.800003051758,0.146591186523438,5.26129150390625
20181001,18,40,180,40000,7348.767578125,243.199996948242,-8.96071147918701,10.3048038482666
20181002,0,40,180,40000,7398.478515625,244.382766723633,-7.4923095703125,15.8618106842041
20181002,6,40,180,40000,7438.0107421875,244.882766723633,-10.7804079055786,14.7128963470459
20181002,12,40,180,40000,7476.828125,246.199996948242,-6.79503154754639,7.07670879364014
20181002,18,40,180,40000,7494.01123046875,246.600006103516,-5.38807964324951,-1.96877443790436
20181003,0,40,180,40000,7486.07373046875,246.300003051758,-7.05767822265625,-4.59932231903076
20181003,6,40,180,40000,7451.40478515625,247.017242431641,-11.7848434448242,-3.47829103469849
20181003,12,40,180,40000,7428.27685546875,245.399993896484,-7.38985300064087,-1.59102177619934
20181003,18,40,180,40000,7411.484375,246.5,-1.98799073696136,2.49732422828674
20181004,0,40,180,40000,7412.35498046875,247.399993896484,4.75872802734375,2.69998168945313
20181004,6,40,180,40000,7408.60498046875,246.699981689453,9.64640235900879,5.80995798110962
20181004,12,40,180,40000,7440.29052734375,249.499969482422,14.7059812545776,6.25588989257813
20181004,18,40,180,40000,7439.63818359375,250.300018310547,15.5638570785522,-1.53935062885284
20181005,0,40,180,40000,7437.6298828125,249.70832824707,18.9222793579102,-5.83206558227539
20181005,6,40,180,40000,7420.13134765625,249.100006103516,18.6854362487793,-8.39994239807129
20181005,12,40,180,40000,7425.8330078125,249.999969482422,21.239086151123,-7.33229970932007
20181005,18,40,180,40000,7418.91015625,250.222686767578,23.8037357330322,-4.82916259765625
20181006,0,40,180,40000,7411.24755859375,248.699996948242,30.4193916320801,-11.0824403762817
20181006,6,40,180,40000,7404.46484375,249.100006103516,27.7751350402832,-3.92881846427917
20181006,12,40,180,40000,7414.89892578125,248.731811523438,22.9796047210693,-11.4791870117188
20181006,18,40,180,40000,7404.25146484375,249,24.979211807251,-12.1642818450928
20181007,0,40,180,40000,7387.42822265625,248.899993896484,23.869909286499,-15.1636047363281
20181007,6,40,180,40000,7357.99365234375,248.800003051758,21.1145992279053,-17.7143440246582
20181007,12,40,180,40000,7333.75732421875,249.278076171875,26.4457054138184,-20.7560787200928
20181007,18,40,180,40000,7276.6025390625,248.024444580078,23.8248291015625,-31.6412963867188
20181008,0,40,180,40000,7194.17431640625,244.699996948242,34.9705505371094,-34.2952156066895
20181008,6,40,180,40000,7101.13818359375,241.182769775391,35.4622840881348,-38.9834899902344
20181008,12,40,180,40000,7015.466796875,239.199996948242,35.0888214111328,-36.5777778625488
20181008,18,40,180,40000,6967.439453125,235,30.3681221008301,-10.4655275344849
20181009,0,40,180,40000,7004.09521484375,237.899993896484,44.0946922302246,-10.0249509811401
20181009,6,40,180,40000,7023.89453125,237.699996948242,31.8201332092285,-11.7366456985474
20181009,12,40,180,40000,7013.06201171875,236.600006103516,21.6608180999756,0.487280279397964
20181009,18,40,180,40000,7059.8720703125,237.701171875,29.7259769439697,-4.42568349838257
20181010,0,40,180,40000,7020.50146484375,235.84196472168,27.3377990722656,-12.3860168457031
20181010,6,40,180,40000,6978.09375,237.800003051758,25.087703704834,4.93209838867188
20181010,12,40,180,40000,7054.548828125,240.197219848633,32.9977607727051,27.5347023010254
20181010,18,40,180,40000,7151.3525390625,242.899993896484,29.5860328674316,23.2674922943115
20181011,0,40,180,40000,7214.57080078125,242.643585205078,19.9847202301025,20.4510746002197
20181011,6,40,180,40000,7289.21728515625,246,16.8211936950684,24.8405265808105
20181011,12,40,180,40000,7358.32080078125,248.182769775391,16.9278869628906,9.60532188415527
20181011,18,40,180,40000,7387.3857421875,248.699996948242,18.5623683929443,2.36896371841431
20181012,0,40,180,40000,7398.78759765625,249.153366088867,21.3978996276855,-0.29998779296875
20181012,6,40,180,40000,7384.134765625,249.699996948242,24.3041725158691,-7.75990009307861
20181012,12,40,180,40000,7370.55859375,250.100006103516,24.4895839691162,-14.9616756439209
20181012,18,40,180,40000,7323.64111328125,250.699996948242,25.2854251861572,-20.0702514648438
20181013,0,40,180,40000,7278.751953125,247.100006103516,26.365026473999,-19.0675468444824
20181013,6,40,180,40000,7215.14013671875,243.524459838867,25.0591526031494,-28.7266597747803
20181013,12,40,180,40000,7152.3408203125,241.653854370117,32.815372467041,-35.7787857055664
20181013,18,40,180,40000,7116.2216796875,238.992523193359,26.5369911193848,-23.9888858795166
20181014,0,40,180,40000,7061.787109375,236.229156494141,23.0907077789307,-19.3123722076416
20181014,6,40,180,40000,7011.7685546875,236.899993896484,30.2468318939209,-0.317114263772964
20181014,12,40,180,40000,7082.169921875,237.5,33.1543045043945,6.19783306121826
20181014,18,40,180,40000,7132.50146484375,241.800003051758,35.7419815063477,0.763269066810608
20181015,0,40,180,40000,7165.91796875,244.099975585938,35.5814094543457,-5.47279644012451
20181015,6,40,180,40000,7186.2470703125,245,31.416015625,-6.52675151824951
20181015,12,40,180,40000,7215.26416015625,245.800003051758,26.6163215637207,-15.1413698196411
20181015,18,40,180,40000,7199.09521484375,245.5,20.3768348693848,-22.0065612792969
20181016,0,40,180,40000,7123.8037109375,241.099975585938,20.6768379211426,-28.2998237609863
20181016,6,40,180,40000,7071.48876953125,239.999969482422,34.6580543518066,-15.3128662109375
20181016,12,40,180,40000,7130.24609375,240.899993896484,35.1575546264648,4.16361093521118
20181016,18,40,180,40000,7183.97802734375,242.746124267578,44.6756286621094,-11.2116575241089
20181017,0,40,180,40000,7173.36376953125,243,39.6184997558594,-20.5385551452637
20181017,6,40,180,40000,7113.20166015625,242.399993896484,43.1737899780273,-24.1979675292969
20181017,12,40,180,40000,7034.66357421875,241.099975585938,47.1315422058105,-19.4583187103271
20181017,18,40,180,40000,7012.453125,239.399993896484,44.4746475219727,-6.00552988052368
20181018,0,40,180,40000,7027.81103515625,237.699996948242,33.3796920776367,-0.801275610923767
20181018,6,40,180,40000,7030.650390625,235.899993896484,28.4104919433594,1.75283205509186
20181018,12,40,180,40000,7106.33984375,236.699981689453,37.0568237304688,16.7369384765625
20181018,18,40,180,40000,7166.5830078125,238,37.348518371582,7.75948476791382
20181019,0,40,180,40000,7223.18896484375,239.199996948242,29.3065376281738,9.66219520568848
20181019,6,40,180,40000,7269.2431640625,241,23.1295986175537,1.49304807186127
20181019,18,40,180,40000,7327.2548828125,242.999969482422,16.7693424224854,-8.17985248565674
20181020,0,40,180,40000,7334.8544921875,243.399978637695,15.8225650787354,-13.134557723999
20181020,6,40,180,40000,7340.583984375,244.167877197266,18.7937831878662,-11.177526473999
20181020,12,40,180,40000,7356.0810546875,244.860595703125,19.8339576721191,-14.0130367279053
20181020,18,40,180,40000,7376.5830078125,247,21.4829616546631,-5.40644550323486
20181021,0,40,180,40000,7402.62109375,248.29557800293,22.5274047851563,-14.9491577148438
20181021,6,40,180,40000,7397.935546875,249.292526245117,21.5078582763672,-21.8195190429688
20181021,12,40,180,40000,7401.25830078125,249.985305786133,22.089916229248,-18.4470462799072
20181021,18,40,180,40000,7386.00830078125,250.399993896484,18.7337532043457,-19.7367649078369
20181022,0,40,180,40000,7366.73681640625,248.199996948242,23.3763732910156,-20.8994789123535
20181022,6,40,180,40000,7345.02734375,247.199996948242,31.2340812683105,-23.3441219329834
20181022,12,40,180,40000,7335.05419921875,247.075531005859,33.394588470459,-25.9519538879395
20181022,18,40,180,40000,7309.71484375,245.578094482422,35.9914932250977,-22.3975162506104
20181023,0,40,180,40000,7283.92431640625,243.94384765625,27.4561462402344,-30.8778438568115
20181023,6,40,180,40000,7258.9345703125,243.885299682617,30.3689270019531,-32.9651298522949
20181023,12,40,180,40000,7236.64501953125,244.238922119141,28.7476501464844,-31.650806427002
20181023,18,40,180,40000,7207.84326171875,243.300018310547,23.89040184021,-9.39155864715576
20181024,0,40,180,40000,7252.9375,244.892532348633,24.9515628814697,-6.50003671646118
20181024,6,40,180,40000,7268.04833984375,244.600006103516,20.8124084472656,-11.3099727630615
20181024,12,40,180,40000,7258.55810546875,243.399993896484,19.3559989929199,-9.87753868103027
20181024,18,40,180,40000,7276.2275390625,243.29997253418,24.4440498352051,-3.72379755973816
20181025,0,40,180,40000,7298.57568359375,244.699996948242,23.9193782806396,-12.1441164016724
20181025,6,40,180,40000,7288.72314453125,243.561080932617,26.0863456726074,-21.7742500305176
20181025,12,40,180,40000,7286.125,243.99250793457,23.5874214172363,-17.6986503601074
20181025,18,40,180,40000,7285.1630859375,243.69255065918,24.8753242492676,-21.0038089752197
20181026,0,40,180,40000,7282.01171875,243.300003051758,22.8802604675293,-22.3143672943115
20181026,6,40,180,40000,7270.041015625,244.499969482422,12.3397703170776,-23.6976566314697
20181026,12,40,180,40000,7244.47705078125,243.107467651367,27.0589637756348,-42.2142028808594
20181026,18,40,180,40000,7201.185546875,241.300003051758,26.916015625,-29.8404903411865
20181027,0,40,180,40000,7256.7216796875,243.143463134766,29.8631286621094,-22.9868774414063
20181027,6,40,180,40000,7238.60498046875,243.082366943359,27.841854095459,-28.5999755859375
20181027,12,40,180,40000,7238.28759765625,243.443481445313,28.2953281402588,-32.5706253051758
20181027,18,40,180,40000,7227.52978515625,243.29997253418,30.9465522766113,-28.5263557434082
20181028,0,40,180,40000,7213.89990234375,243.168304443359,29.2426338195801,-31.5776119232178
20181028,6,40,180,40000,7181.25439453125,240.300003051758,24.6751556396484,-27.4420280456543
20181028,12,40,180,40000,7143.40576171875,238.920318603516,20.9166221618652,-20.6329956054688
20181028,18,40,180,40000,7094.23681640625,237.69743347168,22.3931770324707,-18.0166015625
20181029,0,40,180,40000,7084.81103515625,238.633331298828,17.9178867340088,16.0281181335449
20181029,6,40,180,40000,7170.67138671875,238.923049926758,18.3968811035156,25.0015869140625
20181029,12,40,180,40000,7243.60546875,243.341949462891,31.8040103912354,28.4653873443604
20181029,18,40,180,40000,7287.9326171875,246.199996948242,33.7012023925781,16.7696952819824
20181030,0,40,180,40000,7311.38427734375,245.899993896484,31.092264175415,21.2953681945801
20181030,6,40,180,40000,7330.91455078125,245.5,33.9857025146484,18.3511600494385
20181030,12,40,180,40000,7358.30859375,245.699981689453,31.4008941650391,13.0667667388916
20181030,18,40,180,40000,7361.68603515625,246.5,25.8319149017334,7.50916767120361
20181031,0,40,180,40000,7355.59130859375,245.71305847168,25.7018280029297,4.60000610351563
20181031,6,40,180,40000,7347.11669921875,245.20002746582,23.6884250640869,1.09669184684753
20181031,12,40,180,40000,7341.7470703125,244.800003051758,21.7707672119141,-3.10073232650757
20181031,18,40,180,40000,7340.953125,244.21305847168,29.2265567779541,-5.70296621322632
20181101,0,40,180,40000,7343.9248046875,246.54052734375,31.915355682373,-1.63337397575378
20181101,6,40,180,40000,7337.9287109375,246.399993896484,16.8073978424072,-16.5029106140137
20181101,12,40,180,40000,7316.83642578125,247.699996948242,15.0664234161377,-13.1297464370728
20181101,18,40,180,40000,7288.21044921875,245.437255859375,13.6153507232666,-14.6501159667969
20181102,0,40,180,40000,7251.0244140625,244,27.8851680755615,-21.7150211334229
20181102,6,40,180,40000,7228.736328125,243.399978637695,24.0008659362793,-17.1144161224365
20181102,12,40,180,40000,7231.16943359375,244.51887512207,20.5799160003662,-25.4625129699707
20181102,18,40,180,40000,7204.31884765625,243.349212646484,10.846700668335,-13.1674499511719
20181103,0,40,180,40000,7184.4951171875,241.784515380859,6.42695903778076,5.20236825942993
20181103,6,40,180,40000,7203.31005859375,242.399993896484,13.6377077102661,10.6429443359375
20181103,12,40,180,40000,7230.7568359375,245.411697387695,25.2149143218994,24.8958740234375
20181103,18,40,180,40000,7263.16015625,245.600006103516,21.1252193450928,12.225133895874
20181104,0,40,180,40000,7272.70068359375,243.699996948242,15.0550136566162,8.80112266540527
20181104,6,40,180,40000,7287.94384765625,244.136383056641,15.5145568847656,7.12647104263306
20181104,12,40,180,40000,7302.375,243.199996948242,13.0141267776489,3.01121830940247
20181104,18,40,180,40000,7317.041015625,244.099975585938,18.3073425292969,-1.24180912971497
20181105,0,40,180,40000,7332.048828125,242.199981689453,22.8556423187256,2.70557856559753
20181105,6,40,180,40000,7356.9658203125,245.600006103516,20.6060371398926,6.80550527572632
20181105,12,40,180,40000,7384.31103515625,247.824462890625,21.5523014068604,-1.49983525276184
20181105,18,40,180,40000,7392.8955078125,249.399993896484,23.5803527832031,-0.228918462991714
20181106,0,40,180,40000,7409.36181640625,249.800003051758,24.5212802886963,-1.34521484375
20181106,6,40,180,40000,7402.69921875,249.208404541016,26.1037349700928,-8.76570415496826
20181106,12,40,180,40000,7379.14111328125,249.256546020508,24.6789150238037,-19.9689884185791
20181106,18,40,180,40000,7335.3876953125,247.200592041016,26.0817813873291,-21.1998405456543
20181107,0,40,180,40000,7289.62890625,247.349197387695,26.842004776001,-35.2731323242188
20181107,6,40,180,40000,7250.63818359375,242.26953125,19.1306648254395,6.04771709442139
20181107,12,40,180,40000,7339.2001953125,242.832321166992,23.4335136413574,0.610595703125
20181107,18,40,180,40000,7364.9130859375,245.005035400391,27.4894752502441,4.14326190948486
20181108,0,40,180,40000,7390.19140625,245.025924682617,28.873498916626,2.7808837890625
20181108,6,40,180,40000,7398.3681640625,245.837768554688,30.9815368652344,-2.15458989143372
20181108,12,40,180,40000,7409.52197265625,246.308792114258,28.3465919494629,-9.07985877990723
20181108,18,40,180,40000,7390.11865234375,245.899993896484,24.2457218170166,-12.6440000534058
20181109,0,40,180,40000,7375.62451171875,246.263626098633,24.7349243164063,-13.4398441314697
20181109,6,40,180,40000,7351.53857421875,247,32.9061698913574,-13.7288942337036
20181109,12,40,180,40000,7348.58935546875,247.399993896484,35.7732429504395,-11.6843538284302
20181109,18,40,180,40000,7355.1826171875,247.227569580078,33.1046180725098,-6.17073345184326
20181110,0,40,180,40000,7369.8388671875,246.5,24.598108291626,-6.43962383270264
20181110,6,40,180,40000,7359.8095703125,246.300003051758,24.542724609375,-9.64614868164063
20181110,12,40,180,40000,7359.35498046875,246.199996948242,20.1884422302246,-10.8999938964844
20181110,18,40,180,40000,7346.28955078125,246.882247924805,19.1305236816406,-11.5992250442505
20181111,0,40,180,40000,7337.01513671875,245.999969482422,15.2625942230225,-9.1323184967041
20181111,6,40,180,40000,7328.65771484375,245.699996948242,14.1924619674683,-3.40631103515625
20181111,12,40,180,40000,7327.7275390625,246.514724731445,9.56332111358643,-4.28103637695313
20181111,18,40,180,40000,7317.25390625,246.600006103516,12.9302978515625,-3.07940673828125
20181112,0,40,180,40000,7311.51513671875,247,16.6928405761719,-5.66433715820313
20181112,6,40,180,40000,7291.609375,247.344970703125,23.3974494934082,-10.8265686035156
20181112,12,40,180,40000,7289.1279296875,247.399978637695,27.8505706787109,-11.4584712982178
20181112,18,40,180,40000,7279.68798828125,246.206954956055,27.1917972564697,-13.3477659225464
20181113,0,40,180,40000,7266.00634765625,245,29.3649654388428,-15.5489101409912
20181113,6,40,180,40000,7242.46435546875,243.800003051758,26.339147567749,-16.8961181640625
20181113,12,40,180,40000,7242.3369140625,242.578048706055,24.9732513427734,-15.4861574172974
20181113,18,40,180,40000,7232.787109375,242.024459838867,23.1542854309082,-14.8076477050781
20181114,0,40,180,40000,7216.80419921875,241.899978637695,19.1642055511475,-20.423620223999
20181114,6,40,180,40000,7175.31884765625,241.800003051758,20.5295448303223,-25.2735347747803
20181114,12,40,180,40000,7118.302734375,239.507354736328,8.95553302764893,-23.729076385498
20181114,18,40,180,40000,7065.09228515625,238.600006103516,15.8444337844849,10.9834871292114
20181115,0,40,180,40000,7166.25,241,28.2682304382324,-5.17336416244507
20181115,6,40,180,40000,7155.64697265625,239.79997253418,27.7853336334229,-9.54764080047607
20181115,12,40,180,40000,7170.0361328125,240.800003051758,28.8137302398682,-1.99274599552155
20181115,18,40,180,40000,7205.25927734375,242.56526184082,28.8539943695068,6.16794443130493
20181116,0,40,180,40000,7255.7373046875,244.746139526367,27.0355167388916,15.7753629684448
20181116,6,40,180,40000,7313.357421875,247.399993896484,23.9220695495605,21.0770683288574
20181116,12,40,180,40000,7384.49560546875,249.777801513672,15.2028045654297,19.2596073150635
20181116,18,40,180,40000,7429.06396484375,251.100006103516,21.6167488098145,4.40862131118774
20181117,0,40,180,40000,7443.27197265625,251.29997253418,23.9917182922363,3.97707223892212
20181117,6,40,180,40000,7443.326171875,251,17.5999088287354,2.03558349609375
20181117,12,40,180,40000,7452.099609375,250.454025268555,16.9538879394531,-1.01536870002747
20181117,18,40,180,40000,7455.142578125,250.5,13.969747543335,-1.74781489372253
20181118,0,40,180,40000,7446.64794921875,250.259841918945,14.7907075881958,-6.94001483917236
20181118,6,40,180,40000,7405.93603515625,249.61164855957,23.1487274169922,-14.6411380767822
20181118,12,40,180,40000,7371.35888671875,248.800003051758,23.5617790222168,-19.5651187896729
20181118,18,40,180,40000,7320.49951171875,246.300003051758,25.8347473144531,-18.7999324798584
20181119,0,40,180,40000,7297.541015625,243.699996948242,20.9364204406738,8.58038330078125
20181119,6,40,180,40000,7315.68994140625,245.800003051758,24.6921272277832,4.99562978744507
20181119,12,40,180,40000,7330.55517578125,247.599975585938,28.0116634368896,12.0020017623901
20181119,18,40,180,40000,7363.6142578125,249,22.0299129486084,9.56505107879639
20181120,0,40,180,40000,7408.07763671875,251.001953125,19.5387992858887,6.60003042221069
20181120,6,40,180,40000,7436.98193359375,250.699981689453,17.1372985839844,5.60145282745361
20181120,12,40,180,40000,7460.771484375,249.300003051758,25.5222663879395,4.06828594207764
20181120,18,40,180,40000,7465.025390625,249.600006103516,33.2797546386719,-0.804180920124054
20181121,0,40,180,40000,7451,251.199996948242,35.7056159973145,-9.80001831054688
20181121,6,40,180,40000,7423.2568359375,250.199996948242,35.2808609008789,-10.0308589935303
20181121,12,40,180,40000,7429.076171875,249,32.0699615478516,-3.39887690544128
20181121,18,40,180,40000,7426.5048828125,248.399993896484,28.2864112854004,-4.85330820083618
20181122,0,40,180,40000,7407.5400390625,248.300003051758,26.3886203765869,-3.67042851448059
20181122,6,40,180,40000,7383.271484375,246.800003051758,27.5919189453125,-4.80446767807007
20181122,12,40,180,40000,7388.35693359375,246.40266418457,28.1967315673828,-2.54030156135559
20181122,18,40,180,40000,7377.9306640625,246.728713989258,26.6531562805176,-2.48695063591003
20181123,0,40,180,40000,7357.84326171875,245.50537109375,24.5008792877197,-3.30005502700806
20181123,6,40,180,40000,7369.51953125,248.033325195313,17.6915836334229,10.2999820709229
20181123,12,40,180,40000,7411.640625,249.947784423828,15.3172054290771,15.9211912155151
20181123,18,40,180,40000,7436.7900390625,251.159454345703,16.3464756011963,5.44606924057007
20181124,0,40,180,40000,7436.6455078125,251.87385559082,19.1485538482666,-3.84426259994507
20181124,6,40,180,40000,7397.5673828125,250.562286376953,21.789758682251,-8.05340003967285
20181124,12,40,180,40000,7364.41455078125,248.179733276367,26.2618770599365,-6.35869741439819
20181124,18,40,180,40000,7326.8779296875,246.86067199707,31.4217414855957,-0.797415137290955
20181125,0,40,180,40000,7295.58544921875,245.672485351563,35.2976989746094,-0.00696716317906976
20181125,6,40,180,40000,7249.65869140625,244.5,37.5547714233398,-0.329122930765152
20181125,12,40,180,40000,7210.93310546875,240.072463989258,29.6633682250977,-4.30721664428711
20181125,18,40,180,40000,7206.55615234375,236.97248840332,10.0481147766113,13.3784475326538
20181126,0,40,180,40000,7235.36376953125,237.600006103516,10.1645975112915,18.3388328552246
20181126,6,40,180,40000,7236.7470703125,238.440551757813,12.1132869720459,19.2032051086426
20181126,12,40,180,40000,7260.740234375,239.5,8.18743133544922,16.3458003997803
20181126,18,40,180,40000,7290.0849609375,243.199996948242,3.73833608627319,24.5640201568604
20181127,0,40,180,40000,7347.9970703125,247.100006103516,-1.55321049690247,27.8804817199707
20181127,6,40,180,40000,7395.50927734375,249.100006103516,8.65957641601563,19.0822086334229
20181127,12,40,180,40000,7440.47802734375,249.872512817383,8.28370571136475,16.4129009246826
20181127,18,40,180,40000,7459.3935546875,250.199996948242,14.8194065093994,10.7314262390137
20181128,0,40,180,40000,7464.328125,250.378692626953,18.8185329437256,3.42113280296326
20181128,6,40,180,40000,7447.23876953125,250.400024414063,19.5751113891602,-0.644760727882385
20181128,12,40,180,40000,7435.81494140625,249.4208984375,19.9767913818359,-5.73772954940796
20181128,18,40,180,40000,7411.333984375,248.600006103516,21.7808647155762,-4.69019508361816
20181129,0,40,180,40000,7393.74560546875,248.289642333984,21.6167850494385,-2.49828481674194
20181129,6,40,180,40000,7367.634765625,247.903884887695,20.599142074585,-3.01837158203125
20181129,12,40,180,40000,7357.67919921875,246.600006103516,20.3287754058838,-7.79995107650757
20181129,18,40,180,40000,7325.43603515625,246,21.6843433380127,-10.5203952789307
20181130,0,40,180,40000,7293.54052734375,244.5,18.0584011077881,-12.2177438735962
20181130,6,40,180,40000,7246.732421875,243.800003051758,23.1214370727539,-11.9216604232788
20181130,12,40,180,40000,7217.75244140625,242.22102355957,28.4522113800049,-9.88614749908447
20181130,18,40,180,40000,7209.07861328125,241.733489990234,25.9346027374268,-3.10113286972046
20181201,0,40,180,40000,7203.8349609375,241.884643554688,30.5613613128662,-6.26870727539063
20181201,6,40,180,40000,7186.98828125,242.718780517578,37.6837348937988,-1.98564457893372
20181201,12,40,180,40000,7200.998046875,243.100006103516,37.1999168395996,-0.898120105266571
20181201,18,40,180,40000,7201.3154296875,243.640548706055,37.7776641845703,3.80670166015625
20181202,0,40,180,40000,7216.01708984375,243.494430541992,35.3147659301758,4.09599590301514
20181202,6,40,180,40000,7224.10205078125,245.19108581543,40.9041557312012,7.80022573471069
20181202,12,40,180,40000,7250.2783203125,244.92610168457,35.4975814819336,10.9467287063599
20181202,18,40,180,40000,7248.97705078125,245.216217041016,40.0045928955078,10.8692073822021
20181203,0,40,180,40000,7248.55859375,242.427520751953,24.5438938140869,11.3133182525635
20181203,6,40,180,40000,7260.78564453125,244.312774658203,19.8018684387207,5.47995615005493
20181203,12,40,180,40000,7261.1318359375,245.399993896484,33.858470916748,5.50680541992188
20181203,18,40,180,40000,7247.45947265625,247.133697509766,38.026741027832,2.77298593521118
20181204,0,40,180,40000,7243.10986328125,247.524566650391,36.4098625183105,0.710290551185608
20181204,6,40,180,40000,7236.4189453125,247.885375976563,32.7136535644531,3.54006338119507
20181204,12,40,180,40000,7255.63427734375,249.413284301758,25.7414817810059,-2.89465951919556
20181204,18,40,180,40000,7231.44580078125,247.999923706055,20.1814765930176,-7.80026865005493
20181205,0,40,180,40000,7191.72998046875,246.899978637695,19.7037162780762,-12.0000123977661
20181205,6,40,180,40000,7134.2001953125,245.614624023438,19.3705406188965,-1.80239260196686
20181205,12,40,180,40000,7140.22802734375,243.699996948242,12.9646787643433,5.51605844497681
20181205,18,40,180,40000,7167.322265625,242.80241394043,2.52679753303528,10.160662651062
20181206,0,40,180,40000,7209.79541015625,243.800018310547,0.983856201171875,7.27730703353882
20181206,6,40,180,40000,7222.14111328125,244.310745239258,0.536029040813446,1.70308840274811
20181206,12,40,180,40000,7233.568359375,243.828979492188,1.03400266170502,-4.31260967254639
20181206,18,40,180,40000,7219.521484375,242.827972412109,6.46567392349243,-4.52885150909424
20181207,0,40,180,40000,7209.455078125,241.861450195313,11.1597719192505,0.937213122844696
20181207,6,40,180,40000,7207.71728515625,242.271774291992,10.9251527786255,7.18007183074951
20181207,12,40,180,40000,7263.712890625,245.467849731445,16.1974601745605,6.21649169921875
20181207,18,40,180,40000,7249.73193359375,243.800018310547,24.5734977722168,0.450649410486221
20181208,0,40,180,40000,7270.74072265625,244.651336669922,22.8285884857178,11.3371677398682
20181208,6,40,180,40000,7296.416015625,244.513885498047,25.2914543151855,5.48072242736816
20181208,12,40,180,40000,7328.9638671875,245.704467773438,26.4854564666748,3.35573244094849
20181208,18,40,180,40000,7339.45263671875,247.118362426758,35.3139419555664,-2.7373993396759
20181209,0,40,180,40000,7355.23828125,248.5,37.6699981689453,-10.2832374572754
20181209,6,40,180,40000,7345.12890625,249.10400390625,37.060604095459,-14.6070432662964
20181209,12,40,180,40000,7354.09130859375,249.399993896484,41.7446594238281,-9.23019504547119
20181209,18,40,180,40000,7337.0537109375,250.69140625,39.7722358703613,-16.4572944641113
20181210,0,40,180,40000,7293.7314453125,249.815795898438,31.8749141693115,-22.0751838684082
20181210,6,40,180,40000,7174.58984375,243.788848876953,33.3778877258301,-29.4624938964844
20181210,12,40,180,40000,7133.60791015625,243.026763916016,39.753288269043,-8.53022480010986
20181210,18,40,180,40000,7118.72607421875,242.399978637695,45.9708404541016,-9.21503257751465
20181211,0,40,180,40000,7075.10693359375,239.676956176758,42.9999198913574,-0.824536144733429
20181211,6,40,180,40000,7128.732421875,240.654983520508,37.3416976928711,12.5107421875
20181211,12,40,180,40000,7135.83740234375,240.972442626953,42.3999938964844,21.3706169128418
20181211,18,40,180,40000,7191.8935546875,243.806762695313,37.9810256958008,26.0844917297363
20181212,0,40,180,40000,7247.35791015625,244.28092956543,32.1512222290039,15.6509981155396
20181212,6,40,180,40000,7267.4150390625,245.600006103516,27.3851280212402,12.8921718597412
20181212,12,40,180,40000,7292.22314453125,245.285598754883,24.034481048584,9.40784645080566
20181212,18,40,180,40000,7307.60693359375,245.087860107422,24.1866359710693,10.0185241699219
20181213,0,40,180,40000,7315.830078125,243.627532958984,24.24827003479,0.516351342201233
20181213,6,40,180,40000,7282.80615234375,242.529144287109,24.131031036377,-9.62675189971924
20181213,12,40,180,40000,7252.4345703125,241.600006103516,22.195779800415,-7.12385845184326
20181213,18,40,180,40000,7253.33935546875,243.000030517578,16.5444221496582,6.85422372817993
20181214,0,40,180,40000,7314.33544921875,247.820266723633,21.7915496826172,8.56646728515625
20181214,6,40,180,40000,7323.6982421875,249.699996948242,29.0925540924072,4.88089609146118
20181214,12,40,180,40000,7350.81201171875,249.221649169922,31.3172359466553,-2.99913930892944
20181214,18,40,180,40000,7330.953125,248.199996948242,42.9274673461914,-9.1785945892334
20181215,0,40,180,40000,7310.58740234375,247.300003051758,43.871452331543,-14.5996398925781
20181215,6,40,180,40000,7289.1025390625,247.360382080078,38.304126739502,-15.37060546875
20181215,12,40,180,40000,7290.62109375,247.9130859375,37.9127235412598,-22.9263000488281
20181215,18,40,180,40000,7279.5654296875,248.204986572266,36.0002746582031,-27.57106590271
20181216,0,40,180,40000,7255.46142578125,245.29997253418,31.8031425476074,-20.8871803283691
20181216,6,40,180,40000,7245.45751953125,243.599975585938,21.4503479003906,-15.2658414840698
20181216,12,40,180,40000,7265.029296875,243.100021362305,3.44428706169128,13.86012840271
20181216,18,40,180,40000,7307.650390625,245.800003051758,6.62846660614014,9.11945533752441
20181217,0,40,180,40000,7314.86669921875,247.300003051758,10.8321132659912,7.35693979263306
20181217,6,40,180,40000,7309.0693359375,247.300003051758,15.6862487792969,6.20004272460938
20181217,12,40,180,40000,7308.9951171875,245.50439453125,12.0222930908203,0.344799816608429
20181217,18,40,180,40000,7277.703125,243.941131591797,14.9187259674072,-5.68256235122681
20181218,0,40,180,40000,7262.3544921875,242.973922729492,19.8045616149902,-4.20676279067993
20181218,6,40,180,40000,7223.6904296875,241.534866333008,21.2050380706787,-4.17780160903931
20181218,12,40,180,40000,7272.89794921875,247.387741088867,24.2916679382324,21.8105964660645
