20180720,0,-67,160,15000,13840.8466796875,225.814300537109,16.7911128997803,-7.79683589935303
20180720,6,-67,160,15000,13846.048828125,224.199996948242,22.3783340454102,-1.57500004768372
20180720,12,-67,160,15000,13840.384765625,226.097213745117,17.8619480133057,4.4882960319519
20180720,18,-67,160,15000,13821.455078125,227.989990234375,19.018892288208,4.8357834815979
20180721,0,-67,160,15000,13792.794921875,229,16.6700000762939,4.14154767990112
20180721,6,-67,160,15000,13768.9013671875,228.417236328125,15.5127830505371,4.07260751724243
20180721,12,-67,160,15000,13754.7216796875,228.5,12.9499950408936,7.78891849517822
20180721,18,-67,160,15000,13726.3359375,229.862503051758,10.4044485092163,7.89753913879395
20180722,0,-67,160,15000,13697.0576171875,231,7.26273441314697,5.7518310546875
20180722,6,-67,160,15000,13666.5078125,231.199996948242,5.508056640625,5.07060050964355
20180722,12,-67,160,15000,13657.802734375,231.424468994141,4.45122051239014,5.27512216567993
20180722,18,-67,160,15000,13650.1484375,231.585327148438,5.00313472747803,4.35061502456665
20180723,0,-67,160,15000,13637.1025390625,231.531692504883,3.58938717842102,3.80142092704773
20180723,6,-67,160,15000,13614.6611328125,230.999969482422,2.78805661201477,3.87768793106079
20180723,12,-67,160,15000,13612.1787109375,231.100006103516,1.85064458847046,5.09766864776611
20180723,18,-67,160,15000,13606.3525390625,231.199996948242,2.75557613372803,5.2464451789856
20180724,0,-67,160,15000,13590.4814453125,231.399993896484,1.16156005859375,5.02695798873901
20180724,6,-67,160,15000,13563.5771484375,231.331695556641,1.36265623569489,4.83487319946289
20180724,12,-67,160,15000,13560.673828125,231.578079223633,1.65864503383636,5.98615217208862
20180724,18,-67,160,15000,13559.5859375,231.5,2.84195065498352,5.63620615005493
20180725,0,-67,160,15000,13552.8759765625,231.199996948242,2.06294441223145,6.43203592300415
20180725,6,-67,160,15000,13546.662109375,231,1.58898437023163,6.81032705307007
20180725,12,-67,160,15000,13563.45703125,230.612823486328,2.65499997138977,7.53194570541382
20180725,18,-67,160,15000,13583.6650390625,229.682769775391,2.99791502952576,8.11949253082275
20180726,0,-67,160,15000,13600.4111328125,228.763641357422,3.59669423103333,9.23467540740967
20180726,6,-67,160,15000,13619.572265625,228.199996948242,3.43809580802917,10.4272899627686
20180726,12,-67,160,15000,13658.705078125,227.329147338867,2.68406748771667,13.0237255096436
20180726,18,-67,160,15000,13694.396484375,227.058807373047,2.68224859237671,13.1888380050659
20180727,0,-67,160,15000,13725.9365234375,226.224456787109,0.383891612291336,11.8903245925903
20180727,6,-67,160,15000,13738.66796875,226,-1.32658207416534,13.791428565979
20180727,12,-67,160,15000,13755.80078125,226.899993896484,-1.53584468364716,17.2889461517334
20180727,18,-67,160,15000,13771.486328125,226.988571166992,-2.41527843475342,15.7131376266479
20180728,0,-67,160,15000,13779.107421875,225.914703369141,-2.65528321266174,15.3502855300903
20180728,6,-67,160,15000,13776.8251953125,225.485305786133,-4.31970930099487,17.8119964599609
20180728,12,-67,160,15000,13801.2099609375,224.399993896484,-4.47098636627197,18.4761619567871
20180728,18,-67,160,15000,13822.0322265625,224.300003051758,-6.21445083618164,15.8481540679932
20180729,0,-67,160,15000,13824.513671875,224.199996948242,-6.72025871276855,11.7887306213379
20180729,6,-67,160,15000,13817.75,224.868316650391,-8.4991626739502,9.68152618408203
20180729,12,-67,160,15000,13825.5,225.29997253418,-9.55998992919922,5.80307865142822
20180729,18,-67,160,15000,13823.1552734375,226.199981689453,-10.7577543258667,1.51349854469299
20180730,0,-67,160,15000,13805.7001953125,228.29997253418,-12.3335542678833,0.894843757152557
20180730,6,-67,160,15000,13782.375,229.300003051758,-10.9564065933228,2.88529300689697
20180730,12,-67,160,15000,13778.2802734375,229,-12.626708984375,4.7209300994873
20180730,18,-67,160,15000,13772.2763671875,229.899993896484,-11.8338918685913,3.66077637672424
20180731,0,-67,160,15000,13755.646484375,230.948928833008,-11.2199954986572,3.69993901252747
20180731,6,-67,160,15000,13731.927734375,232,-10.1463432312012,4.38136720657349
20180731,12,-67,160,15000,13725.69921875,232,-9.37998008728027,7.3888087272644
20180731,18,-67,160,15000,13729.5048828125,231.899993896484,-7.78731441497803,7.30679702758789
20180801,0,-67,160,15000,13718.4345703125,231.861450195313,-6.41995096206665,6.33440923690796
20180801,6,-67,160,15000,13698.58203125,232,-5.05749988555908,6.47823715209961
20180801,12,-67,160,15000,13703.08203125,231.899993896484,-4.5832371711731,7.57683610916138
20180801,18,-67,160,15000,13702.95703125,231.699981689453,-2.78425788879395,7.68219232559204
20180802,0,-67,160,15000,13695.9501953125,231.399993896484,-2.74052238464355,7.08525133132935
20180802,6,-67,160,15000,13681.447265625,231.100006103516,-1.88831543922424,6.48941898345947
20180802,12,-67,160,15000,13685.0966796875,231.100006103516,0.217277824878693,7.39763164520264
20180802,18,-67,160,15000,13690.7548828125,230.800003051758,2.26097178459167,6.78545665740967
20180803,0,-67,160,15000,13690.41015625,230.5,2.56223392486572,6.33803224563599
20180803,6,-67,160,15000,13676.357421875,230.399993896484,3.51999521255493,7.05733394622803
20180803,12,-67,160,15000,13683.1416015625,230.399993896484,3.4760057926178,6.56402111053467
20180803,18,-67,160,15000,13686.94921875,230.600006103516,4.15917015075684,4.97345209121704
20180804,0,-67,160,15000,13683.8935546875,230.5,2.95717287063599,2.32003164291382
20180804,6,-67,160,15000,13669.1201171875,230.100006103516,3.65777826309204,2.01010251045227
20180804,12,-67,160,15000,13674.0771484375,229.699996948242,3.75833487510681,1.93610596656799
20180804,18,-67,160,15000,13676.5361328125,229.199996948242,5.55000495910645,1.42657709121704
20180805,0,-67,160,15000,13671.767578125,228.899993896484,4.7146143913269,0.696225583553314
20180805,6,-67,160,15000,13655.9404296875,228.699996948242,4.1200098991394,0.707321763038635
20180805,12,-67,160,15000,13657.638671875,228.907470703125,3.61780762672424,1.54748296737671
20180805,18,-67,160,15000,13658.603515625,228.79997253418,3.50892567634583,0.275849610567093
20180806,0,-67,160,15000,13653.1611328125,228.906982421875,2.260009765625,-1.06479489803314
20180806,6,-67,160,15000,13630.9765625,229.199996948242,0.519999980926514,-1.36530029773712
20180806,12,-67,160,15000,13628.30859375,229.514251708984,-1.23997068405151,-1.19997310638428
20180806,18,-67,160,15000,13626.517578125,229.800003051758,-1.85334956645966,-2.76377940177917
20180807,0,-67,160,15000,13626.3876953125,230.021926879883,-3.43946290016174,-4.54607677459717
20180807,6,-67,160,15000,13622.03125,230.199996948242,-4.84418964385986,-6.21636962890625
20180807,12,-67,160,15000,13630.5927734375,229.800003051758,-5.10500240325928,-7.01003885269165
20180807,18,-67,160,15000,13642.818359375,229.800003051758,-4.59587144851685,-8.32867908477783
20180808,0,-67,160,15000,13645.5048828125,229.466705322266,-4.83999252319336,-9.9805154800415
20180808,6,-67,160,15000,13641.330078125,229.300003051758,-5.10000467300415,-10.1210966110229
20180808,12,-67,160,15000,13651.4736328125,229.29997253418,-4.88727521896362,-9.38339805603027
20180808,18,-67,160,15000,13657.5126953125,228.999969482422,-3.10144519805908,-10.3266410827637
20180809,0,-67,160,15000,13665.9560546875,228.500244140625,-3.78832530975342,-10.6387748718262
20180809,6,-67,160,15000,13660.5263671875,228.300003051758,-3.28555178642273,-9.8766918182373
20180809,12,-67,160,15000,13676.0595703125,227.899993896484,-1.32564449310303,-9.06585216522217
20180809,18,-67,160,15000,13695.455078125,227.806976318359,1.37473142147064,-8.65105438232422
20180810,0,-67,160,15000,13712.009765625,227.300003051758,2.38179683685303,-8.24996566772461
20180810,6,-67,160,15000,13714.7236328125,227.199996948242,3.32227540016174,-6.24707746505737
20180810,12,-67,160,15000,13729.65234375,227.136383056641,3.55379891395569,-6.40520000457764
20180810,18,-67,160,15000,13749.6591796875,226.699996948242,5.83768081665039,-5.46394062042236
20180811,0,-67,160,15000,13763.962890625,225.899993896484,4.77995586395264,-6.80328607559204
20180811,6,-67,160,15000,13761.361328125,225.800003051758,4.78250980377197,-5.36968040466309
20180811,12,-67,160,15000,13775.3525390625,225.699996948242,4.53157711029053,-5.1095871925354
20180811,18,-67,160,15000,13788.2783203125,225.38720703125,4.73675775527954,-4.90165758132935
20180812,0,-67,160,15000,13784.986328125,225.718307495117,3.43649411201477,-5.90970230102539
20180812,6,-67,160,15000,13762.798828125,225.576416015625,3.03999996185303,-4.40984153747559
20180812,12,-67,160,15000,13758.8076171875,226.199996948242,1.93194818496704,-3.10164070129395
20180812,18,-67,160,15000,13748.125,226.099975585938,2.12000489234924,-2.7673876285553
20180813,0,-67,160,15000,13729.8896484375,226.168304443359,1.21135747432709,-2.44370126724243
20180813,6,-67,160,15000,13706.4541015625,226.199996948242,1.36158204078674,-1.75094723701477
20180813,12,-67,160,15000,13699.701171875,226.29997253418,2.00667476654053,0.182102054357529
20180813,18,-67,160,15000,13689.05859375,226.600006103516,1.99664068222046,1.11466312408447
20180814,0,-67,160,15000,13668.51171875,226.800003051758,0.719633817672729,1.5935937166214
20180814,6,-67,160,15000,13641.240234375,227.100006103516,0.516123056411743,1.61674320697784
20180814,12,-67,160,15000,13628.4775390625,227.600006103516,0.709619164466858,2.64999508857727
20180814,18,-67,160,15000,13615.361328125,228.099975585938,1.17712891101837,2.67215323448181
20180815,0,-67,160,15000,13599.0087890625,228.663375854492,-0.655634760856628,1.82940435409546
20180815,6,-67,160,15000,13574.17578125,229.199981689453,-1.35771977901459,1.21104252338409
20180815,12,-67,160,15000,13576.2724609375,229.5,-1.59877932071686,0.613718271255493
20180815,18,-67,160,15000,13581.951171875,229.600006103516,-0.930000007152557,-1.04306149482727
20180816,0,-67,160,15000,13585.2734375,229.300003051758,0.270000010728836,-2.80328130722046
20180816,6,-67,160,15000,13579.9345703125,229.139801025391,2.72487783432007,-2.57242918014526
20180816,12,-67,160,15000,13591.84375,228.899993896484,4.81462383270264,-2.82634520530701
20180816,18,-67,160,15000,13599.40625,228.800003051758,8.02333450317383,-2.16656732559204
20180817,0,-67,160,15000,13587.6533203125,228.661087036133,8.3200101852417,-2.87491202354431
20180817,6,-67,160,15000,13561.150390625,228.899993896484,7.19000482559204,-0.175336912274361
20180817,12,-67,160,15000,13551.59375,229.5,5.76000022888184,1.22454595565796
20180817,18,-67,160,15000,13546.662109375,229.829147338867,6.37445068359375,0.803813457489014
20180818,0,-67,160,15000,13542.3359375,229.600006103516,5.86919927597046,-0.788000464439392
20180818,6,-67,160,15000,13537.6337890625,229.100006103516,7.4275050163269,-0.171716302633286
20180818,12,-67,160,15000,13555.4296875,228.800003051758,7.4275050163269,0.429084479808807
20180818,18,-67,160,15000,13571.8251953125,228.499755859375,11.3739013671875,0.423898935317993
20180819,0,-67,160,15000,13579.4384765625,227.999755859375,10.8136177062988,0.823969721794128
20180819,6,-67,160,15000,13572.5810546875,227.699996948242,10.4928855895996,2.26889395713806
20180819,12,-67,160,15000,13579.96484375,227.699752807617,7.9900050163269,3.17547130584717
20180819,18,-67,160,15000,13583.7783203125,227.899993896484,8.1581392288208,3.61364269256592
20180820,0,-67,160,15000,13577.2734375,228.007476806641,7.61524391174316,2.76323485374451
20180820,6,-67,160,15000,13563.025390625,228.100006103516,8.01467323303223,3.32196283340454
20180820,12,-67,160,15000,13562.98828125,228.399978637695,7.51559591293335,3.96489500999451
20180820,18,-67,160,15000,13563.16015625,228.800003051758,8.22000980377197,4.50232887268066
20180821,0,-67,160,15000,13556.888671875,228.800003051758,7.61110830307007,3.78441405296326
20180821,6,-67,160,15000,13538.7724609375,228.899993896484,7.61808586120605,4.91593742370605
20180821,12,-67,160,15000,13534.58203125,229.300003051758,7.00083494186401,4.4852147102356
20180821,18,-67,160,15000,13522.673828125,229.400024414063,7.65999746322632,4.22158193588257
20180822,0,-67,160,15000,13507.5576171875,229.536376953125,5.95000505447388,2.8868236541748
20180822,6,-67,160,15000,13477.3828125,229.336380004883,5.55999994277954,3.08323240280151
20180822,12,-67,160,15000,13469.1201171875,229.5,4.51560068130493,3.17404794692993
20180822,18,-67,160,15000,13464.7177734375,229.570846557617,6.01528787612915,1.17445313930511
20180823,0,-67,160,15000,13460.642578125,229.399993896484,5.35977029800415,-0.491342782974243
20180823,6,-67,160,15000,13449.1689453125,229.51335144043,6.42203140258789,-1.44593012332916
20180823,12,-67,160,15000,13463.6689453125,229.478073120117,5.88001441955566,-2.33617925643921
20180823,18,-67,160,15000,13481.8896484375,229.899993896484,8.5811185836792,-4.65795660018921
20180824,0,-67,160,15000,13487.255859375,229.699981689453,8.23001003265381,-6.30173110961914
20180824,6,-67,160,15000,13489.6513671875,229,8.29777336120605,-7.447509765625
20180824,12,-67,160,15000,13508.59765625,229,9.29669952392578,-7.21257305145264
20180824,18,-67,160,15000,13529.68359375,228.600006103516,12.3981685638428,-9.3461332321167
20180825,0,-67,160,15000,13541.21875,228.300003051758,14.3526906967163,-9.97586441040039
20180825,6,-67,160,15000,13538.65625,227.899978637695,14.9922361373901,-10.5783739089966
20180825,12,-67,160,15000,13542.7724609375,227.399993896484,15.4916505813599,-8.39298057556152
20180825,18,-67,160,15000,13543.2822265625,227,15.6252784729004,-7.00935792922974
20180826,0,-67,160,15000,13522.236328125,226.699996948242,13.9194431304932,-6.96301984786987
20180826,6,-67,160,15000,13495.8720703125,226.399993896484,13.0988912582397,-4.8528881072998
20180826,12,-67,160,15000,13489.6533203125,225.906982421875,11.4024610519409,-2.03415775299072
20180826,18,-67,160,15000,13489.2861328125,225.699996948242,11.0911226272583,-0.096379391849041
20180827,0,-67,160,15000,13476.5888671875,225.899993896484,7.6323094367981,3.28397941589355
20180827,6,-67,160,15000,13458.83203125,225.999969482422,7.35000991821289,4.17976093292236
20180827,12,-67,160,15000,13462.2412109375,226.014694213867,4.95528793334961,5.39265871047974
20180827,18,-67,160,15000,13462.2578125,226.199996948242,4.87805652618408,5.85817384719849
20180828,0,-67,160,15000,13454.49609375,226.79997253418,2.98553705215454,5.16081523895264
20180828,6,-67,160,15000,13435.919921875,227.100006103516,2.53854012489319,4.63861322402954
20180828,12,-67,160,15000,13440.103515625,227.600006103516,2.6399974822998,4.57560300827026
20180828,18,-67,160,15000,13441.9833984375,227.899993896484,4.09497308731079,3.19644784927368
20180829,0,-67,160,15000,13449.958984375,227.79997253418,5.06990480422974,1.51658451557159
20180829,6,-67,160,15000,13449.4111328125,227.439407348633,6.87392091751099,0.806975126266479
20180829,12,-67,160,15000,13470.7861328125,227.100006103516,9.16967296600342,0.48148438334465
20180829,18,-67,160,15000,13501.3720703125,226.100006103516,13.4207906723022,-1.08486330509186
20180830,0,-67,160,15000,13547.287109375,224.300003051758,16.0746479034424,-4.38918447494507
20180830,6,-67,160,15000,13589.4091796875,221.899978637695,19.6967163085938,-2.70842528343201
20180830,12,-67,160,15000,13640.75390625,220.682769775391,15.9763479232788,2.16081309318542
20180830,18,-67,160,15000,13649.125,222.499969482422,11.8199996948242,12.9157962799072
20180831,0,-67,160,15000,13624.1962890625,226.787933349609,12.3600025177002,14.5739603042603
20180831,6,-67,160,15000,13602.7060546875,228.859222412109,12.7855520248413,13.9951639175415
20180831,12,-67,160,15000,13585.6611328125,228.811187744141,5.85662126541138,15.3004636764526
20180831,18,-67,160,15000,13559.5986328125,229.420944213867,4.54205083847046,15.556435585022
20180901,0,-67,160,15000,13527.0029296875,230.899978637695,5.9727783203125,12.0544557571411
20180901,6,-67,160,15000,13509.33203125,230.399993896484,7.07000017166138,10.9878120422363
20180901,12,-67,160,15000,13510.1015625,230.399993896484,7.96000957489014,12.1910934448242
20180901,18,-67,160,15000,13518.6572265625,230.600006103516,8.5922212600708,12.951699256897
20180902,0,-67,160,15000,13522.6650390625,230.300003051758,8.09946250915527,14.2676877975464
20180902,6,-67,160,15000,13524.669921875,229.800003051758,8.84190940856934,13.7718210220337
20180902,12,-67,160,15000,13535.2021484375,229.699996948242,6.54555177688599,13.1490335464478
20180902,18,-67,160,15000,13535.1279296875,229.800003051758,7.76062488555908,9.31436061859131
20180903,0,-67,160,15000,13537.5078125,229.100006103516,8.52047824859619,4.4050440788269
20180903,6,-67,160,15000,13542.0634765625,228.100006103516,10.6600027084351,3.43872308731079
20180903,12,-67,160,15000,13560.22265625,227.199996948242,12.556640625,3.59479737281799
20180903,18,-67,160,15000,13577.931640625,226,14.0944509506226,4.25834703445435
20180904,0,-67,160,15000,13583.263671875,225.399993896484,11.7421655654907,5.36030530929565
20180904,6,-67,160,15000,13572.5078125,225.599975585938,9.73486804962158,7.04425048828125
20180904,12,-67,160,15000,13575.87109375,226,7.59917497634888,6.62122821807861
20180904,18,-67,160,15000,13585.509765625,226.29997253418,7.74335432052612,6.43819570541382
20180905,0,-67,160,15000,13596.740234375,226.199996948242,7.40186023712158,3.2141649723053
20180905,6,-67,160,15000,13610.4990234375,225.199996948242,9.32496547698975,-0.543339848518372
20180905,12,-67,160,15000,13646.705078125,224.100006103516,10.3234329223633,-2.52505850791931
20180905,18,-67,160,15000,13682.2490234375,221.899993896484,12.9575099945068,-3.8324511051178
20180906,0,-67,160,15000,13707.88671875,219.500045776367,13.760009765625,-4.26792001724243
20180906,6,-67,160,15000,13716.89453125,217.100006103516,13.7300052642822,-3.99035882949829
20180906,12,-67,160,15000,13734.3359375,216.219436645508,10.2711400985718,1.30091798305511
20180906,18,-67,160,15000,13742.255859375,216.699996948242,7.78447771072388,5.72554922103882
20180907,0,-67,160,15000,13735.583984375,217.094207763672,4.07112312316895,8.43181896209717
20180907,6,-67,160,15000,13718.3740234375,217.699996948242,0.681259751319885,10.7534303665161
20180907,12,-67,160,15000,13708.5390625,218.600006103516,-0.0191748049110174,10.0194435119629
20180907,18,-67,160,15000,13692.8046875,219.800003051758,-4.35832023620605,8.7174072265625
20180908,0,-67,160,15000,13659.7626953125,222.899978637695,-4.86831045150757,10.5653562545776
20180908,6,-67,160,15000,13630.2587890625,222.800003051758,-3.51999020576477,11.2160005569458
20180908,12,-67,160,15000,13618.638671875,223.199981689453,-3.26887941360474,13.449987411499
20180908,18,-67,160,15000,13609.9521484375,224.29997253418,-1.99748539924622,12.170783996582
20180909,0,-67,160,15000,13589.333984375,225.29997253418,-3.22318840026855,11.8413944244385
20180909,6,-67,160,15000,13567.2578125,225.300003051758,-4.59633779525757,10.9968404769897
20180909,12,-67,160,15000,13562.0166015625,225.5,-5.69896745681763,11.8427314758301
20180909,18,-67,160,15000,13552.55859375,225.600006103516,-4.13997793197632,9.94795417785645
20180910,0,-67,160,15000,13529.4365234375,225.399993896484,-4.73998546600342,8.9966459274292
20180910,6,-67,160,15000,13499.51953125,225.961090087891,-4.08221912384033,7.78381586074829
20180910,12,-67,160,15000,13483.7265625,226.800003051758,-4.07900142669678,7.69347667694092
20180910,18,-67,160,15000,13461.3388671875,227.600006103516,-2.59398436546326,6.47106695175171
20180911,0,-67,160,15000,13437.853515625,228.038909912109,-3.33997559547424,4.70257568359375
20180911,6,-67,160,15000,13412.912109375,228.199996948242,-3.24198246002197,3.70164060592651
20180911,12,-67,160,15000,13407.61328125,228.5,-2.97998523712158,2.7903003692627
20180911,18,-67,160,15000,13404.01953125,228.527740478516,-1.97943353652954,1.65651118755341
20180912,0,-67,160,15000,13404.1123046875,228.146606445313,-2.28471183776855,0.0875390619039536
20180912,6,-67,160,15000,13399.990234375,227.891021728516,-2.58471441268921,-0.251132816076279
20180912,12,-67,160,15000,13415.1474609375,227.446136474609,-3.62229013442993,-0.766271948814392
20180912,18,-67,160,15000,13423.34765625,226.927536010742,-2.89576411247253,-1.93335199356079
20180913,0,-67,160,15000,13429.51953125,226.531692504883,-2.88390374183655,-3.08774900436401
20180913,6,-67,160,15000,13420.3359375,226.121917724609,-3.52421879768372,-2.75356435775757
20180913,12,-67,160,15000,13426.7939453125,225.899978637695,-3.34633779525757,-2.55007314682007
20180913,18,-67,160,15000,13425.4541015625,225.600006103516,-3.16043710708618,-3.69551753997803
20180914,12,-67,160,15000,13409.09375,225.002487182617,0.224985346198082,-1.52402830123901
20180914,18,-67,160,15000,13405.880859375,224.899993896484,0.704147934913635,-0.159174799919128
20180915,0,-67,160,15000,13391.21875,224.699996948242,0.780012190341949,0.342419445514679
20180915,6,-67,160,15000,13376.34375,224.5,0.0570336915552616,2.6245653629303
20180915,12,-67,160,15000,13372.2109375,224.699981689453,-0.0858081057667732,4.74296617507935
20180915,18,-67,160,15000,13364.7724609375,225.131683349609,1.21990966796875,5.38369369506836
20180916,0,-67,160,15000,13350.5087890625,225.385284423828,-0.257414549589157,5.66408920288086
20180916,12,-67,160,15000,13321.369140625,226.238922119141,0.172609865665436,6.44250965118408
20180916,18,-67,160,15000,13320.73046875,226.5,1.63369870185852,6.0527491569519
20180917,0,-67,160,15000,13316.9150390625,226.100006103516,1.04083740711212,5.8078441619873
20180917,6,-67,160,15000,13316.6787109375,225.699996948242,2.69751453399658,5.75219488143921
20180917,12,-67,160,15000,13327.4404296875,225.5,4.53351068496704,8.53929901123047
20180917,18,-67,160,15000,13335.025390625,225.79997253418,6.06405258178711,9.65841293334961
20180918,0,-67,160,15000,13336.27734375,225.999969482422,3.49913096427917,10.8638210296631
20180918,6,-67,160,15000,13334.177734375,225.899993896484,1.77377200126648,11.9927616119385
20180918,12,-67,160,15000,13332.1953125,226.199996948242,0.443249523639679,12.6045579910278
20180918,18,-67,160,15000,13322.8916015625,226.100006103516,-0.654096662998199,11.4025297164917
20180919,0,-67,160,15000,13308.5615234375,226.236358642578,-0.804445803165436,10.2653779983521
20180919,6,-67,160,15000,13291.443359375,226,-1.20344972610474,8.6286792755127
20180919,12,-67,160,15000,13287.521484375,226.120162963867,-2.29685544967651,8.707688331604
20180919,18,-67,160,15000,13280.14453125,226.203216552734,-1.19026851654053,5.7425708770752
20180920,0,-67,160,15000,13264.1435546875,225.955047607422,-0.945014655590057,5.50425052642822
20180920,6,-67,160,15000,13249.10546875,225.699996948242,-0.48030760884285,3.88186764717102
20180920,12,-67,160,15000,13251.0166015625,225.400024414063,0.318352043628693,4.73209476470947
20180920,18,-67,160,15000,13251.7451171875,225,1.31965088844299,4.57626962661743
20180921,0,-67,160,15000,13249.8603515625,224.800003051758,1.34833252429962,4.07508039474487
20180921,6,-67,160,15000,13245.6923828125,224.424468994141,1.76079595088959,4.33113288879395
20180921,12,-67,160,15000,13252.9287109375,224.618896484375,2.41321277618408,4.83113050460815
20180921,18,-67,160,15000,13256.005859375,225,5.2158522605896,4.21329116821289
20180922,0,-67,160,15000,13256.03515625,225.024459838867,5.81750011444092,3.97717761993408
20180922,6,-67,160,15000,13246.3662109375,225.178070068359,6.35455083847046,3.29244637489319
20180922,12,-67,160,15000,13251.8349609375,225.100006103516,7.40920877456665,3.22097897529602
20180922,18,-67,160,15000,13259.3095703125,225.199996948242,8.70421123504639,1.16017818450928
20180923,0,-67,160,15000,13272.3291015625,225.100006103516,10.7881298065186,-1.29450929164886
20180923,6,-67,160,15000,13296.9140625,224.5,13.2070627212524,-5.45019292831421
20180923,12,-67,160,15000,13347.3447265625,224.100006103516,18.0621089935303,-6.4158616065979
20180923,18,-67,160,15000,13391.4228515625,223,22.7906837463379,-4.34790992736816
20180924,0,-67,160,15000,13405.59375,223.399993896484,20.1769390106201,1.79349613189697
20180924,6,-67,160,15000,13390.458984375,224.899993896484,17.759635925293,5.54828834533691
20180924,12,-67,160,15000,13370.8115234375,226.199996948242,14.793251991272,10.421591758728
20180924,18,-67,160,15000,13334.9921875,227.689987182617,16.1608371734619,10.7752342224121
20180925,0,-67,160,15000,13319.990234375,227.708160400391,16.2889671325684,10.4188375473022
20180925,6,-67,160,15000,13307.931640625,227.300003051758,17.4659786224365,9.68279075622559
20180925,12,-67,160,15000,13305.8828125,227.399993896484,17.5851993560791,11.1587133407593
20180925,18,-67,160,15000,13291.3974609375,227.699996948242,21.1041202545166,11.7527341842651
20180926,0,-67,160,15000,13286.5185546875,227.800003051758,19.8100643157959,7.04478025436401
20180926,6,-67,160,15000,13299.880859375,225.795623779297,20.1239700317383,6.41940927505493
20180926,12,-67,160,15000,13311.896484375,225.185638427734,20.5982151031494,7.64810562133789
20180926,18,-67,160,15000,13316.6826171875,225.458038330078,20.9141654968262,7.42724132537842
20180927,0,-67,160,15000,13310.431640625,225.90625,18.7980709075928,2.39065432548523
20180927,6,-67,160,15000,13305.58984375,225.399993896484,20.9196281433105,-0.563239753246307
20180927,12,-67,160,15000,13336.583984375,224.399978637695,21.9525337219238,-4.30115699768066
20180927,18,-67,160,15000,13411.857421875,222.199996948242,26.4328937530518,-11.691367149353
20180928,0,-67,160,15000,13518.2578125,216.300003051758,30.5597286224365,-13.4832372665405
20180928,6,-67,160,15000,13560.19921875,215.300003051758,36.760570526123,0.657675802707672
20180928,12,-67,160,15000,13498.4375,224.100006103516,32.4517860412598,12.0915336608887
20180928,18,-67,160,15000,13416.1787109375,227.29997253418,26.8477878570557,9.85801792144775
20180929,0,-67,160,15000,13357.8115234375,227.600006103516,20.275318145752,5.17249488830566
20180929,6,-67,160,15000,13323.30078125,226.800003051758,17.7619800567627,0.492780774831772
20180929,12,-67,160,15000,13321.9150390625,225.5,16.7053890228271,-1.95458257198334
20180929,18,-67,160,15000,13321.173828125,226.395553588867,18.7769775390625,-3.1646900177002
20180930,0,-67,160,15000,13321.4501953125,226.5,19.1549797058105,-5.43801021575928
20180930,6,-67,160,15000,13332.9248046875,224.859451293945,22.2525043487549,-7.97781229019165
20180930,12,-67,160,15000,13387.919921875,222.999969482422,23.2395076751709,-11.298264503479
20180930,18,-67,160,15000,13445.23046875,220.79997253418,29.2173824310303,-10.6118850708008
20181001,0,-67,160,15000,13465.0537109375,220.100006103516,29.4113712310791,-2.46662592887878
20181001,6,-67,160,15000,13435.4560546875,221.600006103516,27.1633529663086,3.86122059822083
20181001,12,-67,160,15000,13396.8271484375,224.499969482422,21.963357925415,6.59984731674194
20181001,18,-67,160,15000,13361.0322265625,226.5,18.0418758392334,3.54752206802368
20181002,0,-67,160,15000,13337.3837890625,226.100006103516,15.8179197311401,1.98346185684204
20181002,6,-67,160,15000,13334.236328125,225.399993896484,15.429235458374,0.964262723922729
20181002,12,-67,160,15000,13338.818359375,224.738922119141,15.0626096725464,3.15640139579773
20181002,18,-67,160,15000,13349.3125,224.399993896484,18.736644744873,4.39049816131592
20181003,0,-67,160,15000,13349.1474609375,223.644088745117,18.0310134887695,5.19271469116211
20181003,6,-67,160,15000,13339.8515625,223.800003051758,16.4086112976074,7.94732904434204
20181003,12,-67,160,15000,13332.1708984375,223.899993896484,14.1505689620972,10.6817922592163
20181003,18,-67,160,15000,13313.73046875,224.638916015625,12.7005662918091,12.0349826812744
20181004,0,-67,160,15000,13271.77734375,225.321929931641,7.69945049285889,10.7250146865845
20181004,6,-67,160,15000,13234.3212890625,225.899993896484,5.75992202758789,7.94167947769165
20181004,12,-67,160,15000,13212.083984375,226.214691162109,4.85945558547974,5.60163068771362
20181004,18,-67,160,15000,13198.73828125,226.307464599609,4.87532949447632,2.93835210800171
20181005,0,-67,160,15000,13198.951171875,225.846145629883,3.9570996761322,0.151105955243111
20181005,6,-67,160,15000,13203.0087890625,225,3.70286870002747,-1.49177980422974
20181005,12,-67,160,15000,13227.9775390625,224.199981689453,5.61974382400513,-3.52085208892822
20181005,18,-67,160,15000,13256.337890625,223,10.1066579818726,-5.94348382949829
20181006,0,-67,160,15000,13281.9287109375,220.699996948242,12.9493770599365,-8.87035846710205
20181006,6,-67,160,15000,13290.8037109375,218.953887939453,13.4770822525024,-4.48372077941895
20181006,12,-67,160,15000,13290.107421875,219.300003051758,11.171272277832,3.25875973701477
20181006,18,-67,160,15000,13263.130859375,222.64892578125,9.97303009033203,8.38756847381592
20181007,0,-67,160,15000,13228.91015625,223.478073120117,5.96498394012451,9.64822387695313
20181007,6,-67,160,15000,13194.6845703125,223.921920776367,7.1140718460083,9.37210655212402
20181007,12,-67,160,15000,13173.0908203125,224.399993896484,6.21532297134399,8.70646381378174
20181007,18,-67,160,15000,13159.037109375,224.421905517578,8.74969959259033,7.51502704620361
20181008,0,-67,160,15000,13149.5947265625,224.300003051758,7.58561277389526,6.38759756088257
20181008,6,-67,160,15000,13139.0302734375,223.79997253418,8.99148464202881,6.34830093383789
20181008,12,-67,160,15000,13146.6376953125,223.399993896484,7.13257789611816,8.26808071136475
20181008,18,-67,160,15000,13144.5771484375,223.399993896484,9.57093715667725,9.04213333129883
20181009,0,-67,160,15000,13142.509765625,223.399749755859,8.39950942993164,10.8683595657349
20181009,6,-67,160,15000,13128.21484375,223.399993896484,6.7574782371521,10.6732273101807
20181009,12,-67,160,15000,13128.4697265625,223.399978637695,6.74755620956421,12.3055229187012
20181009,18,-67,160,15000,13128.98828125,223.807464599609,7.28995132446289,12.8790187835693
20181010,0,-67,160,15000,13133.349609375,224.03889465332,9.42526340484619,15.7561817169189
20181010,6,-67,160,15000,13148.541015625,223.600006103516,12.2863721847534,18.0962333679199
20181010,12,-67,160,15000,13199.7763671875,222.5,14.9333324432373,21.3157634735107
20181010,18,-67,160,15000,13261.5908203125,220.800003051758,16.071439743042,25.0027980804443
20181011,0,-67,160,15000,13320.962890625,218.906982421875,13.3001976013184,30.3739910125732
20181011,6,-67,160,15000,13360.14453125,216.699996948242,9.23521518707275,32.591983795166
20181011,12,-67,160,15000,13388.7666015625,217.5,2.37008309364319,27.7734756469727
20181011,18,-67,160,15000,13385.9296875,217.499969482422,-5.20933103561401,23.7721481323242
20181012,0,-67,160,15000,13356.2314453125,221.499969482422,-10.6166210174561,20.1220550537109
20181012,6,-67,160,15000,13322.236328125,221.899993896484,-8.54348659515381,18.2112197875977
20181012,12,-67,160,15000,13307.76171875,221.899993896484,-8.81655979156494,16.3308353424072
20181012,18,-67,160,15000,13285,222.5,-9.54159641265869,13.0296287536621
20181013,0,-67,160,15000,13246.1962890625,223.899749755859,-7.7485523223877,10.7739305496216
20181013,6,-67,160,15000,13215.447265625,224.94612121582,-3.65201663970947,7.3309497833252
20181013,12,-67,160,15000,13217.1640625,225.399993896484,0.3117456138134,10.0926952362061
20181013,18,-67,160,15000,13219.240234375,225.399993896484,2.25617432594299,8.72339344024658
20181014,0,-67,160,15000,13208.369140625,225.5,3.95454597473145,9.40712928771973
20181014,6,-67,160,15000,13198.677734375,225.699996948242,4.01876211166382,7.99446296691895
20181014,12,-67,160,15000,13202.55078125,225.699996948242,7.14850807189941,8.30862331390381
20181014,18,-67,160,15000,13210.8623046875,225.199996948242,7.66740989685059,8.20668983459473
20181015,0,-67,160,15000,13215.7158203125,225.100006103516,9.53886985778809,7.65554189682007
20181015,6,-67,160,15000,13222.0849609375,225.199996948242,13.1582546234131,8.05562496185303
20181015,12,-67,160,15000,13241.62109375,225.017242431641,16.4445724487305,9.97551250457764
20181015,18,-67,160,15000,13278.212890625,224.300003051758,20.240478515625,12.9911375045776
20181016,0,-67,160,15000,13298.2626953125,223.5,19.8953151702881,18.2158641815186
20181016,6,-67,160,15000,13312.0166015625,223.699981689453,16.8844966888428,21.7471923828125
20181016,12,-67,160,15000,13320.318359375,224.399993896484,12.9536600112915,21.1058006286621
20181016,18,-67,160,15000,13321.2216796875,225.5,11.9983472824097,13.5844287872314
20181017,0,-67,160,15000,13332.5390625,226.100006103516,12.0514822006226,10.6971244812012
20181017,6,-67,160,15000,13340.8037109375,226.906982421875,10.8530788421631,11.6140384674072
20181017,12,-67,160,15000,13351.78125,225.899978637695,11.9635696411133,10.4254446029663
20181017,18,-67,160,15000,13369.1953125,224.43212890625,16.5115966796875,10.4493141174316
20181018,0,-67,160,15000,13369.8251953125,224.236373901367,16.8710994720459,12.1160135269165
20181018,6,-67,160,15000,13369.333984375,223.199996948242,15.5383424758911,14.8349685668945
20181018,12,-67,160,15000,13372.51171875,223,13.702522277832,15.7857131958008
20181018,18,-67,160,15000,13362.3037109375,224.699996948242,9.5187520980835,14.6085891723633
20181019,0,-67,160,15000,13338.4052734375,226,8.34953117370605,15.5941801071167
20181019,6,-67,160,15000,13326.16796875,227.100006103516,12.115273475647,14.3665962219238
20181019,18,-67,160,15000,13366.19140625,225.396530151367,22.8305740356445,14.6095361709595
20181020,0,-67,160,15000,13375.0234375,224.899993896484,25.7532863616943,19.6113662719727
20181020,6,-67,160,15000,13365.361328125,225.5,23.1006145477295,24.616870880127
20181020,12,-67,160,15000,13317.4345703125,227.699996948242,17.9313735961914,25.5088996887207
20181020,18,-67,160,15000,13243.4404296875,228.79997253418,17.9912967681885,22.165922164917
20181021,0,-67,160,15000,13198.892578125,228.600006103516,17.1306819915771,15.0699367523193
20181021,6,-67,160,15000,13176.4541015625,228.399993896484,16.0605640411377,12.0653047561646
20181021,12,-67,160,15000,13180.0673828125,228.038909912109,17.0729217529297,7.4581127166748
20181021,18,-67,160,15000,13213.6875,226.800003051758,21.6788005828857,1.99899899959564
20181022,0,-67,160,15000,13254.119140625,226,25.1600017547607,1.69737553596497
20181022,6,-67,160,15000,13288.9677734375,225.964111328125,28.7120723724365,1.32406735420227
20181022,12,-67,160,15000,13328.833984375,225.743118286133,34.1443939208984,-0.832067847251892
20181022,18,-67,160,15000,13376.10546875,224.100006103516,43.190746307373,-3.49289059638977
20181023,0,-67,160,15000,13424.7314453125,222.100006103516,45.4122085571289,-0.984963357448578
20181023,6,-67,160,15000,13468.1240234375,219.069290161133,48.0598449707031,-0.165295407176018
20181023,12,-67,160,15000,13514.0078125,218.186126708984,43.8905372619629,4.9896388053894
20181023,18,-67,160,15000,13527.474609375,217.899993896484,43.6181335449219,6.36225605010986
20181024,0,-67,160,15000,13507.5615234375,219.699996948242,37.6239395141602,7.63305187225342
20181024,6,-67,160,15000,13461.912109375,222.899978637695,30.7056999206543,10.2014064788818
20181024,12,-67,160,15000,13404.349609375,223.884521484375,29.6345558166504,11.381386756897
20181024,18,-67,160,15000,13360.00390625,223.5,28.1112899780273,6.6139235496521
20181025,0,-67,160,15000,13317.1904296875,222.994781494141,22.5641307830811,4.55698490142822
20181025,6,-67,160,15000,13279.853515625,223.305587768555,19.2124900817871,4.10344505310059
20181025,12,-67,160,15000,13256,223.399978637695,15.7030391693115,0.551420927047729
20181025,18,-67,160,15000,13253.8486328125,222.8134765625,16.5786552429199,-2.85001230239868
20181026,0,-67,160,15000,13248.5791015625,221.603469848633,18.957836151123,-6.66733646392822
20181026,6,-67,160,15000,13264.15234375,219.970855712891,20.2419719696045,-11.5784816741943
20181026,12,-67,160,15000,13308.3408203125,218.829147338867,24.5204811096191,-17.664909362793
20181026,18,-67,160,15000,13383.23046875,215.367385864258,25.1460018157959,-27.6326675415039
20181027,0,-67,160,15000,13480.9345703125,208.438919067383,23.011568069458,-33.2367820739746
20181027,6,-67,160,15000,13582.1708984375,202.800003051758,24.9354476928711,-23.2700576782227
20181027,12,-67,160,15000,13569.94921875,203.653366088867,28.2766628265381,-4.34194803237915
20181027,18,-67,160,15000,13515.7177734375,209.199996948242,26.680004119873,3.32528328895569
20181028,0,-67,160,15000,13449.8125,213,16.0699996948242,7.07369613647461
20181028,6,-67,160,15000,13363.8564453125,217.399978637695,19.4436149597168,16.0586090087891
20181028,12,-67,160,15000,13281.6826171875,219.899993896484,16.272876739502,17.7052879333496
20181028,18,-67,160,15000,13217.44140625,221.399978637695,13.0976343154907,18.9229488372803
20181029,0,-67,160,15000,13170.767578125,221.800003051758,7.06559801101685,15.4526805877686
20181029,6,-67,160,15000,13155.7587890625,221.899978637695,5.70442152023315,13.5314159393311
20181029,12,-67,160,15000,13151.736328125,221.599975585938,3.59161376953125,13.6791114807129
20181029,18,-67,160,15000,13154.0576171875,221.300003051758,2.92414546012878,13.3010940551758
20181030,0,-67,160,15000,13152.3896484375,220.399993896484,2.15944576263428,12.4641208648682
20181030,6,-67,160,15000,13135.9658203125,220.61962890625,1.76067388057709,11.2790431976318
20181030,12,-67,160,15000,13128.044921875,220.607467651367,0.520012199878693,11.2602834701538
20181030,18,-67,160,15000,13126.4384765625,220.5,2.70800042152405,9.82285690307617
20181031,0,-67,160,15000,13133.8046875,220.014694213867,1.9271582365036,8.61852073669434
20181031,6,-67,160,15000,13139.2470703125,219.29997253418,2.61334705352783,7.88241720199585
20181031,12,-67,160,15000,13155.6533203125,219.399993896484,1.85778570175171,7.46921396255493
20181031,18,-67,160,15000,13163.9365234375,219.699996948242,4.58007335662842,6.02367687225342
20181101,0,-67,160,15000,13171.8896484375,220,4.13389873504639,4.06201648712158
20181101,6,-67,160,15000,13181.1953125,220.399993896484,6.87717390060425,2.30735349655151
20181101,12,-67,160,15000,13199.3837890625,221.275543212891,10.0416707992554,2.69698739051819
20181101,18,-67,160,15000,13222.8623046875,221.800003051758,12.122989654541,3.5789258480072
20181102,0,-67,160,15000,13240.4365234375,221.699996948242,13.1844263076782,4.64533710479736
20181102,6,-67,160,15000,13253.013671875,221.399993896484,16.6802520751953,5.05571269989014
20181102,12,-67,160,15000,13279.7041015625,222.100021362305,20.2577114105225,5.67220687866211
20181102,18,-67,160,15000,13310.8974609375,223.068313598633,21.3507423400879,8.3928804397583
20181103,0,-67,160,15000,13317.71484375,223.300003051758,20.3818378448486,11.3119821548462
20181103,6,-67,160,15000,13300.6416015625,223,17.2123794555664,13.846471786499
20181103,12,-67,160,15000,13279.26953125,223.800003051758,13.0372581481934,16.7308769226074
20181103,18,-67,160,15000,13248.6435546875,224.685302734375,10.6622018814087,15.7476558685303
20181104,0,-67,160,15000,13217.6171875,225.094528198242,8.80759811401367,15.7110843658447
20181104,6,-67,160,15000,13192.412109375,225,6.94821310043335,14.0011720657349
20181104,12,-67,160,15000,13181.0029296875,224.600021362305,8.75500965118408,12.3507471084595
20181104,18,-67,160,15000,13174.755859375,223.943603515625,8.84314250946045,12.0630664825439
20181105,0,-67,160,15000,13159.1748046875,223.399993896484,7.92160511016846,11.3326635360718
20181105,6,-67,160,15000,13134.5341796875,222.904098510742,6.64489269256592,11.7834911346436
20181105,12,-67,160,15000,13135.388671875,222.236373901367,11.5583276748657,13.9614725112915
20181105,18,-67,160,15000,13156.25390625,220.600006103516,10.4703464508057,15.950813293457
20181106,0,-67,160,15000,13171.1435546875,219.5,7.21000242233276,18.5800971984863
20181106,6,-67,160,15000,13186.302734375,218.463653564453,6.58601570129395,19.7309551239014
20181106,12,-67,160,15000,13212.8095703125,217.590179443359,3.61569094657898,19.1819725036621
20181106,18,-67,160,15000,13232.3896484375,216.982864379883,2.24073719978333,17.8497142791748
20181107,0,-67,160,15000,13258.5908203125,217.899993896484,-0.674577653408051,18.0778045654297
20181107,6,-67,160,15000,13276.8134765625,218.5,-2.60692620277405,18.4077415466309
20181107,12,-67,160,15000,13314.443359375,218.720489501953,-4.3993821144104,17.6806716918945
20181107,18,-67,160,15000,13342.8603515625,219.066482543945,-1.79706048965454,18.3716945648193
20181108,0,-67,160,15000,13358.6416015625,218.600006103516,-4.16665029525757,14.7853422164917
20181108,6,-67,160,15000,13353.8974609375,218.199996948242,-7.0967698097229,12.5296821594238
20181108,12,-67,160,15000,13335.1552734375,219.100006103516,-9.51939010620117,11.3407297134399
20181108,18,-67,160,15000,13296.5654296875,219.800003051758,-11.3780612945557,7.87228012084961
20181109,0,-67,160,15000,13255.5087890625,221.724456787109,-9.21011257171631,8.13980007171631
20181109,6,-67,160,15000,13223.482421875,221.100006103516,-6.80206680297852,6.70764398574829
20181109,12,-67,160,15000,13198.05859375,221,-7.98050403594971,4.62454843521118
20181109,18,-67,160,15000,13181.32421875,221,-4.78504657745361,6.88581037521362
20181110,0,-67,160,15000,13181.7333984375,219,-3.03840827941895,5.28117179870605
20181110,6,-67,160,15000,13184.24609375,217.100006103516,-2.01569581031799,4.69072246551514
20181110,12,-67,160,15000,13190.4716796875,216.699996948242,-3.34514403343201,3.17654061317444
20181110,18,-67,160,15000,13193.1171875,217.100006103516,-3.60722041130066,3.13193368911743
20181111,0,-67,160,15000,13194.50390625,217.300003051758,-4.76624774932861,3.21504139900208
20181111,6,-67,160,15000,13197.4033203125,217.399993896484,-2.97948741912842,3.19181632995605
20181111,12,-67,160,15000,13210.1572265625,217.800003051758,-2.02133059501648,3.58628177642822
20181111,18,-67,160,15000,13216.35546875,218.300003051758,-0.127246096730232,3.30040049552917
20181112,0,-67,160,15000,13213.0361328125,218.199996948242,0.834643542766571,2.45187497138977
20181112,6,-67,160,15000,13201.94140625,218.399993896484,1.79393064975739,4.16060066223145
20181112,12,-67,160,15000,13190.537109375,218.899993896484,2.75525379180908,3.81066417694092
20181112,18,-67,160,15000,13178.916015625,219,4.45129108428955,4.89367055892944
20181113,0,-67,160,15000,13163.0986328125,219.100006103516,4.04217386245728,5.34770202636719
20181113,6,-67,160,15000,13145.12890625,218.800003051758,4.06882333755493,7.58730459213257
20181113,12,-67,160,15000,13131.3037109375,218.800003051758,5.26155376434326,7.62712717056274
20181113,18,-67,160,15000,13121.96484375,218.599975585938,6.6489896774292,9.51960754394531
20181114,0,-67,160,15000,13114.6279296875,218.199996948242,6.94894552230835,9.63215065002441
20181114,6,-67,160,15000,13109.19921875,218.300003051758,8.60074424743652,10.4323453903198
20181114,12,-67,160,15000,13121.71875,217.800003051758,11.5336666107178,13.2196187973022
20181114,18,-67,160,15000,13138.7099609375,217,13.7150077819824,16.7416934967041
20181115,0,-67,160,15000,13140.5009765625,216.800003051758,9.81999969482422,18.6447677612305
20181115,6,-67,160,15000,13128.1171875,216.800003051758,8.29234218597412,19.9487113952637
20181115,12,-67,160,15000,13123.2314453125,217.300003051758,8.43159866333008,20.3841876983643
20181115,18,-67,160,15000,13120.0224609375,217.5,7.75276374816895,21.0337867736816
20181116,0,-67,160,15000,13146.83984375,218.100006103516,13.3341770172119,17.4899921417236
20181116,6,-67,160,15000,13212.208984375,216.51887512207,18.4196243286133,19.258129119873
20181116,12,-67,160,15000,13305.974609375,214.34196472168,18.2937526702881,18.6888618469238
20181116,18,-67,160,15000,13393.2548828125,209.500930786133,20.6259155273438,34.8522911071777
20181117,0,-67,160,15000,13438.2451171875,205.710006713867,15.6458644866943,44.3576965332031
20181117,6,-67,160,15000,13487.23046875,203.699981689453,10.3291482925415,42.4924697875977
20181117,12,-67,160,15000,13487.201171875,207.270843505859,10.1002759933472,36.4714546203613
20181117,18,-67,160,15000,13471.837890625,207.399993896484,8.3876371383667,41.9527397155762
20181118,0,-67,160,15000,13466.44140625,209.300003051758,8.40079307556152,45.1068344116211
20181118,6,-67,160,15000,13471.267578125,211,8.53445053100586,42.5588226318359
20181118,12,-67,160,15000,13479.1328125,215.800003051758,9.9535551071167,32.6422805786133
20181118,18,-67,160,15000,13504.9287109375,215.800003051758,14.6171436309814,29.2587699890137
20181119,0,-67,160,15000,13529.54296875,214.5,15.5265893936157,29.1267280578613
20181119,6,-67,160,15000,13556.0615234375,212.892532348633,17.5828514099121,24.8172855377197
20181119,12,-67,160,15000,13581.775390625,212,15.2441310882568,23.7664375305176
20181119,18,-67,160,15000,13612.380859375,210.899978637695,12.1100044250488,22.4017162322998
20181120,0,-67,160,15000,13631.0322265625,208.914703369141,6.8285083770752,21.8960189819336
20181120,6,-67,160,15000,13636.44140625,207.646118164063,4.65569114685059,23.0523147583008
20181120,12,-67,160,15000,13636.5146484375,208.5,0.805556654930115,22.8801288604736
20181120,18,-67,160,15000,13618.572265625,208.300003051758,0.144694820046425,24.295560836792
20181121,0,-67,160,15000,13608.7734375,209.300003051758,-0.174440920352936,22.8860244750977
20181121,6,-67,160,15000,13579.3388671875,210.499969482422,-1.30999755859375,20.6345119476318
20181121,12,-67,160,15000,13544.1591796875,212.886444091797,-0.100007325410843,20.6541938781738
20181121,18,-67,160,15000,13503.8046875,213.599975585938,3.28760242462158,20.3120212554932
20181122,0,-67,160,15000,13464.2626953125,214.79997253418,4.35925531387329,18.3118991851807
20181122,6,-67,160,15000,13422.9189453125,214.646606445313,7.34660148620605,14.7846536636353
20181122,12,-67,160,15000,13396.267578125,214.699981689453,10.5467481613159,10.8812789916992
20181122,18,-67,160,15000,13386.8212890625,214.5,11.0300025939941,6.8541259765625
20181123,0,-67,160,15000,13385.61328125,213.999969482422,9.17715358734131,4.07950687408447
20181123,6,-67,160,15000,13382.955078125,214.099975585938,7.92333269119263,4.03226089477539
20181123,12,-67,160,15000,13386.4228515625,214.993011474609,7.09999990463257,2.78457021713257
20181123,18,-67,160,15000,13385.1748046875,215.800003051758,6.73555421829224,2.2784423828125
20181124,0,-67,160,15000,13394.943359375,216.800003051758,5.88222885131836,0.470473647117615
20181124,6,-67,160,15000,13392.634765625,217.300003051758,6.74126482009888,1.71999263763428
20181124,12,-67,160,15000,13400.02734375,217.499969482422,6.8797607421875,1.88458979129791
20181124,18,-67,160,15000,13394.9677734375,217.5,9.18056392669678,2.59432363510132
20181125,0,-67,160,15000,13389.8115234375,216.699996948242,7.72902822494507,3.0435106754303
20181125,6,-67,160,15000,13369.552734375,216,9.32925510406494,2.41449213027954
20181125,12,-67,160,15000,13359.337890625,215.199996948242,8.52864265441895,1.26828861236572
20181125,18,-67,160,15000,13338.09375,214.600006103516,8.163010597229,0.642565906047821
20181126,0,-67,160,15000,13317.5048828125,213.988067626953,8.77077102661133,1.78615725040436
20181126,6,-67,160,15000,13288.4150390625,213.600006103516,9.45724868774414,1.52820801734924
20181126,12,-67,160,15000,13262.0009765625,213.5,10.5633277893066,2.81283211708069
20181126,18,-67,160,15000,13234.1787109375,213.199996948242,13.0653982162476,2.50702881813049
20181127,0,-67,160,15000,13208.1875,213.20002746582,13.2457056045532,3.8998486995697
20181127,6,-67,160,15000,13172.4248046875,213.194732666016,14.9863719940186,3.7921142578125
20181127,12,-67,160,15000,13140.0341796875,213.199996948242,15.4866847991943,6.85751724243164
20181127,18,-67,160,15000,13107.9013671875,213.199996948242,17.2677154541016,5.82270765304565
20181128,0,-67,160,15000,13079.9716796875,213.300003051758,16.8808269500732,7.68277835845947
20181128,6,-67,160,15000,13054.30859375,213.487213134766,15.7920875549316,8.34726047515869
20181128,12,-67,160,15000,13044.55859375,213.547454833984,16.5246486663818,10.9187650680542
20181128,18,-67,160,15000,13033.1875,213.199996948242,18.1592845916748,12.7482004165649
20181129,0,-67,160,15000,13023.5810546875,212.5,16.3081302642822,14.1978712081909
20181129,6,-67,160,15000,13003.84375,212.100006103516,15.0006074905396,13.353798866272
20181129,12,-67,160,15000,12975.869140625,212.172775268555,10.5517139434814,11.3511791229248
20181129,18,-67,160,15000,12942.6953125,213.300003051758,8.92917346954346,9.96530532836914
20181130,0,-67,160,15000,12921.77734375,213.531936645508,7.89757061004639,6.94707298278809
20181130,6,-67,160,15000,12899.5234375,213.300003051758,7.841468334198,5.96290016174316
20181130,12,-67,160,15000,12889.337890625,213.534454345703,8.30685138702393,4.22017097473145
20181130,18,-67,160,15000,12881.5986328125,213.699996948242,9.45933818817139,4.32834482192993
20181201,0,-67,160,15000,12877.7021484375,213.699996948242,8.10968589782715,3.92665028572083
20181201,6,-67,160,15000,12861.791015625,213.5,8.38336658477783,3.6961133480072
20181201,12,-67,160,15000,12854.17578125,213.5,8.54740715026855,2.48552250862122
20181201,18,-67,160,15000,12843.361328125,213.399993896484,8.58778476715088,1.63554692268372
20181202,0,-67,160,15000,12838.1572265625,213.800003051758,8.50406455993652,-0.374460458755493
20181202,6,-67,160,15000,12828.5126953125,213.5,10.3353309631348,-1.66833007335663
20181202,12,-67,160,15000,12828.1796875,213.49040222168,10.8763236999512,-2.05666995048523
20181202,18,-67,160,15000,12826.20703125,213.446487426758,11.1949949264526,-0.802954077720642
20181203,0,-67,160,15000,12821.892578125,213.899993896484,11.5727138519287,-1.65156245231628
20181203,6,-67,160,15000,12815.2314453125,214.165557861328,12.2078685760498,-1.05237793922424
20181203,12,-67,160,15000,12820.5791015625,214.499847412109,12.6962013244629,-0.850832521915436
20181203,18,-67,160,15000,12832.08984375,214.412796020508,13.5332040786743,-1.04493892192841
20181204,0,-67,160,15000,12851.9775390625,214.50553894043,13.8303604125977,-0.839667975902557
20181204,6,-67,160,15000,12863.6728515625,214.40168762207,16.0908374786377,-0.566420912742615
20181204,12,-67,160,15000,12890.4423828125,213.899993896484,18.1681785583496,-1.46985840797424
20181204,18,-67,160,15000,12927.3828125,212.702911376953,20.307523727417,-0.312785655260086
20181205,0,-67,160,15000,12955.1162109375,211.773529052734,20.58740234375,2.24405527114868
20181205,6,-67,160,15000,12969.85546875,211.5,19.9060745239258,2.47716546058655
20181205,12,-67,160,15000,12991.8291015625,212.5,19.9538745880127,3.05069327354431
20181205,18,-67,160,15000,13022.1416015625,213.399993896484,20.3745918273926,3.21438479423523
20181206,0,-67,160,15000,13053.525390625,215,18.1713085174561,3.53321290016174
20181206,6,-67,160,15000,13071.806640625,216.685958862305,15.695029258728,3.83749508857727
20181206,12,-67,160,15000,13082.0458984375,217.899993896484,13.9330081939697,3.99695801734924
20181206,18,-67,160,15000,13086.05859375,219.096237182617,11.9467134475708,3.57730460166931
20181207,0,-67,160,15000,13089.97265625,219.618942260742,9.80316925048828,3.18107175827026
20181207,6,-67,160,15000,13099.2314453125,219.599975585938,10.1414136886597,1.96821284294128
20181207,12,-67,160,15000,13108.244140625,219.784912109375,10.3627834320068,2.24389171600342
20181207,18,-67,160,15000,13106.955078125,219.690521240234,11.6628370285034,2.95616936683655
20181208,0,-67,160,15000,13093.228515625,219.341354370117,11.060754776001,4.54205083847046
20181208,6,-67,160,15000,13077.9736328125,219,10.5914306640625,3.60651850700378
20181208,12,-67,160,15000,13064.556640625,218.428634643555,9.80184555053711,5.62188482284546
20181208,18,-67,160,15000,13058.6552734375,217.600021362305,10.6917972564697,5.39231204986572
20181209,0,-67,160,15000,13044.31640625,215.800003051758,9.44058322906494,8.78668689727783
20181209,6,-67,160,15000,13030.6328125,213.899993896484,11.404013633728,7.98904800415039
20181209,12,-67,160,15000,13026.9150390625,213.300003051758,13.2156467437744,7.57012939453125
20181209,18,-67,160,15000,13037.3203125,212.899993896484,16.7259426116943,8.41427707672119
20181210,0,-67,160,15000,13066.0302734375,211.643890380859,18.7786178588867,10.8098630905151
20181210,6,-67,160,15000,13083.826171875,210.5,22.3070697784424,11.1888914108276
20181210,12,-67,160,15000,13117.2646484375,207.800003051758,24.9573764801025,14.6734437942505
20181210,18,-67,160,15000,13137.013671875,205.5,21.298791885376,16.5237369537354
20181211,0,-67,160,15000,13138.2578125,208.859954833984,19.7400207519531,23.2000999450684
20181211,6,-67,160,15000,13147.4716796875,203.70002746582,14.5655517578125,26.8824996948242
20181211,12,-67,160,15000,13126.88671875,205.208938598633,4.74000263214111,30.6539306640625
20181211,18,-67,160,15000,13055.7177734375,206.653594970703,-4.82903814315796,34.799690246582
20181212,0,-67,160,15000,13009.9208984375,211.800003051758,1.13361322879791,30.7304973602295
20181212,6,-67,160,15000,12993.4521484375,212.199996948242,6.31166982650757,21.6547660827637
20181212,12,-67,160,15000,13018.8759765625,209.500152587891,13.8974390029907,25.7456550598145
20181212,18,-67,160,15000,13061.173828125,206.800003051758,13.5041551589966,25.385425567627
20181213,0,-67,160,15000,13091.3212890625,205.699996948242,6.96729755401611,22.1682510375977
20181213,6,-67,160,15000,13091.72265625,204.69807434082,8.15996360778809,21.7510795593262
20181213,12,-67,160,15000,13095.1796875,204.5,0.720000028610229,22.182466506958
20181213,18,-67,160,15000,13062.697265625,206.550827026367,-0.556059598922729,20.081392288208
20181214,0,-67,160,15000,13047.4921875,208.89924621582,3.40000009536743,17.2393112182617
20181214,6,-67,160,15000,13056.1240234375,209.5,11.701789855957,17.1005764007568
20181214,12,-67,160,15000,13078.4697265625,209.256393432617,9.22769737243652,15.8183345794678
20181214,18,-67,160,15000,13070.974609375,209.296234130859,4.93000745773315,14.8477077484131
20181215,0,-67,160,15000,13051.44140625,211.199996948242,-1.32159423828125,13.413049697876
20181215,6,-67,160,15000,13016.15625,211.858032226563,-3.18722414970398,14.2885007858276
20181215,12,-67,160,15000,13000.5166015625,212.899993896484,-4.94998788833618,12.0740060806274
20181215,18,-67,160,15000,12988.583984375,213.300003051758,-0.909995138645172,11.2097091674805
20181216,0,-67,160,15000,13005.7490234375,212.199996948242,-1.11793947219849,12.1533765792847
20181216,6,-67,160,15000,13018.6923828125,211.199996948242,-1.83996343612671,13.1618404388428
20181216,12,-67,160,15000,13027.884765625,210.800003051758,-3.92083740234375,12.3666162490845
20181216,18,-67,160,15000,13027.9384765625,210.736618041992,-6.5012354850769,11.0557470321655
20181217,0,-67,160,15000,13030.2783203125,211.680816650391,-6.14119148254395,7.74859857559204
20181217,6,-67,160,15000,13019.771484375,211.419158935547,-8.2243824005127,9.40440940856934
20181217,12,-67,160,15000,13014.66796875,211.5,-6.90346193313599,10.4034767150879
20181217,18,-67,160,15000,13014.826171875,210,-3.24016118049622,8.84409713745117
20181218,0,-67,160,15000,13019.3046875,210.933258056641,-2.64244627952576,8.35734844207764
20181218,6,-67,160,15000,13025.517578125,210.635772705078,-2.36002206802368,6.94588851928711
20181218,12,-67,160,15000,13042.7841796875,210.899993896484,-2.74911141395569,9.00315952301025
