20180720,0,26,76,2000,26439.357421875,217.717239379883,11.222412109375,4.42813491821289
20180720,6,26,76,2000,26447.45703125,217.699996948242,7.1600193977356,5.17758798599243
20180720,12,26,76,2000,26432.69921875,217.899993896484,6.15472888946533,3.71335458755493
20180720,18,26,76,2000,26451.52734375,217.899978637695,6.15488767623901,3.81386709213257
20180721,0,26,76,2000,26438.994140625,218.199981689453,4.50000715255737,4.70011711120605
20180721,6,26,76,2000,26449.28515625,218.096267700195,3.49601316452026,5.49141836166382
20180721,12,26,76,2000,26433.744140625,219,1.36000490188599,4.90670919418335
20180721,18,26,76,2000,26469.025390625,219.100006103516,-0.0399951189756393,4.20396995544434
20180722,0,26,76,2000,26463.0234375,219.699996948242,-2.03999519348145,5.0999608039856
20180722,6,26,76,2000,26485.240234375,220.199996948242,-4.64335918426514,3.66879391670227
20180722,12,26,76,2000,26467.0703125,220.199996948242,-3.89576649665833,1.43143308162689
20180722,18,26,76,2000,26484.8203125,220.199981689453,-4.5999903678894,1.80538332462311
20180723,0,26,76,2000,26466.869140625,220.099975585938,-4.23998785018921,0.136306151747704
20180723,6,26,76,2000,26488.099609375,219.899978637695,-2.69999766349792,0.213696286082268
20180723,12,26,76,2000,26460.841796875,220.199996948242,-2.29999256134033,0.815355241298676
20180723,18,26,76,2000,26478.765625,219.800003051758,-2.80333256721497,-1.35878169536591
20180724,0,26,76,2000,26475.775390625,220.479690551758,-0.699543476104736,-0.558652341365814
20180724,6,26,76,2000,26499.8203125,220.79997253418,0.440004885196686,0.151225581765175
20180724,12,26,76,2000,26473.16015625,220.399993896484,-0.560000002384186,-0.0496166981756687
20180724,18,26,76,2000,26482.4609375,220.100006103516,-1.09991455078125,-2.75950694084167
20180725,0,26,76,2000,26482.431640625,220.300003051758,2.54000234603882,-1.17042970657349
20180725,6,26,76,2000,26500.580078125,219.899993896484,1.39517331123352,0.413103014230728
20180725,12,26,76,2000,26473.814453125,219.800003051758,1.03999757766724,-0.185197755694389
20180725,18,26,76,2000,26496.0546875,219.699996948242,1.13999998569489,-1.85859131813049
20180726,0,26,76,2000,26483.205078125,219.499969482422,4.10058832168579,-0.966176748275757
20180726,6,26,76,2000,26488.8359375,219.300003051758,3.29999756813049,0.903879404067993
20180726,12,26,76,2000,26471.3984375,219.600006103516,4.69999980926514,0.406083971261978
20180726,18,26,76,2000,26489.38671875,219.599975585938,3.00028800964355,-0.421235352754593
20180727,0,26,76,2000,26465.525390625,218.899978637695,6.29669189453125,-1.02785396575928
20180727,6,26,76,2000,26482.630859375,219.100006103516,6.69670152664185,2.54547357559204
20180727,12,26,76,2000,26465.408203125,219.399993896484,3.64000248908997,4.70557880401611
20180727,18,26,76,2000,26486.220703125,219.099975585938,-1.40332520008087,3.61369872093201
20180728,0,26,76,2000,26480.341796875,219.100006103516,-2.09999513626099,3.7237012386322
20180728,6,26,76,2000,26503.953125,220,-5.04030513763428,4.85958003997803
20180728,12,26,76,2000,26498.03515625,219.399993896484,-8.24304676055908,4.84974956512451
20180728,18,26,76,2000,26519.91796875,220.100006103516,-12.3475828170776,1.61898684501648
20180729,0,26,76,2000,26504.466796875,220,-10.5899953842163,0.464815676212311
20180729,6,26,76,2000,26524.40234375,220.29997253418,-11.4399995803833,1.33012938499451
20180729,12,26,76,2000,26501.07421875,219.699981689453,-13.4999952316284,-0.380808115005493
20180729,18,26,76,2000,26517.1015625,219.899993896484,-13.0032615661621,-3.43668079376221
20180730,0,26,76,2000,26501.4140625,219.29997253418,-10.0998439788818,-3.2034375667572
20180730,6,26,76,2000,26510.82421875,220.406982421875,-9.69999504089355,-1.61802732944489
20180730,12,26,76,2000,26493.810546875,219.599975585938,-8.60190200805664,-4.21659183502197
20180730,18,26,76,2000,26492.75,219.300003051758,-6.69999980926514,-4.73635149002075
20180731,0,26,76,2000,26471.392578125,219.29997253418,-4.50220966339111,-3.5761878490448
20180731,6,26,76,2000,26477.08984375,219.499969482422,-3.35966300964355,-1.44343018531799
20180731,12,26,76,2000,26453.216796875,218.800003051758,-4.35334205627441,-2.1563549041748
20180731,18,26,76,2000,26464.857421875,219.399978637695,-3.19969725608826,-4.10242176055908
20180801,0,26,76,2000,26456.328125,219.199981689453,0.300007313489914,-3.03929924964905
20180801,6,26,76,2000,26463.59765625,219.199996948242,1.00332033634186,-0.0137255862355232
20180801,12,26,76,2000,26439.0625,218.899993896484,-0.799997568130493,-0.532402336597443
20180801,18,26,76,2000,26453.58984375,219.999969482422,-1.15943849086761,-3.93447756767273
20180802,0,26,76,2000,26435.966796875,218.800003051758,4.55940437316895,-4.37490701675415
20180802,6,26,76,2000,26448.38671875,218.899978637695,7.0486741065979,-0.649909675121307
20180802,12,26,76,2000,26420.275390625,218.79997253418,6.90000247955322,-1.22795653343201
20180802,18,26,76,2000,26438.564453125,219.100006103516,6.84001731872559,-2.74990224838257
20180803,0,26,76,2000,26427.58203125,217.800003051758,10.6400003433228,-2.27592539787292
20180803,6,26,76,2000,26441.912109375,218.800003051758,11.4433908462524,-1.07538080215454
20180803,12,26,76,2000,26426,218.332122802734,10.8400001525879,0.749868154525757
20180803,18,26,76,2000,26450.955078125,218.300003051758,9.24026393890381,-3.31043457984924
20180804,0,26,76,2000,26435.119140625,217.100006103516,11.7999973297119,-0.665244162082672
20180804,6,26,76,2000,26447.1328125,218.399978637695,11.4400053024292,-0.507233858108521
20180804,12,26,76,2000,26435.4140625,217.29997253418,10.6601514816284,-1.44635498523712
20180804,18,26,76,2000,26445.52734375,218.699996948242,10.1999950408936,-3.65867185592651
20180805,0,26,76,2000,26441.671875,218.600006103516,13.7564525604248,-3.76253414154053
20180805,6,26,76,2000,26437.662109375,218.600006103516,15.352783203125,-2.30005359649658
20180805,12,26,76,2000,26434.900390625,219.199996948242,15.4100074768066,-1.71328854560852
20180805,18,26,76,2000,26468.6015625,219.699996948242,17.3557796478271,-3.6972131729126
20180806,0,26,76,2000,26457.482421875,219.300003051758,20.1997833251953,-2.55956673622131
20180806,6,26,76,2000,26462.552734375,219.100006103516,18.1557712554932,-2.00520014762878
20180806,12,26,76,2000,26451.681640625,219.399993896484,17.9097843170166,-1.97306764125824
20180806,18,26,76,2000,26480.23046875,220.29997253418,19.1517677307129,-4.77553462982178
20180807,0,26,76,2000,26479.57421875,220.100006103516,22.843412399292,-3.41495966911316
20180807,6,26,76,2000,26504.419921875,219.699996948242,21.546802520752,-1.1593713760376
20180807,12,26,76,2000,26468.0546875,219.29997253418,17.8512325286865,-1.08278203010559
20180807,18,26,76,2000,26500.505859375,220.5,16.2130889892578,-3.13424062728882
20180808,0,26,76,2000,26496.2265625,220.099975585938,19.1572647094727,-4.20138168334961
20180808,6,26,76,2000,26512.94921875,220.899978637695,17.4604816436768,-2.26863288879395
20180808,12,26,76,2000,26488.0078125,220.699996948242,17.0000095367432,-2.56843996047974
20180808,18,26,76,2000,26516.982421875,221.100006103516,17.8300075531006,-4.3979344367981
20180809,0,26,76,2000,26513.1484375,220.550735473633,18.8200016021729,-4.40262222290039
20180809,6,26,76,2000,26529.9375,220,17.9186573028564,-4.03210210800171
20180809,12,26,76,2000,26502.9609375,218.999969482422,18.2200222015381,-3.89716053009033
20180809,18,26,76,2000,26517.154296875,219.399993896484,16.3683280944824,-7.68384742736816
20180810,0,26,76,2000,26493.88671875,220.499969482422,16.5600090026855,-9.54006385803223
20180810,6,26,76,2000,26510.439453125,220.499969482422,17.5200099945068,-6.96248054504395
20180810,12,26,76,2000,26488.607421875,219.928619384766,18.160005569458,-7.01560544967651
20180810,18,26,76,2000,26507.32421875,219.699996948242,17.5600051879883,-8.04525852203369
20180811,0,26,76,2000,26496.01953125,220.399368286133,19.5200138092041,-6.16217517852783
20180811,6,26,76,2000,26516.85546875,220.899978637695,19.1600360870361,-2.59374761581421
20180811,12,26,76,2000,26492.4296875,219.699981689453,16.5600051879883,-3.25561285018921
20180811,18,26,76,2000,26513.1171875,220.199996948242,15.3200168609619,-5.65618181228638
20180812,0,26,76,2000,26513.005859375,219.399993896484,16.5200080871582,-5.47759532928467
20180812,6,26,76,2000,26531.8515625,219.499969482422,18.2600040435791,-0.444112539291382
20180812,12,26,76,2000,26506.994140625,219.5,17.6604843139648,-0.720085442066193
20180812,18,26,76,2000,26537.82421875,219.800003051758,15.1682252883911,-5.84007835388184
20180813,0,26,76,2000,26524.591796875,219.29997253418,17.0100078582764,-4.56276512145996
20180813,6,26,76,2000,26531.154296875,219.399978637695,18.0600128173828,-0.964769303798676
20180813,12,26,76,2000,26496.720703125,219.199996948242,17.8802337646484,1.69435298442841
20180813,18,26,76,2000,26518.744140625,219.699981689453,16.4330635070801,-2.82319569587708
20180814,0,26,76,2000,26499.212890625,219.100006103516,19.3734321594238,-3.17233157157898
20180814,6,26,76,2000,26500.001953125,218.908081054688,19.6800117492676,-1.57798588275909
20180814,12,26,76,2000,26469.470703125,218.699996948242,20.930004119873,-0.718317866325378
20180814,18,26,76,2000,26478.224609375,218.699996948242,18.5900001525879,-0.949431180953979
20180815,0,26,76,2000,26461.193359375,219.300003051758,19.7900581359863,-1.80343508720398
20180815,6,26,76,2000,26481.4765625,219.100006103516,20.4400119781494,-0.790534675121307
20180815,12,26,76,2000,26464.966796875,218.099975585938,19.600004196167,-1.44308352470398
20180815,18,26,76,2000,26480.59765625,219.199996948242,17.140007019043,-2.64951181411743
20180816,0,26,76,2000,26474.279296875,218.699996948242,17.2000141143799,-2.13851070404053
20180816,6,26,76,2000,26496.259765625,218.699996948242,16.1998729705811,-1.25215816497803
20180816,12,26,76,2000,26480.0703125,218.899978637695,15.8000049591064,-1.91599118709564
20180816,18,26,76,2000,26512.556640625,218.600006103516,14.5000076293945,-5.1499924659729
20180817,0,26,76,2000,26513.328125,218.5,17.7299995422363,-3.57678699493408
20180817,6,26,76,2000,26522.400390625,218.600006103516,17.2800102233887,-0.5606689453125
20180817,12,26,76,2000,26504.751953125,217.600006103516,16.2758407592773,-1.95198488235474
20180817,18,26,76,2000,26520.759765625,217.899993896484,14.9200077056885,-3.91428470611572
20180818,0,26,76,2000,26526.08984375,217.399978637695,16.2600078582764,-2.12396001815796
20180818,6,26,76,2000,26523.0546875,217.320510864258,15.6664848327637,2.01836180686951
20180818,12,26,76,2000,26492.54296875,217.300003051758,14.9200000762939,0.0988671854138374
20180818,18,26,76,2000,26501.77734375,217.699996948242,13.7625341415405,-3.48468995094299
20180819,0,26,76,2000,26489.349609375,217.5,14.2023439407349,-4.06390142440796
20180819,6,26,76,2000,26500.234375,217.5,14.4200000762939,-0.242966309189796
20180819,12,26,76,2000,26478.890625,217.699981689453,12.4600028991699,-1.24757814407349
20180819,18,26,76,2000,26497.169921875,218.199996948242,10.6199979782104,-5.74724626541138
20180820,0,26,76,2000,26493.349609375,218.199981689453,11.4798069000244,-6.09962892532349
20180820,6,26,76,2000,26499.6484375,218,12.4304838180542,-2.59958982467651
20180820,12,26,76,2000,26482.892578125,218.699981689453,11.3800439834595,-1.6108056306839
20180820,18,26,76,2000,26519.29296875,219.29997253418,9.28000259399414,-5.20786619186401
20180821,0,26,76,2000,26510.41015625,219.399978637695,9.42697238922119,-5.62007331848145
20180821,6,26,76,2000,26524.69921875,220.099975585938,11.5300073623657,-4.05569076538086
20180821,12,26,76,2000,26498.33203125,219.899993896484,11.4867334365845,-2.64339351654053
20180821,18,26,76,2000,26529.244140625,221.5,10.9357175827026,-4.73079347610474
20180822,0,26,76,2000,26506.591796875,219.800003051758,14.3900098800659,-3.97266602516174
20180822,6,26,76,2000,26525.580078125,220.5,15.3277730941772,-1.30029058456421
20180822,12,26,76,2000,26514.91015625,220.300003051758,15.3341751098633,-0.173557132482529
20180822,18,26,76,2000,26534.134765625,220.100006103516,13.3800020217896,-0.586127936840057
20180823,0,26,76,2000,26507.859375,220,14.3800096511841,-0.183452144265175
20180823,6,26,76,2000,26533.05078125,220.599975585938,12.7846488952637,1.65006351470947
20180823,12,26,76,2000,26504.90234375,220.499969482422,10.2567358016968,1.41550290584564
20180823,18,26,76,2000,26529.6796875,219.906982421875,6.21340799331665,-0.529653310775757
20180824,0,26,76,2000,26511.037109375,220.100006103516,7.95769023895264,-0.303928226232529
20180824,6,26,76,2000,26538.630859375,221.199981689453,7.71331071853638,0.848090827465057
20180824,12,26,76,2000,26508.087890625,220.100006103516,5.36001205444336,0.753570556640625
20180824,18,26,76,2000,26549.544921875,220.29997253418,4.81223630905151,-1.96970331668854
20180825,0,26,76,2000,26534,220,7.70104265213013,-2.51885986328125
20180825,6,26,76,2000,26541.7265625,221.100006103516,9.14001178741455,1.95743405818939
20180825,12,26,76,2000,26525.130859375,221.100006103516,7.70000743865967,0.0325976572930813
20180825,18,26,76,2000,26547.61328125,220.300003051758,9.34000492095947,-2.61659908294678
20180826,0,26,76,2000,26538.640625,219.899993896484,11.4900121688843,-0.913234889507294
20180826,6,26,76,2000,26534.73828125,220.300003051758,13.3286104202271,3.29913806915283
20180826,12,26,76,2000,26511.484375,220.5,11.580002784729,4.1895923614502
20180826,18,26,76,2000,26527.732421875,219.793014526367,11.580002784729,-1.16801023483276
20180827,0,26,76,2000,26495.1640625,218.5,14.4726047515869,0.534426271915436
20180827,6,26,76,2000,26499.14453125,219.399993896484,14.6400003433228,5.04845952987671
20180827,12,26,76,2000,26479.158203125,220.29997253418,8.44001007080078,4.95449209213257
20180827,18,26,76,2000,26504.283203125,220.199996948242,6.24116230010986,-1.78261232376099
20180828,0,26,76,2000,26499.91796875,219.699996948242,11.4400119781494,-1.34550535678864
20180828,6,26,76,2000,26509.337890625,219.699996948242,9.06001472473145,4.76755619049072
20180828,12,26,76,2000,26489.681640625,219.100006103516,2.96000003814697,3.53142833709717
20180828,18,26,76,2000,26514.373046875,220.100006103516,1.85999751091003,-0.533120095729828
20180829,0,26,76,2000,26505.697265625,220.499969482422,3.65222406387329,-0.769945085048676
20180829,6,26,76,2000,26520.5078125,220.099975585938,3.15999507904053,1.84365236759186
20180829,12,26,76,2000,26505.962890625,220,0.0577758774161339,2.62072277069092
20180829,18,26,76,2000,26536.80078125,221.199996948242,-1.73999750614166,-0.232204586267471
20180830,0,26,76,2000,26539.91796875,220.499969482422,0.0600024424493313,-2.31998896598816
20180830,6,26,76,2000,26545.626953125,220.800003051758,1.16001462936401,0.593073725700378
20180830,12,26,76,2000,26525.3046875,221.399978637695,-1.94194090366364,1.5575829744339
20180830,18,26,76,2000,26543.474609375,220.79997253418,-2.14677500724792,-2.33951663970947
20180831,0,26,76,2000,26532.556640625,220.899993896484,0.600009739398956,-1.67271244525909
20180831,6,26,76,2000,26536.087890625,221.699981689453,0.455004870891571,-0.396849364042282
20180831,12,26,76,2000,26517.64453125,221.399978637695,-0.539982914924622,-0.782276630401611
20180831,18,26,76,2000,26535.068359375,221.899993896484,2.56000232696533,-4.8289794921875
20180901,0,26,76,2000,26522.23828125,221.600006103516,6.6031665802002,-1.99094724655151
20180901,6,26,76,2000,26523.890625,221.300003051758,5.19978284835815,-0.0460144057869911
20180901,12,26,76,2000,26487.17578125,221.199981689453,4.79861307144165,-1.85048091411591
20180901,18,26,76,2000,26516.078125,222.367874145508,6.74539041519165,-4.83004903793335
20180902,0,26,76,2000,26511.927734375,221.599975585938,10.3917207717896,-5.14020252227783
20180902,6,26,76,2000,26512.98828125,221.199493408203,12.0776071548462,-1.97788572311401
20180902,12,26,76,2000,26480.384765625,221.599975585938,11.5799980163574,-2.09025883674622
20180902,18,26,76,2000,26497.29296875,221.5,9.91861820220947,-6.76253890991211
20180903,0,26,76,2000,26480.4921875,220.699981689453,13.2200145721436,-7.95360374450684
20180903,6,26,76,2000,26488.580078125,219.899978637695,16.1800117492676,-3.36251473426819
20180903,12,26,76,2000,26452.3671875,219.699996948242,16.5177879333496,-3.44410634040833
20180903,18,26,76,2000,26482.857421875,220.300003051758,15.620002746582,-6.56580543518066
20180904,0,26,76,2000,26460.7890625,218.5,19.2300090789795,-5.84853506088257
20180904,6,26,76,2000,26467.154296875,218,21.2800025939941,-2.06017589569092
20180904,12,26,76,2000,26441.76953125,218.29997253418,20.7332592010498,0.295427232980728
20180904,18,26,76,2000,26468.2578125,218.999969482422,16.3462944030762,-3.47017335891724
20180905,0,26,76,2000,26459.412109375,217.600006103516,18.1400051116943,-4.7408299446106
20180905,6,26,76,2000,26466.154296875,217.5,19.2966594696045,0.115214847028255
20180905,12,26,76,2000,26444.8515625,217.899993896484,15.039999961853,2.53005623817444
20180905,18,26,76,2000,26472.279296875,217.899993896484,9.84000015258789,-0.686228036880493
20180906,0,26,76,2000,26471.08984375,218.29997253418,11.2400045394897,-3.03988766670227
20180906,6,26,76,2000,26504.9140625,218.600006103516,11,0.888583958148956
20180906,12,26,76,2000,26468,218.5,7.86000490188599,0.701896965503693
20180906,18,26,76,2000,26502.115234375,219.06364440918,6.05410146713257,-1.04158198833466
20180907,0,26,76,2000,26503.421875,218.410003662109,7.76000261306763,-1.47033452987671
20180907,6,26,76,2000,26516.2578125,219.199996948242,7.05500984191895,1.34456539154053
20180907,12,26,76,2000,26488.28515625,219.199996948242,3.71000480651855,0.906606435775757
20180907,18,26,76,2000,26503.46484375,219.899993896484,3.3109302520752,-2.85152339935303
20180908,0,26,76,2000,26496.51171875,218.699981689453,6.80000495910645,-2.62726807594299
20180908,6,26,76,2000,26503.654296875,219.699996948242,6.9977855682373,0.131235346198082
20180908,12,26,76,2000,26466.919921875,219.100006103516,6.65999984741211,-3.11658191680908
20180908,18,26,76,2000,26488.419921875,218.199981689453,9.23861122131348,-6.09989023208618
20180909,0,26,76,2000,26468.029296875,218.29997253418,13.2000026702881,-6.49990224838257
20180909,6,26,76,2000,26477.1328125,218.399978637695,15.1890163421631,-4.79990243911743
20180909,12,26,76,2000,26444.4609375,217.699996948242,14.1999998092651,-5.49990224838257
20180909,18,26,76,2000,26462.7109375,217.899993896484,14.3999996185303,-8.7000789642334
20180910,0,26,76,2000,26445.17578125,217.699981689453,17.2999992370605,-8.40007972717285
20180910,6,26,76,2000,26459.3046875,218.499969482422,20.3000144958496,-2.19990229606628
20180910,12,26,76,2000,26441.48046875,218.29997253418,18.2000026702881,-1.20775759220123
20180910,18,26,76,2000,26472.794921875,219.399993896484,13.6999998092651,-3.19993281364441
20180911,0,26,76,2000,26464.349609375,219.499969482422,14.6691160202026,-2.63995361328125
20180911,6,26,76,2000,26477.376953125,219.399993896484,13.9000072479248,-0.650058567523956
20180911,12,26,76,2000,26453.58203125,219.599975585938,11.8400049209595,1.04399907588959
20180911,18,26,76,2000,26482.392578125,220.399993896484,8.69670677185059,-1.09400880336761
20180912,0,26,76,2000,26482.5390625,220.199996948242,10.2999954223633,-0.349736332893372
20180912,6,26,76,2000,26495.318359375,220.100006103516,8,2.61745595932007
20180912,12,26,76,2000,26463.1875,220,6.03999996185303,1.79527831077576
20180912,18,26,76,2000,26482.001953125,221.29997253418,4.54497051239014,0.838129878044128
20180913,0,26,76,2000,26482.484375,220.899993896484,5.30842876434326,0.200109869241714
20180913,6,26,76,2000,26480.8984375,221.099639892578,5.60000324249268,3.01312255859375
20180913,12,26,76,2000,26465.091796875,221.199996948242,2.69189453125,1.36674809455872
20180913,18,26,76,2000,26477.623046875,220.800003051758,3.79999995231628,0.0406616218388081
20180914,12,26,76,2000,26448.740234375,220.800003051758,6.00000476837158,2.61143183708191
20180914,18,26,76,2000,26463.671875,220.599975585938,4.22222137451172,4.01054668426514
20180915,0,26,76,2000,26450.607421875,220.399993896484,3.61500239372253,3.50007319450378
20180915,6,26,76,2000,26453.4375,220.5,3.00000309944153,4.90012836456299
20180915,12,26,76,2000,26435.3125,220.399993896484,0.703857421875,7.21903705596924
20180915,18,26,76,2000,26470.884765625,221.899978637695,-2.70000314712524,5.69985342025757
20180916,0,26,76,2000,26468.501953125,220.79997253418,-3.04802489280701,3.72963857650757
20180916,12,26,76,2000,26456.802734375,221.399993896484,-7.58999490737915,3.47737050056458
20180916,18,26,76,2000,26488.58984375,220.899978637695,-7.6434006690979,-1.689453125
20180917,0,26,76,2000,26479.1640625,220.899993896484,-5.03999757766724,-0.943039536476135
20180917,6,26,76,2000,26489.845703125,221.800003051758,-5.6399998664856,0.565561532974243
20180917,12,26,76,2000,26467.341796875,221.099319458008,-5.43999767303467,-1.60510492324829
20180917,18,26,76,2000,26487.8125,221.100006103516,-1.80499994754791,-3.77177000045776
20180918,0,26,76,2000,26483.259765625,220.899993896484,1.10000729560852,-0.506289064884186
20180918,6,26,76,2000,26485.216796875,220.600006103516,-0.101381838321686,1.95138669013977
20180918,12,26,76,2000,26454.974609375,220.399978637695,-0.799997568130493,1.6150244474411
20180918,18,26,76,2000,26472.29296875,220.300003051758,-1.49999511241913,-1.85621583461761
20180919,0,26,76,2000,26462.3984375,220.099975585938,2.36000490188599,-0.167392581701279
20180919,6,26,76,2000,26478.091796875,220.099975585938,1.16000247001648,3.05112314224243
20180919,12,26,76,2000,26449.0546875,219.399993896484,0.360002428293228,1.24027836322784
20180919,18,26,76,2000,26470.421875,219.999969482422,0.453405767679214,-0.653811037540436
20180920,0,26,76,2000,26458.837890625,219.499969482422,3.19999766349792,-1.02100586891174
20180920,6,26,76,2000,26463.857421875,218.79997253418,3.76000499725342,1.13076412677765
20180920,12,26,76,2000,26440.72265625,218.999969482422,2.06000232696533,0.926035165786743
20180920,18,26,76,2000,26467.1875,218.399993896484,2.19589352607727,-2.6663990020752
20180921,0,26,76,2000,26454.2890625,218.399993896484,6.20000743865967,-4.93207025527954
20180921,6,26,76,2000,26451.130859375,218,9.53996467590332,-3.17243051528931
20180921,12,26,76,2000,26412.515625,217.100006103516,11.504732131958,-1.99989628791809
20180921,18,26,76,2000,26422.2734375,216.736358642578,12.8000001907349,-4.43983745574951
20180922,0,26,76,2000,26410.125,215.800003051758,16.6000003814697,-3.97526860237122
20180922,6,26,76,2000,26403.685546875,215.699996948242,17.1686172485352,-1.63327634334564
20180922,12,26,76,2000,26371.455078125,214.810028076172,17.8999996185303,-0.70001220703125
20180922,18,26,76,2000,26389.5,215.399993896484,16.7000007629395,-1.69995725154877
20180923,0,26,76,2000,26386.0078125,214.699996948242,17.0000057220459,1.02761232852936
20180923,6,26,76,2000,26391.447265625,215.199996948242,13.600001335144,3.64501333236694
20180923,12,26,76,2000,26360.505859375,215.399993896484,11.2999973297119,3.40000605583191
20180923,18,26,76,2000,26397.310546875,216.599975585938,8.39999961853027,1.5189208984375
20180924,0,26,76,2000,26397.060546875,216.199996948242,9.20000267028809,-0.281060785055161
20180924,6,26,76,2000,26405.07421875,216,10.7511234283447,1.50755620002747
20180924,12,26,76,2000,26374.25,215.899993896484,8.30000019073486,3.38118886947632
20180924,18,26,76,2000,26409.53515625,216.5,6.89999675750732,-0.166149899363518
20180925,0,26,76,2000,26409.435546875,216.100006103516,9.80000305175781,2.00001835823059
20180925,6,26,76,2000,26420.919921875,216.600006103516,7.00002574920654,5.00003051757813
20180925,12,26,76,2000,26406.740234375,216.800003051758,3.05326533317566,6.60008525848389
20180925,18,26,76,2000,26446.806640625,218.199981689453,-0.539987802505493,1.68214845657349
20180926,0,26,76,2000,26440.802734375,217.199996948242,2.95195555686951,1.65687990188599
20180926,6,26,76,2000,26447.4140625,217.599975585938,0.610000014305115,6.56255865097046
20180926,12,26,76,2000,26424.23046875,218.600006103516,-6.34000253677368,6.33773422241211
20180926,18,26,76,2000,26458.814453125,219.300003051758,-6.48999261856079,-0.148796379566193
20180927,0,26,76,2000,26455.6640625,218.899993896484,-1.54792964458466,2.76169681549072
20180927,6,26,76,2000,26457.35546875,219.291625976563,-4.59999513626099,6.41719484329224
20180927,12,26,76,2000,26432.5546875,219.300003051758,-7.55999517440796,5.22713613510132
20180927,18,26,76,2000,26450.716796875,219.800003051758,-8.39999961853027,0.897773444652557
20180928,0,26,76,2000,26450.15234375,219.5,-4.90121841430664,1.66007077693939
20180928,6,26,76,2000,26466.099609375,219.999969482422,-5.99999761581421,4.8513355255127
20180928,12,26,76,2000,26442.91015625,219.300003051758,-9.297776222229,3.39197993278503
20180928,18,26,76,2000,26465.724609375,220.199996948242,-9.34860610961914,-0.931235373020172
20180929,0,26,76,2000,26469.34765625,219.699996948242,-4.94625234603882,0.267280280590057
20180929,6,26,76,2000,26478.822265625,219.699981689453,-6.43999767303467,5.02460193634033
20180929,12,26,76,2000,26456.720703125,219.300003051758,-10.8900003433228,3.26835942268372
20180929,18,26,76,2000,26467.767578125,219.599975585938,-9.34000015258789,-1.56420409679413
20180930,0,26,76,2000,26479.185546875,220.300003051758,-4.38632345199585,0.715839862823486
20180930,6,26,76,2000,26476.01171875,219.79997253418,-5.64750957489014,4.42510747909546
20180930,12,26,76,2000,26465.36328125,219.5,-7.94000005722046,3.77184081077576
20180930,18,26,76,2000,26467.6796875,218.899978637695,-8.03999996185303,0.650351583957672
20181001,0,26,76,2000,26478.634765625,219.199996948242,-5.5,4.38994646072388
20181001,6,26,76,2000,26482.080078125,218.899993896484,-8.30000019073486,5.676025390625
20181001,12,26,76,2000,26469.392578125,219.399993896484,-9.59999752044678,4.93284177780151
20181001,18,26,76,2000,26485.599609375,219.199996948242,-9.43999767303467,0.725588381290436
20181002,0,26,76,2000,26501.115234375,218.800003051758,-6.1399974822998,3.25830078125
20181002,6,26,76,2000,26495.056640625,219.199996948242,-9.89999008178711,6.49221658706665
20181002,12,26,76,2000,26477.6328125,218.899978637695,-12.2899971008301,4.25740242004395
20181002,18,26,76,2000,26488.251953125,219.311614990234,-11.7399950027466,1.84316647052765
20181003,0,26,76,2000,26494.26953125,218.399993896484,-9.89999771118164,4.12439441680908
20181003,6,26,76,2000,26494.47265625,218.536041259766,-12.5999975204468,4.75065422058105
20181003,12,26,76,2000,26473.0546875,218,-14.539999961853,3.56529545783997
20181003,18,26,76,2000,26495.13671875,218.823043823242,-14.6400003433228,0.639956057071686
20181004,0,26,76,2000,26494.1328125,218,-13.4399976730347,2.4974365234375
20181004,6,26,76,2000,26500.892578125,217.897247314453,-17.0399837493896,4.18815660476685
20181004,12,26,76,2000,26467.130859375,216.800003051758,-20.3452529907227,3.77066159248352
20181004,18,26,76,2000,26478.29296875,217.5,-23.3899974822998,0.369597166776657
20181005,0,26,76,2000,26483.099609375,217.284820556641,-20.290002822876,2.08968997001648
20181005,6,26,76,2000,26502.89453125,217.79997253418,-24.0399894714355,4.05422592163086
20181005,12,26,76,2000,26469.91796875,216.899993896484,-24.5599918365479,3.9423143863678
20181005,18,26,76,2000,26487.642578125,218,-22.7099990844727,2.74026608467102
20181006,0,26,76,2000,26486.150390625,217.999969482422,-19.0124835968018,4.47304439544678
20181006,6,26,76,2000,26479.787109375,217.888916015625,-19.2602863311768,7.10692405700684
20181006,12,26,76,2000,26436.857421875,217.313522338867,-18.359992980957,5.62946796417236
20181006,18,26,76,2000,26450.6015625,218,-18.0599994659424,3.37193369865417
20181007,0,26,76,2000,26443.392578125,218.199996948242,-14.460000038147,2.11885738372803
20181007,6,26,76,2000,26448.751953125,218.600006103516,-12.7599954605103,3.75004887580872
20181007,12,26,76,2000,26414.5859375,218.199996948242,-12.5599975585938,2.27425289154053
20181007,18,26,76,2000,26438.591796875,218.300003051758,-10.8599996566772,1.00322759151459
20181008,0,26,76,2000,26425.3359375,218,-9.25999546051025,2.40239262580872
20181008,6,26,76,2000,26425.400390625,218.5,-8.40000247955322,4.29424333572388
20181008,12,26,76,2000,26400.8828125,218.600006103516,-10.1399974822998,4.5327296257019
20181008,18,26,76,2000,26419.98828125,217.946685791016,-10.3999996185303,0.765629887580872
20181009,0,26,76,2000,26407.494140625,218.304565429688,-7.20248794555664,2.27020025253296
20181009,6,26,76,2000,26414.57421875,218.199996948242,-9.4399995803833,5.11716318130493
20181009,12,26,76,2000,26378.685546875,217.800003051758,-10.6000003814697,3.28281259536743
20181009,18,26,76,2000,26423.7421875,218,-8.73999786376953,-0.940991222858429
20181010,0,26,76,2000,26409.39453125,216.79997253418,-5.23999738693237,1.61844730377197
20181010,6,26,76,2000,26413.818359375,217.79997253418,-8.73999786376953,5.3131251335144
20181010,12,26,76,2000,26387.28515625,217.5,-10.1999979019165,2.76259279251099
20181010,18,26,76,2000,26413.177734375,217.5,-9.4399995803833,-0.388544917106628
20181011,0,26,76,2000,26412.63671875,217.800003051758,-7.79999017715454,4.25205326080322
20181011,6,26,76,2000,26421.59765625,218.800003051758,-11.6599998474121,3.77557134628296
20181011,12,26,76,2000,26400.498046875,218.199996948242,-11.0600023269653,1.20177495479584
20181011,18,26,76,2000,26425.302734375,218.29997253418,-10.460000038147,-0.529677748680115
20181012,0,26,76,2000,26442.064453125,218.199981689453,-10.0599946975708,1.87545895576477
20181012,6,26,76,2000,26448.01171875,218.399978637695,-13.0599946975708,2.49522471427917
20181012,12,26,76,2000,26421.7890625,218.300003051758,-13.3524904251099,-1.08258783817291
20181012,18,26,76,2000,26452.71484375,219.300003051758,-12.3599948883057,-2.10042476654053
20181013,0,26,76,2000,26459.037109375,218.699981689453,-11.4999952316284,-0.0337744131684303
20181013,6,26,76,2000,26464.05078125,219.699981689453,-13.6000852584839,0.441069334745407
20181013,12,26,76,2000,26455.439453125,219.899993896484,-12.6023979187012,-2.13147950172424
20181013,18,26,76,2000,26472.22265625,220.600006103516,-9.64000034332275,-3.16720700263977
20181014,0,26,76,2000,26474.66796875,219.699981689453,-7.54000234603882,-0.396127939224243
20181014,6,26,76,2000,26478.078125,219.899978637695,-9.48324203491211,1.72001469135284
20181014,12,26,76,2000,26441.935546875,219.899993896484,-11.3899974822998,0.125224605202675
20181014,18,26,76,2000,26460.806640625,221.100006103516,-9.44000244140625,-2.36593747138977
20181015,0,26,76,2000,26454.060546875,219.899993896484,-5.83999490737915,-0.190017089247704
20181015,6,26,76,2000,26450.8046875,220.092529296875,-8.94335651397705,2.75409173965454
20181015,12,26,76,2000,26415.07421875,219.29997253418,-10.1999998092651,0.964011251926422
20181015,18,26,76,2000,26435.61328125,220.100006103516,-9.43999767303467,-2.84251952171326
20181016,0,26,76,2000,26436.029296875,220.199996948242,-5.84000015258789,-1.40867185592651
20181016,6,26,76,2000,26444.8203125,220.600006103516,-6.23999261856079,2.41895985603333
20181016,12,26,76,2000,26421.58203125,220.5,-9.03999996185303,1.27386474609375
20181016,18,26,76,2000,26437.955078125,220.199996948242,-8.9400053024292,-2.54665040969849
20181017,0,26,76,2000,26437.634765625,220.399978637695,-6.23999977111816,0.0533251948654652
20181017,6,26,76,2000,26448.998046875,220.199981689453,-8.39999961853027,2.48241448402405
20181017,12,26,76,2000,26422.2265625,219.300003051758,-12.1999950408936,1.16132080554962
20181017,18,26,76,2000,26451.462890625,221,-11.8999853134155,-2.04572987556458
20181018,0,26,76,2000,26461.40234375,220.699996948242,-9.5,-1.27208983898163
20181018,6,26,76,2000,26464.990234375,220.300003051758,-10.6399955749512,1.3740576505661
20181018,12,26,76,2000,26442.63671875,220.5,-13.0999946594238,3.06197261810303
20181018,18,26,76,2000,26474.283203125,221.300003051758,-15,-1.06890141963959
20181019,0,26,76,2000,26472.017578125,220.899993896484,-10.6000003814697,0.102719724178314
20181019,6,26,76,2000,26464.357421875,221.29997253418,-11.1000003814697,5.09356927871704
20181019,18,26,76,2000,26449.2265625,220.699981689453,-11.1000003814697,0.0123437503352761
20181020,0,26,76,2000,26441.337890625,220.599975585938,-7.93925523757935,3.6820068359375
20181020,6,26,76,2000,26435.068359375,219.372650146484,-9.83999252319336,6.80006837844849
20181020,12,26,76,2000,26382.89453125,219.399978637695,-12.7952661514282,4.53619146347046
20181020,18,26,76,2000,26401.1953125,220.099975585938,-10.9399976730347,1.53221189975739
20181021,0,26,76,2000,26393.890625,219.300003051758,-7.93998289108276,3.0048143863678
20181021,6,26,76,2000,26395.32421875,219.300003051758,-8.89999961853027,5.36154794692993
20181021,12,26,76,2000,26352.748046875,218.399978637695,-10.3999977111816,3.1231005191803
20181021,18,26,76,2000,26369.83203125,219.399993896484,-8.73999500274658,-0.22113037109375
20181022,0,26,76,2000,26370.0625,218.800003051758,-5.49999046325684,-0.477915048599243
20181022,6,26,76,2000,26367.01953125,219,-6.50443363189697,1.82532465457916
20181022,12,26,76,2000,26346.564453125,218.600006103516,-6.69999742507935,0.459606945514679
20181022,18,26,76,2000,26374.76953125,218.899978637695,-6.39999532699585,-3.27074456214905
20181023,0,26,76,2000,26374.169921875,219.299957275391,-2.33999991416931,-3.55024909973145
20181023,6,26,76,2000,26393.919921875,219.600006103516,-1.94194829463959,-0.889951169490814
20181023,12,26,76,2000,26369.783203125,219.399978637695,-2.79834723472595,-1.65083253383636
20181023,18,26,76,2000,26412.2734375,219.699996948242,0.201650395989418,-4.49995136260986
20181024,0,26,76,2000,26416.814453125,219.199996948242,3.00000238418579,-2.65651369094849
20181024,6,26,76,2000,26428.40234375,219.29997253418,2.16000723838806,-0.629738748073578
20181024,12,26,76,2000,26401.0546875,218.800003051758,1.29999756813049,0.385148912668228
20181024,18,26,76,2000,26434.05078125,218.399993896484,1.90000486373901,-2.35786128044128
20181025,0,26,76,2000,26442.67578125,219.100006103516,2.74527335166931,0.683977067470551
20181025,6,26,76,2000,26453.794921875,218.899993896484,2.66000485420227,2.70337653160095
20181025,12,26,76,2000,26420.984375,218.699981689453,-0.0447314456105232,2.53184080123901
20181025,18,26,76,2000,26444.427734375,217.5,-0.545268535614014,0.0640087872743607
20181026,0,26,76,2000,26429.759765625,217.399993896484,-0.939995110034943,5.15598154067993
20181026,6,26,76,2000,26435.2734375,218.199981689453,-5.48999977111816,5.59341812133789
20181026,12,26,76,2000,26400.8203125,218.099975585938,-7.99000263214111,1.66594731807709
20181026,18,26,76,2000,26413.240234375,218,-6.38999271392822,0.336484372615814
20181027,0,26,76,2000,26411.5390625,217.899993896484,-6.63916969299316,3.26138186454773
20181027,6,26,76,2000,26418.4296875,218.499969482422,-9.93999481201172,3.1796190738678
20181027,12,26,76,2000,26396.8515625,218.399993896484,-7.64000511169434,0.0504052750766277
20181027,18,26,76,2000,26410.697265625,218.5,-6.94000244140625,-0.137883305549622
20181028,0,26,76,2000,26414.712890625,218.899993896484,-5.53999757766724,1.4834862947464
20181028,6,26,76,2000,26421.98828125,218.699996948242,-7.18999290466309,2.54738521575928
20181028,12,26,76,2000,26394.384765625,218.800003051758,-7.59000253677368,0.854108870029449
20181028,18,26,76,2000,26409.462890625,220.499969482422,-6.5899977684021,-0.438483893871307
20181029,0,26,76,2000,26420.197265625,219.29997253418,-3.62999272346497,0.892797827720642
20181029,6,26,76,2000,26416.890625,219.800003051758,-5.92998552322388,4.47130107879639
20181029,12,26,76,2000,26403.787109375,220,-8.0894021987915,2.31404304504395
20181029,18,26,76,2000,26424.98828125,220.199996948242,-7.09000015258789,1.25697994232178
20181030,0,26,76,2000,26422.470703125,220,-7.10510969161987,2.69332766532898
20181030,6,26,76,2000,26425.90234375,220.100006103516,-10.8568296432495,4.16467046737671
20181030,12,26,76,2000,26412.22265625,220.800003051758,-12.396201133728,1.47801756858826
20181030,18,26,76,2000,26441.8203125,221.300003051758,-10.9794969558716,-1.65556645393372
20181031,0,26,76,2000,26451.126953125,221.099975585938,-6.06065654754639,-1.17022466659546
20181031,6,26,76,2000,26453.517578125,220.600006103516,-8.58533191680908,1.76513433456421
20181031,12,26,76,2000,26439.3203125,220.199981689453,-8.68044948577881,-1.50557124614716
20181031,18,26,76,2000,26472.4609375,220.099975585938,-4.69000005722046,-3.94313955307007
20181101,0,26,76,2000,26478.97265625,220,-2.33999752998352,-0.959169924259186
20181101,6,26,76,2000,26488.587890625,219.899978637695,-4.69999694824219,2.14738774299622
20181101,12,26,76,2000,26461.44921875,220.5,-5.19999694824219,0.600061058998108
20181101,18,26,76,2000,26490.94921875,220.699996948242,-4.30000162124634,0.100061036646366
20181102,0,26,76,2000,26472.142578125,219.899978637695,-3.6000030040741,2.59005737304688
20181102,6,26,76,2000,26475.908203125,220.79997253418,-8.09999847412109,4.70007944107056
20181102,12,26,76,2000,26446.572265625,220,-8.75112152099609,3.10009765625
20181102,18,26,76,2000,26472.912109375,220.899993896484,-9.77999496459961,1.98005366325378
20181103,0,26,76,2000,26457.341796875,220.699996948242,-8.17345905303955,3.75978517532349
20181103,6,26,76,2000,26467.373046875,221.399978637695,-12.9783182144165,6.16557121276855
20181103,12,26,76,2000,26423.734375,220.600006103516,-14.6166505813599,4.35588884353638
20181103,18,26,76,2000,26439.41796875,221.300003051758,-13.8433399200439,0.992373049259186
20181104,0,26,76,2000,26450.828125,220.800003051758,-10.1190004348755,2.86803722381592
20181104,6,26,76,2000,26434.392578125,220.5,-14.6399974822998,4.90758800506592
20181104,12,26,76,2000,26395.2734375,220.300003051758,-14.645263671875,0.905136704444885
20181104,18,26,76,2000,26419.7734375,221.600006103516,-11.0999984741211,-1.79993283748627
20181105,0,26,76,2000,26418.453125,221.300003051758,-5.20522022247314,-1.199951171875
20181105,6,26,76,2000,26416.29296875,220.699996948242,-6.31250286102295,0.400012195110321
20181105,12,26,76,2000,26379.1328125,220.699996948242,-6.41156625747681,-1.49997556209564
20181105,18,26,76,2000,26408.3828125,221.300003051758,-3.5931122303009,-3.99995112419128
20181106,0,26,76,2000,26400.357421875,221.699996948242,-1.02704167366028,0.0708740204572678
20181106,6,26,76,2000,26403.01171875,221.100006103516,-3.8077392578125,1.30006098747253
20181106,12,26,76,2000,26370.48046875,220.800003051758,-2.04412841796875,-0.699945092201233
20181106,18,26,76,2000,26395.88671875,220.760589599609,-0.451296985149384,-1.79994511604309
20181107,0,26,76,2000,26373.82421875,220.899978637695,-0.018212890252471,2.22199392318726
20181107,6,26,76,2000,26381.109375,220.399993896484,-2.31171870231628,2.30005788803101
20181107,12,26,76,2000,26342.5546875,220.699996948242,-1.68078303337097,-0.599969506263733
20181107,18,26,76,2000,26371.8359375,220.599975585938,-0.0477783195674419,-2.59998178482056
20181108,0,26,76,2000,26369.197265625,219.800003051758,2.84901738166809,1.10004580020905
20181108,6,26,76,2000,26358.193359375,218.800003051758,0.465020745992661,2.60003042221069
20181108,12,26,76,2000,26330.54296875,218.600006103516,-1.75788271427155,0.700024425983429
20181108,18,26,76,2000,26360.7265625,218.600006103516,-1.23016047477722,-5.09998178482056
20181109,0,26,76,2000,26369.552734375,218.999969482422,1.9493134021759,-2.09998774528503
20181109,6,26,76,2000,26383.20703125,219,-1.51566159725189,1.50001215934753
20181109,12,26,76,2000,26358.572265625,218.399993896484,-3.58949279785156,-1.89998173713684
20181109,18,26,76,2000,26389.125,218.300003051758,-3.07454824447632,-3.50001215934753
20181110,0,26,76,2000,26406.376953125,219.800003051758,-2.57618403434753,-0.853228747844696
20181110,6,26,76,2000,26423.875,219,-5.01326894760132,1.60002446174622
20181110,12,26,76,2000,26394.802734375,218.892532348633,-6.49726867675781,1.4000244140625
20181110,18,26,76,2000,26414.234375,219.199996948242,-6.44544982910156,0.517266869544983
20181111,0,26,76,2000,26415.384765625,219,-6.28999042510986,3.70006108283997
20181111,6,26,76,2000,26412.53515625,219.100006103516,-9.00000953674316,3.50003671646118
20181111,12,26,76,2000,26368.015625,219.29997253418,-9.89999675750732,2.50009155273438
20181111,18,26,76,2000,26391.908203125,219.999969482422,-8.26999855041504,-0.700091540813446
20181112,0,26,76,2000,26401.46484375,219.199996948242,-5.58058166503906,1.40001225471497
20181112,6,26,76,2000,26406.134765625,218.300003051758,-8.03791236877441,2.69763803482056
20181112,12,26,76,2000,26359.466796875,218.231689453125,-11.3999996185303,0.708864748477936
20181112,18,26,76,2000,26382.849609375,219.399993896484,-10.5041675567627,-2.31681895256042
20181113,0,26,76,2000,26396.470703125,219.29997253418,-6.76145029067993,-1.27489507198334
20181113,6,26,76,2000,26413.275390625,219.199996948242,-7.86568307876587,0.0999969467520714
20181113,12,26,76,2000,26379.5703125,217.999969482422,-8.34662628173828,-0.199995115399361
20181113,18,26,76,2000,26406.66796875,219.100006103516,-8.04697036743164,-1.74000000953674
20181114,0,26,76,2000,26420.974609375,218.29997253418,-6.74365711212158,0.310673832893372
20181114,6,26,76,2000,26421.955078125,217.800003051758,-7.74220705032349,2.13467764854431
20181114,12,26,76,2000,26389.380859375,218.099975585938,-10.5914602279663,3.39157223701477
20181114,18,26,76,2000,26414.0703125,219,-12.3897705078125,0.0399853512644768
20181115,0,26,76,2000,26404.44921875,218.599975585938,-8.44100379943848,2.39899659156799
20181115,6,26,76,2000,26403.802734375,218.899978637695,-12.6083955764771,5.64001941680908
20181115,12,26,76,2000,26356.193359375,217.600006103516,-12.1902151107788,3.59999990463257
20181115,18,26,76,2000,26372.009765625,217.5,-10.5298490524292,2.40999031066895
20181116,0,26,76,2000,26370.552734375,216.800003051758,-5.80074167251587,1.5999481678009
20181116,6,26,76,2000,26375.376953125,217.199951171875,-5.83080577850342,0.114301756024361
20181116,12,26,76,2000,26349.443359375,217.5,-7.18318843841553,-3.86999988555908
20181116,18,26,76,2000,26385.20703125,218.899978637695,-7.62189960479736,-7.54076671600342
20181117,0,26,76,2000,26396.64453125,219.499969482422,-6.71139144897461,-3.45000004768372
20181117,6,26,76,2000,26420.875,220.199996948242,-10.5139503479004,0.688569307327271
20181117,12,26,76,2000,26375.962890625,220.399993896484,-12.2349271774292,1.67429685592651
20181117,18,26,76,2000,26402.904296875,221.599975585938,-11.470006942749,-0.407863765954971
20181118,0,26,76,2000,26408.837890625,220.806976318359,-9.25929641723633,2.59998536109924
20181118,6,26,76,2000,26415.392578125,220.5,-15.5364894866943,3.74760007858276
20181118,12,26,76,2000,26385.044921875,219.67041015625,-14.7000246047974,1.08327639102936
20181118,18,26,76,2000,26406.560546875,219.600006103516,-11.7794456481934,-1.70582032203674
20181119,0,26,76,2000,26412.498046875,218.5,-8.52766132354736,-1.55785155296326
20181119,6,26,76,2000,26413.904296875,219.100006103516,-10.3670701980591,-1.6556396484375
20181119,12,26,76,2000,26383.587890625,218.800003051758,-8.52458763122559,-2.06944346427917
20181119,18,26,76,2000,26419.58203125,219.600006103516,-7.52568340301514,-1.93998289108276
20181120,0,26,76,2000,26409.55078125,219.800003051758,-6.00527811050415,0.390507817268372
20181120,6,26,76,2000,26420.05078125,220,-6.97184801101685,2.52042722702026
20181120,12,26,76,2000,26383.63671875,219.399993896484,-6.76690435409546,0.818010270595551
20181120,18,26,76,2000,26406.4765625,219.600006103516,-8.61001682281494,1.33643555641174
20181121,0,26,76,2000,26382.052734375,219.600006103516,-10.5838203430176,2.35217046737671
20181121,6,26,76,2000,26399.01953125,219.314697265625,-10.3934764862061,1.74861323833466
20181121,12,26,76,2000,26355.751953125,218.499969482422,-11.044997215271,1.71802246570587
20181121,18,26,76,2000,26394.61328125,218.600006103516,-10.7422094345093,-0.177387699484825
20181122,0,26,76,2000,26373.275390625,218.199996948242,-8.29739475250244,3.5425341129303
20181122,6,26,76,2000,26391.35546875,217.599975585938,-12.0476388931274,2.51122570037842
20181122,12,26,76,2000,26337.57421875,216.399993896484,-10.9812183380127,-0.718569338321686
20181122,18,26,76,2000,26372.39453125,217.199981689453,-9.29649448394775,-2.92336678504944
20181123,0,26,76,2000,26359.30078125,216.899993896484,-8.53400611877441,-0.911992192268372
20181123,6,26,76,2000,26373.734375,217.499969482422,-10.3660135269165,-0.659775376319885
20181123,12,26,76,2000,26332.08203125,216.899993896484,-8.69399929046631,-4.59065437316895
20181123,18,26,76,2000,26378.904296875,217.899993896484,-5.59000492095947,-4.03864765167236
20181124,0,26,76,2000,26370.609375,217.100006103516,-5.38398694992065,-2.09054207801819
20181124,6,26,76,2000,26381.716796875,217.329147338867,-8.32342052459717,-0.979702174663544
20181124,12,26,76,2000,26338.41015625,217.429153442383,-8.67336177825928,-3.19929695129395
20181124,18,26,76,2000,26394.556640625,219.399993896484,-7.5777416229248,-2.75999522209167
20181125,0,26,76,2000,26387.79296875,219.199996948242,-7.46127462387085,-0.444819331169128
20181125,6,26,76,2000,26410.546875,219.300003051758,-9.88255405426025,0.742211937904358
20181125,12,26,76,2000,26376.802734375,218.600006103516,-8.36872291564941,-0.469985365867615
20181125,18,26,76,2000,26409.455078125,219.499969482422,-8.88392543792725,0.693825662136078
20181126,0,26,76,2000,26403.34765625,219.499969482422,-8.65778541564941,1.30332767963409
20181126,6,26,76,2000,26419.162109375,219.399978637695,-8.90311241149902,2.55001950263977
20181126,12,26,76,2000,26386.337890625,218,-8.08618450164795,2.69999027252197
20181126,18,26,76,2000,26409.658203125,218.199981689453,-10.1507987976074,2.08580565452576
20181127,0,26,76,2000,26384.080078125,217.5,-10.2862577438354,2.9290771484375
20181127,6,26,76,2000,26385.578125,217.899993896484,-11.7099828720093,4.27128410339355
20181127,12,26,76,2000,26333.783203125,216.79997253418,-12.7214326858521,3.03899908065796
20181127,18,26,76,2000,26352.435546875,218.100006103516,-11.8371315002441,-0.398979485034943
20181128,0,26,76,2000,26340.58203125,218.199996948242,-10.0392990112305,1.06234860420227
20181128,6,26,76,2000,26348.16796875,218.300003051758,-11.8394804000854,2.30000615119934
20181128,12,26,76,2000,26309.04296875,217.499969482422,-11.7584018707275,0.800003051757813
20181128,18,26,76,2000,26343.859375,218.899993896484,-12.8410158157349,-1.02914428710938
20181129,0,26,76,2000,26327.685546875,217.899993896484,-10.8656311035156,1.19999384880066
20181129,6,26,76,2000,26340.279296875,218.899993896484,-12.9534301757813,1
20181129,12,26,76,2000,26308.91015625,217.899993896484,-11.8200197219849,-0.0999938994646072
20181129,18,26,76,2000,26342.880859375,218.79997253418,-12.8012638092041,-2.90001225471497
20181130,0,26,76,2000,26344.232421875,219.100006103516,-8.47207069396973,-2.30000615119934
20181130,6,26,76,2000,26362.2265625,219.300003051758,-10.2012023925781,1.09998774528503
20181130,12,26,76,2000,26327.21484375,218.399993896484,-11.435320854187,0.0999877899885178
20181130,18,26,76,2000,26353.626953125,220.699981689453,-10.6966400146484,-3.87808847427368
20181201,0,26,76,2000,26352.7734375,220.5,-5.99776601791382,-2.20001220703125
20181201,6,26,76,2000,26365.79296875,220.5,-6.28117656707764,1.39999389648438
20181201,12,26,76,2000,26322.322265625,218.800003051758,-8.22882652282715,0
20181201,18,26,76,2000,26360.169921875,219.899993896484,-6.20599985122681,-1.70000612735748
20181202,0,26,76,2000,26332.91796875,220,-6.78911113739014,0.129147335886955
20181202,6,26,76,2000,26343.75,220.699996948242,-6.15612316131592,1.02781248092651
20181202,12,26,76,2000,26308.125,220.611663818359,-5.18669176101685,-0.367543935775757
20181202,18,26,76,2000,26339.306640625,220.399993896484,-4.5969090461731,-1.26999020576477
20181203,0,26,76,2000,26316.142578125,220.300003051758,-4.39432859420776,0.0999902337789536
20181203,6,26,76,2000,26337.751953125,220.800003051758,-5.1975269317627,0.980004906654358
20181203,12,26,76,2000,26299.212890625,220.300003051758,-3.65554189682007,-0.39688965678215
20181203,18,26,76,2000,26336.224609375,220.699996948242,-2.56987309455872,0.446079105138779
20181204,0,26,76,2000,26320.322265625,219.5,-3.57141590118408,1.788330078125
20181204,6,26,76,2000,26327.28515625,219.300003051758,-4.55784177780151,3.02365231513977
20181204,12,26,76,2000,26287.994140625,219.800003051758,-5.10439920425415,0.805959463119507
20181204,18,26,76,2000,26331.115234375,220,-3.04051518440247,-1.45166015625
20181205,0,26,76,2000,26327.73828125,219.600006103516,-1.78147220611572,1.03349614143372
20181205,6,26,76,2000,26339.779296875,219.300003051758,-4.40562152862549,3.14939570426941
20181205,12,26,76,2000,26298.8359375,219.099975585938,-6.17572784423828,1.40003657341003
20181205,18,26,76,2000,26339.85546875,220.300003051758,-5.53040456771851,-3.09996938705444
20181206,0,26,76,2000,26335.35546875,220,-2.16045236587524,-0.0999694839119911
20181206,6,26,76,2000,26344.240234375,219.199996948242,-4.45356893539429,2.91004633903503
20181206,12,26,76,2000,26303.92578125,219.504425048828,-7.69232654571533,0.65643310546875
20181206,18,26,76,2000,26342.560546875,220.495559692383,-6.06437397003174,-4.29997539520264
20181207,0,26,76,2000,26333.765625,220.199981689453,-2.76481008529663,-0.699981689453125
20181207,6,26,76,2000,26349.955078125,221.199996948242,-5.40079975128174,1.258056640625
20181207,12,26,76,2000,26313.4921875,220,-6.62546062469482,-2.29999399185181
20181207,18,26,76,2000,26346.244140625,221,-4.85519123077393,-4.95639038085938
20181208,0,26,76,2000,26343.0078125,221.099975585938,-3.42595815658569,-1.89998781681061
20181208,6,26,76,2000,26357.29296875,221.100006103516,-4.01178884506226,0.100018307566643
20181208,12,26,76,2000,26315.498046875,220.899993896484,-5.04931640625,-1.94359743595123
20181208,18,26,76,2000,26358.67578125,222.600006103516,-3.54595804214478,-5.30000019073486
20181209,0,26,76,2000,26353.064453125,222,-0.462658703327179,-1.89998781681061
20181209,6,26,76,2000,26362.5390625,221.199996948242,-3.34019613265991,1.50000607967377
20181209,12,26,76,2000,26331.29296875,220.5,-5.43172454833984,-1.00000607967377
20181209,18,26,76,2000,26357.716796875,222,-4.64477682113647,-2.69998788833618
20181210,0,26,76,2000,26378.13671875,222,-3.21391749382019,-0.0998901352286339
20181210,6,26,76,2000,26396.2890625,221.499969482422,-4.65483093261719,1.89999389648438
20181210,12,26,76,2000,26360.0546875,221,-5.57445669174194,0.600000023841858
20181210,18,26,76,2000,26397.63671875,221.399993896484,-6.76847219467163,-0.800006091594696
20181211,0,26,76,2000,26401.044921875,220.899978637695,-5.18161487579346,0.699987769126892
20181211,6,26,76,2000,26413.80078125,220.899978637695,-7.57539987564087,3.99999380111694
20181211,12,26,76,2000,26376.9921875,219.899993896484,-10.1075687408447,1.99999392032623
20181211,18,26,76,2000,26403.515625,220.699981689453,-9.24624919891357,-1.70000004768372
20181212,0,26,76,2000,26399.494140625,220.699996948242,-6.5330228805542,1.99999392032623
20181212,6,26,76,2000,26410.6875,220.899978637695,-10.8999967575073,3.49999094009399
20181212,12,26,76,2000,26379.517578125,219.5,-9.14645862579346,-1.79998779296875
20181212,18,26,76,2000,26409.6640625,219.399978637695,-9.21149921417236,-0.700006127357483
20181213,0,26,76,2000,26397.33203125,220.800003051758,-10.8062086105347,1.70000612735748
20181213,6,26,76,2000,26431.13671875,220.800003051758,-12.3189640045166,1.10000610351563
20181213,12,26,76,2000,26390.82421875,219.399993896484,-10.2097835540771,-0.300000011920929
20181213,18,26,76,2000,26410.84765625,220.099975585938,-10.5360898971558,1.9013671875
20181214,0,26,76,2000,26400.244140625,219.899993896484,-11.3953151702881,2.60000610351563
20181214,6,26,76,2000,26411.087890625,219.699996948242,-11.1960964202881,2.94917607307434
20181214,12,26,76,2000,26369.720703125,218.699996948242,-10.8001461029053,1.99998784065247
20181214,18,26,76,2000,26390.216796875,219,-11.4311065673828,0.900012195110321
20181215,0,26,76,2000,26381.943359375,219.800003051758,-9.3029203414917,3.29999995231628
20181215,6,26,76,2000,26396.107421875,219.300003051758,-11.6873598098755,4.39999389648438
20181215,12,26,76,2000,26350.53515625,218.599975585938,-8.95444679260254,1.60856318473816
20181215,18,26,76,2000,26368.48828125,220.100006103516,-9.94113445281982,2.99998784065247
20181216,0,26,76,2000,26364.2890625,219.899993896484,-11.6041536331177,2.99998784065247
20181216,6,26,76,2000,26377.2109375,220.600006103516,-10.231201171875,0.503283679485321
20181216,12,26,76,2000,26341.4375,219.5,-8.45864582061768,1.09999084472656
20181216,18,26,76,2000,26367.009765625,220.100006103516,-12.487512588501,0.299993902444839
20181217,0,26,76,2000,26354.52734375,219.802780151367,-11.4906368255615,-0.600000023841858
20181217,6,26,76,2000,26371.97265625,220.5,-13.8516845703125,-1.10000002384186
20181217,12,26,76,2000,26339.970703125,218.699996948242,-12.621808052063,-2.31611323356628
20181217,18,26,76,2000,26369.091796875,220.199996948242,-14.4545106887817,-1.40003657341003
20181218,0,26,76,2000,26374.01953125,219.199996948242,-14.8268795013428,-1.90004885196686
20181218,6,26,76,2000,26389.28515625,219.399993896484,-16.5087947845459,-2.10001230239868
20181218,12,26,76,2000,26349.177734375,218.899993896484,-16.9041996002197,-1.90001833438873
