20180720,0,-40,150,15000,14155.166015625,212.114303588867,6.82111310958862,-4.58683586120605
20180720,6,-40,150,15000,14143.80859375,212.800003051758,10.0883350372314,-5.22499990463257
20180720,12,-40,150,15000,14157.5849609375,213.197219848633,10.7819480895996,-6.05170392990112
20180720,18,-40,150,15000,14163.21484375,213.489990234375,13.9488916397095,-5.90421628952026
20180721,0,-40,150,15000,14165.634765625,214,12.8599996566772,-5.74845218658447
20180721,6,-40,150,15000,14142.541015625,213.817230224609,13.9527835845947,-5.72739267349243
20180721,12,-40,150,15000,14144.0810546875,213.899993896484,10.9399948120117,-3.77108144760132
20180721,18,-40,150,15000,14142.255859375,214.362503051758,8.73444843292236,-3.82246088981628
20180722,0,-40,150,15000,14136.017578125,214.100006103516,4.67273426055908,-5.05816888809204
20180722,6,-40,150,15000,14111.34765625,213.5,3.80805659294128,-7.24939918518066
20180722,12,-40,150,15000,14113.5625,212.724456787109,1.40122067928314,-8.09487819671631
20180722,18,-40,150,15000,14111.98828125,212.485321044922,2.65313482284546,-8.51938438415527
20180723,0,-40,150,15000,14116.3427734375,212.831695556641,1.44938719272614,-11.1585788726807
20180723,6,-40,150,15000,14098.701171875,211.899978637695,0.398056626319885,-12.3523120880127
20180723,12,-40,150,15000,14110.4189453125,211.100006103516,1.69064450263977,-10.8723316192627
20180723,18,-40,150,15000,14123.912109375,210.5,4.83557605743408,-8.52355480194092
20180724,0,-40,150,15000,14124.6015625,212,7.2415599822998,-5.06304216384888
20180724,6,-40,150,15000,14102.0576171875,213.231689453125,6.99265623092651,-5.88512706756592
20180724,12,-40,150,15000,14108.7939453125,212.678070068359,5.48864507675171,-6.21384763717651
20180724,18,-40,150,15000,14105.38671875,212.699996948242,9.53195095062256,-2.05379390716553
20180725,0,-40,150,15000,14091.236328125,214.399993896484,16.7729434967041,-0.557963848114014
20180725,6,-40,150,15000,14066.3828125,216.5,17.7889842987061,-5.0396728515625
20180725,12,-40,150,15000,14094.017578125,215.212814331055,14.585000038147,-5.8480544090271
20180725,18,-40,150,15000,14123.8251953125,214.582763671875,13.2879152297974,-5.45050764083862
20180726,0,-40,150,15000,14142.4111328125,213.06364440918,10.7466945648193,-4.07532453536987
20180726,6,-40,150,15000,14139.33203125,212.5,13.1880960464478,-5.50270986557007
20180726,12,-40,150,15000,14159.224609375,211.429153442383,10.4940671920776,-8.47627449035645
20180726,18,-40,150,15000,14190.7958984375,210.158813476563,7.79224872589111,-12.1111621856689
20180727,0,-40,150,15000,14219.17578125,208.624465942383,6.53389167785645,-9.44967555999756
20180727,6,-40,150,15000,14206.947265625,208.100006103516,9.53341770172119,-6.3185715675354
20180727,12,-40,150,15000,14219.1611328125,208,12.0241556167603,-3.24105477333069
20180727,18,-40,150,15000,14224.1259765625,207.988571166992,10.8847217559814,-2.09686279296875
20180728,0,-40,150,15000,14214.4677734375,209.214691162109,12.584716796875,-1.16971433162689
20180728,6,-40,150,15000,14184.705078125,210.685302734375,13.0402908325195,-7.24800300598145
20180728,12,-40,150,15000,14195.6103515625,210.300003051758,8.20901393890381,-6.39383792877197
20180728,18,-40,150,15000,14206.4326171875,209,5.7955493927002,-5.54184579849243
20180729,0,-40,150,15000,14208.9541015625,208.600006103516,6.07974100112915,-4.46126937866211
20180729,6,-40,150,15000,14185.7099609375,208.868316650391,7.0908374786377,-4.58847427368164
20180729,12,-40,150,15000,14189.01953125,209.599975585938,4.79000997543335,-2.65692138671875
20180729,18,-40,150,15000,14187.5947265625,210.79997253418,5.25224590301514,-2.31650137901306
20180730,0,-40,150,15000,14186.580078125,211.29997253418,4.7464451789856,-3.86515617370605
20180730,6,-40,150,15000,14161.85546875,211.399993896484,4.99359369277954,-5.55470705032349
20180730,12,-40,150,15000,14166.7197265625,211.699996948242,5.19329118728638,-3.69906973838806
20180730,18,-40,150,15000,14176.755859375,211.800003051758,5.89610862731934,-3.66922354698181
20180731,0,-40,150,15000,14180.8466796875,212.548919677734,4.25000476837158,-1.46006107330322
20180731,6,-40,150,15000,14156.4873046875,212.5,5.19365739822388,0.491367191076279
20180731,12,-40,150,15000,14164.0185546875,213.5,6.50001955032349,-1.41119146347046
20180731,18,-40,150,15000,14163.46484375,213.699996948242,8.04268550872803,-2.30320310592651
20180801,0,-40,150,15000,14161.794921875,213.561447143555,8.29004859924316,-2.38559079170227
20180801,6,-40,150,15000,14132.6220703125,213.600006103516,7.14249992370605,0.118237301707268
20180801,12,-40,150,15000,14136.2421875,213.100006103516,9.83676242828369,1.47683596611023
20180801,18,-40,150,15000,14120.8779296875,212.699981689453,14.1257419586182,2.92219233512878
20180802,0,-40,150,15000,14110.26953125,212.699996948242,13.4394779205322,5.87525129318237
20180802,6,-40,150,15000,14073.2470703125,211.699996948242,14.9316844940186,9.57941913604736
20180802,12,-40,150,15000,14081.896484375,212.100006103516,13.1872777938843,9.61763191223145
20180802,18,-40,150,15000,14083.115234375,213.199996948242,6.84097146987915,11.2954568862915
20180803,0,-40,150,15000,14101.2900390625,215,4.49223375320435,12.4580326080322
20180803,6,-40,150,15000,14098.27734375,215.600006103516,1.18999516963959,10.7373342514038
20180803,12,-40,150,15000,14135.6611328125,216.199996948242,1.84600591659546,11.0140209197998
20180803,18,-40,150,15000,14163.1884765625,216.300003051758,1.08916997909546,9.20345211029053
20180804,0,-40,150,15000,14179.0537109375,216.5,0.787172853946686,9.63003158569336
20180804,6,-40,150,15000,14173.400390625,215.899993896484,4.2377781867981,12.3001022338867
20180804,12,-40,150,15000,14198.27734375,215.5,4.98833513259888,12.3461055755615
20180804,18,-40,150,15000,14210.6962890625,215.600006103516,3.98000478744507,12.0265769958496
20180805,0,-40,150,15000,14212.3671875,215.5,4.73461437225342,12.4662256240845
20180805,6,-40,150,15000,14193.5,215.199996948242,6.38000965118408,14.0373220443726
20180805,12,-40,150,15000,14199.23828125,215.607467651367,7.03780746459961,15.287483215332
20180805,18,-40,150,15000,14189.68359375,216.699981689453,10.1589260101318,13.6258497238159
20180806,0,-40,150,15000,14181.8408203125,216.906982421875,13.7100095748901,9.5252046585083
20180806,6,-40,150,15000,14154.6962890625,216.399993896484,15.0600004196167,6.65469980239868
20180806,12,-40,150,15000,14156.5087890625,215.414260864258,14.4000291824341,6.61002683639526
20180806,18,-40,150,15000,14152.7177734375,215.100006103516,17.1666507720947,6.08622074127197
20180807,0,-40,150,15000,14144.0673828125,214.921920776367,16.0605373382568,4.43392324447632
20180807,6,-40,150,15000,14103.3916015625,214.699996948242,15.495810508728,4.0636305809021
20180807,12,-40,150,15000,14089.232421875,214.899993896484,12.254997253418,1.18996095657349
20180807,18,-40,150,15000,14086.458984375,213.399993896484,9.41412830352783,-3.73867917060852
20180808,0,-40,150,15000,14085.3447265625,212.266693115234,10.9600076675415,-6.8105149269104
20180808,6,-40,150,15000,14065.73046875,211,12.3299951553345,-9.66109657287598
20180808,12,-40,150,15000,14080.7138671875,210.399978637695,12.542724609375,-8.80339813232422
20180808,18,-40,150,15000,14091.9921875,209.599975585938,12.0485544204712,-8.67664051055908
20180809,0,-40,150,15000,14101.2763671875,209.800247192383,10.1516752243042,-7.87877464294434
20180809,6,-40,150,15000,14084.24609375,210.100006103516,10.8944482803345,-8.06669235229492
20180809,12,-40,150,15000,14101.66015625,210.800003051758,9.87435531616211,-8.40585231781006
20180809,18,-40,150,15000,14116.85546875,211.006988525391,7.9747314453125,-6.03105449676514
20180810,0,-40,150,15000,14128.73046875,210.800003051758,7.76179695129395,-4.75996589660645
20180810,6,-40,150,15000,14110.9638671875,211.300003051758,6.6922755241394,-3.67707753181458
20180810,12,-40,150,15000,14126.29296875,212.436370849609,6.643798828125,-1.68520021438599
20180810,18,-40,150,15000,14134.8583984375,212.5,5.54768085479736,-1.46394038200378
20180811,0,-40,150,15000,14149.4423828125,212.800003051758,2.88995599746704,-2.8132860660553
20180811,6,-40,150,15000,14139.0810546875,212.5,-0.397490233182907,-3.28968024253845
20180811,12,-40,150,15000,14152.232421875,212,-3.22842288017273,-1.75958740711212
20180811,18,-40,150,15000,14160.5185546875,211.587203979492,-4.8232421875,-2.26165771484375
20180812,0,-40,150,15000,14160.8662109375,211.118316650391,-6.87350606918335,-0.879702150821686
20180812,6,-40,150,15000,14133.638671875,210.876419067383,-6.57999992370605,1.04015874862671
20180812,12,-40,150,15000,14136.1279296875,211.699996948242,-4.6280517578125,2.7483594417572
20180812,18,-40,150,15000,14128.365234375,211.999969482422,-2.52999520301819,3.69261240959167
20180813,0,-40,150,15000,14118.650390625,212.868316650391,-0.108642578125,5.10629892349243
20180813,6,-40,150,15000,14084.8935546875,213.199996948242,-0.00841796863824129,6.6690526008606
20180813,12,-40,150,15000,14082.94140625,214.29997253418,0.696674823760986,6.59210205078125
20180813,18,-40,150,15000,14073.2587890625,215,2.39664053916931,6.28466320037842
20180814,0,-40,150,15000,14074.03125,215.699996948242,5.20963382720947,5.03359365463257
20180814,6,-40,150,15000,14061.9599609375,215.899993896484,7.84612321853638,5.75674295425415
20180814,12,-40,150,15000,14085.95703125,215.899993896484,10.1596193313599,6.30999517440796
20180814,18,-40,150,15000,14103.3212890625,215.79997253418,13.1471290588379,5.73215341567993
20180815,0,-40,150,15000,14116.7685546875,215.263381958008,14.5643653869629,4.60940408706665
20180815,6,-40,150,15000,14103.5361328125,214.29997253418,17.262279510498,2.88104248046875
20180815,12,-40,150,15000,14127.072265625,212.5,16.9012203216553,0.3337182700634
20180815,18,-40,150,15000,14145.51171875,212.399993896484,14.25,-0.913061499595642
20180816,0,-40,150,15000,14161.8740234375,211.600006103516,12.75,-4.08328104019165
20180816,6,-40,150,15000,14148.4951171875,210.939788818359,10.2148780822754,-5.74242925643921
20180816,12,-40,150,15000,14162.1640625,210.199996948242,6.35462379455566,-5.42634534835815
20180816,18,-40,150,15000,14171.1259765625,209.699996948242,5.06333494186401,-4.04656744003296
20180817,0,-40,150,15000,14169.25390625,208.661087036133,4.1500096321106,-3.6049120426178
20180817,6,-40,150,15000,14143.150390625,208.5,3.7000048160553,-2.46533679962158
20180817,12,-40,150,15000,14145.4736328125,208.899993896484,1.85000002384186,-2.25545406341553
20180817,18,-40,150,15000,14135.9423828125,208.829147338867,1.80445063114166,-0.866186499595642
20180818,0,-40,150,15000,14131.65625,209.5,2.54919910430908,-0.488000482320786
20180818,6,-40,150,15000,14103.07421875,209.699996948242,3.2475049495697,-0.811716318130493
20180818,12,-40,150,15000,14117.7099609375,209.800003051758,3.2475049495697,-1.98091554641724
20180818,18,-40,150,15000,14123.3447265625,209.599761962891,1.35390138626099,-3.42610096931458
20180819,0,-40,150,15000,14130.0791015625,209.799758911133,2.69361805915833,-4.50603008270264
20180819,6,-40,150,15000,14108.9013671875,210.300003051758,0.902885735034943,-1.82110595703125
20180819,12,-40,150,15000,14123.28515625,210.899749755859,2.40000486373901,2.05547118186951
20180819,18,-40,150,15000,14126.298828125,211.899993896484,6.79813957214355,1.59364259243011
20180820,0,-40,150,15000,14122.8740234375,212.507476806641,5.69524431228638,-2.0767650604248
20180820,6,-40,150,15000,14104.46484375,213,2.64467287063599,-4.06803703308105
20180820,12,-40,150,15000,14118.98828125,211.199981689453,1.8955956697464,-5.34510517120361
20180820,18,-40,150,15000,14127.1201171875,210.5,1.79000973701477,-6.32767105102539
20180821,0,-40,150,15000,14129.8486328125,209.699996948242,3.14110851287842,-4.92558574676514
20180821,6,-40,150,15000,14099.0927734375,210.699996948242,10.0880861282349,-4.49406242370605
20180821,12,-40,150,15000,14088.58203125,214.399993896484,10.3908348083496,-2.27478504180908
20180821,18,-40,150,15000,14075.5537109375,215.70002746582,9.1999979019165,-4.41841793060303
20180822,0,-40,150,15000,14070.3974609375,215.736373901367,4.55000495910645,-10.0631761550903
20180822,6,-40,150,15000,14049.58203125,214.636383056641,0.949999988079071,-11.5467672348022
20180822,12,-40,150,15000,14066.9599609375,213.399993896484,-2.24439930915833,-10.9159517288208
20180822,18,-40,150,15000,14088.837890625,211.970855712891,-4.7047119140625,-12.2055473327637
20180823,0,-40,150,15000,14115.2021484375,211.800003051758,-7.71022939682007,-16.2113418579102
20180823,6,-40,150,15000,14110.3291015625,212.51335144043,-7.49796867370605,-13.7459297180176
20180823,12,-40,150,15000,14134.7490234375,212.078079223633,-8.69998550415039,-11.7761793136597
20180823,18,-40,150,15000,14155.2099609375,211.600006103516,-8.09888172149658,-11.1079568862915
20180824,0,-40,150,15000,14168.0166015625,211.79997253418,-9.39999008178711,-8.31173133850098
20180824,6,-40,150,15000,14163.4111328125,211.600006103516,-7.84222650527954,-7.96750974655151
20180824,12,-40,150,15000,14179.3974609375,211.300003051758,-7.50330066680908,-5.9025731086731
20180824,18,-40,150,15000,14195.603515625,210.800003051758,-5.3618311882019,-5.35613298416138
20180825,0,-40,150,15000,14206.21875,210.5,-3.30730962753296,-3.64586424827576
20180825,6,-40,150,15000,14184.9365234375,210.29997253418,-0.307763665914536,-3.75837397575378
20180825,12,-40,150,15000,14187.052734375,210.600006103516,-0.00834960956126451,-2.49298095703125
20180825,18,-40,150,15000,14173.3623046875,210.300003051758,2.48527836799622,-0.979357898235321
20180826,0,-40,150,15000,14164.4765625,210.699996948242,3.23944330215454,-1.43301999568939
20180826,6,-40,150,15000,14129.15234375,210.699996948242,3.93889164924622,-1.41288816928864
20180826,12,-40,150,15000,14123.25390625,211.106979370117,4.43246078491211,0.825842261314392
20180826,18,-40,150,15000,14107.005859375,210.399993896484,4.93112325668335,-0.156379401683807
20180827,0,-40,150,15000,14088.1484375,211.899993896484,4.89230966567993,1.53397953510284
20180827,6,-40,150,15000,14049.912109375,211.999969482422,6.30000972747803,1.29976069927216
20180827,12,-40,150,15000,14047.880859375,212.514694213867,6.99528789520264,0.972658693790436
20180827,18,-40,150,15000,14047.77734375,213.100006103516,8.28805637359619,1.2181738615036
20180828,0,-40,150,15000,14045.65625,212.999969482422,9.63553714752197,-2.40918445587158
20180828,6,-40,150,15000,14036.6796875,213,6.84853982925415,-4.76138687133789
20180828,12,-40,150,15000,14067.3837890625,211.199996948242,3.34999752044678,-6.49439716339111
20180828,18,-40,150,15000,14092.583984375,209.399993896484,-0.0150268552824855,-4.68355226516724
20180829,0,-40,150,15000,14106.3583984375,208.29997253418,0.279904782772064,-0.283415526151657
20180829,6,-40,150,15000,14097.7314453125,209.539398193359,2.03392100334167,3.49697518348694
20180829,12,-40,150,15000,14103.986328125,210,0.389672845602036,4.1314845085144
20180829,18,-40,150,15000,14102.1728515625,212.199996948242,2.47079110145569,7.35513687133789
20180830,0,-40,150,15000,14098.0478515625,213.899993896484,8.16464805603027,4.56081533432007
20180830,6,-40,150,15000,14080.96875,214.29997253418,9.10671615600586,0.841574728488922
20180830,12,-40,150,15000,14093.11328125,214.482757568359,7.8663477897644,-0.889187037944794
20180830,18,-40,150,15000,14103.5654296875,214.79997253418,7.57000017166138,-3.2542040348053
20180831,0,-40,150,15000,14126.1162109375,214.087936401367,0.430002450942993,-9.32604026794434
20180831,6,-40,150,15000,14122.505859375,212.359222412109,-6.71444845199585,-10.4348363876343
20180831,12,-40,150,15000,14145.701171875,210.711181640625,-7.98337888717651,-10.4595365524292
20180831,18,-40,150,15000,14160.3583984375,210.920944213867,-3.69794917106628,-10.0335645675659
20180901,0,-40,150,15000,14162.2021484375,210.499969482422,-1.83722162246704,-9.77554416656494
20180901,6,-40,150,15000,14140.33203125,210.399993896484,0.159999996423721,-6.58218765258789
20180901,12,-40,150,15000,14141.4609375,210.300003051758,4.46000957489014,-2.74890613555908
20180901,18,-40,150,15000,14133.697265625,210.699996948242,11.2022218704224,-2.79830074310303
20180902,0,-40,150,15000,14121.3046875,211.600006103516,15.8394632339478,0.437687993049622
20180902,6,-40,150,15000,14090.3095703125,211.899993896484,19.5919094085693,2.18182134628296
20180902,12,-40,150,15000,14089.2021484375,213,23.6955509185791,2.84903311729431
20180902,18,-40,150,15000,14078.447265625,213.100006103516,21.640625,2.3443603515625
20180903,0,-40,150,15000,14066.427734375,214.100006103516,16.6704788208008,0.305043935775757
20180903,6,-40,150,15000,14035.6240234375,214.199996948242,13.2600021362305,-1.14127683639526
20180903,12,-40,150,15000,14029.0224609375,214.100006103516,9.15664100646973,-2.93520259857178
20180903,18,-40,150,15000,14022.01171875,213.899993896484,7.14445066452026,-4.86165285110474
20180904,0,-40,150,15000,14014.34375,214,5.2021656036377,-6.38969469070435
20180904,6,-40,150,15000,13990.9873046875,212.999969482422,5.19486808776855,-8.89574909210205
20180904,12,-40,150,15000,13996.6708984375,213.100006103516,5.94917488098145,-7.82877206802368
20180904,18,-40,150,15000,13997.58984375,212.099975585938,7.89335441589355,-8.3318042755127
20180905,0,-40,150,15000,13997.98046875,212.199996948242,7.50186014175415,-8.25583457946777
20180905,6,-40,150,15000,13983.619140625,211.5,7.1049656867981,-8.31334018707275
20180905,12,-40,150,15000,13999.9853515625,211.199996948242,5.35343265533447,-8.40505886077881
20180905,18,-40,150,15000,14007.96875,210.5,6.49750995635986,-9.19245147705078
20180906,0,-40,150,15000,14010.92578125,210.000045776367,6.09000968933105,-10.157919883728
20180906,6,-40,150,15000,13995.4951171875,209.699996948242,9.4400053024292,-7.64035892486572
20180906,12,-40,150,15000,13998.7763671875,210.119430541992,10.6411399841309,-7.83908224105835
20180906,18,-40,150,15000,13989.9365234375,211.600006103516,13.7444772720337,-8.00445079803467
20180907,0,-40,150,15000,13989.0234375,212.094207763672,6.00112295150757,-13.8381814956665
20180907,6,-40,150,15000,13992.333984375,209.800003051758,-7.19874000549316,-21.8065700531006
20180907,12,-40,150,15000,14041.138671875,206.800003051758,-8.56917476654053,-25.6705570220947
20180907,18,-40,150,15000,14070.205078125,206.699996948242,-3.22832036018372,-18.732593536377
20180908,0,-40,150,15000,14091.9228515625,207.599975585938,-1.15831053256989,-15.1946439743042
20180908,6,-40,150,15000,14086.5390625,206.199996948242,1.12000977993011,-13.9739990234375
20180908,12,-40,150,15000,14111.5986328125,205.399978637695,3.22112059593201,-11.1100120544434
20180908,18,-40,150,15000,14129.2724609375,204.699981689453,5.57251453399658,-7.51921653747559
20180909,0,-40,150,15000,14147.25390625,205.099975585938,5.57681131362915,-7.12860584259033
20180909,6,-40,150,15000,14138.537109375,204.699996948242,6.52366209030151,-4.8631591796875
20180909,12,-40,150,15000,14158.8564453125,204.600006103516,4.58103275299072,-0.787268042564392
20180909,18,-40,150,15000,14167.9990234375,204.699996948242,6.22002220153809,2.15795421600342
20180910,0,-40,150,15000,14167.755859375,204.5,4.72001457214355,4.14664554595947
20180910,6,-40,150,15000,14150.83984375,205.161087036133,4.71778059005737,5.71381568908691
20180910,12,-40,150,15000,14157.6064453125,205.399993896484,4.22099876403809,9.11347675323486
20180910,18,-40,150,15000,14146.818359375,205.399993896484,5.57601547241211,8.53106689453125
20180911,0,-40,150,15000,14135.09375,206.338912963867,5.93002462387085,6.70257568359375
20180911,6,-40,150,15000,14101.3125,206.199996948242,6.3280177116394,8.96164035797119
20180911,12,-40,150,15000,14096.6533203125,206.699996948242,6.0300145149231,10.2203006744385
20180911,18,-40,150,15000,14072.3798828125,207.727737426758,7.98056650161743,11.7465114593506
20180912,0,-40,150,15000,14057.2724609375,209.546600341797,6.47528791427612,13.4975395202637
20180912,6,-40,150,15000,14030.23046875,210.391021728516,4.47528553009033,12.8388671875
20180912,12,-40,150,15000,14029.1875,211.746139526367,1.82770991325378,9.97372817993164
20180912,18,-40,150,15000,14015.947265625,213.127532958984,2.99423575401306,2.63664793968201
20180913,0,-40,150,15000,14020.3203125,213.731689453125,12.1960964202881,3.4322509765625
20180913,6,-40,150,15000,13998.576171875,211.921920776367,15.0057811737061,5.12643575668335
20180913,12,-40,150,15000,14013.3134765625,211.099975585938,17.4236621856689,7.49992656707764
20180913,18,-40,150,15000,14016.6533203125,210.100006103516,26.0095634460449,15.1044826507568
20180914,12,-40,150,15000,14047.6533203125,208.702484130859,23.9949855804443,11.8859720230103
20180914,18,-40,150,15000,14059.4013671875,208.5,28.1741485595703,14.6808252334595
20180915,0,-40,150,15000,14068.619140625,209.399993896484,28.8500118255615,13.362419128418
20180915,6,-40,150,15000,14046.4638671875,211.100006103516,25.327033996582,12.1645650863647
20180915,12,-40,150,15000,14069.8115234375,211.999969482422,21.5241928100586,5.36296653747559
20180915,18,-40,150,15000,14091.4521484375,211.031692504883,20.5099105834961,6.97369384765625
20180916,0,-40,150,15000,14093.3486328125,211.885284423828,20.4425849914551,6.38408946990967
20180916,12,-40,150,15000,14045.96875,213.438919067383,22.3026103973389,9.7625093460083
20180916,18,-40,150,15000,14040.5703125,214.699996948242,24.5336990356445,3.85274910926819
20180917,0,-40,150,15000,14036.6748046875,213.800003051758,18.490837097168,-1.07215571403503
20180917,6,-40,150,15000,14002.19921875,213.199996948242,17.6475143432617,1.54219484329224
20180917,12,-40,150,15000,13978.2802734375,213.899993896484,19.023509979248,1.98929929733276
20180917,18,-40,150,15000,13959.0654296875,213.79997253418,25.3040523529053,0.318413078784943
20180918,0,-40,150,15000,13946.7177734375,213.499969482422,23.4291305541992,-6.08617925643921
20180918,6,-40,150,15000,13942.3779296875,211.600006103516,16.6637725830078,-9.05723857879639
20180918,12,-40,150,15000,13968.9150390625,210.800003051758,13.1732492446899,-9.82544231414795
20180918,18,-40,150,15000,13989.0908203125,210.600006103516,14.3759031295776,-6.68747091293335
20180919,0,-40,150,15000,14005.8408203125,210.536346435547,14.0855541229248,-5.2546215057373
20180919,6,-40,150,15000,14010.32421875,210.600006103516,13.2265501022339,-7.5113205909729
20180919,12,-40,150,15000,14047.3212890625,211.320159912109,12.8231449127197,-11.042311668396
20180919,18,-40,150,15000,14076.10546875,209.203216552734,14.9597311019897,-12.5274295806885
20180920,0,-40,150,15000,14094.7841796875,209.25505065918,17.454984664917,-10.7357492446899
20180920,6,-40,150,15000,14092.3447265625,208.399993896484,15.3696928024292,-7.74813222885132
20180920,12,-40,150,15000,14114.0966796875,208.100021362305,14.8183517456055,-3.38790535926819
20180920,18,-40,150,15000,14120.7451171875,207.800003051758,15.2396507263184,0.486269533634186
20180921,0,-40,150,15000,14117.3798828125,207.5,13.5983324050903,2.40508055686951
20180921,6,-40,150,15000,14100.1328125,208.124465942383,11.6307954788208,3.22113275527954
20180921,12,-40,150,15000,14100.0888671875,208.118896484375,7.98321294784546,7.95113039016724
20180921,18,-40,150,15000,14086.4462890625,208.300003051758,11.3358516693115,11.663290977478
20180922,0,-40,150,15000,14068.794921875,208.924468994141,4.5774998664856,15.1571779251099
20180922,6,-40,150,15000,14046.166015625,209.378082275391,5.19455099105835,17.8824462890625
20180922,12,-40,150,15000,14052.955078125,210.600006103516,7.72920894622803,11.4609794616699
20180922,18,-40,150,15000,14063.3095703125,211.199996948242,5.29421138763428,7.02017831802368
20180923,0,-40,150,15000,14085.12890625,212,6.11812973022461,3.40549063682556
20180923,6,-40,150,15000,14077.6337890625,211.600006103516,4.18706321716309,0.609807133674622
20180923,12,-40,150,15000,14096.9052734375,211.600006103516,2.912109375,1.15413820743561
20180923,18,-40,150,15000,14101.3427734375,211.399993896484,5.11068344116211,0.672089815139771
20180924,0,-40,150,15000,14106.3134765625,211.899993896484,4.8769383430481,-2.35650396347046
20180924,6,-40,150,15000,14088.6591796875,212,1.36963617801666,-0.961711406707764
20180924,12,-40,150,15000,14099.0908203125,212.199996948242,0.0232519526034594,1.52159178256989
20180924,18,-40,150,15000,14091.1923828125,212.089996337891,-1.19916260242462,-1.01476562023163
20180925,0,-40,150,15000,14079.669921875,212.208160400391,-4.2910327911377,0.808837890625
20180925,6,-40,150,15000,14047.6513671875,212.399993896484,-2.8540210723877,2.22279047966003
20180925,12,-40,150,15000,14032.3623046875,213,-2.03479981422424,6.31871318817139
20180925,18,-40,150,15000,14010.6376953125,213.699996948242,1.77412104606628,5.17273426055908
20180926,0,-40,150,15000,13997.4384765625,215,0.070063479244709,5.59478044509888
20180926,6,-40,150,15000,13972.681640625,214.69563293457,2.45396971702576,5.14940929412842
20180926,12,-40,150,15000,13983.3359375,214.485641479492,0.0982153341174126,4.70810556411743
20180926,18,-40,150,15000,14002.802734375,213.058029174805,2.80416512489319,3.19724130630493
20180927,0,-40,150,15000,14024.791015625,212.106246948242,0.418071299791336,3.170654296875
20180927,6,-40,150,15000,14029.349609375,209.800003051758,-1.61037111282349,4.5367603302002
20180927,12,-40,150,15000,14050.263671875,208.199981689453,-1.35746586322784,9.15884304046631
20180927,18,-40,150,15000,14063.177734375,209.600006103516,0.972893059253693,9.36863327026367
20180928,0,-40,150,15000,14066.09765625,210.199996948242,0.3697290122509,8.10676288604736
20180928,6,-40,150,15000,14047.8388671875,210.899993896484,-0.399428725242615,6.68767595291138
20180928,12,-40,150,15000,14041.037109375,211.699996948242,1.69178462028503,5.27153301239014
20180928,18,-40,150,15000,14028.458984375,211.699981689453,3.65778803825378,1.34801757335663
20180929,0,-40,150,15000,14012.9716796875,212.5,3.08531737327576,-3.5675048828125
20180929,6,-40,150,15000,13989.62109375,211.800003051758,2.43197989463806,-7.13721942901611
20180929,12,-40,150,15000,13987.794921875,212.800003051758,-0.864611804485321,-10.9245824813843
20180929,18,-40,150,15000,13985.3740234375,212.995559692383,-6.34302234649658,-13.174690246582
20180930,0,-40,150,15000,13983.8095703125,212.5,-7.0350193977356,-16.1180095672607
20180930,6,-40,150,15000,13967.9248046875,211.959442138672,-10.4374952316284,-15.1778125762939
20180930,12,-40,150,15000,13976.9599609375,211.79997253418,-13.3804931640625,-14.2282638549805
20180930,18,-40,150,15000,13971.8701171875,212.899978637695,-13.5326175689697,-11.0918846130371
20181001,0,-40,150,15000,13967.2138671875,213.800003051758,-12.6386280059814,-5.60662603378296
20181001,6,-40,150,15000,13947.4560546875,213.100006103516,-11.3966484069824,-3.05877923965454
20181001,12,-40,150,15000,13956.02734375,212.79997253418,-11.2366428375244,-1.60015261173248
20181001,18,-40,150,15000,13953.9921875,213.399993896484,-8.35812377929688,2.04752206802368
20181002,0,-40,150,15000,13947.744140625,213.399993896484,-6.5220799446106,2.12346196174622
20181002,6,-40,150,15000,13918.63671875,213.399993896484,-5.1907639503479,0.794262707233429
20181002,12,-40,150,15000,13919.138671875,213.638916015625,-3.63739013671875,2.90640139579773
20181002,18,-40,150,15000,13907.392578125,214,1.10664546489716,0.650498032569885
20181003,0,-40,150,15000,13907.66796875,214.144088745117,2.06101322174072,-1.8072851896286
20181003,6,-40,150,15000,13890.130859375,213.800003051758,5.1086106300354,-3.38267087936401
20181003,12,-40,150,15000,13901.3310546875,214.199996948242,6.31056880950928,-3.7882080078125
20181003,18,-40,150,15000,13901.4501953125,214.438919067383,9.25056648254395,-4.21501731872559
20181004,0,-40,150,15000,13907.697265625,214.121917724609,11.2494506835938,-8.02498531341553
20181004,6,-40,150,15000,13889.521484375,214.300003051758,13.9499216079712,-6.20832014083862
20181004,12,-40,150,15000,13882.1640625,214.214691162109,14.0894556045532,-4.77836894989014
20181004,18,-40,150,15000,13869.4990234375,212.207473754883,14.6053295135498,-10.2816476821899
20181005,0,-40,150,15000,13859.791015625,211.646148681641,18.3971004486084,-9.20889377593994
20181005,6,-40,150,15000,13809.2890625,214.100006103516,14.2428684234619,-12.191780090332
20181005,12,-40,150,15000,13829.537109375,212.199981689453,0.349743664264679,-20.6408519744873
20181005,18,-40,150,15000,13872.41796875,207.600006103516,-9.12334251403809,-23.8634834289551
20181006,0,-40,150,15000,13919.96875,205.300003051758,-8.57062244415283,-21.2003593444824
20181006,6,-40,150,15000,13940.00390625,205.253875732422,-8.26291751861572,-15.0337209701538
20181006,12,-40,150,15000,13969.947265625,206.100006103516,-3.31872797012329,-14.8812398910522
20181006,18,-40,150,15000,13975.451171875,207.548919677734,2.14302968978882,-13.1524314880371
20181007,0,-40,150,15000,13982.1103515625,209.478073120117,-0.935015857219696,-12.9517765045166
20181007,6,-40,150,15000,13974.884765625,209.821929931641,0.71407163143158,-11.3278932571411
20181007,12,-40,150,15000,13982.291015625,209.899993896484,2.21532297134399,-10.393536567688
20181007,18,-40,150,15000,13993.837890625,210.521896362305,2.74969935417175,-15.4849729537964
20181008,0,-40,150,15000,14008.6748046875,211.399993896484,3.28561282157898,-15.4424018859863
20181008,6,-40,150,15000,14003.23046875,210.999969482422,3.0914843082428,-15.0616989135742
20181008,12,-40,150,15000,14024.837890625,210.800003051758,7.21257829666138,-7.79191875457764
20181008,18,-40,150,15000,14015.177734375,210,12.3509378433228,-3.89786624908447
20181009,0,-40,150,15000,13999.4697265625,209.099761962891,18.6095085144043,-1.31164062023163
20181009,6,-40,150,15000,13928.89453125,209.800003051758,22.7274780273438,3.37322759628296
20181009,12,-40,150,15000,13863.1103515625,213.399978637695,33.4575576782227,9.24552249908447
20181009,18,-40,150,15000,13761.46875,216.307464599609,37.199951171875,5.20901870727539
20181010,0,-40,150,15000,13686.4296875,217.338897705078,35.8252639770508,-2.86381840705872
20181010,6,-40,150,15000,13649.7412109375,214.600006103516,36.8063735961914,-18.2237663269043
20181010,12,-40,150,15000,13674.8564453125,211.600006103516,43.8433303833008,-23.6142349243164
20181010,18,-40,150,15000,13718.630859375,209.899993896484,46.2814407348633,-19.787202835083
20181011,0,-40,150,15000,13761.162109375,208.106979370117,43.640193939209,-13.1260080337524
20181011,6,-40,150,15000,13765.0654296875,205.899993896484,46.1252136230469,-8.59801769256592
20181011,12,-40,150,15000,13774.1259765625,205.5,46.9400825500488,0.883476555347443
20181011,18,-40,150,15000,13774.3701171875,207.999969482422,49.9406700134277,7.15214824676514
20181012,0,-40,150,15000,13769.6708984375,209.79997253418,53.2033805847168,9.10205554962158
20181012,6,-40,150,15000,13770.7958984375,212.100006103516,51.0365142822266,4.65122079849243
20181012,12,-40,150,15000,13802.0009765625,214.199996948242,48.4334373474121,-3.31916499137878
20181012,18,-40,150,15000,13864.3603515625,214.100006103516,46.9984016418457,-13.170371055603
20181013,0,-40,150,15000,13940.99609375,212.399749755859,42.8014450073242,-14.0760688781738
20181013,6,-40,150,15000,14019.7275390625,208.44612121582,39.5779838562012,-27.409049987793
20181013,12,-40,150,15000,14109.84375,205.800003051758,29.3117446899414,-24.1173038482666
20181013,18,-40,150,15000,14167.3203125,206.300003051758,17.7161750793457,-12.6766061782837
20181014,0,-40,150,15000,14184.4091796875,206.899993896484,17.0145454406738,-2.58287119865417
20181014,6,-40,150,15000,14181.837890625,206.800003051758,20.1687622070313,1.02446293830872
20181014,12,-40,150,15000,14182.7109375,206.300003051758,20.9285087585449,-2.13137698173523
20181014,18,-40,150,15000,14174.22265625,206.399993896484,16.8974094390869,3.39668941497803
20181015,0,-40,150,15000,14158.63671875,207.100006103516,17.1188697814941,9.13554191589355
20181015,6,-40,150,15000,14121.0849609375,207.600006103516,20.7782535552979,14.515625
20181015,12,-40,150,15000,14098.6611328125,208.017242431641,24.5445728302002,16.4155120849609
20181015,18,-40,150,15000,14070.8525390625,207.300003051758,27.3504791259766,14.8511381149292
20181016,0,-40,150,15000,14049.8623046875,207.899993896484,29.4953155517578,14.2158641815186
20181016,6,-40,150,15000,14019.0966796875,208.699981689453,30.6644973754883,12.8571920394897
20181016,12,-40,150,15000,14026.71875,209.699996948242,28.213659286499,7.59580087661743
20181016,18,-40,150,15000,14030.541015625,210.100006103516,27.6583480834961,4.90442848205566
20181017,0,-40,150,15000,14033.0986328125,210.100006103516,24.4214820861816,2.08712410926819
20181017,6,-40,150,15000,14027.8837890625,210.206985473633,22.5330791473389,-0.585961937904358
20181017,12,-40,150,15000,14041.4609375,210.999969482422,17.1535701751709,-5.09455585479736
20181017,18,-40,150,15000,14061.474609375,210.232131958008,15.2015962600708,-8.42068576812744
20181018,0,-40,150,15000,14073.4248046875,210.036376953125,15.0010986328125,-8.33398723602295
20181018,6,-40,150,15000,14060.09375,208.600006103516,14.5683422088623,-9.49503135681152
20181018,12,-40,150,15000,14078.6708984375,208.199996948242,7.87252187728882,-10.2642869949341
20181018,18,-40,150,15000,14087.583984375,207.100006103516,4.26875257492065,-10.5814113616943
20181019,0,-40,150,15000,14102.64453125,206.899993896484,2.36953115463257,-8.63582038879395
20181019,6,-40,150,15000,14085.927734375,206.899993896484,-3.51472663879395,-3.07340335845947
20181019,18,-40,150,15000,14066.9111328125,207.396530151367,0.770573735237122,11.7195358276367
20181020,0,-40,150,15000,14048.583984375,206.199996948242,0.873286128044128,10.1013669967651
20181020,6,-40,150,15000,14027.8408203125,205.899993896484,-0.459384769201279,11.5468702316284
20181020,12,-40,150,15000,14035.9150390625,205.800003051758,1.13137447834015,14.3688993453979
20181020,18,-40,150,15000,14032.400390625,204.399978637695,7.52129650115967,7.6959228515625
20181021,0,-40,150,15000,14024.5322265625,205,7.83068132400513,2.43993663787842
20181021,6,-40,150,15000,13999.09375,205.300003051758,9.08056354522705,-0.954694807529449
20181021,12,-40,150,15000,13988.8271484375,206.638916015625,13.8829221725464,-2.9518871307373
20181021,18,-40,150,15000,13956.16796875,210,11.308801651001,-9.05100059509277
20181022,0,-40,150,15000,13938.9189453125,211.800003051758,0.310002446174622,-13.5226249694824
20181022,6,-40,150,15000,13915.6474609375,211.264114379883,-8.48792743682861,-13.9359321594238
20181022,12,-40,150,15000,13909.2333984375,213.143112182617,-11.1456079483032,-9.27206802368164
20181022,18,-40,150,15000,13893.7451171875,213.300003051758,-9.34925270080566,-6.0728907585144
20181023,0,-40,150,15000,13880.7314453125,214,-10.2377901077271,-3.59496331214905
20181023,6,-40,150,15000,13842.923828125,214.769287109375,-7.63015604019165,-6.9452953338623
20181023,12,-40,150,15000,13837.20703125,215.886138916016,-10.8494653701782,-6.120361328125
20181023,18,-40,150,15000,13822.5947265625,216.5,-6.39186763763428,-3.72774410247803
20181024,0,-40,150,15000,13820.0810546875,216.300003051758,-4.77605962753296,-7.02694845199585
20181024,6,-40,150,15000,13808.712890625,215.699981689453,-3.95429921150208,-8.06859397888184
20181024,12,-40,150,15000,13829.26953125,214.984527587891,-3.47544431686401,-7.79861307144165
20181024,18,-40,150,15000,13833.4033203125,213.5,-0.298710942268372,-10.6660766601563
20181025,0,-40,150,15000,13845.349609375,212.794769287109,1.35413086414337,-12.7430152893066
20181025,6,-40,150,15000,13836.013671875,211.105590820313,3.8724901676178,-13.4065551757813
20181025,12,-40,150,15000,13848.83984375,210.899978637695,5.17303943634033,-13.9585790634155
20181025,18,-40,150,15000,13854.96875,210.713470458984,5.7786545753479,-14.3600120544434
20181026,0,-40,150,15000,13859.5791015625,210.003463745117,2.52783679962158,-16.9973373413086
20181026,6,-40,150,15000,13851.5126953125,208.970855712891,2.51197266578674,-20.5284805297852
20181026,12,-40,150,15000,13862.861328125,210.629150390625,0.350480943918228,-21.6749095916748
20181026,18,-40,150,15000,13864.8701171875,211.267379760742,-3.46399903297424,-21.8726692199707
20181027,0,-40,150,15000,13879.3349609375,210.538909912109,-7.4084324836731,-23.5567817687988
20181027,6,-40,150,15000,13876.451171875,208.899993896484,-11.8745536804199,-22.31005859375
20181027,12,-40,150,15000,13901.5888671875,207.353363037109,-17.7433376312256,-21.3519477844238
20181027,18,-40,150,15000,13927.677734375,205.800003051758,-19.1399955749512,-10.7647171020508
20181028,0,-40,150,15000,13965.1728515625,203.899993896484,-10.710000038147,-6.04630374908447
20181028,6,-40,150,15000,13970.255859375,202.399978637695,-0.866384267807007,-6.06139183044434
20181028,12,-40,150,15000,13977.6826171875,201.800003051758,5.47287607192993,-3.50471186637878
20181028,18,-40,150,15000,13963.0009765625,202.699981689453,12.3776340484619,-11.2070503234863
20181029,0,-40,150,15000,13953.4873046875,203.199981689453,5.86559820175171,-18.4973201751709
20181029,6,-40,150,15000,13943.7587890625,200.399978637695,5.35442161560059,-28.4185848236084
20181029,12,-40,150,15000,13962.7763671875,200.29997253418,12.2216138839722,-25.4908885955811
20181029,18,-40,150,15000,13972.8173828125,200.399993896484,12.0741453170776,-26.8089065551758
20181030,0,-40,150,15000,13989.91015625,200.800003051758,7.57944583892822,-29.7458782196045
20181030,6,-40,150,15000,13999.646484375,201.219635009766,3.7606737613678,-25.7009563446045
20181030,12,-40,150,15000,14023.125,202.607482910156,5.52001237869263,-18.5397167205811
20181030,18,-40,150,15000,14035.9189453125,204.600006103516,10.1980009078979,-12.5771436691284
20181031,0,-40,150,15000,14040.60546875,204.414688110352,12.5771579742432,-10.2014799118042
20181031,6,-40,150,15000,14020.767578125,204.899978637695,11.1833467483521,-5.7575831413269
20181031,12,-40,150,15000,14028.2138671875,206.100006103516,11.7877855300903,-1.75078618526459
20181031,18,-40,150,15000,14021.576171875,206.300003051758,12.7400732040405,0.783676743507385
20181101,0,-40,150,15000,14013.849609375,207.399993896484,7.63389873504639,5.03201675415039
20181101,6,-40,150,15000,13993.7548828125,208.399993896484,8.18717384338379,7.36735343933105
20181101,12,-40,150,15000,13996.34375,208.775543212891,7.47167110443115,6.60698747634888
20181101,18,-40,150,15000,13986.9423828125,207.800003051758,5.21298933029175,5.10892581939697
20181102,0,-40,150,15000,13979.5966796875,207.199996948242,6.38442611694336,8.88533687591553
20181102,6,-40,150,15000,13952.3740234375,207.199996948242,9.81025123596191,13.4557132720947
20181102,12,-40,150,15000,13956.7841796875,209.400024414063,16.7677116394043,15.0822067260742
20181102,18,-40,150,15000,13963.9775390625,208.568313598633,22.5207424163818,10.3228807449341
20181103,0,-40,150,15000,13984.0751953125,206,18.2318363189697,-2.20801758766174
20181103,6,-40,150,15000,13983.9208984375,204.399993896484,20.9523811340332,-11.7135276794434
20181103,12,-40,150,15000,13998.4697265625,203.5,20.2872581481934,-17.2691230773926
20181103,18,-40,150,15000,14001.5234375,202.785308837891,28.0322017669678,-21.6023445129395
20181104,0,-40,150,15000,13982.0576171875,204.594528198242,27.7275981903076,-32.0689163208008
20181104,6,-40,150,15000,13991.6923828125,200.500015258789,18.2482128143311,-40.108829498291
20181104,12,-40,150,15000,14041.5625,200.600021362305,10.425009727478,-38.0892524719238
20181104,18,-40,150,15000,14059.916015625,201.943588256836,8.643141746521,-22.7469329833984
20181105,0,-40,150,15000,14056.5751953125,203.5,15.1416053771973,-13.9773368835449
20181105,6,-40,150,15000,14041.693359375,204.204116821289,22.2048931121826,-12.1465091705322
20181105,12,-40,150,15000,14007.548828125,204.036361694336,27.9383277893066,-5.91852760314941
20181105,18,-40,150,15000,13964.7333984375,205.100006103516,33.6703453063965,-0.319187015295029
20181106,0,-40,150,15000,13903.9833984375,205.899993896484,40.9400024414063,4.45009756088257
20181106,6,-40,150,15000,13810.5029296875,207.463653564453,48.2360153198242,-1.71904540061951
20181106,12,-40,150,15000,13773.009765625,207.890182495117,45.6356925964355,-13.8680276870728
20181106,18,-40,150,15000,13748.0302734375,206.382858276367,48.3207359313965,-10.8102855682373
20181107,0,-40,150,15000,13721.791015625,208.100006103516,43.7554206848145,-7.77219486236572
20181107,6,-40,150,15000,13673.333984375,210.699996948242,40.0830726623535,-7.96225833892822
20181107,12,-40,150,15000,13662.8837890625,214.020477294922,32.4606170654297,-15.6893281936646
20181107,18,-40,150,15000,13694.740234375,208.066482543945,34.4029388427734,-28.0283050537109
20181108,0,-40,150,15000,13772.2412109375,202.800003051758,28.3533496856689,-23.1346588134766
20181108,6,-40,150,15000,13830.537109375,201.800003051758,18.273229598999,-18.7903175354004
20181108,12,-40,150,15000,13895.115234375,204.399993896484,16.9306106567383,-16.9892692565918
20181108,18,-40,150,15000,13918.2451171875,205.399993896484,19.2919387817383,-11.5377197265625
20181109,0,-40,150,15000,13928.3486328125,207.224456787109,26.6298885345459,-7.51020002365112
20181109,6,-40,150,15000,13915.802734375,208.100006103516,29.7679347991943,-7.06235599517822
20181109,12,-40,150,15000,13923.73828125,208.5,31.3594970703125,-8.29545211791992
20181109,18,-40,150,15000,13918.9638671875,208.5,31.6249542236328,-5.23418951034546
20181110,0,-40,150,15000,13904.8134765625,208.800003051758,29.6115913391113,-4.08882808685303
20181110,6,-40,150,15000,13858.5263671875,209.800003051758,33.6943054199219,1.1507226228714
20181110,12,-40,150,15000,13800.111328125,212.5,40.2448577880859,7.22654056549072
20181110,18,-40,150,15000,13714.95703125,215.699996948242,45.6927795410156,-0.458066403865814
20181111,0,-40,150,15000,13691.6640625,214.199996948242,32.4137535095215,-23.4949588775635
20181111,6,-40,150,15000,13711.68359375,207.5,33.3605117797852,-29.6981830596924
20181111,12,-40,150,15000,13779.4375,204.300003051758,27.4086685180664,-30.2937183380127
20181111,18,-40,150,15000,13841.8349609375,202.100006103516,22.2627544403076,-24.8696002960205
20181112,0,-40,150,15000,13885.8759765625,203.300003051758,18.2446441650391,-17.4981250762939
20181112,6,-40,150,15000,13898.5009765625,205.100006103516,17.8939304351807,-13.7293996810913
20181112,12,-40,150,15000,13917.3779296875,206.600006103516,21.9352531433105,-6.57933616638184
20181112,18,-40,150,15000,13923.15625,208.199996948242,24.8512916564941,-5.40632915496826
20181113,0,-40,150,15000,13931.5791015625,209.800003051758,22.2421741485596,-5.25229787826538
20181113,6,-40,150,15000,13903.7685546875,211.199996948242,23.468822479248,1.78730463981628
20181113,12,-40,150,15000,13871.9033203125,212.800003051758,26.3615531921387,12.827127456665
20181113,18,-40,150,15000,13785.724609375,214.899978637695,35.5489883422852,23.0196075439453
20181114,0,-40,150,15000,13666.947265625,220.199996948242,34.8489456176758,14.3321504592896
20181114,6,-40,150,15000,13589.87890625,221.199996948242,31.800745010376,-2.16765451431274
20181114,12,-40,150,15000,13604.9990234375,217.800003051758,29.7236671447754,-21.0503807067871
20181114,18,-40,150,15000,13680.6298828125,208.5,30.8350067138672,-29.3883056640625
20181115,0,-40,150,15000,13767.5810546875,208.199996948242,17.8999996185303,-27.2352313995361
20181115,6,-40,150,15000,13791.357421875,206.100006103516,40.7923431396484,-31.4012889862061
20181115,12,-40,150,15000,13808.55078125,204.600006103516,46.3716011047363,-12.6058130264282
20181115,18,-40,150,15000,13739.5029296875,208.300003051758,48.4427642822266,4.45378684997559
20181116,0,-40,150,15000,13622.1201171875,214.699996948242,42.3041801452637,11.7599925994873
20181116,6,-40,150,15000,13517.4091796875,221.618865966797,36.7196235656738,6.96813011169434
20181116,12,-40,150,15000,13483.53515625,222.541961669922,33.1237525939941,-3.15113759040833
20181116,18,-40,150,15000,13490.294921875,222.600921630859,31.3959159851074,-17.1877098083496
20181117,0,-40,150,15000,13563.205078125,218.810012817383,31.8858642578125,-28.9623031616211
20181117,6,-40,150,15000,13623.8701171875,216.699996948242,32.2691497802734,-32.6575317382813
20181117,12,-40,150,15000,13713.5615234375,215.470855712891,28.9102764129639,-30.4185447692871
20181117,18,-40,150,15000,13789.7177734375,211.699996948242,23.0176372528076,-29.4672603607178
20181118,0,-40,150,15000,13843.6015625,216.300003051758,20.0307941436768,-25.5031642913818
20181118,6,-40,150,15000,13849.5478515625,212.699996948242,34.1544494628906,-25.6611766815186
20181118,12,-40,150,15000,13858.0927734375,215.899993896484,38.4035530090332,-17.9277191162109
20181118,18,-40,150,15000,13851.6083984375,215,44.3271446228027,-17.5312309265137
20181119,0,-40,150,15000,13819.54296875,216,43.0165901184082,-12.0932712554932
20181119,6,-40,150,15000,13768.26171875,216.592529296875,40.5228500366211,-7.44271469116211
20181119,12,-40,150,15000,13746.0546875,216.699996948242,37.4141311645508,-8.58356189727783
20181119,18,-40,150,15000,13720.380859375,217.999969482422,36.6500053405762,-7.62828350067139
20181120,0,-40,150,15000,13698.5927734375,219.614700317383,35.3485069274902,-7.18398189544678
20181120,6,-40,150,15000,13658.8408203125,220.846115112305,33.7056922912598,-6.10768556594849
20181120,12,-40,150,15000,13644.39453125,221,29.1055564880371,-9.0098705291748
20181120,18,-40,150,15000,13623.212890625,220.199996948242,28.6046943664551,-9.38443851470947
20181121,0,-40,150,15000,13615.5341796875,220.600006103516,22.4555587768555,-12.4039745330811
20181121,6,-40,150,15000,13590.5390625,220.099975585938,17.8000030517578,-15.12548828125
20181121,12,-40,150,15000,13606.71875,218.586456298828,15.9999923706055,-16.8158054351807
20181121,18,-40,150,15000,13619.8447265625,216.099975585938,15.6976022720337,-19.5379791259766
20181122,0,-40,150,15000,13660.3828125,212.699981689453,11.6892557144165,-25.0181007385254
20181122,6,-40,150,15000,13682.119140625,208.94660949707,10.0966014862061,-22.5353469848633
20181122,12,-40,150,15000,13724.0673828125,209.29997253418,12.1967477798462,-11.8087205886841
20181122,18,-40,150,15000,13722.0615234375,207,19.9000015258789,-11.2058744430542
20181123,0,-40,150,15000,13722.8935546875,209.199981689453,23.1471538543701,-5.35049295425415
20181123,6,-40,150,15000,13689.6748046875,212.199981689453,25.5033321380615,-5.21773910522461
20181123,12,-40,150,15000,13714.0625,211.393020629883,24.2000007629395,-6.21542978286743
20181123,18,-40,150,15000,13728.134765625,209.100006103516,24.4955539703369,-3.2215576171875
20181124,0,-40,150,15000,13749.18359375,209.300003051758,27.2622299194336,-0.549526393413544
20181124,6,-40,150,15000,13726.3154296875,207.5,34.471263885498,-1.04000735282898
20181124,12,-40,150,15000,13730.3876953125,205.599975585938,37.2697601318359,3.23458981513977
20181124,18,-40,150,15000,13692.7275390625,208.399993896484,39.1105651855469,13.9043235778809
20181125,0,-40,150,15000,13635.37109375,215.300003051758,34.929027557373,12.4935111999512
20181125,6,-40,150,15000,13595.0322265625,216.800003051758,32.4792556762695,3.24449229240417
20181125,12,-40,150,15000,13622.6171875,213.5,30.5986423492432,3.17828845977783
20181125,18,-40,150,15000,13601.5341796875,214.5,31.7530097961426,5.62256574630737
20181126,0,-40,150,15000,13606.46484375,212.888061523438,36.4607696533203,-5.4538426399231
20181126,6,-40,150,15000,13631.89453125,208.800003051758,37.9072494506836,-10.0417919158936
20181126,12,-40,150,15000,13694.9609375,205.100006103516,35.6233291625977,-10.9871683120728
20181126,18,-40,150,15000,13735.37890625,203.299987792969,34.6953964233398,5.5470290184021
20181127,0,-40,150,15000,13741.4677734375,203.000030517578,24.3657054901123,14.6798486709595
20181127,6,-40,150,15000,13673.0654296875,210.494720458984,23.9963722229004,22.2521133422852
20181127,12,-40,150,15000,13635.353515625,215.399993896484,25.4666843414307,17.7675170898438
20181127,18,-40,150,15000,13590.2216796875,215.800003051758,25.3177146911621,16.8227081298828
20181128,0,-40,150,15000,13583.611328125,217.600006103516,25.8608283996582,7.01277828216553
20181128,6,-40,150,15000,13596.5087890625,218.587203979492,28.7120876312256,-2.46273922920227
20181128,12,-40,150,15000,13659.4384765625,218.347457885742,32.6946487426758,-10.0712356567383
20181128,18,-40,150,15000,13710.107421875,218.300003051758,32.2492828369141,-9.71179962158203
20181129,0,-40,150,15000,13761.861328125,211.699996948242,32.0881309509277,-7.18212890625
20181129,6,-40,150,15000,13809.9638671875,204.600006103516,33.8206062316895,1.0537987947464
20181129,12,-40,150,15000,13841.708984375,204.372772216797,33.1617126464844,-3.82882070541382
20181129,18,-40,150,15000,13853.0146484375,204.299987792969,39.1291732788086,0.255305171012878
20181130,0,-40,150,15000,13850.9375,205.531936645508,42.4275665283203,0.587072730064392
20181130,6,-40,150,15000,13834.763671875,204.300003051758,46.681468963623,1.24290037155151
20181130,12,-40,150,15000,13841.8974609375,207.034454345703,42.8368492126465,1.85017085075378
20181130,18,-40,150,15000,13835.798828125,208.899993896484,47.0293350219727,6.45834493637085
20181201,0,-40,150,15000,13833.22265625,211.399993896484,44.5496864318848,16.6066513061523
20181201,6,-40,150,15000,13799.0712890625,212.100006103516,44.9633674621582,17.3961124420166
20181201,12,-40,150,15000,13791.736328125,213.300003051758,40.2474060058594,18.5755233764648
20181201,18,-40,150,15000,13768.521484375,212.199996948242,40.0777816772461,22.4655475616455
20181202,0,-40,150,15000,13738.0771484375,213.399993896484,40.8540649414063,27.045539855957
20181202,6,-40,150,15000,13701.072265625,215.5,38.1353302001953,26.4116706848145
20181202,12,-40,150,15000,13659.5,217.090408325195,32.5063247680664,24.1233291625977
20181202,18,-40,150,15000,13609.6875,217.146484375,36.4149932861328,24.9070453643799
20181203,0,-40,150,15000,13600.892578125,215.899993896484,27.9127140045166,20.0684375762939
20181203,6,-40,150,15000,13579.87109375,216.065551757813,24.2378692626953,19.1876220703125
20181203,12,-40,150,15000,13562.73828125,218.999847412109,14.7062015533447,14.0091676712036
20181203,18,-40,150,15000,13537.5703125,220.412796020508,13.1732044219971,9.94506072998047
20181204,0,-40,150,15000,13552.537109375,219.805541992188,10.600359916687,2.9103319644928
20181204,6,-40,150,15000,13579.1923828125,216.90168762207,10.1608371734619,-4.78642082214355
20181204,12,-40,150,15000,13642.6826171875,211.899993896484,8.92817878723145,-12.0198583602905
20181204,18,-40,150,15000,13700.7021484375,206.502899169922,11.4175243377686,-13.2927856445313
20181205,0,-40,150,15000,13770.8759765625,203.573532104492,10.6974020004272,-12.725944519043
20181205,6,-40,150,15000,13836.3349609375,202.399993896484,12.7360744476318,-12.8128347396851
20181205,12,-40,150,15000,13886.62890625,204.899993896484,14.8838748931885,-7.51930665969849
20181205,18,-40,150,15000,13924.0615234375,204.399993896484,16.9745922088623,-7.55561542510986
20181206,0,-40,150,15000,13948.525390625,206.100006103516,21.6713085174561,-4.93678712844849
20181206,6,-40,150,15000,13951.92578125,207.485961914063,25.7750301361084,-6.76250505447388
20181206,12,-40,150,15000,13963.1259765625,208.899993896484,24.3730087280273,-3.68304204940796
20181206,18,-40,150,15000,13966.0185546875,208.996246337891,24.2667140960693,-3.43269538879395
20181207,0,-40,150,15000,13972.6923828125,207.818939208984,21.173168182373,-3.08892822265625
20181207,6,-40,150,15000,13970.8310546875,206.29997253418,15.2814140319824,-0.801787137985229
20181207,12,-40,150,15000,13970.4833984375,205.884918212891,14.7827835083008,4.20389175415039
20181207,18,-40,150,15000,13944.955078125,207.090530395508,17.5228366851807,4.76616954803467
20181208,0,-40,150,15000,13919.3486328125,207.841354370117,22.0307540893555,7.54205083847046
20181208,6,-40,150,15000,13875.693359375,209.199996948242,20.5314311981201,7.14651870727539
20181208,12,-40,150,15000,13859.15625,210.428634643555,21.391845703125,9.39188480377197
20181208,18,-40,150,15000,13823.455078125,210.20002746582,22.1817970275879,6.29231214523315
20181209,0,-40,150,15000,13802.67578125,213.300003051758,23.1305828094482,6.82668685913086
20181209,6,-40,150,15000,13769.2724609375,214.399993896484,21.8440132141113,10.8090476989746
20181209,12,-40,150,15000,13750.115234375,215.800003051758,21.5456466674805,16.1801300048828
20181209,18,-40,150,15000,13727.6796875,214.100006103516,26.2059421539307,12.8142776489258
20181210,0,-40,150,15000,13724.0703125,214.343902587891,25.7286186218262,12.9698629379272
20181210,6,-40,150,15000,13707.5859375,214.899993896484,26.4570693969727,10.2388916015625
20181210,12,-40,150,15000,13690.5849609375,216.699996948242,25.2573757171631,15.2734432220459
20181210,18,-40,150,15000,13666.013671875,215.300003051758,38.3987922668457,-3.47626352310181
20181211,0,-40,150,15000,13699.857421875,210.659957885742,43.0400199890137,-4.29989910125732
20181211,6,-40,150,15000,13732.51171875,208.800018310547,35.6855506896973,-10.6075000762939
20181211,12,-40,150,15000,13784.806640625,207.508941650391,40.2200012207031,-17.0360698699951
20181211,18,-40,150,15000,13795.3173828125,210.353591918945,49.2309608459473,-8.3003101348877
20181212,0,-40,150,15000,13781.9208984375,214.199996948242,50.5336151123047,4.00049781799316
20181212,6,-40,150,15000,13726.052734375,215.600006103516,55.7416687011719,0.924765646457672
20181212,12,-40,150,15000,13739.63671875,211.500152587891,54.4774398803711,-8.62434577941895
20181212,18,-40,150,15000,13787.09375,209.899993896484,37.9141540527344,-10.1645755767822
20181213,0,-40,150,15000,13845.8408203125,206.399993896484,43.3972930908203,-14.2417478561401
20181213,6,-40,150,15000,13868.1220703125,205.298065185547,45.5299606323242,-1.08892095088959
20181213,12,-40,150,15000,13855.580078125,207.899993896484,45.7299995422363,10.6224660873413
20181213,18,-40,150,15000,13790.537109375,210.750823974609,49.113941192627,15.7713918685913
20181214,0,-40,150,15000,13738.892578125,209.499237060547,50.4000015258789,16.7593116760254
20181214,6,-40,150,15000,13683.68359375,211.300003051758,47.5117874145508,20.6705760955811
20181214,12,-40,150,15000,13627.4296875,211.956390380859,48.7076950073242,23.3183345794678
20181214,18,-40,150,15000,13583.0947265625,212.596237182617,46.8000106811523,21.2477073669434
20181215,0,-40,150,15000,13550.80078125,214.800003051758,43.8484077453613,17.3930492401123
20181215,6,-40,150,15000,13529.31640625,214.858032226563,40.712776184082,16.6285018920898
20181215,12,-40,150,15000,13535.4365234375,216.800003051758,37.2000122070313,11.9140062332153
20181215,18,-40,150,15000,13554.6640625,216.300003051758,34.1500053405762,1.26970946788788
20181216,0,-40,150,15000,13580.0283203125,215.100006103516,30.4020614624023,0.133376464247704
20181216,6,-40,150,15000,13590.29296875,211.100006103516,30.9500370025635,-0.688159167766571
20181216,12,-40,150,15000,13610.4853515625,206.899993896484,31.8391628265381,0.976616203784943
20181216,18,-40,150,15000,13608.619140625,206.03662109375,36.3887634277344,4.45574712753296
20181217,0,-40,150,15000,13577.19921875,209.380813598633,43.0688095092773,0.628598630428314
20181217,6,-40,150,15000,13544.451171875,211.019165039063,45.0156135559082,0.444409191608429
20181217,12,-40,150,15000,13534.7470703125,214,45.4165382385254,-0.666523456573486
20181217,18,-40,150,15000,13537.505859375,214.399993896484,45.9198379516602,-8.47590351104736
20181218,0,-40,150,15000,13601.9453125,211.233245849609,39.8675537109375,-14.1226511001587
20181218,6,-40,150,15000,13638.677734375,209.235763549805,35.7599792480469,-11.5841112136841
20181218,12,-40,150,15000,13696.9833984375,206.5,32.7908897399902,-8.83684062957764
