20180720,0,-9,17,15000,14265.88671875,205.214309692383,-1.84888672828674,-4.69683599472046
20180720,6,-9,17,15000,14264.208984375,205.199996948242,-2.79166507720947,-2.5550000667572
20180720,12,-9,17,15000,14248.3046875,204.997222900391,-2.27805185317993,-1.25170409679413
20180720,18,-9,17,15000,14244.615234375,205.189987182617,1.3988915681839,1.48578369617462
20180721,0,-9,17,15000,14247.35546875,205.300003051758,1.21000003814697,3.83154773712158
20180721,6,-9,17,15000,14245.541015625,205.417236328125,1.852783203125,2.46260738372803
20180721,12,-9,17,15000,14232.2412109375,205.5,1.7099951505661,1.16891849040985
20180721,18,-9,17,15000,14232.9365234375,204.962493896484,4.44444847106934,1.69753909111023
20180722,0,-9,17,15000,14244.177734375,205.199996948242,2.11273431777954,5.20183086395264
20180722,6,-9,17,15000,14248.3876953125,205.300003051758,5.07805681228638,4.29060077667236
20180722,12,-9,17,15000,14239.2822265625,205.124465942383,3.95122075080872,2.48512196540833
20180722,18,-9,17,15000,14235.6689453125,204.485321044922,2.15313482284546,2.17061519622803
20180723,0,-9,17,15000,14244.1826171875,204.731704711914,-0.800612807273865,5.12142086029053
20180723,6,-9,17,15000,14256.181640625,204.199981689453,-4.37194347381592,5.55768775939941
20180723,12,-9,17,15000,14253.978515625,204.199981689453,-3.2693555355072,4.27766847610474
20180723,18,-9,17,15000,14260.6328125,203.999984741211,-2.87442374229431,-1.54355466365814
20180724,0,-9,17,15000,14264.1611328125,203.699996948242,1.38156008720398,-2.79304194450378
20180724,6,-9,17,15000,14245.3779296875,204.031692504883,-0.00734374998137355,-3.51512694358826
20180724,12,-9,17,15000,14238.0341796875,204.278076171875,-6.16135501861572,1.87615239620209
20180724,18,-9,17,15000,14233.666015625,203.899993896484,-7.4680495262146,2.5562059879303
20180725,0,-9,17,15000,14239.7158203125,204,-4.41705560684204,2.92203617095947
20180725,6,-9,17,15000,14244.662109375,204.699996948242,-6.28101539611816,6.98032712936401
20180725,12,-9,17,15000,14237.41796875,205.31282043457,-7.31500005722046,11.7119455337524
20180725,18,-9,17,15000,14236.705078125,205.382766723633,-8.61208534240723,10.3194923400879
20180726,0,-9,17,15000,14248.05078125,205.863647460938,-3.9433057308197,7.58467531204224
20180726,6,-9,17,15000,14255.5322265625,206,5.30809593200684,3.64728999137878
20180726,12,-9,17,15000,14252.5048828125,205.229156494141,5.56406736373901,-0.646274387836456
20180726,18,-9,17,15000,14253.396484375,204.95881652832,2.80224847793579,-1.55116212368011
20180727,0,-9,17,15000,14261.0166015625,204.724456787109,0.563891589641571,0.910324692726135
20180727,6,-9,17,15000,14254.8671875,204.399993896484,-0.156582027673721,2.54142832756042
20180727,12,-9,17,15000,14255.201171875,204.699996948242,-1.53584468364716,3.92894530296326
20180727,18,-9,17,15000,14256.005859375,204.388565063477,-6.04527854919434,2.64313721656799
20180728,0,-9,17,15000,14270.1875,204.214691162109,-7.01528310775757,5.79028558731079
20180728,6,-9,17,15000,14262.6650390625,203.785308837891,-3.53970956802368,-0.438002943992615
20180728,12,-9,17,15000,14249.330078125,203.899993896484,-4.42098617553711,-0.133837893605232
20180728,18,-9,17,15000,14246.3125,203.899993896484,-6.43445062637329,-5.37184572219849
20180729,0,-9,17,15000,14259.833984375,203.800003051758,-6.96025896072388,-2.08126950263977
20180729,6,-9,17,15000,14255.830078125,203.468307495117,-4.96916246414185,-5.25847434997559
20180729,12,-9,17,15000,14237.0595703125,203.099975585938,-2.54999017715454,-6.34692144393921
20180729,18,-9,17,15000,14231.6748046875,203.29997253418,-7.90775394439697,-2.03650140762329
20180730,0,-9,17,15000,14241.33984375,203.099975585938,-7.98355484008789,2.05484366416931
20180730,6,-9,17,15000,14234.5751953125,203.300003051758,-6.53640604019165,-1.29470705986023
20180730,12,-9,17,15000,14224.16015625,203.800003051758,-7.30670881271362,-4.37906980514526
20180730,18,-9,17,15000,14220.1962890625,204.300003051758,-9.38389205932617,-2.5092236995697
20180731,0,-9,17,15000,14232.2861328125,204.248931884766,-7.39999532699585,-3.66006112098694
20180731,6,-9,17,15000,14232.0478515625,204.100006103516,-8.35634231567383,-3.83863282203674
20180731,12,-9,17,15000,14220.5390625,204.400009155273,-7.90998029708862,-4.15119123458862
20180731,18,-9,17,15000,14222.10546875,204.300003051758,-8.39731407165527,-5.71320295333862
20180801,0,-9,17,15000,14228.794921875,205.061447143555,-6.04995107650757,-6.73559093475342
20180801,6,-9,17,15000,14233.302734375,205.100006103516,-5.6875,-5.03176259994507
20180801,12,-9,17,15000,14231.8828125,204.300003051758,-3.78323721885681,-2.25316405296326
20180801,18,-9,17,15000,14231.677734375,203.499969482422,-0.154257819056511,-3.36780762672424
20180802,0,-9,17,15000,14239.4697265625,203.799987792969,-1.54052245616913,-7.24474859237671
20180802,6,-9,17,15000,14229.0078125,203.600006103516,-1.82831537723541,-11.9905815124512
20180802,12,-9,17,15000,14212.13671875,203,-2.19272208213806,-11.4123678207397
20180802,18,-9,17,15000,14213.9150390625,203.699996948242,-3.88902831077576,-10.234543800354
20180803,0,-9,17,15000,14225.9697265625,203.999984741211,-5.20776605606079,-9.63196754455566
20180803,6,-9,17,15000,14226.4775390625,204.099990844727,-5.82000494003296,-11.7926664352417
20180803,12,-9,17,15000,14218.8212890625,204,-7.71399402618408,-8.85597896575928
20180803,18,-9,17,15000,14215.1884765625,203.5,-5.7108302116394,-9.93654823303223
20180804,0,-9,17,15000,14215.494140625,203.699996948242,-9.0828275680542,-4.46996831893921
20180804,6,-9,17,15000,14224.16015625,203.600006103516,-7.85222148895264,2.53010249137878
20180804,12,-9,17,15000,14212.7978515625,203.600006103516,-1.38166499137878,1.71610593795776
20180804,18,-9,17,15000,14213.81640625,203.5,-1.79999506473541,1.01657712459564
20180805,0,-9,17,15000,14213.2470703125,203.800003051758,2.61461424827576,-0.583774387836456
20180805,6,-9,17,15000,14219.900390625,204.199996948242,4.70000982284546,-1.08267819881439
20180805,12,-9,17,15000,14213.5986328125,204.207458496094,4.63780784606934,-2.18251705169678
20180805,18,-9,17,15000,14218.6435546875,204.399978637695,0.89892578125,-4.3941502571106
20180806,0,-9,17,15000,14226.9609375,204.906982421875,-1.0799902677536,0.995205104351044
20180806,6,-9,17,15000,14235.5361328125,204.799987792969,-1.26999998092651,2.00469970703125
20180806,12,-9,17,15000,14228.4287109375,204.714248657227,-1.50997066497803,5.48002672195435
20180806,18,-9,17,15000,14233.2373046875,205.399993896484,-1.76334965229034,5.67622089385986
20180807,0,-9,17,15000,14244.5478515625,204.921920776367,0.150537103414536,4.1639232635498
20180807,6,-9,17,15000,14258.3515625,204.899993896484,-4.96418952941895,2.51363039016724
20180807,12,-9,17,15000,14250.712890625,204.699996948242,-3.78500247001648,5.48996114730835
20180807,18,-9,17,15000,14251.21875,204.600006103516,-0.145871579647064,4.70132064819336
20180808,0,-9,17,15000,14261.2646484375,204.566711425781,-2.41999268531799,2.40948486328125
20180808,6,-9,17,15000,14266.6103515625,204.699996948242,-5.36000490188599,3.73890376091003
20180808,12,-9,17,15000,14257.1533203125,204.79997253418,-8.63727569580078,5.21660137176514
20180808,18,-9,17,15000,14252.912109375,204.699981689453,-7.81144523620605,4.88335943222046
20180809,0,-9,17,15000,14264.236328125,205.200241088867,-7.45832538604736,0.101225584745407
20180809,6,-9,17,15000,14266.9658203125,204.899993896484,-6.2055516242981,-2.76669192314148
20180809,12,-9,17,15000,14256.1796875,203.800003051758,-6.48564434051514,-2.97585201263428
20180809,18,-9,17,15000,14235.53515625,203.906982421875,-7.4152684211731,-8.32105445861816
20180810,0,-9,17,15000,14239.76953125,204.600006103516,-8.61820316314697,-9.46996593475342
20180810,6,-9,17,15000,14232.32421875,204.199996948242,-8.95772457122803,-7.5370774269104
20180810,12,-9,17,15000,14211.4521484375,206.336380004883,-15.2262010574341,-3.87520027160645
20180810,18,-9,17,15000,14218.8984375,206.5,-16.552318572998,3.11605954170227
20180811,0,-9,17,15000,14224.0029296875,206.300003051758,-15.2100439071655,1.05671381950378
20180811,6,-9,17,15000,14222.76171875,205.399993896484,-17.3374900817871,6.37031984329224
20180811,12,-9,17,15000,14213.4326171875,205.199996948242,-11.7084226608276,4.07041263580322
20180811,18,-9,17,15000,14218.958984375,206.187210083008,-12.5832424163818,2.46834230422974
20180812,0,-9,17,15000,14234.5458984375,206.818313598633,-9.88350582122803,0.870297849178314
20180812,6,-9,17,15000,14240.87890625,206.376419067383,-7.69999980926514,1.16015863418579
20180812,12,-9,17,15000,14238.2470703125,205.800003051758,-7.0180516242981,0.648359358310699
20180812,18,-9,17,15000,14237.044921875,205.699981689453,-5.23999500274658,-2.07738780975342
20180813,0,-9,17,15000,14240.650390625,205.668304443359,-6.53864240646362,-2.51370120048523
20180813,6,-9,17,15000,14237.494140625,205.199996948242,-6.68841791152954,1.22905278205872
20180813,12,-9,17,15000,14228.541015625,204.79997253418,-6.1733250617981,-0.997897922992706
20180813,18,-9,17,15000,14226.6591796875,204.199996948242,-3.31335926055908,-1.88533687591553
20180814,0,-9,17,15000,14231.87109375,203.699996948242,-0.730366230010986,-2.64640617370605
20180814,6,-9,17,15000,14221.48046875,203.300003051758,-1.24387693405151,-3.49325680732727
20180814,12,-9,17,15000,14194.837890625,204,-1.54038083553314,0.649995088577271
20180814,18,-9,17,15000,14195.1611328125,204.199981689453,0.947128891944885,-1.89784669876099
20180815,0,-9,17,15000,14207.0888671875,205.263381958008,0.604365229606628,1.84940433502197
20180815,6,-9,17,15000,14212.0966796875,205.399978637695,1.73228025436401,2.65104246139526
20180815,12,-9,17,15000,14206.6328125,205.300003051758,1.1612206697464,3.68371820449829
20180815,18,-9,17,15000,14206.3515625,204.899993896484,0.219999998807907,3.49693846702576
20180816,0,-9,17,15000,14211.6337890625,204.5,-0.899999976158142,2.94671869277954
20180816,6,-9,17,15000,14213.0546875,205.539794921875,0.674877941608429,2.53757071495056
20180816,12,-9,17,15000,14215.84375,206.300003051758,5.77462387084961,2.22365474700928
20180816,18,-9,17,15000,14224.326171875,205.800003051758,7.89333486557007,1.8934326171875
20180817,0,-9,17,15000,14231.0537109375,205.261077880859,8.03001022338867,2.215087890625
20180817,6,-9,17,15000,14233.4296875,204.800003051758,6.28000497817993,2.53466320037842
20180817,12,-9,17,15000,14225.07421875,204.5,4.30999994277954,1.43454587459564
20180817,18,-9,17,15000,14230.0224609375,204.329147338867,4.61445045471191,-2.76618647575378
20180818,0,-9,17,15000,14240.0166015625,205,10.0691995620728,-3.02800059318542
20180818,6,-9,17,15000,14239.9140625,204.899993896484,11.1975049972534,-4.88171625137329
20180818,12,-9,17,15000,14233.8701171875,204.399993896484,7.48750495910645,-5.23091554641724
20180818,18,-9,17,15000,14229.3046875,204.099761962891,9.11390113830566,-6.35610103607178
20180819,0,-9,17,15000,14235.9189453125,203.799758911133,5.07361793518066,-4.21603012084961
20180819,6,-9,17,15000,14240.4609375,203.999984741211,4.00288581848145,-2.63110589981079
20180819,12,-9,17,15000,14215.28515625,203.499755859375,-0.509995102882385,-7.54452896118164
20180819,18,-9,17,15000,14209.818359375,203.699996948242,2.62813973426819,-8.46635723114014
20180820,0,-9,17,15000,14214.9140625,204.507476806641,2.13524413108826,-9.21676540374756
20180820,6,-9,17,15000,14220.46484375,204.699981689453,3.53467273712158,-8.70803737640381
20180820,12,-9,17,15000,14211.7490234375,204.499969482422,2.72559571266174,-8.30510520935059
20180820,18,-9,17,15000,14214.759765625,204.299987792969,-0.319990247488022,-5.47767066955566
20180821,0,-9,17,15000,14219.8486328125,204.600006103516,-4.96889162063599,-2.83558583259583
20180821,6,-9,17,15000,14220.33203125,204.600006103516,-8.62191390991211,0.315937489271164
20180821,12,-9,17,15000,14215.7822265625,205.5,-8.02916526794434,4.12521505355835
20180821,18,-9,17,15000,14224.11328125,206.000030517578,-5.69000244140625,6.05158185958862
20180822,0,-9,17,15000,14230.1572265625,204.736358642578,-4.17999505996704,7.45682382583618
20180822,6,-9,17,15000,14236.0625,205.236373901367,-5.78999996185303,8.49323272705078
20180822,12,-9,17,15000,14226.4404296875,204,-0.964399397373199,3.38404774665833
20180822,18,-9,17,15000,14226.837890625,203.170852661133,0.325288087129593,1.61445307731628
20180823,0,-9,17,15000,14233.322265625,204.300003051758,0.509770512580872,1.16865718364716
20180823,6,-9,17,15000,14229.2490234375,204.913360595703,-2.69796872138977,-0.965930163860321
20180823,12,-9,17,15000,14222.7890625,205.278076171875,-8.84998512268066,1.11382079124451
20180823,18,-9,17,15000,14218.73046875,205.199996948242,-12.7488822937012,-2.25795650482178
20180824,0,-9,17,15000,14226.6962890625,204.999969482422,-14.0899906158447,-1.40173101425171
20180824,6,-9,17,15000,14228.7314453125,204.5,-14.0922269821167,0.822490215301514
20180824,12,-9,17,15000,14216.0771484375,204.800003051758,-13.2833003997803,3.28742671012878
20180824,18,-9,17,15000,14217.00390625,204.899993896484,-14.4718313217163,2.42386722564697
20180825,0,-9,17,15000,14222.619140625,205.399993896484,-13.1973094940186,0.414135754108429
20180825,6,-9,17,15000,14227.056640625,205.599975585938,-11.8977632522583,2.40162587165833
20180825,12,-9,17,15000,14221.0927734375,205.5,-12.7183494567871,1.47701907157898
20180825,18,-9,17,15000,14224.802734375,206,-11.4247217178345,1.93064212799072
20180826,0,-9,17,15000,14234.63671875,205.5,-11.4605569839478,1.34697997570038
20180826,6,-9,17,15000,14231.072265625,205.199996948242,-10.7111082077026,-1.05288815498352
20180826,12,-9,17,15000,14219.8935546875,204.606979370117,-5.16753911972046,0.0758422836661339
20180826,18,-9,17,15000,14221.0859375,204.699996948242,-7.27887678146362,-0.846379399299622
20180827,0,-9,17,15000,14223.1484375,205.100006103516,-7.19769048690796,-0.696020483970642
20180827,6,-9,17,15000,14230.7529296875,204.29997253418,-5.83999013900757,1.64976072311401
20180827,12,-9,17,15000,14214.2412109375,203.914703369141,-2.33471202850342,-0.0473413094878197
20180827,18,-9,17,15000,14212.337890625,204,-2.59194326400757,5.22817373275757
20180828,0,-9,17,15000,14217.576171875,203.999969482422,-2.97446298599243,7.14081525802612
20180828,6,-9,17,15000,14218.1201171875,204.100006103516,-3.31146001815796,5.88861322402954
20180828,12,-9,17,15000,14208.0234375,204.199981689453,-6.87000226974487,5.40560293197632
20180828,18,-9,17,15000,14201.86328125,204.899993896484,-6.22502708435059,5.78644752502441
20180829,0,-9,17,15000,14213.638671875,204.999969482422,-2.30009531974792,6.73658466339111
20180829,6,-9,17,15000,14222.2109375,205.439407348633,-1.21607911586761,6.20697498321533
20180829,12,-9,17,15000,14227.38671875,205.699996948242,-0.280327141284943,4.19148445129395
20180829,18,-9,17,15000,14231.1728515625,205.600006103516,1.14079105854034,4.48513650894165
20180830,0,-9,17,15000,14243.16796875,205.199996948242,2.04464840888977,-0.719184577465057
20180830,6,-9,17,15000,14240.6083984375,204.999969482422,2.39671635627747,-4.68842506408691
20180830,12,-9,17,15000,14238.2333984375,204.382766723633,-0.583652317523956,-8.22918701171875
20180830,18,-9,17,15000,14234.8447265625,204.199981689453,-2.34999990463257,-11.1942043304443
20180831,0,-9,17,15000,14245.0361328125,204.187942504883,-8.03999710083008,-7.5660400390625
20180831,6,-9,17,15000,14248.4658203125,204.359237670898,-8.34444808959961,-9.91483688354492
20180831,12,-9,17,15000,14241.701171875,204.111175537109,-8.01337909698486,-7.10953617095947
20180831,18,-9,17,15000,14235.0791015625,203.220962524414,-5.16794919967651,-6.78356456756592
20180901,0,-9,17,15000,14236.5625,203.699981689453,-4.76722145080566,-6.73554420471191
20180901,6,-9,17,15000,14233.29296875,203.799987792969,-3.5699999332428,-2.50218749046326
20180901,12,-9,17,15000,14223.78125,203.699996948242,-5.43999004364014,-0.938906252384186
20180901,18,-9,17,15000,14221.3779296875,204,-9.36777877807617,-5.60830068588257
20180902,0,-9,17,15000,14230.10546875,204.499984741211,-13.3505373001099,-3.97231197357178
20180902,6,-9,17,15000,14234.3896484375,203.399993896484,-8.53809070587158,-0.328178703784943
20180902,12,-9,17,15000,14220.5625,203.300003051758,-5.45444822311401,-0.910966813564301
20180902,18,-9,17,15000,14219.20703125,204.399993896484,-5.48937511444092,-0.225639641284943
20180903,0,-9,17,15000,14229.5478515625,204.5,-7.37952136993408,1.6350439786911
20180903,6,-9,17,15000,14227.82421875,205,-11.4099979400635,-2.13127684593201
20180903,12,-9,17,15000,14218.7822265625,204.800003051758,-14.2933597564697,-3.19520258903503
20180903,18,-9,17,15000,14219.37109375,205.399993896484,-14.975549697876,-3.58165287971497
20180904,0,-9,17,15000,14227.1435546875,205.199996948242,-14.9478340148926,1.12030518054962
20180904,6,-9,17,15000,14224.5078125,205.099975585938,-14.2151317596436,1.37425053119659
20180904,12,-9,17,15000,14219.431640625,205.100006103516,-12.5308256149292,2.6512279510498
20180904,18,-9,17,15000,14223.990234375,205.899978637695,-10.3866453170776,6.28819561004639
20180905,0,-9,17,15000,14231.2998046875,204.699996948242,-6.95813941955566,5.02416515350342
20180905,6,-9,17,15000,14234.298828125,204.899993896484,-7.66503429412842,6.17666006088257
20180905,12,-9,17,15000,14217.0654296875,204.399993896484,-7.08656740188599,4.98494148254395
20180905,18,-9,17,15000,14220.9287109375,204.199996948242,-7.77249002456665,-1.47245121002197
20180906,0,-9,17,15000,14227.1259765625,204.500045776367,-6.0999903678894,1.64208006858826
20180906,6,-9,17,15000,14230.6953125,204.599990844727,-6.34999513626099,1.79964113235474
20180906,12,-9,17,15000,14218.4560546875,204.619445800781,-5.00885963439941,-0.669082045555115
20180906,18,-9,17,15000,14217.3359375,204.600006103516,-3.92552256584167,-4.17445087432861
20180907,0,-9,17,15000,14219.9833984375,204.594207763672,-4.598876953125,-5.58818101882935
20180907,6,-9,17,15000,14218.3740234375,204.699996948242,-4.40874004364014,-3.25656986236572
20180907,12,-9,17,15000,14208.73828125,204.499984741211,-5.3891749382019,-3.51055669784546
20180907,18,-9,17,15000,14214.205078125,204.199981689453,-4.71832036972046,0.757407248020172
20180908,0,-9,17,15000,14226.5224609375,204.29997253418,-0.628310561180115,5.28535652160645
20180908,6,-9,17,15000,14230.978515625,204.199981689453,-1.56999027729034,3.65600109100342
20180908,12,-9,17,15000,14231.958984375,204.099975585938,-3.39887928962708,4.08998775482178
20180908,18,-9,17,15000,14241.6728515625,203.699981689453,-10.2674856185913,4.26078367233276
20180909,0,-9,17,15000,14254.853515625,203.899978637695,-9.2031888961792,0.641394019126892
20180909,6,-9,17,15000,14252.2578125,204,-7.31633806228638,-0.0831591784954071
20180909,12,-9,17,15000,14224.9765625,202.800003051758,-3.69896721839905,0.212731927633286
20180909,18,-9,17,15000,14216.9990234375,203.100006103516,-12.649977684021,-5.64204597473145
20180910,0,-9,17,15000,14229.1162109375,203.800003051758,-14.1399850845337,-8.79335403442383
20180910,6,-9,17,15000,14223.5595703125,203.961090087891,-14.0222196578979,-7.16618394851685
20180910,12,-9,17,15000,14211.56640625,204,-13.9490013122559,-7.55652332305908
20180910,18,-9,17,15000,14213.0986328125,204.5,-13.9339847564697,-9.6089334487915
20180911,0,-9,17,15000,14227.9736328125,205.138916015625,-10.3799753189087,-0.967424333095551
20180911,6,-9,17,15000,14232.4326171875,204.699996948242,-9.25198268890381,-0.978359401226044
20180911,12,-9,17,15000,14220.61328125,204.699996948242,-7.12998533248901,-1.91969966888428
20180911,18,-9,17,15000,14219.4599609375,204.727737426758,-8.17943382263184,-1.59348881244659
20180912,0,-9,17,15000,14224.3125,204.94660949707,-7.11471176147461,-0.5224609375
20180912,6,-9,17,15000,14236.4697265625,204.391021728516,-3.14471435546875,3.50886726379395
20180912,12,-9,17,15000,14213.7470703125,204.146133422852,-2.93229007720947,4.22372817993164
20180912,18,-9,17,15000,14219.6279296875,204.527542114258,-0.735764145851135,3.31664800643921
20180913,0,-9,17,15000,14224.16015625,204.631683349609,1.41609621047974,1.58225095272064
20180913,6,-9,17,15000,14226.0966796875,204.821929931641,4.77578115463257,3.19643545150757
20180913,12,-9,17,15000,14216.07421875,204.699981689453,8.21366214752197,5.09992694854736
20180913,18,-9,17,15000,14219.4140625,204.800003051758,10.839563369751,3.36448240280151
20180914,12,-9,17,15000,14223.25390625,204.302490234375,9.88498497009277,3.53597164154053
20180914,18,-9,17,15000,14219.0009765625,203.799987792969,8.424147605896,0.090825192630291
20180915,0,-9,17,15000,14225.37890625,204.099990844727,7.20001220703125,-0.327580571174622
20180915,6,-9,17,15000,14225.1435546875,204.399993896484,7.38703346252441,-1.87543451786041
20180915,12,-9,17,15000,14219.8115234375,204.599975585938,9.94419193267822,-2.25703358650208
20180915,18,-9,17,15000,14219.6923828125,204.231704711914,11.0599098205566,-4.23630619049072
20180916,0,-9,17,15000,14227.5888671875,204.08528137207,3.30258536338806,-4.33591079711914
20180916,12,-9,17,15000,14226.48828125,204.238922119141,9.02260971069336,-2.02749013900757
20180916,18,-9,17,15000,14234.0498046875,204.199996948242,7.91369867324829,-3.32725095748901
20180917,0,-9,17,15000,14242.634765625,204.099990844727,9.19083786010742,-0.542155742645264
20180917,6,-9,17,15000,14236.9189453125,204,10.5475149154663,-7.68780517578125
20180917,12,-9,17,15000,14226.599609375,203.899993896484,11.7035102844238,-12.8707008361816
20180917,18,-9,17,15000,14225.9853515625,203.699981689453,7.22405290603638,-13.9615869522095
20180918,0,-9,17,15000,14229.3974609375,203.599975585938,8.7991304397583,-12.0861787796021
20180918,6,-9,17,15000,14236.0576171875,203.699996948242,4.29377174377441,-9.32723903656006
20180918,12,-9,17,15000,14216.4345703125,203.600006103516,1.68324947357178,-7.50544166564941
20180918,18,-9,17,15000,14218.9716796875,204.399993896484,1.97590327262878,-2.49747061729431
20180919,0,-9,17,15000,14239.041015625,204.736358642578,0.485554188489914,-1.29462158679962
20180919,6,-9,17,15000,14239.4833984375,204.399993896484,0.736550271511078,-0.461320787668228
20180919,12,-9,17,15000,14238.6015625,204.520172119141,1.98314452171326,1.45768797397614
20180919,18,-9,17,15000,14238.3447265625,204.203216552734,0.629731416702271,0.432570815086365
20180920,0,-9,17,15000,14243.34375,204.455047607422,-0.0850146487355232,-3.73574948310852
20180920,6,-9,17,15000,14256.8251953125,204.5,-2.24030756950378,-2.26813220977783
20180920,12,-9,17,15000,14254.81640625,204.300018310547,-2.1716480255127,-2.24790525436401
20180920,18,-9,17,15000,14250.5849609375,203.899993896484,-2.22034907341003,-3.30373048782349
20180921,0,-9,17,15000,14260.6201171875,204.399993896484,-2.62166738510132,-8.464919090271
20180921,6,-9,17,15000,14257.572265625,203.924453735352,-1.62920415401459,-7.93886709213257
20180921,12,-9,17,15000,14235.9287109375,203.518905639648,-3.74678707122803,-4.02886962890625
20180921,18,-9,17,15000,14236.0859375,203.699996948242,-10.5541477203369,-5.9867091178894
20180922,0,-9,17,15000,14241.474609375,203.924468994141,-12.8225002288818,-4.7828221321106
20180922,6,-9,17,15000,14250.3662109375,204.978073120117,-12.2554492950439,-2.70755362510681
20180922,12,-9,17,15000,14233.8349609375,205.199996948242,-10.8407907485962,1.93097901344299
20180922,18,-9,17,15000,14241.26953125,205.399993896484,-10.605788230896,2.66017818450928
20180923,0,-9,17,15000,14249.0087890625,206,-9.44186973571777,-0.514509260654449
20180923,6,-9,17,15000,14250.75390625,205.800003051758,-12.0529365539551,-2.27019286155701
20180923,12,-9,17,15000,14235.025390625,205.399993896484,-11.1478910446167,-3.85586190223694
20180923,18,-9,17,15000,14237.9423828125,205.199996948242,-9.3593168258667,-5.59790992736816
20180924,0,-9,17,15000,14237.5537109375,204.899993896484,-12.9930610656738,-4.67650413513184
20180924,6,-9,17,15000,14237.7783203125,204,-11.6803636550903,-2.5217113494873
20180924,12,-9,17,15000,14224.53125,203,-8.03674793243408,-1.44840824604034
20180924,18,-9,17,15000,14217.552734375,203.889984130859,-12.7291622161865,-7.14476585388184
20180925,0,-9,17,15000,14229.58984375,204.908157348633,-7.80103254318237,-0.191162109375
20180925,6,-9,17,15000,14230.5712890625,205.600006103516,-6.97402095794678,4.01279067993164
20180925,12,-9,17,15000,14222.40234375,205.100006103516,-3.3647997379303,6.88871335983276
20180925,18,-9,17,15000,14231.3974609375,204.800003051758,-2.57587885856628,4.48273420333862
20180926,0,-9,17,15000,14233.2783203125,204.699996948242,-3.66993641853333,3.98478031158447
20180926,6,-9,17,15000,14238.361328125,205.19563293457,-1.10603022575378,2.63940906524658
20180926,12,-9,17,15000,14237.2958984375,205.485641479492,-2.05178475379944,1.81810545921326
20180926,18,-9,17,15000,14241.8427734375,205.258026123047,-1.20583498477936,1.73724126815796
20180927,0,-9,17,15000,14243.03125,204.806243896484,1.36807131767273,1.47065424919128
20180927,6,-9,17,15000,14239.91015625,205,1.97962892055511,0.606760263442993
20180927,12,-9,17,15000,14222.3837890625,205.29997253418,1.6325341463089,-0.241157233715057
20180927,18,-9,17,15000,14231.2578125,205.600006103516,2.62289309501648,-1.67136716842651
20180928,0,-9,17,15000,14234.697265625,205.300003051758,2.08972907066345,-3.67323732376099
20180928,6,-9,17,15000,14245.23828125,205.199996948242,0.980571269989014,-3.84232425689697
20180928,12,-9,17,15000,14238.3173828125,205,-1.17821538448334,-4.43846702575684
20180928,18,-9,17,15000,14248.4189453125,204.499969482422,-1.08221197128296,-4.1419825553894
20180929,0,-9,17,15000,14251.4912109375,204.899993896484,-7.26468276977539,7.34249496459961
20180929,6,-9,17,15000,14257.62109375,203.899993896484,-7.89801979064941,4.25278091430664
20180929,12,-9,17,15000,14243.03515625,203.600006103516,-9.70461177825928,2.1954174041748
20180929,18,-9,17,15000,14239.2939453125,203.795562744141,-10.7530221939087,-4.12469005584717
20180930,0,-9,17,15000,14243.650390625,204.100006103516,-14.7650194168091,-2.77801036834717
20180930,6,-9,17,15000,14246.1650390625,203.75944519043,-14.1274948120117,-2.89781260490417
20180930,12,-9,17,15000,14224.3203125,203.499969482422,-8.55049324035645,-13.2382640838623
20180930,18,-9,17,15000,14224.669921875,203.199981689453,-3.58261728286743,-5.25188493728638
20181001,0,-9,17,15000,14242.333984375,204.499984741211,-1.91862797737122,-7.92662620544434
20181001,6,-9,17,15000,14236.3359375,203.299987792969,-0.696647942066193,-5.53877925872803
20181001,12,-9,17,15000,14225.1875,204.499969482422,0.0633575469255447,-4.90015268325806
20181001,18,-9,17,15000,14234.5126953125,204.300003051758,0.141876220703125,-3.95247793197632
20181002,0,-9,17,15000,14236.3037109375,204.199981689453,-1.81208002567291,-1.03653812408447
20181002,6,-9,17,15000,14231.1162109375,204.5,-4.78076410293579,-2.99573731422424
20181002,12,-9,17,15000,14225.5390625,205.338912963867,-6.88739013671875,-5.48359870910645
20181002,18,-9,17,15000,14236.47265625,204.800003051758,-12.7833547592163,-4.80950212478638
20181003,0,-9,17,15000,14249.267578125,204.944091796875,-13.7789869308472,-8.10728549957275
20181003,6,-9,17,15000,14256.611328125,205,-13.3613891601563,-9.31267070770264
20181003,12,-9,17,15000,14244.4912109375,205.100006103516,-16.9294319152832,-3.84820795059204
20181003,18,-9,17,15000,14251.1298828125,205.338912963867,-21.0194339752197,1.05498290061951
20181004,0,-9,17,15000,14258.77734375,205.421920776367,-22.1305484771729,0.0950146466493607
20181004,6,-9,17,15000,14268.3212890625,205.800003051758,-17.580078125,2.26167964935303
20181004,12,-9,17,15000,14253.923828125,206.314697265625,-11.690544128418,3.56163096427917
20181004,18,-9,17,15000,14261.73828125,207.007476806641,-8.70466995239258,-1.06164789199829
20181005,0,-9,17,15000,14261.55078125,206.646148681641,-12.0629005432129,-1.11889410018921
20181005,6,-9,17,15000,14262.4091796875,205.899993896484,-10.7171316146851,-5.19177961349487
20181005,12,-9,17,15000,14245.6572265625,205.499969482422,-10.0102567672729,-6.83085203170776
20181005,18,-9,17,15000,14248.8173828125,205.199996948242,-10.4833421707153,-7.63348388671875
20181006,0,-9,17,15000,14241.3291015625,205.199996948242,-9.21062278747559,-10.1503591537476
20181006,6,-9,17,15000,14249.1640625,204.953887939453,-7.49291753768921,-8.67372035980225
20181006,12,-9,17,15000,14232.587890625,205.100006103516,-3.73872804641724,-8.66124057769775
20181006,18,-9,17,15000,14239.01171875,204.848922729492,0.973029792308807,-8.32243156433105
20181007,0,-9,17,15000,14239.91015625,204.778076171875,-3.03501582145691,-11.051775932312
20181007,6,-9,17,15000,14238.28515625,205.021926879883,-2.28592824935913,-12.3278932571411
20181007,12,-9,17,15000,14226.8115234375,205.300003051758,-0.684677124023438,-8.19353675842285
20181007,18,-9,17,15000,14230.1572265625,205.12190246582,-1.35030055046082,-10.0849733352661
20181008,0,-9,17,15000,14233.5546875,205.300003051758,-5.32438707351685,-6.90240240097046
20181008,6,-9,17,15000,14236.6298828125,205.199981689453,-5.16851568222046,-3.35169911384583
20181008,12,-9,17,15000,14218.8779296875,205.100006103516,-2.99742197990417,-2.89191889762878
20181008,18,-9,17,15000,14223.41796875,204.600006103516,-2.4690625667572,-3.5078661441803
20181009,0,-9,17,15000,14216.4296875,204.699752807617,-1.82049071788788,0.338359385728836
20181009,6,-9,17,15000,14233.6953125,205.100006103516,0.837478041648865,0.153227537870407
20181009,12,-9,17,15000,14222.509765625,204.399978637695,3.3875560760498,-0.754477560520172
20181009,18,-9,17,15000,14221.46875,204.107467651367,2.53995108604431,-0.170981451869011
20181010,0,-9,17,15000,14229.1904296875,204.03889465332,1.32526361942291,4.9761815071106
20181010,6,-9,17,15000,14230.181640625,203.699996948242,0.756372094154358,5.62623310089111
20181010,12,-9,17,15000,14216.3759765625,204.600006103516,4.78333234786987,6.02576398849487
20181010,18,-9,17,15000,14224.1513671875,204.799987792969,8.65144062042236,2.66279792785645
20181011,0,-9,17,15000,14231.1220703125,205.206985473633,11.6701974868774,1.40399169921875
20181011,6,-9,17,15000,14232.705078125,205.100006103516,11.6252145767212,-0.0280175786465406
20181011,12,-9,17,15000,14226.0859375,205.100006103516,11.4200830459595,-1.87652349472046
20181011,18,-9,17,15000,14224.9697265625,205.099975585938,10.5206689834595,-2.73785161972046
20181012,0,-9,17,15000,14226.9912109375,205.099975585938,11.3333787918091,-3.74794435501099
20181012,6,-9,17,15000,14225.396484375,204.699996948242,11.9465141296387,-4.30877923965454
20181012,12,-9,17,15000,14214.0810546875,204.499984741211,12.8334398269653,-4.28916501998901
20181012,18,-9,17,15000,14210.599609375,204.399993896484,12.0284032821655,-4.20037126541138
20181013,0,-9,17,15000,14216.755859375,204.799758911133,10.7314481735229,-1.45606935024261
20181013,6,-9,17,15000,14224.52734375,204.546112060547,11.2279834747314,1.16094970703125
20181013,12,-9,17,15000,14220.1640625,204.300003051758,12.9817457199097,1.34269535541534
20181013,18,-9,17,15000,14220.240234375,204,13.7761745452881,-0.946606457233429
20181014,0,-9,17,15000,14219.48828125,204.399993896484,16.7045459747314,-2.05287098884583
20181014,6,-9,17,15000,14226.7177734375,203.699996948242,18.5387630462646,-1.63553714752197
20181014,12,-9,17,15000,14215.111328125,203.399993896484,15.9985084533691,-2.89137697219849
20181014,18,-9,17,15000,14218.2626953125,203.599990844727,17.557409286499,-5.5033106803894
20181015,0,-9,17,15000,14228.63671875,203,11.3288698196411,0.0655419901013374
20181015,6,-9,17,15000,14224.884765625,202.5,8.10825443267822,2.97562503814697
20181015,12,-9,17,15000,14200.9013671875,203.617233276367,7.4545726776123,-1.24448728561401
20181015,18,-9,17,15000,14217.412109375,203.699996948242,5.01047849655151,5.51113748550415
20181016,0,-9,17,15000,14225.58203125,203.899993896484,3.60531497001648,5.34586429595947
20181016,6,-9,17,15000,14232.8564453125,203.599975585938,3.5544970035553,6.96719217300415
20181016,12,-9,17,15000,14211.958984375,204.100006103516,7.8436598777771,5.04580068588257
20181016,18,-9,17,15000,14215.8212890625,203.699996948242,6.80834722518921,7.42442893981934
20181017,0,-9,17,15000,14222.5791015625,204.600006103516,8.18148231506348,8.38712406158447
20181017,6,-9,17,15000,14239.083984375,204.206970214844,12.0930786132813,6.84403800964355
20181017,12,-9,17,15000,14223.9013671875,203.199981689453,11.1935691833496,5.17544412612915
20181017,18,-9,17,15000,14222.7548828125,203.232131958008,13.6915969848633,0.829313993453979
20181018,0,-9,17,15000,14222.5048828125,203.736373901367,12.6910982131958,3.48601317405701
20181018,6,-9,17,15000,14226.0537109375,203.700012207031,12.588342666626,1.65496826171875
20181018,12,-9,17,15000,14214.431640625,203.5,8.64252185821533,-0.384287118911743
20181018,18,-9,17,15000,14211.7841796875,203.199996948242,6.3787522315979,-1.45141112804413
20181019,0,-9,17,15000,14216.5654296875,203.799987792969,10.6295309066772,-2.06582021713257
20181019,6,-9,17,15000,14219.5673828125,203.999984741211,13.0552730560303,0.486596673727036
20181019,18,-9,17,15000,14214.630859375,203.496551513672,8.5705738067627,3.59953618049622
20181020,0,-9,17,15000,14216.2236328125,204.199996948242,7.73328590393066,4.45136737823486
20181020,6,-9,17,15000,14229.80078125,205,8.48061561584473,3.79687023162842
20181020,12,-9,17,15000,14217.5546875,204.899993896484,11.4013748168945,-0.0911010727286339
20181020,18,-9,17,15000,14223.4404296875,204.699981689453,13.211296081543,0.125922858715057
20181021,0,-9,17,15000,14227.892578125,205.100006103516,11.9406814575195,-1.1900634765625
20181021,6,-9,17,15000,14236.494140625,204.699996948242,9.32056427001953,2.28530526161194
20181021,12,-9,17,15000,14225.587890625,204.638916015625,8.49292278289795,1.21811282634735
20181021,18,-9,17,15000,14227.4072265625,204.399993896484,9.16880130767822,-0.11100097745657
20181022,0,-9,17,15000,14238.87890625,204.800003051758,3.70000243186951,1.60737550258636
20181022,6,-9,17,15000,14252.5673828125,204.864105224609,-0.527927219867706,4.02406740188599
20181022,12,-9,17,15000,14246.07421875,204.243118286133,6.18439197540283,-0.772067844867706
20181022,18,-9,17,15000,14245.9052734375,203.899993896484,12.6307468414307,-4.06289052963257
20181023,0,-9,17,15000,14258.1708984375,204.199981689453,9.68220901489258,-4.1949634552002
20181023,6,-9,17,15000,14266.00390625,204.369293212891,4.17984390258789,-3.52529549598694
20181023,12,-9,17,15000,14249.447265625,203.886138916016,5.8305344581604,-8.67036151885986
20181023,18,-9,17,15000,14252.03515625,203.199981689453,2.10813236236572,-8.55774402618408
20181024,0,-9,17,15000,14259.9609375,204.199981689453,1.08394038677216,-8.60694789886475
20181024,6,-9,17,15000,14264.712890625,204.399978637695,2.62570071220398,-12.6785936355591
20181024,12,-9,17,15000,14260.1904296875,204.484512329102,0.994555652141571,-13.5586128234863
20181024,18,-9,17,15000,14263.4833984375,204.699996948242,0.301289051771164,-17.4660758972168
20181025,0,-9,17,15000,14271.0302734375,204.794769287109,-2.9458692073822,-10.4030151367188
20181025,6,-9,17,15000,14282.0537109375,204.90559387207,-2.99750971794128,-6.7365550994873
20181025,12,-9,17,15000,14276.400390625,204.699981689453,-2.50696039199829,-2.77857899665833
20181025,18,-9,17,15000,14276.369140625,204.613494873047,-3.18134522438049,-3.69001221656799
20181026,0,-9,17,15000,14273.298828125,204.703475952148,-6.19216299057007,4.18266344070435
20181026,6,-9,17,15000,14279.9521484375,205.370849609375,-4.20802736282349,13.3515186309814
20181026,12,-9,17,15000,14272.2216796875,205.529144287109,2.18048095703125,8.78509044647217
20181026,18,-9,17,15000,14269.7900390625,205.0673828125,3.97600102424622,2.83733153343201
20181027,0,-9,17,15000,14273.85546875,205.338912963867,3.26156735420227,-1.20678222179413
20181027,6,-9,17,15000,14274.2109375,205.399993896484,4.82544660568237,-2.16005849838257
20181027,12,-9,17,15000,14263.5888671875,205.353363037109,4.56666278839111,-4.14194822311401
20181027,18,-9,17,15000,14264.1171875,204.899993896484,4.34000492095947,-5.24471664428711
20181028,0,-9,17,15000,14263.0927734375,205,5.1399998664856,-7.7263035774231
20181028,6,-9,17,15000,14258.056640625,204.599975585938,3.44361567497253,-7.42139148712158
20181028,12,-9,17,15000,14240.2421875,204.399993896484,0.902875959873199,-3.08471202850342
20181028,18,-9,17,15000,14246.76171875,205.599975585938,2.35763430595398,-4.70705080032349
20181029,0,-9,17,15000,14250.5673828125,206,2.97559809684753,-7.50731945037842
20181029,6,-9,17,15000,14261.55859375,205.199981689453,3.06442141532898,-7.77858400344849
20181029,12,-9,17,15000,14242.3359375,204.199981689453,0.471613764762878,-4.69088888168335
20181029,18,-9,17,15000,14244.017578125,203.600006103516,-1.66585445404053,-0.218906253576279
20181030,0,-9,17,15000,14242.3095703125,203.899993896484,-3.42055416107178,0.774121105670929
20181030,6,-9,17,15000,14250.9658203125,203.619644165039,-5.70932626724243,4.97904300689697
20181030,12,-9,17,15000,14234.0048828125,203.907485961914,-8.01998805999756,4.9302830696106
20181030,18,-9,17,15000,14238.798828125,204.5,-8.91199970245361,9.45285606384277
20181031,0,-9,17,15000,14235.4453125,203.914688110352,-11.2728414535522,10.5185203552246
20181031,6,-9,17,15000,14232.087890625,203.599975585938,-7.23665285110474,6.55241680145264
20181031,12,-9,17,15000,14221.5341796875,204.399993896484,-2.70221424102783,0.0492138676345348
20181031,18,-9,17,15000,14228.49609375,205.100006103516,-2.42992687225342,-3.3563232421875
20181101,0,-9,17,15000,14238.330078125,205.399993896484,-12.0361013412476,-1.9679833650589
20181101,6,-9,17,15000,14242.9951171875,203.899993896484,-11.4928255081177,5.27735328674316
20181101,12,-9,17,15000,14222.9833984375,204.375549316406,-4.11832904815674,1.01698732376099
20181101,18,-9,17,15000,14221.142578125,203.800003051758,-5.97701072692871,-7.57107400894165
20181102,0,-9,17,15000,14223.0361328125,204.300003051758,-6.01557350158691,-8.92466354370117
20181102,6,-9,17,15000,14235.693359375,205.100006103516,-7.60974836349487,-5.43428707122803
20181102,12,-9,17,15000,14222.18359375,205.400024414063,-7.38228893280029,-5.20779275894165
20181102,18,-9,17,15000,14211.537109375,204.568313598633,-5.42925882339478,-4.51711893081665
20181103,0,-9,17,15000,14205.5947265625,205.100006103516,-2.53816294670105,-5.38801765441895
20181103,6,-9,17,15000,14209.28125,205.5,0.192380368709564,-4.10352802276611
20181103,12,-9,17,15000,14200.7099609375,205.5,2.68725824356079,-5.0691237449646
20181103,18,-9,17,15000,14207.923828125,204.685302734375,2.9522020816803,2.15765619277954
20181104,0,-9,17,15000,14214.0576171875,204.094528198242,0.607597649097443,6.64108419418335
20181104,6,-9,17,15000,14215.6123046875,203.800018310547,4.18821287155151,6.98117208480835
20181104,12,-9,17,15000,14208.322265625,204.600021362305,2.92500972747803,8.71074676513672
20181104,18,-9,17,15000,14219.2763671875,205.143600463867,6.92314195632935,10.1230659484863
20181105,0,-9,17,15000,14228.134765625,205.199996948242,8.86160564422607,6.22266340255737
20181105,6,-9,17,15000,14238.1337890625,204.204116821289,4.67489242553711,5.01349115371704
20181105,12,-9,17,15000,14234.98828125,204.236358642578,3.46832752227783,5.42147207260132
20181105,18,-9,17,15000,14260.3740234375,204,-8.04965305328369,-0.259187012910843
20181106,0,-9,17,15000,14262.3037109375,204.699996948242,-5.4799976348877,1.4400976896286
20181106,6,-9,17,15000,14248.22265625,204.363647460938,-0.823984384536743,3.35095453262329
20181106,12,-9,17,15000,14222.6103515625,203.590194702148,3.84569096565247,-0.408027350902557
20181106,18,-9,17,15000,14219.5498046875,203.782852172852,2.3807373046875,-2.04028558731079
20181107,0,-9,17,15000,14225.55078125,205.199996948242,2.92542243003845,-7.3421950340271
20181107,6,-9,17,15000,14226.173828125,204.899993896484,1.39307367801666,-11.7422580718994
20181107,12,-9,17,15000,14219.2841796875,204.620483398438,4.61061763763428,-8.52932834625244
20181107,18,-9,17,15000,14219.900390625,204.866485595703,7.59293937683105,-10.4183053970337
20181108,0,-9,17,15000,14219.8408203125,205.5,8.97334957122803,-3.89465808868408
20181108,6,-9,17,15000,14235.5771484375,205.800003051758,11.8532295227051,-0.220317378640175
20181108,12,-9,17,15000,14237.9951171875,205.800003051758,11.1906099319458,3.8907299041748
20181108,18,-9,17,15000,14245.96484375,205.699996948242,17.8419380187988,1.40228033065796
20181109,0,-9,17,15000,14258.5087890625,205.224456787109,13.4398880004883,6.2797999382019
20181109,6,-9,17,15000,14267.962890625,205.300003051758,11.0279331207275,5.49764394760132
20181109,12,-9,17,15000,14259.73828125,205.199996948242,9.81949615478516,2.77454829216003
20181109,18,-9,17,15000,14272.1640625,205.399993896484,18.114953994751,1.05581057071686
20181110,0,-9,17,15000,14283.3740234375,205.5,13.2915916442871,-2.87882804870605
20181110,6,-9,17,15000,14289.1259765625,204.299987792969,3.34430408477783,-0.959277331829071
20181110,12,-9,17,15000,14271.7109375,204.899993896484,1.56485593318939,-4.7034592628479
20181110,18,-9,17,15000,14271.1572265625,204.799987792969,7.02277946472168,-1.41806638240814
20181111,0,-9,17,15000,14274.18359375,204.5,4.10375261306763,-1.05495846271515
20181111,6,-9,17,15000,14269.2041015625,204.600006103516,5.2905125617981,0.561816394329071
20181111,12,-9,17,15000,14244.7978515625,205.100006103516,11.7286691665649,-3.41371822357178
20181111,18,-9,17,15000,14245.275390625,205.600006103516,13.9527540206909,-5.42959976196289
20181112,0,-9,17,15000,14245.0361328125,205.5,11.9146432876587,-0.988125026226044
20181112,6,-9,17,15000,14246.9013671875,206,18.3339309692383,-0.529399394989014
20181112,12,-9,17,15000,14228.5771484375,205.899993896484,18.9352531433105,-2.44933605194092
20181112,18,-9,17,15000,14228.236328125,206.600006103516,18.3512916564941,-5.50632953643799
20181113,0,-9,17,15000,14237.619140625,206.699996948242,14.5421733856201,-5.15229797363281
20181113,6,-9,17,15000,14253.0087890625,206.300003051758,15.4688234329224,-6.0126953125
20181113,12,-9,17,15000,14249.0234375,206,22.6615543365479,-5.07287311553955
20181113,18,-9,17,15000,14253.2451171875,205.899978637695,21.2489891052246,-6.38039255142212
20181114,0,-9,17,15000,14266.6279296875,206,14.8489456176758,-3.56784963607788
20181114,6,-9,17,15000,14279.87890625,206,12.7007446289063,-4.86765432357788
20181114,12,-9,17,15000,14272.0390625,205.699996948242,15.0636672973633,-8.47038078308105
20181114,18,-9,17,15000,14278.669921875,205.300003051758,11.9450073242188,-11.6583061218262
20181115,0,-9,17,15000,14279.0615234375,205.300003051758,12.1300001144409,-3.94523191452026
20181115,6,-9,17,15000,14289.8779296875,206,8.40234279632568,7.87871074676514
20181115,12,-9,17,15000,14268.2314453125,205.300003051758,3.35159921646118,1.99418699741364
20181115,18,-9,17,15000,14273.8623046875,205,4.54276371002197,2.60378670692444
20181116,0,-9,17,15000,14271.3203125,205.5,-1.49582278728485,4.60999250411987
20181116,6,-9,17,15000,14273.888671875,205.118865966797,-0.530375957489014,2.41812992095947
20181116,12,-9,17,15000,14256.7353515625,205.241973876953,9.63375282287598,0.4588623046875
20181116,18,-9,17,15000,14253.615234375,204.700927734375,9.02591514587402,1.43229007720947
20181117,0,-9,17,15000,14249.7646484375,205.010009765625,11.8158645629883,-1.07230222225189
20181117,6,-9,17,15000,14255.830078125,205.199996948242,13.089147567749,-0.667531728744507
20181117,12,-9,17,15000,14242.3212890625,204.870849609375,14.0002756118774,3.46145510673523
20181117,18,-9,17,15000,14240.7578125,205.399993896484,17.1176376342773,2.28273916244507
20181118,0,-9,17,15000,14242.80078125,205.899993896484,13.9607934951782,5.12683582305908
20181118,6,-9,17,15000,14258.787109375,204.5,8.90445041656494,5.26882314682007
20181118,12,-9,17,15000,14243.4521484375,203.699996948242,7.38355445861816,5.54228019714355
20181118,18,-9,17,15000,14242.48828125,205.600006103516,11.3271436691284,4.6287693977356
20181119,0,-9,17,15000,14250.0625,206.899993896484,10.9565896987915,4.76672840118408
20181119,6,-9,17,15000,14259.5009765625,207.092529296875,13.8028516769409,4.99728536605835
20181119,12,-9,17,15000,14259.6552734375,207.5,17.7741317749023,3.27643799781799
20181119,18,-9,17,15000,14266.1416015625,206.899978637695,23.7500057220459,4.61171627044678
20181120,0,-9,17,15000,14262.2724609375,205.314697265625,17.1085090637207,1.67601811885834
20181120,6,-9,17,15000,14267.361328125,205.046112060547,17.7856903076172,-1.60768556594849
20181120,12,-9,17,15000,14258.4345703125,205.800003051758,18.2955570220947,-4.60987043380737
20181120,18,-9,17,15000,14260.9326171875,206.399993896484,17.0146942138672,-1.0844384431839
20181121,0,-9,17,15000,14265.173828125,206.300003051758,15.1355590820313,-1.56397461891174
20181121,6,-9,17,15000,14270.7783203125,205.899978637695,17.7800025939941,-5.50548839569092
20181121,12,-9,17,15000,14264.0791015625,205.586456298828,18.7199935913086,-5.81580543518066
20181121,18,-9,17,15000,14267.7646484375,204.999969482422,12.2776021957397,1.43202149868011
20181122,0,-9,17,15000,14272.662109375,204.999969482422,3.27925539016724,9.17189979553223
20181122,6,-9,17,15000,14270.958984375,205.246612548828,3.30660152435303,5.61465311050415
20181122,12,-9,17,15000,14253.66796875,205.499969482422,12.8867483139038,0.921279311180115
20181122,18,-9,17,15000,14261.5810546875,205.899993896484,17.5500030517578,-1.76587402820587
20181123,0,-9,17,15000,14259.7333984375,206.29997253418,14.5971536636353,-1.27049314975739
20181123,6,-9,17,15000,14267.275390625,205.399978637695,11.5433320999146,3.23226070404053
20181123,12,-9,17,15000,14249.9423828125,204.393020629883,4.5,0.1845703125
20181123,18,-9,17,15000,14248.974609375,204.5,8.365553855896,0.108442381024361
20181124,0,-9,17,15000,14245.6640625,205.199996948242,11.8122291564941,2.14047360420227
20181124,6,-9,17,15000,14245.275390625,205.899993896484,8.52126502990723,1.55999267101288
20181124,12,-9,17,15000,14228.9072265625,205.199981689453,8.48976039886475,1.81458985805511
20181124,18,-9,17,15000,14237.8076171875,205.100006103516,2.02056407928467,3.09432363510132
20181125,0,-9,17,15000,14251.05078125,205.600006103516,-2.98097157478333,2.30351066589355
20181125,6,-9,17,15000,14264.1123046875,205.100006103516,-4.46074485778809,0.494492173194885
20181125,12,-9,17,15000,14255.5771484375,204.899993896484,-2.45135736465454,0.668288588523865
20181125,18,-9,17,15000,14257.57421875,205,-4.12698984146118,-1.84743404388428
20181126,0,-9,17,15000,14265.6650390625,204.888061523438,-5.93922853469849,7.8261570930481
20181126,6,-9,17,15000,14281.0146484375,204.799987792969,-3.59275150299072,10.4682083129883
20181126,12,-9,17,15000,14258.76171875,204,-0.886672377586365,4.64283180236816
20181126,18,-9,17,15000,14268.05859375,204.499984741211,3.03539800643921,3.48702883720398
20181127,0,-9,17,15000,14277.1474609375,204.900024414063,2.1157054901123,5.3298487663269
20181127,6,-9,17,15000,14285.9453125,204.794723510742,-3.17362785339355,5.26211404800415
20181127,12,-9,17,15000,14274.2734375,204.199996948242,-2.90331554412842,4.20751714706421
20181127,18,-9,17,15000,14268.5009765625,204,-0.192285150289536,-3.19729256629944
20181128,0,-9,17,15000,14265.6513671875,205.199996948242,2.04082775115967,-3.79722166061401
20181128,6,-9,17,15000,14262.869140625,205.187210083008,3.60208749771118,-5.7927393913269
20181128,12,-9,17,15000,14249.0791015625,205.1474609375,6.18464851379395,-5.59123516082764
20181128,18,-9,17,15000,14247.8271484375,204.399993896484,6.31928443908691,1.83820068836212
20181129,0,-9,17,15000,14244.8212890625,204.100006103516,4.24812984466553,5.16787099838257
20181129,6,-9,17,15000,14248.2041015625,203.5,1.14060795307159,3.02379894256592
20181129,12,-9,17,15000,14229.46875,204.172775268555,-1.23828613758087,1.98117923736572
20181129,18,-9,17,15000,14228.6552734375,204.299987792969,-3.61082649230957,9.59530544281006
20181130,0,-9,17,15000,14226.537109375,204.531936645508,1.63757085800171,10.0870723724365
20181130,6,-9,17,15000,14228.84375,204.699996948242,3.43146848678589,12.3029003143311
20181130,12,-9,17,15000,14221.77734375,205.034454345703,7.79685163497925,12.2101707458496
20181130,18,-9,17,15000,14229.5986328125,205.300003051758,14.7293386459351,7.05834484100342
20181201,0,-9,17,15000,14224.7822265625,205.600006103516,16.2796859741211,9.316650390625
20181201,6,-9,17,15000,14233.19140625,206,15.5733671188354,8.61611366271973
20181201,12,-9,17,15000,14229.736328125,205.800003051758,17.0574073791504,8.70552253723145
20181201,18,-9,17,15000,14229.2412109375,206,18.6677837371826,2.57554697990417
20181202,0,-9,17,15000,14227.3974609375,205.399993896484,22.034065246582,-2.52446055412292
20181202,6,-9,17,15000,14230.912109375,205,19.7953300476074,0.361669927835464
20181202,12,-9,17,15000,14214.259765625,204.190399169922,16.5363235473633,3.42333006858826
20181202,18,-9,17,15000,14214.4873046875,204.446502685547,15.7649955749512,2.42704582214355
20181203,0,-9,17,15000,14209.9326171875,204.800003051758,18.4127140045166,1.36843752861023
20181203,6,-9,17,15000,14217.3515625,204.065551757813,10.5978689193726,0.207622066140175
20181203,12,-9,17,15000,14195.138671875,203.399841308594,19.7362003326416,-5.56083250045776
20181203,18,-9,17,15000,14197.3701171875,203.412796020508,16.7432041168213,-9.32493877410889
20181204,0,-9,17,15000,14190.41796875,204.105545043945,17.9903602600098,-10.9596681594849
20181204,6,-9,17,15000,14197.912109375,204.501678466797,16.6808376312256,-9.33642101287842
20181204,12,-9,17,15000,14193.2021484375,204.5,15.3681783676147,-9.98985862731934
20181204,18,-9,17,15000,14196.2626953125,204.602905273438,11.0075244903564,-11.142786026001
20181205,0,-9,17,15000,14194.916015625,204.87353515625,10.08740234375,-9.80594444274902
20181205,6,-9,17,15000,14209.53515625,205.199996948242,10.4860744476318,-10.9628343582153
20181205,12,-9,17,15000,14200.30859375,205.199996948242,8.9538745880127,-13.9393062591553
20181205,18,-9,17,15000,14206.8212890625,204.800003051758,4.55459213256836,-17.3456153869629
20181206,0,-9,17,15000,14211.8447265625,204.600006103516,1.65130853652954,-18.0267868041992
20181206,6,-9,17,15000,14228.486328125,204.385955810547,1.44502925872803,-18.5025043487549
20181206,12,-9,17,15000,14226.806640625,204.399993896484,4.71300792694092,-16.1830425262451
20181206,18,-9,17,15000,14257.7783203125,205.096237182617,8.90671348571777,-12.7326955795288
20181207,0,-9,17,15000,14234.412109375,205.018951416016,9.6831693649292,-11.1789283752441
20181207,6,-9,17,15000,14244.9912109375,205.099975585938,10.2014131546021,-7.1917872428894
20181207,12,-9,17,15000,14232.32421875,204.384918212891,0.812783181667328,-1.25610840320587
20181207,18,-9,17,15000,14232.1552734375,204.29052734375,1.06283688545227,-2.85383057594299
20181208,0,-9,17,15000,14240.068359375,204.141372680664,0.330754399299622,-1.67794919013977
20181208,6,-9,17,15000,14254.9736328125,204.5,-4.75856924057007,-4.12348127365112
20181208,12,-9,17,15000,14248.15625,204.02864074707,-4.18815422058105,-5.4281153678894
20181208,18,-9,17,15000,14229.294921875,203.100021362305,5.77179670333862,-6.81768798828125
20181209,0,-9,17,15000,14232.1962890625,204.100006103516,11.3705835342407,-9.39331340789795
20181209,6,-9,17,15000,14241.3125,204.199996948242,8.16401386260986,-4.40095233917236
20181209,12,-9,17,15000,14227.634765625,204.699996948242,11.1356468200684,-3.40987062454224
20181209,18,-9,17,15000,14241.51953125,205.199996948242,10.7059421539307,-0.805722653865814
20181210,0,-9,17,15000,14254.0703125,206.443893432617,4.9586181640625,5.22986316680908
20181210,6,-9,17,15000,14261.42578125,206.100006103516,8.07707023620605,9.06889152526855
20181210,12,-9,17,15000,14265.625,206.100006103516,9.55737590789795,11.4734439849854
20181210,18,-9,17,15000,14277.2138671875,206.100006103516,10.5987911224365,10.5237369537354
20181211,0,-9,17,15000,14279.45703125,205.9599609375,6.34002065658569,7.50010061264038
20181211,6,-9,17,15000,14287.5908203125,206.000030517578,4.90555191040039,5.89249992370605
20181211,12,-9,17,15000,14279.24609375,206.108932495117,4.70000267028809,5.37393045425415
20181211,18,-9,17,15000,14278.91796875,205.953582763672,6.15096187591553,2.71968984603882
20181212,0,-9,17,15000,14277.6416015625,205.899993896484,8.3936128616333,2.74049806594849
20181212,6,-9,17,15000,14280.2529296875,205.399993896484,9.48167037963867,3.77476572990417
20181212,12,-9,17,15000,14263.916015625,204.600158691406,12.6374387741089,2.1156542301178
20181212,18,-9,17,15000,14260.5341796875,204.600006103516,12.1841554641724,-2.94457530975342
20181213,0,-9,17,15000,14261.6015625,205.300003051758,16.4372978210449,1.1182519197464
20181213,6,-9,17,15000,14269.642578125,205.398071289063,23.0499629974365,6.54107904434204
20181213,12,-9,17,15000,14263.2998046875,205.600006103516,19.3199996948242,10.4824657440186
20181213,18,-9,17,15000,14261.8974609375,205.350830078125,14.7539405822754,12.9513912200928
20181214,0,-9,17,15000,14260.2529296875,205.699249267578,16.8199996948242,13.2793111801147
20181214,6,-9,17,15000,14265.00390625,205.800003051758,29.701789855957,5.99057626724243
20181214,12,-9,17,15000,14248.669921875,205.356399536133,33.0576972961426,5.22833490371704
20181214,18,-9,17,15000,14258.53515625,205.396240234375,31.6000080108643,5.0577073097229
20181215,0,-9,17,15000,14267.6416015625,205.300003051758,29.4484062194824,2.07304930686951
20181215,6,-9,17,15000,14274.7158203125,205.15803527832,22.1827754974365,3.31850099563599
20181215,12,-9,17,15000,14258.15625,204.600006103516,18.550012588501,0.464006334543228
20181215,18,-9,17,15000,14258.5439453125,204.199996948242,13.8700046539307,-2.87029051780701
20181216,0,-9,17,15000,14262.3486328125,204.100006103516,17.3120613098145,1.23337650299072
20181216,6,-9,17,15000,14274.1328125,204.399993896484,15.9500370025635,1.88184082508087
20181216,12,-9,17,15000,14260.1650390625,205.399993896484,8.79916286468506,-2.03338384628296
20181216,18,-9,17,15000,14274.4990234375,205.436614990234,4.1087646484375,-6.2342529296875
20181217,0,-9,17,15000,14278.0791015625,205.480804443359,7.79880857467651,-3.00140142440796
20181217,6,-9,17,15000,14299.5712890625,206.019165039063,11.6956176757813,-3.45559072494507
20181217,12,-9,17,15000,14291.7470703125,206.600006103516,10.9865379333496,-3.59652352333069
20181217,18,-9,17,15000,14306.06640625,206.5,15.0198392868042,-10.7259035110474
20181218,0,-9,17,15000,14283.9853515625,206.433258056641,12.4475536346436,-15.7626514434814
20181218,6,-9,17,15000,14290.3974609375,207.235763549805,12.8299779891968,-14.6141109466553
20181218,12,-9,17,15000,14279.744140625,207.5,8.67088890075684,-13.5568408966064
