20180720,0,-43,109,40000,7536.373046875,251.5,2.30262756347656,-8.98466777801514
20180720,6,-43,109,40000,7553.05517578125,251.685272216797,3.56010746955872,-2.92277836799622
20180720,12,-43,109,40000,7570.1337890625,251.899993896484,2.67683720588684,-3.88837289810181
20180720,18,-43,109,40000,7579.0908203125,251.985305786133,-0.924200415611267,-1.11113286018372
20180721,0,-43,109,40000,7578.92626953125,252.114700317383,-3.28672480583191,3.77933359146118
20180721,6,-43,109,40000,7571.26611328125,252.29997253418,1.86509394645691,6.61613750457764
20180721,12,-43,109,40000,7566.0283203125,252.199996948242,0.182672113180161,9.70451068878174
20180721,18,-43,109,40000,7571.93798828125,252.899993896484,0.769421398639679,9.09613609313965
20180722,0,-43,109,40000,7579.8193359375,254.899993896484,-3.15118408203125,9.46137714385986
20180722,6,-43,109,40000,7577.751953125,256.200012207031,-6.60851430892944,13.0127744674683
20180722,12,-43,109,40000,7572.97509765625,257.200012207031,-2.86178588867188,17.4642391204834
20180722,18,-43,109,40000,7587.20068359375,257.200012207031,3.90490102767944,20.3303165435791
20180723,0,-43,109,40000,7603.0419921875,256.699981689453,3.21170663833618,16.2915954589844
20180723,6,-43,109,40000,7608.7724609375,255.899978637695,0.73329770565033,15.5143918991089
20180723,12,-43,109,40000,7619.3798828125,255.699996948242,4.35257577896118,14.2964687347412
20180723,18,-43,109,40000,7639.9638671875,256.337738037109,2.52774667739868,13.1397705078125
20180724,0,-43,109,40000,7648.5595703125,256.799987792969,-0.6878662109375,10.1043338775635
20180724,6,-43,109,40000,7639.8251953125,255.399993896484,-3.88026738166809,7.58376455307007
20180724,12,-43,109,40000,7635.65380859375,255.399978637695,-1.78958249092102,9.83390140533447
20180724,18,-43,109,40000,7632.599609375,255.498489379883,-2.29004883766174,7.58098649978638
20180725,0,-43,109,40000,7614.8935546875,254.800048828125,-2.90058279037476,7.75217914581299
20180725,6,-43,109,40000,7589.02490234375,254.100006103516,0.0869628936052322,5.56449604034424
20180725,12,-43,109,40000,7573.67138671875,253.986038208008,3.43601679801941,2.15858769416809
20180725,18,-43,109,40000,7569.70703125,256,10.8829298019409,9.14597702026367
20180726,0,-43,109,40000,7552.32421875,256.368316650391,7.85509777069092,14.2651271820068
20180726,6,-43,109,40000,7524.41015625,256.431701660156,9.01330089569092,18.4774112701416
20180726,12,-43,109,40000,7503.76318359375,255.199996948242,10.5285692214966,16.3975391387939
20180726,18,-43,109,40000,7497.626953125,254.267868041992,11.2193431854248,15.4106931686401
20180727,0,-43,109,40000,7504.44384765625,252.800003051758,16.4949836730957,8.70903778076172
20180727,6,-43,109,40000,7508.072265625,253.300003051758,17.0645332336426,13.8597021102905
20180727,12,-43,109,40000,7507.59765625,253.775192260742,16.5498657226563,18.407154083252
20180727,18,-43,109,40000,7510.296875,252.977142333984,21.0233001708984,17.5641498565674
20180728,0,-43,109,40000,7509.08740234375,252.699981689453,17.257740020752,15.4824028015137
20180728,6,-43,109,40000,7491.494140625,252.5,14.2767477035522,16.905424118042
20180728,12,-43,109,40000,7481.05810546875,250.800003051758,21.575590133667,20.2387962341309
20180728,18,-43,109,40000,7487.81298828125,250.485748291016,25.1363277435303,15.7374610900879
20180729,0,-43,109,40000,7481.93017578125,250.699996948242,19.8733749389648,18.1158504486084
20180729,6,-43,109,40000,7453.18115234375,251.899993896484,30.475736618042,17.6359081268311
20180729,12,-43,109,40000,7472.1435546875,250.199996948242,25.0377349853516,15.8497657775879
20180729,18,-43,109,40000,7467.81982421875,249.5,24.8776702880859,11.8343753814697
20180730,0,-43,109,40000,7471.01416015625,250.845306396484,31.2306442260742,8.40953159332275
20180730,6,-43,109,40000,7474.51123046875,251.936233520508,28.5459098815918,7.04610347747803
20180730,12,-43,109,40000,7493.62060546875,251.814697265625,25.2927646636963,8.80672645568848
20180730,18,-43,109,40000,7504.5185546875,251.721923828125,24.689525604248,5.27934551239014
20180731,0,-43,109,40000,7507.18359375,251.692535400391,16.0550022125244,-0.94140625
20180731,6,-43,109,40000,7508.21826171875,251.899978637695,17.6824893951416,6.29736328125
20180731,12,-43,109,40000,7516.1318359375,252.447235107422,27.4376335144043,6.60554218292236
20180731,18,-43,109,40000,7542.68017578125,253.800689697266,23.972095489502,2.70903325080872
20180801,0,-43,109,40000,7565.89453125,254.560592651367,17.0973205566406,1.04680478572845
20180801,6,-43,109,40000,7581.38232421875,255.286041259766,13.5501155853271,3.35806584358215
20180801,12,-43,109,40000,7590.080078125,256.000244140625,16.6731147766113,7.73102426528931
20180801,18,-43,109,40000,7598.96142578125,256.700012207031,18.2263889312744,10.1750059127808
20180802,0,-43,109,40000,7600.166015625,256.100006103516,20.0111331939697,9.80149555206299
20180802,6,-43,109,40000,7596.72119140625,254.899993896484,18.550479888916,13.4980955123901
20180802,12,-43,109,40000,7594.92236328125,254.899993896484,21.1830711364746,16.2349605560303
20180802,18,-43,109,40000,7600.609375,255.5,21.157247543335,20.0180168151855
20180803,0,-43,109,40000,7603.1689453125,255.592529296875,20.7393188476563,16.2973518371582
20180803,6,-43,109,40000,7595.0595703125,254.838912963867,18.1443424224854,14.4060182571411
20180803,12,-43,109,40000,7589.82568359375,254.600006103516,17.0063877105713,14.1467590332031
20180803,18,-43,109,40000,7598.78369140625,255.221923828125,16.9273948669434,14.7267208099365
20180804,0,-43,109,40000,7591.99365234375,255.199981689453,13.8827266693115,11.4989376068115
20180804,6,-43,109,40000,7576.0712890625,254.899993896484,10.6280088424683,7.86014413833618
20180804,12,-43,109,40000,7555.94580078125,254.499969482422,11.6704893112183,12.399923324585
20180804,18,-43,109,40000,7536.5625,252.707473754883,20.2049312591553,13.2321109771729
20180805,0,-43,109,40000,7530.86669921875,251.199996948242,15.9965181350708,-2.85125112533569
20180805,6,-43,109,40000,7543.71923828125,251.800003051758,19.7561302185059,-10.4059267044067
20180805,12,-43,109,40000,7563.34228515625,253.606979370117,16.8682651519775,-10.3313570022583
20180805,18,-43,109,40000,7586.10986328125,255.05339050293,10.9700050354004,-13.2844142913818
20180806,0,-43,109,40000,7604.98828125,255.800003051758,7.6710844039917,-8.75319194793701
20180806,6,-43,109,40000,7597.35009765625,255.051712036133,8.98701667785645,-2.64943361282349
20180806,12,-43,109,40000,7591.1943359375,254.712448120117,11.991096496582,-2.06795907020569
20180806,18,-43,109,40000,7593.1787109375,254.78564453125,6.94009780883789,2.11547374725342
20180807,0,-43,109,40000,7587.14306640625,254.687408447266,10.6441259384155,3.31439447402954
20180807,6,-43,109,40000,7573.66796875,255.199981689453,9.02316856384277,2.73708987236023
20180807,12,-43,109,40000,7561.7880859375,254.950805664063,10.1158809661865,7.64975595474243
20180807,18,-43,109,40000,7557.25146484375,255.600006103516,12.9817361831665,7.99958515167236
20180808,0,-43,109,40000,7553.693359375,255.800003051758,14.030047416687,0.322192370891571
20180808,6,-43,109,40000,7547.94873046875,255.670852661133,13.4569673538208,-3.54523921012878
20180808,12,-43,109,40000,7547.421875,255.99055480957,10.6363830566406,5.50589609146118
20180808,18,-43,109,40000,7546.86328125,256.010070800781,12.5544834136963,10.5619020462036
20180809,0,-43,109,40000,7531.271484375,255.857574462891,15.2082462310791,4.13363647460938
20180809,6,-43,109,40000,7502.4443359375,255.100006103516,15.7096738815308,11.7535037994385
20180809,12,-43,109,40000,7466.42333984375,253.410003662109,19.2660865783691,15.5175533294678
20180809,18,-43,109,40000,7448.81103515625,251.283538818359,19.7677364349365,6.88985586166382
20180810,0,-43,109,40000,7456.916015625,250.699996948242,18.3774261474609,1.754638671875
20180810,6,-43,109,40000,7437.6904296875,250.637603759766,27.1558532714844,-0.0692993178963661
20180810,12,-43,109,40000,7449.9931640625,252,24.3999176025391,-10.9722347259521
20180810,18,-43,109,40000,7482.44677734375,253.102020263672,22.3117866516113,-2.62208247184753
20180811,0,-43,109,40000,7487.59228515625,252.843597412109,15.9676694869995,1.10599362850189
20180811,6,-43,109,40000,7483.42578125,251.910034179688,15.6830234527588,4.23267841339111
20180811,12,-43,109,40000,7480.49853515625,252,14.1000118255615,5.1739501953125
20180811,18,-43,109,40000,7492.8564453125,252.943572998047,13.4908876419067,9.75555992126465
20180812,0,-43,109,40000,7505.228515625,253,14.1326084136963,7.52640056610107
20180812,6,-43,109,40000,7509.58056640625,252.600006103516,10.20436668396,8.62714195251465
20180812,12,-43,109,40000,7521.80859375,251.899993896484,8.45740699768066,9.50574970245361
20180812,18,-43,109,40000,7540.90576171875,252.5,8.92878723144531,7.76700448989868
20180813,0,-43,109,40000,7550.86376953125,253.11164855957,8.19999980926514,5.49026489257813
20180813,6,-43,109,40000,7556.78369140625,253.800003051758,2.90178537368774,9.66831684112549
20180813,12,-43,109,40000,7557.02490234375,254.736419677734,5.96531391143799,10.0748414993286
20180813,18,-43,109,40000,7556.94482421875,255.082763671875,0.567395031452179,8.59010028839111
20180814,0,-43,109,40000,7549.53955078125,255.770843505859,2.20474600791931,10.5181350708008
20180814,6,-43,109,40000,7532.4404296875,255.122161865234,0.909428715705872,14.7584180831909
20180814,12,-43,109,40000,7512.26416015625,254.800003051758,-1.27205073833466,18.3555068969727
20180814,18,-43,109,40000,7482.72998046875,253.5,-4.80924081802368,22.4783210754395
20180815,0,-43,109,40000,7452.46826171875,250.699996948242,1.56437742710114,13.0276565551758
20180815,6,-43,109,40000,7429.08056640625,251,5.08592510223389,8.10559558868408
20180815,12,-43,109,40000,7439.03076171875,250.629150390625,3.1126172542572,-10.1917285919189
20180815,18,-43,109,40000,7486.62646484375,252.029144287109,10.8786745071411,-10.3788185119629
20180816,0,-43,109,40000,7501.45947265625,251.890670776367,13.8628349304199,-5.28572750091553
20180816,6,-43,109,40000,7494.49169921875,250,25.4846534729004,-5.21114730834961
20180816,12,-43,109,40000,7500.63671875,250.899993896484,23.04931640625,-11.0186281204224
20180816,18,-43,109,40000,7547.3369140625,254.7919921875,9.46670627593994,-14.1927099227905
20180817,0,-43,109,40000,7584.1142578125,254.899993896484,5.77169418334961,-6.15605974197388
20180817,6,-43,109,40000,7586.50732421875,254.404449462891,5.96180438995361,0.729287087917328
20180817,12,-43,109,40000,7575.46630859375,254.149169921875,9.50459003448486,6.16094350814819
20180817,18,-43,109,40000,7565.693359375,254.800003051758,13.4775943756104,4.48341989517212
20180818,0,-43,109,40000,7550.73876953125,255.214767456055,17.2627201080322,-1.17086791992188
20180818,6,-43,109,40000,7529.06201171875,256,12.6331663131714,8.33951759338379
20180818,12,-43,109,40000,7501.505859375,255.084197998047,17.4534645080566,5.30901384353638
20180818,18,-43,109,40000,7486.7783203125,254.399993896484,16.6233978271484,3.85740971565247
20180819,0,-43,109,40000,7485.5537109375,254.399978637695,13.2183694839478,-0.128935545682907
20180819,6,-43,109,40000,7480.8818359375,253.199981689453,9.7799711227417,-0.144228518009186
20180819,12,-43,109,40000,7490.64013671875,252.5,4.09238290786743,0.668251931667328
20180819,18,-43,109,40000,7505.49560546875,252.021926879883,1.93175542354584,2.7161865234375
20180820,0,-43,109,40000,7506.69189453125,251.099975585938,-0.507436513900757,3.3262939453125
20180820,6,-43,109,40000,7505.52490234375,250.846115112305,1.80718994140625,1.01662111282349
20180820,12,-43,109,40000,7515.865234375,250.79997253418,0.783759772777557,-1.59853518009186
20180820,18,-43,109,40000,7535.09375,251.600006103516,4.17837381362915,-1.86893558502197
20180821,0,-43,109,40000,7555.3955078125,253.099975585938,1.63141846656799,-3.62021970748901
20180821,6,-43,109,40000,7562.982421875,255.253860473633,-1.64967775344849,1.31760740280151
20180821,12,-43,109,40000,7559.9736328125,257.846130371094,0.372207045555115,2.12495613098145
20180821,18,-43,109,40000,7554.7470703125,257.600006103516,3.48790049552917,3.60682129859924
20180822,0,-43,109,40000,7542.58203125,257.299987792969,6.76880502700806,6.76282978057861
20180822,6,-43,109,40000,7505.83447265625,255.800247192383,9.61327838897705,13.7318849563599
20180822,12,-43,109,40000,7462.22998046875,255.599761962891,9.63045692443848,16.7046012878418
20180822,18,-43,109,40000,7424.603515625,253.546112060547,20.5567817687988,22.4067497253418
20180823,0,-43,109,40000,7384.42626953125,249.107467651367,19.1928901672363,13.61328125
20180823,6,-43,109,40000,7355.572265625,247.507476806641,14.5895481109619,15.4469728469849
20180823,12,-43,109,40000,7314.09521484375,245.300003051758,12.2783632278442,18.2768249511719
20180823,18,-43,109,40000,7301.22509765625,243.599975585938,9.10964679718018,-0.313916027545929
20180824,0,-43,109,40000,7365.8154296875,245.399993896484,7.19097280502319,-12.1827878952026
20180824,6,-43,109,40000,7430.29638671875,247.899993896484,6.22989177703857,-13.5673093795776
20180824,12,-43,109,40000,7507.669921875,250.285308837891,5.14505910873413,-10.2213802337646
20180824,18,-43,109,40000,7553.0908203125,250.79997253418,8.22545146942139,-3.13272714614868
20180825,0,-43,109,40000,7579.95166015625,251.199981689453,10.9263248443604,1.67692875862122
20180825,6,-43,109,40000,7585.2783203125,251.199996948242,12.4999265670776,2.31668710708618
20180825,12,-43,109,40000,7588.12255859375,251.800003051758,11.9048519134521,6.22528696060181
20180825,18,-43,109,40000,7591.31103515625,252.199996948242,12.4063816070557,9.36136436462402
20180826,0,-43,109,40000,7582.2470703125,252.600006103516,13.8108339309692,7.83065795898438
20180826,6,-43,109,40000,7561.8486328125,252.999969482422,13.2157716751099,10.7158756256104
20180826,12,-43,109,40000,7543.33935546875,252.368316650391,15.2533016204834,6.47101449966431
20180826,18,-43,109,40000,7535.18505859375,252,17.6754360198975,-1.60308229923248
20180827,0,-43,109,40000,7547.7138671875,253.099975585938,17.7792720794678,-9.95584678649902
20180827,6,-43,109,40000,7546.24951171875,253.70002746582,17.0777988433838,-6.955078125
20180827,12,-43,109,40000,7561.0625,254.800003051758,16.9180335998535,-7.75057363510132
20180827,18,-43,109,40000,7574.6005859375,255.600006103516,18.0265293121338,-5.12164306640625
20180828,0,-43,109,40000,7585.76806640625,255.800003051758,14.1305837631226,-2.59530758857727
20180828,6,-43,109,40000,7587.76318359375,256.599975585938,12.8846464157104,-7.78015613555908
20180828,12,-43,109,40000,7598.68115234375,257.700012207031,7.76970195770264,-5.70634746551514
20180828,18,-43,109,40000,7618.72314453125,257.899993896484,14.3428859710693,-2.58187985420227
20180829,0,-43,109,40000,7627.0185546875,257.338928222656,14.7267189025879,-6.23613786697388
20180829,6,-43,109,40000,7611.88427734375,257.568298339844,12.3515920639038,-2.20131826400757
20180829,12,-43,109,40000,7612.6748046875,256.746124267578,16.5351066589355,3.70496082305908
20180829,18,-43,109,40000,7610.2275390625,257.200012207031,16.2519683837891,5.13681173324585
20180830,0,-43,109,40000,7602.560546875,257.399993896484,17.1675662994385,4.79240131378174
20180830,6,-43,109,40000,7576.25439453125,255.699996948242,17.6410884857178,9.89223670959473
20180830,12,-43,109,40000,7559.34521484375,254.999969482422,20.6629085540771,7.30955219268799
20180830,18,-43,109,40000,7555.46875,254.300003051758,26.414722442627,5.41419696807861
20180831,0,-43,109,40000,7558.302734375,254.400024414063,19.3351554870605,1.98630368709564
20180831,6,-43,109,40000,7554.361328125,252.699996948242,16.957592010498,5.98356342315674
20180831,12,-43,109,40000,7553.72998046875,251.600006103516,18.6265926361084,5.89914560317993
20180831,18,-43,109,40000,7567.0400390625,252.699996948242,19.4739742279053,3.31232905387878
20180901,0,-43,109,40000,7568.6376953125,253.199996948242,18.1153621673584,0.900378406047821
20180901,6,-43,109,40000,7569.01416015625,252.699996948242,13.4409914016724,1.90918576717377
20180901,12,-43,109,40000,7571.3486328125,251.399978637695,15.5880308151245,-1.53450322151184
20180901,18,-43,109,40000,7585.63916015625,253.199996948242,13.9156742095947,-5.20351552963257
20180902,0,-43,109,40000,7605.619140625,254,14.787130355835,-6.55803203582764
20180902,6,-43,109,40000,7609.49072265625,255.543609619141,8.15006446838379,-2.88667917251587
20180902,12,-43,109,40000,7612.228515625,254.943603515625,14.5897884368896,1.56804203987122
20180902,18,-43,109,40000,7621.6162109375,255.910064697266,14.2338075637817,-1.21334230899811
20180903,0,-43,109,40000,7632.89453125,256.5,11.3096618652344,-3.18554997444153
20180903,6,-43,109,40000,7631.083984375,256,10.0525512695313,0.843682885169983
20180903,12,-43,109,40000,7637.857421875,255.44660949707,11.0036716461182,-0.266757190227509
20180903,18,-43,109,40000,7649.03515625,255.106979370117,13.4663057327271,0.66837465763092
20180904,0,-43,109,40000,7644.802734375,255.599975585938,13.2670135498047,-2.79602360725403
20180904,6,-43,109,40000,7641.26806640625,255.899993896484,9.14241981506348,-4.69517803192139
20180904,12,-43,109,40000,7638.08203125,256.100006103516,12.112829208374,-3.61984372138977
20180904,18,-43,109,40000,7646.95263671875,256.699981689453,11.3154249191284,-7.15115737915039
20180905,0,-43,109,40000,7652.20703125,256.399993896484,6.61998796463013,-5.24079084396362
20180905,6,-43,109,40000,7644.865234375,256.599975585938,10.0941772460938,-4.73224496841431
20180905,12,-43,109,40000,7651.7099609375,256.706970214844,10.4951200485229,-2.69996333122253
20180905,18,-43,109,40000,7659.25146484375,256.600006103516,11.163782119751,2.89786982536316
20180906,0,-43,109,40000,7651.2529296875,257.299987792969,13.3389358520508,3.83621573448181
20180906,6,-43,109,40000,7629.27685546875,256.200012207031,14.5072965621948,6.26967144012451
20180906,12,-43,109,40000,7611.3818359375,255.600006103516,19.8648319244385,6.31849956512451
20180906,18,-43,109,40000,7597.1005859375,255,23.2988948822021,5.23917245864868
20180907,0,-43,109,40000,7580.3408203125,254.885299682617,21.298900604248,-0.7373046875
20180907,6,-43,109,40000,7562.3330078125,254.099975585938,20.8121337890625,2.58048391342163
20180907,12,-43,109,40000,7542.83056640625,252.899993896484,20.8378143310547,1.92290043830872
20180907,18,-43,109,40000,7523.82763671875,253.092529296875,21.5977058410645,4.60002422332764
20180908,0,-43,109,40000,7504.10546875,253.099975585938,24.7381496429443,-1.04345703125
20180908,6,-43,109,40000,7459.32763671875,251.300003051758,26.2354545593262,4.09360361099243
20180908,12,-43,109,40000,7434.5849609375,250.399978637695,29.6642456054688,0.500018298625946
20180908,18,-43,109,40000,7432.33251953125,250.699996948242,31.2367763519287,-3.9300537109375
20180909,0,-43,109,40000,7425.2626953125,251,28.8207759857178,-3.39940786361694
20180909,6,-43,109,40000,7410.892578125,250.399993896484,26.3383979797363,-2.38043832778931
20180909,12,-43,109,40000,7416.62548828125,249.100006103516,25.4935417175293,-5.98410654067993
20180909,18,-43,109,40000,7436.7314453125,249.899993896484,21.6205158233643,-7.52631855010986
20180910,0,-43,109,40000,7466.005859375,249.899978637695,13.1624174118042,-8.8757905960083
20180910,6,-43,109,40000,7489.96044921875,250.899993896484,8.23980712890625,-3.88474130630493
20180910,12,-43,109,40000,7517,253.800003051758,19.9764499664307,7.01240253448486
20180910,18,-43,109,40000,7540.869140625,255.100006103516,20.4851913452148,5.60202646255493
20180911,0,-43,109,40000,7560.08544921875,255.199996948242,20.6295757293701,9.99048805236816
20180911,6,-43,109,40000,7568.9873046875,254.800003051758,16.3494968414307,6.79928588867188
20180911,12,-43,109,40000,7575.94482421875,254.600006103516,16.8195247650146,9.65414428710938
20180911,18,-43,109,40000,7583.76611328125,254.199996948242,16.3408012390137,8.23701190948486
20180912,0,-43,109,40000,7588.4482421875,253.085296630859,13.2276182174683,3.90005493164063
20180912,6,-43,109,40000,7589.7099609375,253,11.7693538665771,3.27702951431274
20180912,12,-43,109,40000,7595.0048828125,252.614669799805,11.1304378509521,2.14823007583618
20180912,18,-43,109,40000,7603.943359375,253.171539306641,14.0886898040771,4.68092060089111
20180913,0,-43,109,40000,7599.8310546875,252.699996948242,10.5470094680786,6.1650390625
20180913,6,-43,109,40000,7585.482421875,252.600021362305,15.4313049316406,7.28921222686768
20180913,12,-43,109,40000,7584.20947265625,251.399993896484,8.05548667907715,-5.61746835708618
20180913,18,-43,109,40000,7600.4755859375,251.699996948242,2.45726323127747,-4.34276723861694
20180914,12,-43,109,40000,7591.59228515625,251.199981689453,0.342279046773911,3.02528691291809
20180914,18,-43,109,40000,7590.11376953125,251.599975585938,1.61380612850189,1.45761108398438
20180915,0,-43,109,40000,7588.50439453125,251.800003051758,0.399847418069839,1.10150146484375
20180915,6,-43,109,40000,7575.650390625,252.29997253418,4.25531911849976,-1.12902224063873
20180915,12,-43,109,40000,7578.646484375,252.600006103516,2.24927973747253,-6.291015625
20180915,18,-43,109,40000,7595.13818359375,253.399993896484,-0.581561267375946,-7.71532583236694
20180916,0,-43,109,40000,7607.7138671875,254.699981689453,-3.20194387435913,-3.86424565315247
20180916,12,-43,109,40000,7608.37548828125,255.100006103516,6.26542949676514,-6.45387554168701
20180916,18,-43,109,40000,7612.6044921875,254.399993896484,2.27919626235962,-0.0029296875
20180917,0,-43,109,40000,7617.3232421875,254.899993896484,7.70003652572632,1.57806396484375
20180917,6,-43,109,40000,7602.49609375,255.100006103516,8.47480201721191,3.57969975471497
20180917,12,-43,109,40000,7576.9189453125,255.399993896484,3.36979675292969,5.61722421646118
20180917,18,-43,109,40000,7549.74072265625,256.099975585938,10.5256319046021,-0.472723394632339
20180918,0,-43,109,40000,7539.56201171875,255,11.7191305160522,1.37889158725739
20180918,6,-43,109,40000,7522.6142578125,255.800003051758,20.4260349273682,7.9959864616394
20180918,12,-43,109,40000,7492.7099609375,255.999969482422,17.2075901031494,7.45546388626099
20180918,18,-43,109,40000,7479.2705078125,255.600006103516,18.4874610900879,1.36563968658447
20180919,0,-43,109,40000,7472.8564453125,255.399993896484,19.6952800750732,-6.62612295150757
20180919,6,-43,109,40000,7464.6806640625,255.199996948242,22.1054077148438,-0.910024404525757
20180919,12,-43,109,40000,7445.95751953125,252.300003051758,19.4659309387207,-0.259814441204071
20180919,18,-43,109,40000,7443.1669921875,249.699981689453,15.8116359710693,-2.67738652229309
20180920,0,-43,109,40000,7441.92138671875,249.699996948242,14.6737251281738,-14.5196781158447
20180920,6,-43,109,40000,7454.8701171875,249.899993896484,22.7866554260254,-13.6000366210938
20180920,12,-43,109,40000,7467.263671875,251.899978637695,30.121618270874,-16.9134616851807
20180920,18,-43,109,40000,7498.7236328125,252.899993896484,26.3996429443359,-20.2589702606201
20180921,0,-43,109,40000,7519.8857421875,253.431686401367,28.4790668487549,-18.8433685302734
20180921,6,-43,109,40000,7537.14111328125,255.399978637695,25.4308433532715,-15.6724367141724
20180921,12,-43,109,40000,7554.2373046875,254.329147338867,21.4246215820313,-7.67425537109375
20180921,18,-43,109,40000,7555.42138671875,254.485763549805,23.2137565612793,-2.76947641372681
20180922,0,-43,109,40000,7548.759765625,256.200012207031,34.6648941040039,1.40248715877533
20180922,6,-43,109,40000,7497.76123046875,255,37.1591491699219,12.8933439254761
20180922,12,-43,109,40000,7465.86328125,251.399993896484,37.4160385131836,8.21751117706299
20180922,18,-43,109,40000,7454.169921875,249.768310546875,36.1742210388184,2.87122201919556
20180923,0,-43,109,40000,7447.458984375,250.199996948242,32.1889266967773,-1.05722653865814
20180923,6,-43,109,40000,7445.857421875,250.300003051758,28.8635520935059,0.91998291015625
20180923,12,-43,109,40000,7442.1279296875,249.79997253418,28.4588680267334,-1.83180546760559
20180923,18,-43,109,40000,7450.2236328125,250.699996948242,30.5942134857178,0.0666625946760178
20180924,0,-43,109,40000,7451,250.199996948242,29.6662349700928,0.303741455078125
20180924,6,-43,109,40000,7447.10888671875,249.399993896484,29.4899406433105,-3.15535879135132
20180924,12,-43,109,40000,7479.109375,249.399978637695,23.9369564056396,-5.19996643066406
20180924,18,-43,109,40000,7507.50439453125,249.300003051758,22.2860622406006,-5.24558734893799
20180925,0,-43,109,40000,7532.0068359375,249.899978637695,16.7443237304688,-4.20611572265625
20180925,6,-43,109,40000,7539.4794921875,249.800003051758,14.5769014358521,2.38084721565247
20180925,12,-43,109,40000,7540.396484375,251.899993896484,22.5276908874512,8.59139442443848
20180925,18,-43,109,40000,7542.4931640625,252.800003051758,22.6672554016113,3.58347773551941
20180926,0,-43,109,40000,7545.47021484375,252.639404296875,19.9099006652832,4.61845397949219
20180926,6,-43,109,40000,7530.7470703125,252.099975585938,17.7624320983887,5.73667621612549
20180926,12,-43,109,40000,7528.8076171875,252.899993896484,19.0826511383057,6.00711679458618
20180926,18,-43,109,40000,7519.5107421875,254.5,23.3618049621582,13.4667482376099
20180927,0,-43,109,40000,7502.74169921875,254.331695556641,22.2274589538574,9.65163898468018
20180927,6,-43,109,40000,7486.27001953125,254.100006103516,26.6543483734131,15.0131168365479
20180927,12,-43,109,40000,7479.82080078125,252.921920776367,25.4818000793457,15.2587156295776
20180927,18,-43,109,40000,7486.1962890625,253.285278320313,29.3777103424072,14.8034114837646
20180928,0,-43,109,40000,7490.21044921875,253,21.0925483703613,17.3825569152832
20180928,6,-43,109,40000,7481.41796875,253.699996948242,23.6673736572266,17.1732902526855
20180928,12,-43,109,40000,7467.19189453125,254.5,26.2766571044922,25.9199333190918
20180928,18,-43,109,40000,7471.42919921875,252.100006103516,26.2774658203125,13.2777099609375
20180929,0,-43,109,40000,7466.66748046875,252.300003051758,31.1628913879395,12.0062599182129
20180929,6,-43,109,40000,7448.5224609375,252.5,37.2999801635742,13.1165828704834
20180929,12,-43,109,40000,7437.794921875,251.775543212891,38.1770629882813,11.221941947937
20180929,18,-43,109,40000,7434.822265625,251.275512695313,38.2556381225586,7.16331195831299
20180930,0,-43,109,40000,7435.615234375,251.199996948242,36.0608329772949,1.27796626091003
20180930,6,-43,109,40000,7432.080078125,250.5,31.3427085876465,-0.143536373972893
20180930,12,-43,109,40000,7435.7119140625,248.5,30.3440971374512,0.786358654499054
20180930,18,-43,109,40000,7446.0576171875,249.300003051758,31.0939388275146,-3.54393911361694
20181001,0,-43,109,40000,7459.1025390625,248.899993896484,28.221134185791,-9.4000244140625
20181001,6,-43,109,40000,7462.93603515625,248.010009765625,28.6676788330078,-3.25626230239868
20181001,12,-43,109,40000,7469.103515625,247.800003051758,28.0465908050537,-7.13870859146118
20181001,18,-43,109,40000,7479.28759765625,249.300003051758,26.3392887115479,-1.19519650936127
20181002,0,-43,109,40000,7484.71875,249.282760620117,27.807689666748,-6.03818988800049
20181002,6,-43,109,40000,7469.7705078125,249.782760620117,27.5195922851563,-4.58710336685181
20181002,12,-43,109,40000,7468.7880859375,250.199996948242,23.9049682617188,-3.32329106330872
20181002,18,-43,109,40000,7462.37109375,251,19.6119194030762,1.83122563362122
20181003,0,-43,109,40000,7437.6337890625,251.100006103516,25.1423225402832,5.80067729949951
20181003,6,-43,109,40000,7411.1650390625,249.717239379883,18.1451568603516,0.701708972454071
20181003,12,-43,109,40000,7426.556640625,248.699996948242,15.5101470947266,-16.0910224914551
20181003,18,-43,109,40000,7476.16455078125,250.699996948242,11.8020095825195,-12.8626756668091
20181004,0,-43,109,40000,7516.47509765625,252,7.85872793197632,-4.00001811981201
20181004,6,-43,109,40000,7513.0849609375,252.29997253418,12.3464021682739,0.709957897663116
20181004,12,-43,109,40000,7520.890625,253.499969482422,12.4059810638428,-2.94411015510559
20181004,18,-43,109,40000,7513.43798828125,254.20002746582,19.703857421875,0.530649423599243
20181005,0,-43,109,40000,7517.31005859375,254.108322143555,21.0722808837891,-11.3120651245117
20181005,6,-43,109,40000,7517.01123046875,253.300003051758,18.9854373931885,-7.29994201660156
20181005,12,-43,109,40000,7533.23291015625,252.899978637695,18.5390872955322,-0.0322998054325581
20181005,18,-43,109,40000,7536.43017578125,253.92268371582,20.2037353515625,2.77083730697632
20181006,0,-43,109,40000,7538.7275390625,254.5,24.1193904876709,2.51755976676941
20181006,6,-43,109,40000,7530.5849609375,255,22.9351348876953,-3.52881836891174
20181006,12,-43,109,40000,7540.0986328125,254.331817626953,19.4796047210693,-2.27918696403503
20181006,18,-43,109,40000,7549.05126953125,254.600006103516,19.5792121887207,2.63571786880493
20181007,0,-43,109,40000,7557.748046875,254.600006103516,24.369909286499,-0.0636047348380089
20181007,6,-43,109,40000,7551.07373046875,254.600006103516,24.0145988464355,-0.914343237876892
20181007,12,-43,109,40000,7553.59765625,254.578079223633,24.1457061767578,-3.25607919692993
20181007,18,-43,109,40000,7567.7626953125,254.624435424805,25.4248294830322,-3.94129633903503
20181008,0,-43,109,40000,7577.89453125,254.399993896484,23.8705501556396,-4.09521484375
20181008,6,-43,109,40000,7580.13818359375,254.282760620117,24.6422824859619,-4.93349123001099
20181008,12,-43,109,40000,7591.98681640625,253.899993896484,23.698823928833,-6.10777854919434
20181008,18,-43,109,40000,7607.71923828125,254.199996948242,21.6181221008301,-2.20552730560303
20181009,0,-43,109,40000,7611.615234375,253.899993896484,22.6946926116943,-3.92495107650757
20181009,6,-43,109,40000,7610.37451171875,253.300003051758,21.1201324462891,-3.13664555549622
20181009,12,-43,109,40000,7612.06201171875,253.600006103516,16.5608177185059,1.88728022575378
20181009,18,-43,109,40000,7600.39208984375,253.401168823242,15.5259761810303,5.47431659698486
20181010,0,-43,109,40000,7581.18115234375,253.641967773438,15.0377988815308,2.91398310661316
20181010,6,-43,109,40000,7559.57373046875,253.100006103516,15.9877042770386,-1.36790156364441
20181010,12,-43,109,40000,7545.62890625,252.097213745117,17.1977596282959,2.93470144271851
20181010,18,-43,109,40000,7529.99267578125,253.399993896484,15.3860321044922,-1.03250730037689
20181011,0,-43,109,40000,7529.9306640625,256.243591308594,17.2847194671631,-3.24892568588257
20181011,6,-43,109,40000,7512.09765625,255.899993896484,17.3211936950684,-1.75947260856628
20181011,12,-43,109,40000,7493.5205078125,256.182769775391,21.5278873443604,5.80532217025757
20181011,18,-43,109,40000,7458.025390625,256.5,21.0623683929443,12.0689640045166
20181012,0,-43,109,40000,7421.34765625,255.653366088867,24.6979007720947,18.2000122070313
20181012,6,-43,109,40000,7380.21484375,252.399993896484,20.00417137146,5.44010019302368
20181012,12,-43,109,40000,7321.31884765625,251.300003051758,23.4895839691162,8.43832397460938
20181012,18,-43,109,40000,7275.92138671875,249.300003051758,34.5854263305664,5.92974853515625
20181013,0,-43,109,40000,7248.31201171875,247,33.4650268554688,9.6324520111084
20181013,6,-43,109,40000,7209.89990234375,246.924468994141,32.7591514587402,16.8733406066895
20181013,12,-43,109,40000,7139.62060546875,244.653854370117,28.815372467041,28.1212158203125
20181013,18,-43,109,40000,7043.5419921875,240.092529296875,17.5369911193848,5.71111440658569
20181014,0,-43,109,40000,7136.70703125,242.629150390625,31.3907070159912,-14.5123720169067
20181014,6,-43,109,40000,7236.9287109375,245.100006103516,39.9468307495117,-14.2171144485474
20181014,12,-43,109,40000,7278.2900390625,245,32.6543045043945,-0.902166724205017
20181014,18,-43,109,40000,7297.9013671875,244.399993896484,28.0419826507568,0.16326904296875
20181015,0,-43,109,40000,7323.1181640625,245.699981689453,28.7814083099365,-9.47279644012451
20181015,6,-43,109,40000,7342.20703125,246.100006103516,28.3160152435303,-1.72675168514252
20181015,12,-43,109,40000,7353.38427734375,246.600006103516,31.516321182251,0.358630359172821
20181015,18,-43,109,40000,7354.3349609375,246.800003051758,46.1768341064453,-0.906561255455017
20181016,0,-43,109,40000,7337.32373046875,249.499969482422,52.376838684082,4.70017719268799
20181016,6,-43,109,40000,7224.9287109375,249.899978637695,61.0580558776855,22.887134552002
20181016,12,-43,109,40000,7224.12646484375,244.199996948242,44.0575523376465,2.96361088752747
20181016,18,-43,109,40000,7220.6181640625,244.44612121582,43.3756294250488,4.48834228515625
20181017,0,-43,109,40000,7222.36376953125,245.699996948242,42.0185012817383,2.96144413948059
20181017,6,-43,109,40000,7193.001953125,244.199996948242,43.4737930297852,7.80203247070313
20181017,12,-43,109,40000,7121.4638671875,242.29997253418,52.6315422058105,19.5416812896729
20181017,18,-43,109,40000,7033.97314453125,241.699996948242,61.3746452331543,16.3944702148438
20181018,0,-43,109,40000,6982.53125,236.300003051758,36.0796890258789,3.19872426986694
20181018,6,-43,109,40000,6925.25048828125,234.699996948242,39.5104904174805,-6.04716777801514
20181018,12,-43,109,40000,6995.580078125,237.599975585938,38.6568222045898,-34.7630615234375
20181018,18,-43,109,40000,7114.54296875,240.699996948242,39.2485160827637,-34.5405158996582
20181019,0,-43,109,40000,7218.6689453125,244,34.4065361022949,-26.7378044128418
20181019,6,-43,109,40000,7256.0029296875,244.5,30.9295997619629,-21.7069511413574
20181019,18,-43,109,40000,7295.69482421875,244.399978637695,29.7693424224854,-11.3798522949219
20181020,0,-43,109,40000,7290.814453125,247.699981689453,33.7225646972656,0.665441870689392
20181020,6,-43,109,40000,7244.50390625,247.967864990234,38.7937850952148,12.822473526001
20181020,12,-43,109,40000,7187.44140625,246.560592651367,43.8339576721191,10.7869625091553
20181020,18,-43,109,40000,7125.02294921875,245,43.2829627990723,24.0935554504395
20181021,0,-43,109,40000,7014.541015625,238.195587158203,31.8274040222168,29.3508415222168
20181021,6,-43,109,40000,6949.015625,234.692535400391,23.7078590393066,20.5804805755615
20181021,12,-43,109,40000,6914.85791015625,230.585296630859,8.68991661071777,12.5529537200928
20181021,18,-43,109,40000,6918.48828125,233.300003051758,13.4337520599365,-6.63676452636719
20181022,0,-43,109,40000,7017.4169921875,238.5,23.8763732910156,-22.3994789123535
20181022,6,-43,109,40000,7032.1875,236.800003051758,30.43408203125,-8.3441219329834
20181022,12,-43,109,40000,7078.89453125,238.675537109375,43.6945877075195,-20.8519535064697
20181022,18,-43,109,40000,7123.15478515625,240.478103637695,45.2914924621582,-7.99751567840576
20181023,0,-43,109,40000,7141.64453125,239.243850708008,44.8561477661133,-3.87784433364868
20181023,6,-43,109,40000,7112.5341796875,236.785308837891,37.9689254760742,8.03486919403076
20181023,12,-43,109,40000,7100.96484375,235.738922119141,32.6476516723633,7.5491943359375
20181023,18,-43,109,40000,7064.60302734375,234.70002746582,23.9904022216797,10.9084415435791
20181024,0,-43,109,40000,7019.9375,231.592529296875,8.95156288146973,8.19996356964111
20181024,6,-43,109,40000,6977.92822265625,232.699996948242,12.9124088287354,1.89002680778503
20181024,12,-43,109,40000,6958.837890625,230.800003051758,2.45599985122681,-1.9775390625
20181024,18,-43,109,40000,6971.9873046875,230.699981689453,5.74404907226563,-10.8237972259521
20181025,0,-43,109,40000,6988.17578125,233.199996948242,14.9193782806396,-17.644115447998
20181025,6,-43,109,40000,6997.123046875,233.461090087891,19.8863468170166,-24.7742500305176
20181025,12,-43,109,40000,7005.52490234375,237.192504882813,33.2874221801758,-31.9986515045166
20181025,18,-43,109,40000,7059.0830078125,243.69255065918,36.1753234863281,-36.3038101196289
20181026,0,-43,109,40000,7099.49169921875,244,33.9802627563477,-25.4143676757813
20181026,6,-43,109,40000,7117.041015625,243.699981689453,32.7397689819336,-16.6976566314697
20181026,12,-43,109,40000,7144.23681640625,243.407470703125,34.1589622497559,-11.1142024993896
20181026,18,-43,109,40000,7173.98583984375,244,30.416015625,-7.34049081802368
20181027,0,-43,109,40000,7216.36181640625,244.04345703125,30.0631294250488,1.71312260627747
20181027,6,-43,109,40000,7240.884765625,245.082366943359,27.5418548583984,5.10002422332764
20181027,12,-43,109,40000,7264.24755859375,245.543487548828,15.6953277587891,17.5293769836426
20181027,18,-43,109,40000,7263.97021484375,245.699981689453,13.446551322937,21.3736457824707
20181028,0,-43,109,40000,7251.3798828125,245.668304443359,12.4426326751709,27.022388458252
20181028,6,-43,109,40000,7208.89453125,243.5,15.1751556396484,32.0579719543457
20181028,12,-43,109,40000,7149.16552734375,243.8203125,7.81662273406982,40.7670059204102
20181028,18,-43,109,40000,7121.43701171875,240.997436523438,13.5931758880615,16.4833984375
20181029,0,-43,109,40000,7122.7314453125,240.133331298828,9.41788673400879,15.7281188964844
20181029,6,-43,109,40000,7083.111328125,238.023040771484,12.8968811035156,28.5015869140625
20181029,12,-43,109,40000,7018.5654296875,234.041946411133,6.50401020050049,20.7653865814209
20181029,18,-43,109,40000,6989.0126953125,233.100006103516,10.6012020111084,-4.03030395507813
20181030,0,-43,109,40000,7067.9443359375,237.899993896484,15.592264175415,4.09536743164063
20181030,6,-43,109,40000,7058.994140625,238.199996948242,14.9857025146484,-1.44884037971497
20181030,12,-43,109,40000,7076.86865234375,236.899978637695,13.2008943557739,-10.6332340240479
20181030,18,-43,109,40000,7134.88623046875,238.800003051758,16.4319152832031,-14.0908327102661
20181031,0,-43,109,40000,7205.63134765625,241.71305847168,17.8018283843994,-23.0999946594238
20181031,6,-43,109,40000,7260.43701171875,243.500030517578,21.9884243011475,-21.0033073425293
20181031,12,-43,109,40000,7306.466796875,246.100006103516,23.6707668304443,-5.000732421875
20181031,18,-43,109,40000,7321.11328125,247.313064575195,26.5265560150146,1.99703371524811
20181101,0,-43,109,40000,7332.52490234375,247.840530395508,34.315357208252,2.6666259765625
20181101,6,-43,109,40000,7327.0888671875,249.100006103516,34.6073989868164,-2.70291137695313
20181101,12,-43,109,40000,7339.79638671875,250.600006103516,35.8364219665527,5.35025405883789
20181101,18,-43,109,40000,7340.33056640625,251.537261962891,37.3153495788574,12.9498844146729
20181102,0,-43,109,40000,7348.58447265625,251.600006103516,38.4851684570313,14.084979057312
20181102,6,-43,109,40000,7324.01611328125,251.099975585938,36.0008659362793,18.0855827331543
20181102,12,-43,109,40000,7313.08935546875,249.818878173828,29.7799167633057,25.4374885559082
20181102,18,-43,109,40000,7306.03857421875,250.049224853516,31.346700668335,30.6325492858887
20181103,0,-43,109,40000,7312.97509765625,250.284515380859,34.1269607543945,33.3023681640625
20181103,6,-43,109,40000,7306.7099609375,251.199996948242,22.8377075195313,31.442943572998
20181103,12,-43,109,40000,7260.9970703125,249.911697387695,20.2149143218994,48.4958724975586
20181103,18,-43,109,40000,7111.43994140625,248.199996948242,23.7252197265625,55.0251350402832
20181104,0,-43,109,40000,7166.0205078125,243.699996948242,55.8550186157227,8.10112285614014
20181104,6,-43,109,40000,7286.94384765625,244.836380004883,48.2145576477051,11.8264713287354
20181104,12,-43,109,40000,7355.93505859375,246.5,41.3141250610352,8.81121826171875
20181104,18,-43,109,40000,7393.72119140625,246.999969482422,32.2073440551758,10.5581912994385
20181105,0,-43,109,40000,7422.1689453125,247.399978637695,31.555643081665,7.00557851791382
20181105,6,-43,109,40000,7422.48583984375,247.199996948242,26.9060363769531,14.9055051803589
20181105,12,-43,109,40000,7412.2314453125,247.524459838867,25.4523010253906,16.0001640319824
20181105,18,-43,109,40000,7385.37548828125,247.699996948242,38.3803520202637,14.1710815429688
20181106,0,-43,109,40000,7401.44189453125,248.699996948242,26.5212802886963,20.4547843933105
20181106,6,-43,109,40000,7402.53955078125,248.408401489258,31.7037353515625,13.0342960357666
20181106,12,-43,109,40000,7406.06103515625,249.95654296875,30.078914642334,15.9310121536255
20181106,18,-43,109,40000,7371.3076171875,250.900588989258,32.2817802429199,22.0001583099365
20181107,0,-43,109,40000,7316.6689453125,250.649200439453,36.7420043945313,35.9268684387207
20181107,6,-43,109,40000,7250.1982421875,249.369537353516,48.2306632995605,33.4477157592773
20181107,12,-43,109,40000,7208.64013671875,247.732330322266,52.8335151672363,29.3105964660645
20181107,18,-43,109,40000,7173.9130859375,244.905029296875,64.7894744873047,17.5432624816895
20181108,0,-43,109,40000,7159.63134765625,244.525924682617,65.1735000610352,18.7808837890625
20181108,6,-43,109,40000,7168.60791015625,248.837768554688,65.0815353393555,8.54541015625
20181108,12,-43,109,40000,7209.56201171875,245.608795166016,52.1465950012207,16.6201419830322
20181108,18,-43,109,40000,7211.958984375,245.300003051758,45.4457206726074,16.8559989929199
20181109,0,-43,109,40000,7209.404296875,245.563629150391,45.8349227905273,13.66015625
20181109,6,-43,109,40000,7211.81884765625,241.899993896484,45.6061706542969,9.37110614776611
20181109,12,-43,109,40000,7252.54931640625,241.800003051758,39.6732406616211,10.3156461715698
20181109,18,-43,109,40000,7273.22265625,243.92756652832,35.1046180725098,13.4292659759521
20181110,0,-43,109,40000,7292.7587890625,247.300003051758,31.4981079101563,28.8603763580322
20181110,6,-43,109,40000,7247.4892578125,246.800003051758,32.6427230834961,33.1538505554199
20181110,12,-43,109,40000,7142.6748046875,246,39.0884437561035,48.0000076293945
20181110,18,-43,109,40000,6982.12939453125,242.282257080078,42.1305236816406,47.3007736206055
20181111,0,-43,109,40000,6902.97509765625,239.29997253418,51.66259765625,0.867681860923767
20181111,6,-43,109,40000,7069.65771484375,241,54.6924629211426,2.39368891716003
20181111,12,-43,109,40000,7107.84765625,240.314727783203,42.963321685791,3.81896352767944
20181111,18,-43,109,40000,7114.81396484375,240.300003051758,48.730297088623,1.62059330940247
20181112,0,-43,109,40000,7127.875,240.300003051758,48.6928405761719,2.93566274642944
20181112,6,-43,109,40000,7128.12939453125,239.244964599609,47.1974487304688,1.07343137264252
20181112,12,-43,109,40000,7132.48828125,237.699981689453,47.0505714416504,-5.65847158432007
20181112,18,-43,109,40000,7174.248046875,239.106964111328,43.591796875,-7.54776620864868
20181113,0,-43,109,40000,7239.4462890625,243.399993896484,43.8649673461914,0.851089477539063
20181113,6,-43,109,40000,7255.58447265625,244.800003051758,42.9391479492188,13.8038816452026
20181113,12,-43,109,40000,7254.056640625,246.778045654297,43.273250579834,21.8138427734375
20181113,18,-43,109,40000,7240.6669921875,248.424468994141,49.4542846679688,22.3923530578613
20181114,0,-43,109,40000,7166.5244140625,250.499969482422,71.7642059326172,21.576379776001
20181114,6,-43,109,40000,7050.478515625,249.100006103516,78.6295394897461,23.0264644622803
20181114,12,-43,109,40000,7025.8623046875,241.907348632813,67.1555328369141,13.4709224700928
20181114,18,-43,109,40000,7069.65234375,241.800003051758,64.3444366455078,3.38348698616028
20181115,0,-43,109,40000,7156.77001953125,241.899993896484,44.9682312011719,-14.1733646392822
20181115,6,-43,109,40000,7234.88671875,243.499969482422,36.085334777832,-10.0476408004761
20181115,12,-43,109,40000,7287.83642578125,246.800003051758,35.9137306213379,-1.0927460193634
20181115,18,-43,109,40000,7300.6591796875,248.265258789063,35.3539962768555,5.7679443359375
20181116,0,-43,109,40000,7283.21728515625,248.346145629883,31.9355163574219,20.6753635406494
20181116,6,-43,109,40000,7233.27734375,247.399993896484,23.9220695495605,31.7770690917969
20181116,12,-43,109,40000,7074.37548828125,246.177810668945,20.8028049468994,41.2596054077148
20181116,18,-43,109,40000,7040.06396484375,242.300003051758,32.6167488098145,7.70862102508545
20181117,0,-43,109,40000,6949.251953125,238.499969482422,40.891716003418,11.0770721435547
20181117,6,-43,109,40000,7023.72607421875,240.300003051758,59.6999092102051,-11.564416885376
20181117,12,-43,109,40000,7104.17919921875,240.254028320313,46.9538879394531,4.38463115692139
20181117,18,-43,109,40000,7102.142578125,240.100006103516,47.9697494506836,5.45218515396118
20181118,0,-43,109,40000,7093.96826171875,238.859832763672,52.7907104492188,4.05998516082764
20181118,6,-43,109,40000,7106.21630859375,238.511642456055,50.7487258911133,1.15886235237122
20181118,12,-43,109,40000,7118.478515625,238.199996948242,44.9617805480957,5.63488149642944
20181118,18,-43,109,40000,7109.57958984375,238,41.234748840332,9.60006713867188
20181119,0,-43,109,40000,7100.50146484375,236.100006103516,43.1364212036133,9.78038311004639
20181119,6,-43,109,40000,7094.85009765625,236.600006103516,33.1921272277832,5.59562969207764
20181119,12,-43,109,40000,7102.9150390625,237.499969482422,27.0116634368896,6.20200204849243
20181119,18,-43,109,40000,7096.5341796875,236.399993896484,34.4299125671387,8.06505107879639
20181120,0,-43,109,40000,7091.79736328125,238.001953125,35.0387992858887,9.4000301361084
20181120,6,-43,109,40000,7071.06201171875,237.899978637695,32.9372978210449,13.5014524459839
20181120,12,-43,109,40000,7033.25146484375,236.899993896484,33.322265625,16.4682865142822
20181120,18,-43,109,40000,6982.10546875,236.699996948242,35.379753112793,23.7958183288574
20181121,0,-43,109,40000,6896.47998046875,233.600006103516,27.005615234375,8.5999813079834
20181121,6,-43,109,40000,6960.93701171875,235.300003051758,38.9808616638184,-5.630859375
20181121,12,-43,109,40000,6980.55615234375,236.899993896484,41.8699607849121,6.60112285614014
20181121,18,-43,109,40000,6931.90478515625,236.5,53.8864135742188,10.5466918945313
20181122,0,-43,109,40000,6874.580078125,235.699996948242,57.588623046875,4.22957134246826
20181122,6,-43,109,40000,6799.67138671875,233.399993896484,50.791919708252,-0.00446777325123549
20181122,12,-43,109,40000,6718.15673828125,229.602661132813,42.3967323303223,-15.3403015136719
20181122,18,-43,109,40000,6727.8505859375,231.128707885742,43.6531562805176,-28.086950302124
20181123,0,-43,109,40000,6794.60302734375,231.105377197266,39.0008773803711,-34.8000564575195
20181123,6,-43,109,40000,6880.07958984375,232.133331298828,34.991584777832,-47.900016784668
20181123,12,-43,109,40000,7030.80078125,235.447784423828,19.8172054290771,-42.9788093566895
20181123,18,-43,109,40000,7127.7900390625,238.359451293945,23.6464748382568,-19.453929901123
20181124,0,-43,109,40000,7191.005859375,240.173858642578,13.8485536575317,-12.9442625045776
20181124,6,-43,109,40000,7198.7275390625,239.66227722168,11.5897579193115,-0.653399646282196
20181124,12,-43,109,40000,7193.09423828125,238.279739379883,10.5618772506714,3.64130258560181
20181124,18,-43,109,40000,7183.9580078125,240.760665893555,19.1217403411865,1.40258479118347
20181125,0,-43,109,40000,7176.265625,241.272491455078,8.69769859313965,11.7930326461792
20181125,6,-43,109,40000,7134.49853515625,242.600006103516,8.65477275848389,23.2708778381348
20181125,12,-43,109,40000,7104.693359375,240.172454833984,18.2433700561523,3.74278330802917
20181125,18,-43,109,40000,7083.21630859375,238.272491455078,41.7981147766113,-9.18155288696289
20181126,0,-43,109,40000,7126.70361328125,238.899993896484,27.9645977020264,-8.62116718292236
20181126,6,-43,109,40000,7155.966796875,241.440551757813,27.6132869720459,-7.09679555892944
20181126,12,-43,109,40000,7162.4599609375,241.699996948242,22.4374313354492,3.96580076217651
20181126,18,-43,109,40000,7133.7451171875,241.600006103516,22.8383369445801,18.3640193939209
20181127,0,-43,109,40000,7070.4970703125,241.300003051758,14.5467891693115,25.280481338501
20181127,6,-43,109,40000,6999.78955078125,241.199996948242,15.2595767974854,26.7822074890137
20181127,12,-43,109,40000,6902.85791015625,238.172515869141,7.50370597839355,23.9129009246826
20181127,18,-43,109,40000,6822.833984375,233,4.83940696716309,0.671425759792328
20181128,0,-43,109,40000,6817.4482421875,233.278686523438,14.1085329055786,1.48113286495209
20181128,6,-43,109,40000,6786.05859375,232.70002746582,9.52511215209961,3.0652391910553
20181128,12,-43,109,40000,6757.69482421875,231.120895385742,8.90679168701172,1.55227053165436
20181128,18,-43,109,40000,6747.25390625,229.899993896484,3.79086422920227,-3.6301953792572
20181129,0,-43,109,40000,6797.54541015625,231.089645385742,3.41678476333618,-10.4982852935791
20181129,6,-43,109,40000,6848.9150390625,232.003875732422,10.099142074585,-12.7183713912964
20181129,12,-43,109,40000,6912.8994140625,235.5,1.6287750005722,-7.699951171875
20181129,18,-43,109,40000,6987.71630859375,237.699996948242,-8.52565670013428,1.08960449695587
20181130,0,-43,109,40000,7035.6806640625,237.699996948242,5.85840082168579,0.972255885601044
20181130,6,-43,109,40000,7058.97265625,238.600006103516,16.3614387512207,-10.0816602706909
20181130,12,-43,109,40000,7079.97265625,237.72102355957,13.9522123336792,-1.49614751338959
20181130,18,-43,109,40000,7079.1787109375,237.533493041992,13.2346019744873,-2.35113286972046
20181201,0,-43,109,40000,7072.69482421875,236.184646606445,9.86136150360107,-0.868707299232483
20181201,6,-43,109,40000,7087.16796875,238.118774414063,30.8837337493896,-14.5856447219849
20181201,12,-43,109,40000,7126.318359375,240.100006103516,43.0999183654785,-23.398120880127
20181201,18,-43,109,40000,7209.35546875,243.24055480957,35.6776657104492,-18.593297958374
20181202,0,-43,109,40000,7266.4169921875,245.394439697266,34.6147651672363,-0.504003882408142
20181202,6,-43,109,40000,7274.70166015625,246.591094970703,27.5041561126709,3.30022573471069
20181202,12,-43,109,40000,7276.05810546875,245.626098632813,27.6975803375244,7.146728515625
20181202,18,-43,109,40000,7253.63671875,245.016204833984,36.7045936584473,13.9692077636719
20181203,0,-43,109,40000,7206.03857421875,246.727508544922,50.4438934326172,23.613317489624
20181203,6,-43,109,40000,7125.265625,246.41276550293,56.9018669128418,30.9799556732178
20181203,12,-43,109,40000,7053.6318359375,246.699996948242,66.4584732055664,30.0068054199219
20181203,18,-43,109,40000,7004.49951171875,243.833694458008,58.9267387390137,20.6729850769043
20181204,0,-43,109,40000,6963.91015625,236.924560546875,21.0098628997803,4.11029052734375
20181204,6,-43,109,40000,6932.23876953125,235.885375976563,22.6136531829834,3.14006352424622
20181204,12,-43,109,40000,6897.63427734375,234.013275146484,33.0414810180664,-0.194659426808357
20181204,18,-43,109,40000,6893.90576171875,233.999923706055,27.2814750671387,-5.50026845932007
20181205,0,-43,109,40000,6925.60986328125,234.499969482422,24.2037162780762,-16.5000114440918
20181205,6,-43,109,40000,6959.8798828125,236.414627075195,10.9705410003662,-11.3023929595947
20181205,12,-43,109,40000,6959.66796875,234.699996948242,0.464678943157196,4.41605854034424
20181205,18,-43,109,40000,6904.982421875,231.30241394043,-7.07320261001587,7.76066303253174
20181206,0,-43,109,40000,6863.275390625,229.20002746582,-6.61614370346069,-3.52269291877747
20181206,6,-43,109,40000,6870.62109375,230.0107421875,8.73602867126465,-12.0969114303589
20181206,12,-43,109,40000,6895.00830078125,230.828979492188,35.5340042114258,-10.3126096725464
20181206,18,-43,109,40000,6867.92138671875,232.327972412109,53.8656730651855,1.47114872932434
20181207,0,-43,109,40000,6862.21484375,228.861450195313,43.5597724914551,4.33721303939819
20181207,6,-43,109,40000,6831.15771484375,228.671783447266,32.0251541137695,3.48007202148438
20181207,12,-43,109,40000,6875.712890625,232.667846679688,38.8974609375,-6.38350820541382
20181207,18,-43,109,40000,6912.3720703125,232.000030517578,39.4934997558594,-7.93935060501099
20181208,0,-43,109,40000,6903.86083984375,228.851348876953,37.3185882568359,1.99716794490814
20181208,6,-43,109,40000,6869.5361328125,227.813888549805,39.3714561462402,-3.75927734375
20181208,12,-43,109,40000,6853.083984375,229.304473876953,29.1954574584961,-5.14426755905151
20181208,18,-43,109,40000,6846.33251953125,228.318359375,32.613941192627,-7.23739910125732
20181209,0,-43,109,40000,6919.75830078125,231.199996948242,36.379997253418,-28.6132373809814
20181209,6,-43,109,40000,6988.40869140625,230.10400390625,30.8606052398682,-16.9070434570313
20181209,12,-43,109,40000,7027.53125,230.699996948242,22.8546581268311,-10.7201957702637
20181209,18,-43,109,40000,7036.2138671875,233.591400146484,32.4722366333008,-6.95729351043701
20181210,0,-43,109,40000,7050.771484375,236.615798950195,34.5749130249023,-7.47518301010132
20181210,6,-43,109,40000,7040.02978515625,236.988845825195,31.1778869628906,-1.26249384880066
20181210,12,-43,109,40000,7008.16796875,235.526763916016,33.753288269043,-1.730224609375
20181210,18,-43,109,40000,7007.84619140625,233.999969482422,26.8708400726318,-21.1150321960449
20181211,0,-43,109,40000,7049.466796875,235.276947021484,24.9999198913574,-9.62453651428223
20181211,6,-43,109,40000,7058.6123046875,234.754974365234,23.1416969299316,-7.08925771713257
20181211,12,-43,109,40000,7055.4375,234.672439575195,21.1999931335449,4.27061748504639
20181211,18,-43,109,40000,7012.81396484375,235.006759643555,21.4810237884521,14.6844911575317
20181212,0,-43,109,40000,6939.75830078125,233.680938720703,24.4512214660645,16.750997543335
20181212,6,-43,109,40000,6841.4150390625,232.100006103516,14.5851287841797,-0.307827770709991
20181212,12,-43,109,40000,6869.30322265625,233.285598754883,9.33448219299316,-31.6921539306641
20181212,18,-43,109,40000,6974.8466796875,236.38786315918,25.4866371154785,-33.1814765930176
20181213,0,-43,109,40000,7064.7099609375,236.927536010742,23.24827003479,-18.7836494445801
20181213,6,-43,109,40000,7101.92626953125,236.729156494141,14.6310300827026,-7.72675180435181
20181213,12,-43,109,40000,7105.1943359375,234.899993896484,3.29577946662903,4.37614154815674
20181213,18,-43,109,40000,7089.9794921875,234.100021362305,-9.55557823181152,6.55422353744507
20181214,0,-43,109,40000,7126.73583984375,236.220260620117,-12.3084506988525,-7.73353290557861
20181214,6,-43,109,40000,7242.93798828125,241.399993896484,13.7925539016724,-15.8191041946411
20181214,12,-43,109,40000,7299.73193359375,242.321655273438,23.3172359466553,-10.8991394042969
20181214,18,-43,109,40000,7303.39306640625,243.5,26.327465057373,8.3214054107666
20181215,0,-43,109,40000,7293.86767578125,244.100006103516,34.871452331543,6.30036020278931
20181215,6,-43,109,40000,7271.1826171875,244.360382080078,41.404125213623,9.02939414978027
20181215,12,-43,109,40000,7273.8212890625,244.013092041016,41.1127243041992,9.07369995117188
20181215,18,-43,109,40000,7296.8857421875,245.60498046875,34.1002731323242,4.42893362045288
20181216,0,-43,109,40000,7334.861328125,246.899978637695,30.9031429290771,7.31282043457031
20181216,6,-43,109,40000,7328.8173828125,246.199981689453,17.7503471374512,2.93415832519531
20181216,12,-43,109,40000,7277.70947265625,243.600021362305,5.644287109375,7.96012878417969
20181216,18,-43,109,40000,7220.970703125,242.5,2.52846670150757,12.919454574585
20181217,0,-43,109,40000,7171.10693359375,242,-6.66788625717163,12.3569393157959
20181217,6,-43,109,40000,7113.349609375,241,-9.51375102996826,1.20004272460938
20181217,12,-43,109,40000,7063.47509765625,240.604400634766,9.92229270935059,-6.15520000457764
20181217,18,-43,109,40000,6982.26318359375,237.741134643555,18.3187255859375,14.3174381256104
20181218,0,-43,109,40000,6831.83447265625,236.573928833008,20.1045627593994,-11.7067623138428
20181218,6,-43,109,40000,6760.650390625,235.034866333008,16.5050392150879,-10.0778017044067
20181218,12,-43,109,40000,6792.337890625,233.187744140625,10.191668510437,-21.9894046783447
