20180720,0,89,-151,2000,23122.23828125,182.917236328125,-7.34758806228638,3.29813480377197
20180720,6,89,-151,2000,23129.13671875,182.899993896484,-6.51998043060303,3.47758793830872
20180720,12,89,-151,2000,23146.5390625,182.899993896484,-5.34527111053467,3.40335440635681
20180720,18,89,-151,2000,23142.408203125,182.699981689453,-4.34511232376099,3.34386730194092
20180721,0,89,-151,2000,23140.35546875,182.699981689453,-3.73999261856079,3.3701171875
20180721,6,89,-151,2000,23124.884765625,182.596267700195,-3.4439868927002,2.90141844749451
20180721,12,89,-151,2000,23113.82421875,182.600006103516,-1.81999516487122,2.25670909881592
20180721,18,89,-151,2000,23106.544921875,182.599990844727,-1.73999512195587,1.13396978378296
20180722,0,89,-151,2000,23103.0234375,182.5,-0.839995145797729,1.84996092319489
20180722,6,89,-151,2000,23102.6796875,182.600006103516,0.0766406282782555,0.1387939453125
20180722,12,89,-151,2000,23116.830078125,182.699981689453,-0.145766600966454,0.28143310546875
20180722,18,89,-151,2000,23117.939453125,182.499969482422,0.380009770393372,0.555383324623108
20180723,0,89,-151,2000,23121.189453125,182.29997253418,-0.0199877936393023,0.256306141614914
20180723,6,89,-151,2000,23132.01953125,182.199981689453,0.0800024420022964,-0.256303697824478
20180723,12,89,-151,2000,23139.482421875,182.299987792969,7.32421858629095e-06,-0.914644777774811
20180723,18,89,-151,2000,23143.724609375,182.199981689453,0.276667475700378,-0.568781733512878
20180724,0,89,-151,2000,23145.615234375,182.279678344727,0.600456535816193,-0.518652319908142
20180724,6,89,-151,2000,23161.66015625,182.199981689453,0.600004911422729,-1.54877436161041
20180724,12,89,-151,2000,23176.6796875,182.099990844727,0.779999971389771,-0.739616692066193
20180724,18,89,-151,2000,23185.8203125,181.899993896484,1.08008539676666,-0.809506833553314
20180725,0,89,-151,2000,23178.193359375,181.599990844727,0.0800024420022964,-0.0904296860098839
20180725,6,89,-151,2000,23178.01953125,181.399993896484,1.37517333030701,0.0531030260026455
20180725,12,89,-151,2000,23170.134765625,181.5,1.29999756813049,-0.345197767019272
20180725,18,89,-151,2000,23170.53515625,181.699981689453,1.37999999523163,0.211408689618111
20180726,0,89,-151,2000,23161.205078125,181.599975585938,2.00058841705322,0.0438232421875
20180726,6,89,-151,2000,23156.515625,181.399993896484,2.27999758720398,-1.82612061500549
20180726,12,89,-151,2000,23152.037109375,181.299987792969,2.29999995231628,-2.28391599655151
20180726,18,89,-151,2000,23152.267578125,181.199981689453,2.68028807640076,-2.8212354183197
20180727,0,89,-151,2000,23147.60546875,180.999969482422,2.97669196128845,-2.69785404205322
20180727,6,89,-151,2000,23146.7109375,180.999984741211,3.45670175552368,-3.79452633857727
20180727,12,89,-151,2000,23150.767578125,181.099990844727,3.68000245094299,-3.75442147254944
20180727,18,89,-151,2000,23147.580078125,181.399978637695,4.3566746711731,-2.92630124092102
20180728,0,89,-151,2000,23152.58203125,181.499984741211,4.98000478744507,-2.89629888534546
20180728,6,89,-151,2000,23158.2734375,181.499984741211,5.0796947479248,-3.2504198551178
20180728,12,89,-151,2000,23155.314453125,181.599990844727,4.47695302963257,-3.78025031089783
20180728,18,89,-151,2000,23154.876953125,181.499984741211,3.30241703987122,-3.84101319313049
20180729,0,89,-151,2000,23145.908203125,181.399993896484,2.18000483512878,-4.12518453598022
20180729,6,89,-151,2000,23140.72265625,181.599975585938,1.17999994754791,-5.22987079620361
20180729,12,89,-151,2000,23134.67578125,181.79997253418,0.760004878044128,-5.51080799102783
20180729,18,89,-151,2000,23129.90234375,181.899993896484,0.846738278865814,-5.57668113708496
20180730,0,89,-151,2000,23135.255859375,181.899978637695,0.580156266689301,-5.57343769073486
20180730,6,89,-151,2000,23132.345703125,181.906967163086,0.450004875659943,-6.87802743911743
20180730,12,89,-151,2000,23145.009765625,181.999969482422,-0.521901845932007,-7.37659168243408
20180730,18,89,-151,2000,23154.349609375,181.899993896484,-1.32000005245209,-6.62635135650635
20180731,0,89,-151,2000,23159.232421875,181.699981689453,-1.72220945358276,-5.98618793487549
20180731,6,89,-151,2000,23155.650390625,181.499969482422,-1.91966307163239,-6.51343011856079
20180731,12,89,-151,2000,23156.017578125,181.5,-2.22334218025208,-5.64635515213013
20180731,18,89,-151,2000,23157.73828125,181.599975585938,-0.919697284698486,-4.69242191314697
20180801,0,89,-151,2000,23160.16796875,181.79997253418,-0.719992697238922,-4.59929943084717
20180801,6,89,-151,2000,23165.357421875,181.899993896484,-0.816679716110229,-4.57372570037842
20180801,12,89,-151,2000,23162.0234375,181.999984741211,-0.639997541904449,-3.95240235328674
20180801,18,89,-151,2000,23163.990234375,181.999969482422,-0.0394384749233723,-3.09447765350342
20180802,0,89,-151,2000,23155.568359375,181.800003051758,-0.0405957028269768,-2.93490719795227
20180802,6,89,-151,2000,23154.947265625,181.899978637695,-0.17132568359375,-3.14990973472595
20180802,12,89,-151,2000,23159.07421875,181.899978637695,-0.0399975590407848,-2.51795649528503
20180802,18,89,-151,2000,23163.60546875,181.899993896484,1.24001705646515,-2.40990233421326
20180803,0,89,-151,2000,23162.302734375,181.599990844727,0.759999990463257,-3.19592523574829
20180803,6,89,-151,2000,23177.83203125,181.899993896484,-0.366608887910843,-3.80538082122803
20180803,12,89,-151,2000,23183.6796875,182.132125854492,-0.439999997615814,-4.19013166427612
20180803,18,89,-151,2000,23179.67578125,182.399993896484,-1.01973628997803,-4.01043462753296
20180804,0,89,-151,2000,23175.359375,182.499984741211,-2.04000234603882,-4.13524436950684
20180804,6,89,-151,2000,23168.732421875,182.599975585938,-2.83999514579773,-4.38723373413086
20180804,12,89,-151,2000,23157.095703125,182.499969482422,-1.23984861373901,-3.52635502815247
20180804,18,89,-151,2000,23146.7265625,182.299987792969,0.759995102882385,-3.52867197990417
20180805,0,89,-151,2000,23135.11328125,181.999984741211,1.87645268440247,-3.28253412246704
20180805,6,89,-151,2000,23130.142578125,181.799987792969,2.88278317451477,-4.08005380630493
20180805,12,89,-151,2000,23133.380859375,181.899993896484,3.48000741004944,-3.47328853607178
20180805,18,89,-151,2000,23131.2421875,181.899993896484,4.07577896118164,-3.30721306800842
20180806,0,89,-151,2000,23125.482421875,181.699981689453,3.97978281974792,-2.69956660270691
20180806,6,89,-151,2000,23126.552734375,181.399993896484,3.77577137947083,-3.8852002620697
20180806,12,89,-151,2000,23124.322265625,181.299987792969,2.77978515625,-3.02306771278381
20180806,18,89,-151,2000,23125.990234375,181.199981689453,2.98176765441895,-2.18553471565247
20180807,0,89,-151,2000,23119.654296875,180.899993896484,1.38341307640076,-1.55495977401733
20180807,6,89,-151,2000,23122.1796875,180.599990844727,0.676801741123199,-1.39937138557434
20180807,12,89,-151,2000,23128.455078125,180.599975585938,0.281232923269272,-0.652781963348389
20180807,18,89,-151,2000,23142.984375,180.599990844727,0.0830883756279945,0.4257592856884
20180808,0,89,-151,2000,23158.2265625,180.599975585938,-1.44273436069489,1.15861821174622
20180808,6,89,-151,2000,23175.4296875,180.599975585938,-2.81951904296875,1.19136714935303
20180808,12,89,-151,2000,23194.087890625,180.5,-3.21999025344849,1.71156001091003
20180808,18,89,-151,2000,23198.90234375,180.499984741211,-4.03999280929565,2.1720654964447
20180809,0,89,-151,2000,23196.02734375,180.550735473633,-5.03999757766724,2.96737790107727
20180809,6,89,-151,2000,23206.498046875,180.499984741211,-5.32134294509888,2.17789793014526
20180809,12,89,-151,2000,23210.9609375,180.499969482422,-5.03997802734375,2.16283941268921
20180809,18,89,-151,2000,23213.07421875,180.599990844727,-4.04167222976685,2.24615240097046
20180810,0,89,-151,2000,23205.16796875,180.399978637695,-4.21999025344849,1.86993646621704
20180810,6,89,-151,2000,23199.080078125,180.499969482422,-3.33999013900757,0.897519528865814
20180810,12,89,-151,2000,23202.3671875,180.528625488281,-1.91999506950378,-0.225605472922325
20180810,18,89,-151,2000,23198.365234375,180.599990844727,-0.939995110034943,-0.585258781909943
20180811,0,89,-151,2000,23186.8203125,180.399353027344,-0.519985377788544,-0.892175316810608
20180811,6,89,-151,2000,23175.734375,180.199981689453,-0.319963365793228,-2.45374751091003
20180811,12,89,-151,2000,23174.990234375,180.199981689453,-0.419995129108429,-2.45561289787292
20180811,18,89,-151,2000,23161.677734375,180.299987792969,0.680017113685608,-1.43618166446686
20180812,0,89,-151,2000,23170.4453125,180.399993896484,-0.119992673397064,-1.33759522438049
20180812,6,89,-151,2000,23173.052734375,180.29997253418,0.0800048857927322,-0.584112524986267
20180812,12,89,-151,2000,23170.595703125,180.199981689453,1.2804833650589,-0.0700854510068893
20180812,18,89,-151,2000,23175.025390625,179.899993896484,1.57822513580322,0.829921901226044
20180813,0,89,-151,2000,23175.3125,179.79997253418,0.880007326602936,2.19723510742188
20180813,6,89,-151,2000,23177.634765625,179.79997253418,0.980012178421021,1.4852306842804
20180813,12,89,-151,2000,23180,179.799987792969,0.700234353542328,1.35435307025909
20180813,18,89,-151,2000,23182.185546875,179.699981689453,1.28306400775909,1.32680416107178
20180814,0,89,-151,2000,23186.8125,179.599990844727,0.173432618379593,0.657668471336365
20180814,6,89,-151,2000,23182.482421875,179.508087158203,0.180012211203575,-0.577985823154449
20180814,12,89,-151,2000,23183.390625,179.599990844727,0.3800048828125,-1.87831783294678
20180814,18,89,-151,2000,23180.625,179.699981689453,0.280000001192093,-2.29943108558655
20180815,0,89,-151,2000,23166.712890625,179.699996948242,-0.619941413402557,-2.44343495368958
20180815,6,89,-151,2000,23164.59765625,179.699981689453,-0.619987785816193,-3.06053471565247
20180815,12,89,-151,2000,23167.767578125,179.999969482422,-0.719995141029358,-4.02308368682861
20180815,18,89,-151,2000,23163.95703125,180.199996948242,-0.319992661476135,-3.76951169967651
20180816,0,89,-151,2000,23161.080078125,180.299987792969,-0.819985330104828,-4.46851062774658
20180816,6,89,-151,2000,23163.380859375,180.499984741211,-1.2201269865036,-5.28215837478638
20180816,12,89,-151,2000,23181.75,180.899978637695,-1.31999516487122,-6.46599102020264
20180816,18,89,-151,2000,23176.3984375,181.099990844727,-2.21999263763428,-6.18999290466309
20180817,0,89,-151,2000,23179.248046875,181.099990844727,-3.01999998092651,-6.13678693771362
20180817,6,89,-151,2000,23185.439453125,181.199996948242,-3.81999015808105,-7.03066873550415
20180817,12,89,-151,2000,23193.6328125,181.299987792969,-3.72416019439697,-7.35198497772217
20180817,18,89,-151,2000,23185.48046875,181.299987792969,-4.01999282836914,-7.14428472518921
20180818,0,89,-151,2000,23179.9296875,181.399978637695,-4.29999256134033,-6.67395973205566
20180818,6,89,-151,2000,23176.89453125,181.320510864258,-4.52351570129395,-7.74163818359375
20180818,12,89,-151,2000,23176.142578125,181.299987792969,-4.59999990463257,-8.38113307952881
20180818,18,89,-151,2000,23168.498046875,181.599990844727,-4.61746597290039,-8.54469013214111
20180819,0,89,-151,2000,23148.150390625,181.699981689453,-5.01765632629395,-7.89390134811401
20180819,6,89,-151,2000,23137.275390625,181.599990844727,-5.42000007629395,-9.2429666519165
20180819,12,89,-151,2000,23123.76953125,181.599975585938,-5.81999778747559,-8.39757823944092
20180819,18,89,-151,2000,23110.529296875,181.699981689453,-4.82000255584717,-6.96724605560303
20180820,0,89,-151,2000,23096.310546875,181.79997253418,-5.22019290924072,-6.30962896347046
20180820,6,89,-151,2000,23083.408203125,182.099990844727,-5.34951639175415,-6.00958967208862
20180820,12,89,-151,2000,23082.01171875,182.099975585938,-5.41995620727539,-5.60080575942993
20180820,18,89,-151,2000,23078.251953125,182.29997253418,-4.8399977684021,-4.11786603927612
20180821,0,89,-151,2000,23072.650390625,182.29997253418,-5.54302740097046,-3.32007312774658
20180821,6,89,-151,2000,23064.69921875,182.29997253418,-5.53999280929565,-2.60569095611572
20180821,12,89,-151,2000,23066.892578125,182.299987792969,-4.64326667785645,-2.33339357376099
20180821,18,89,-151,2000,23067.404296875,182.399993896484,-4.44428205490112,-1.50079345703125
20180822,0,89,-151,2000,23063.79296875,182.199996948242,-4.71999025344849,-0.462666004896164
20180822,6,89,-151,2000,23054.380859375,182,-4.74222660064697,-0.260290533304214
20180822,12,89,-151,2000,23059.310546875,181.999984741211,-3.42582511901855,0.0664428696036339
20180822,18,89,-151,2000,23057.974609375,181.999984741211,-3.01999759674072,0.523872077465057
20180823,0,89,-151,2000,23058.259765625,182.099990844727,-2.21999025344849,1.32654786109924
20180823,6,89,-151,2000,23055.609375,182.29997253418,-2.12535166740417,-0.0499365217983723
20180823,12,89,-151,2000,23063.623046875,182.599975585938,-0.823264181613922,0.115502931177616
20180823,18,89,-151,2000,23065.759765625,183.006973266602,-0.216591790318489,0.180346682667732
20180824,0,89,-151,2000,23064.876953125,183.199981689453,-0.0223095696419477,0.356071770191193
20180824,6,89,-151,2000,23059.029296875,182.999969482422,0.283310532569885,-1.01190912723541
20180824,12,89,-151,2000,23055.126953125,183.099990844727,0.680012226104736,-0.916429460048676
20180824,18,89,-151,2000,23056.744140625,183.199981689453,1.35223627090454,-0.39970338344574
20180825,0,89,-151,2000,23054.560546875,183.199996948242,0.861042499542236,-0.388859868049622
20180825,6,89,-151,2000,23051.328125,183.199981689453,0.160012200474739,-1.29256594181061
20180825,12,89,-151,2000,23046.970703125,183.300003051758,0.0600073225796223,-1.04740238189697
20180825,18,89,-151,2000,23045.1328125,183.099990844727,-0.0399951189756393,-0.486599117517471
20180826,0,89,-151,2000,23046.16015625,182.899993896484,-0.939987778663635,-0.2932348549366
20180826,6,89,-151,2000,23039.45703125,182.899993896484,-2.12138915061951,-0.750861823558807
20180826,12,89,-151,2000,23029.64453125,182.899993896484,-1.73999750614166,-0.910407721996307
20180826,18,89,-151,2000,23010.533203125,183.093002319336,-1.71999752521515,-0.418010264635086
20180827,0,89,-151,2000,22998.044921875,183.299987792969,-1.74739503860474,-0.565573751926422
20180827,6,89,-151,2000,22976.025390625,183.299987792969,-1.8400000333786,-1.61154055595398
20180827,12,89,-151,2000,22954.27734375,183.599975585938,-1.239990234375,-2.1455078125
20180827,18,89,-151,2000,22930.203125,183.599990844727,0.461162120103836,-1.42261230945587
20180828,0,89,-151,2000,22913.59765625,183.699981689453,-0.319987803697586,-1.51550531387329
20180828,6,89,-151,2000,22899.73828125,183.599990844727,-0.439985364675522,-0.802443861961365
20180828,12,89,-151,2000,22895.443359375,183.599990844727,0.579999983310699,-0.158571779727936
20180828,18,89,-151,2000,22896.052734375,183.499984741211,0.55999755859375,0.956879854202271
20180829,0,89,-151,2000,22904.337890625,183.399978637695,-0.247775882482529,2.16005492210388
20180829,6,89,-151,2000,22913.2265625,183.29997253418,-0.740004897117615,2.16365242004395
20180829,12,89,-151,2000,22931.322265625,183.300003051758,-1.24222409725189,2.35072255134583
20180829,18,89,-151,2000,22943.0390625,183.099990844727,-1.73999750614166,3.47779536247253
20180830,0,89,-151,2000,22954.4765625,182.899978637695,-2.53999757766724,3.52001094818115
20180830,6,89,-151,2000,22957.8671875,182.599990844727,-3.71998524665833,2.96307373046875
20180830,12,89,-151,2000,22958.265625,182.599975585938,-2.82194089889526,2.72758293151855
20180830,18,89,-151,2000,22949.314453125,182.599975585938,-2.91677498817444,2.42048335075378
20180831,0,89,-151,2000,22941.91796875,182.799987792969,-3.61999034881592,2.96728754043579
20180831,6,89,-151,2000,22926.7265625,182.899978637695,-3.22499513626099,2.41315054893494
20180831,12,89,-151,2000,22928.525390625,183.099975585938,-2.11998295783997,2.13772344589233
20180831,18,89,-151,2000,22926.66796875,183.199981689453,-1.21999752521515,2.76102042198181
20180901,0,89,-151,2000,22930.796875,183.299987792969,-1.64683353900909,3.49905276298523
20180901,6,89,-151,2000,22939.650390625,183.499984741211,-1.22021722793579,3.48398566246033
20180901,12,89,-151,2000,22956.85546875,183.699981689453,-0.541386723518372,3.36951899528503
20180901,18,89,-151,2000,22973.7578125,183.867858886719,-0.544609367847443,4.56995105743408
20180902,0,89,-151,2000,22990.7265625,183.999969482422,-1.36827886104584,4.6997971534729
20180902,6,89,-151,2000,23007.546875,184.199493408203,-2.66239261627197,3.93211436271667
20180902,12,89,-151,2000,23020.14453125,184.29997253418,-3.3600025177002,4.4997410774231
20180902,18,89,-151,2000,23025.212890625,184.399993896484,-3.46138191223145,4.83746099472046
20180903,0,89,-151,2000,23018.97265625,184.499969482422,-4.87998533248901,4.99639654159546
20180903,6,89,-151,2000,23018.01953125,184.899978637695,-5.45998764038086,3.7974853515625
20180903,12,89,-151,2000,23009.087890625,184.999984741211,-5.56221199035645,3.50589346885681
20180903,18,89,-151,2000,22992.6171875,184.899993896484,-4.25999736785889,4.14419412612915
20180904,0,89,-151,2000,22965.26953125,184.699981689453,-4.45999002456665,3.99146485328674
20180904,6,89,-151,2000,22951.474609375,184.600006103516,-4.03999757766724,3.82982420921326
20180904,12,89,-151,2000,22941.689453125,184.79997253418,-1.96674072742462,3.69542717933655
20180904,18,89,-151,2000,22936.337890625,185.199981689453,-0.843706071376801,4.46982669830322
20180905,0,89,-151,2000,22941.091796875,185.300003051758,0.260004878044128,5.22916984558105
20180905,6,89,-151,2000,22953.275390625,185.5,1.25666010379791,4.64521503448486
20180905,12,89,-151,2000,22976.7734375,185.599990844727,3.16000008583069,4.72005605697632
20180905,18,89,-151,2000,22996.0390625,185.699981689453,4.98000001907349,4.34377193450928
20180906,0,89,-151,2000,23006.849609375,185.599975585938,4.68000507354736,3.66011238098145
20180906,6,89,-151,2000,23014.8359375,185.599990844727,4.26000022888184,1.99858403205872
20180906,12,89,-151,2000,23023.359375,185.999984741211,4.3800048828125,1.24189698696136
20180906,18,89,-151,2000,23032.03515625,186.163650512695,4.25410175323486,0.498417973518372
20180907,0,89,-151,2000,23034.703125,186.410018920898,2.46000242233276,0.149665534496307
20180907,6,89,-151,2000,23039.45703125,186.800003051758,1.65500974655151,-0.525434553623199
20180907,12,89,-151,2000,23030.525390625,187.099990844727,1.86000490188599,0.136606439948082
20180907,18,89,-151,2000,23040.505859375,187.099990844727,2.48093008995056,0.518476545810699
20180908,0,89,-151,2000,23048.193359375,187.399978637695,0.660004854202271,1.32273197174072
20180908,6,89,-151,2000,23065.4140625,187.800003051758,0.857785642147064,0.781235337257385
20180908,12,89,-151,2000,23087.720703125,188.199981689453,0.0799999982118607,-0.696582019329071
20180908,18,89,-151,2000,23110.580078125,188.699981689453,-1.06138920783997,0.200109869241714
20180909,0,89,-151,2000,23122.26953125,189.099975585938,-1.49999690055847,0.10009765625
20180909,6,89,-151,2000,23142.65234375,189.399978637695,-2.61098337173462,-1.79990231990814
20180909,12,89,-151,2000,23155.8203125,189.699981689453,-2.29999995231628,-2.19990229606628
20180909,18,89,-151,2000,23173.509765625,190.499984741211,-2.20000004768372,-2.10007929801941
20180910,0,89,-151,2000,23178.85546875,190.699981689453,-3.40000009536743,-2.30007934570313
20180910,6,89,-151,2000,23188.82421875,190.999969482422,-4.09998464584351,-3.69990229606628
20180910,12,89,-151,2000,23188.6796875,191.099975585938,-4.99999713897705,-4.70775747299194
20180910,18,89,-151,2000,23195.595703125,191.199981689453,-6,-3.19993281364441
20180911,0,89,-151,2000,23193.55078125,190.899978637695,-6.93088388442993,-3.03995370864868
20180911,6,89,-151,2000,23189.216796875,190.799987792969,-8.0399923324585,-4.21005868911743
20180911,12,89,-151,2000,23198.22265625,190.699981689453,-7.63999509811401,-3.98600101470947
20180911,18,89,-151,2000,23203.83203125,191.099990844727,-6.85329341888428,-3.2340087890625
20180912,0,89,-151,2000,23211.33984375,191.199981689453,-7.84000492095947,-3.42973637580872
20180912,6,89,-151,2000,23223.3984375,191.299987792969,-8.53999996185303,-4.66254377365112
20180912,12,89,-151,2000,23230.546875,191.399993896484,-8.15999984741211,-4.54472160339355
20180912,18,89,-151,2000,23237.5234375,191.399978637695,-7.66502952575684,-3.57187008857727
20180913,0,89,-151,2000,23241.60546875,191.299987792969,-8.39157104492188,-2.79989004135132
20180913,6,89,-151,2000,23246.017578125,191.199630737305,-8.59999656677246,-3.08687734603882
20180913,12,89,-151,2000,23230.29296875,191.099990844727,-7.80810546875,-2.93325185775757
20180913,18,89,-151,2000,23224.58203125,191.299987792969,-7.09999990463257,-2.05933833122253
20180914,12,89,-151,2000,23212.259765625,192.599990844727,-6.09999561309814,-2.78856801986694
20180914,18,89,-151,2000,23215.9921875,193.199981689453,-6.27777862548828,-1.689453125
20180915,0,89,-151,2000,23213.0078125,193.399993896484,-6.48499774932861,0.2000732421875
20180915,6,89,-151,2000,23202.876953125,193.5,-5.49999713897705,-0.599871814250946
20180915,12,89,-151,2000,23203.15234375,193.199996948242,-5.39614248275757,-0.480963140726089
20180915,18,89,-151,2000,23195.60546875,192.79997253418,-4.70000314712524,0.399853527545929
20180916,0,89,-151,2000,23190.58203125,192.599975585938,-5.71802473068237,0.859638690948486
20180916,12,89,-151,2000,23192.322265625,192.099990844727,-4.6199951171875,0.247370600700378
20180916,18,89,-151,2000,23188.26953125,191.999969482422,-4.74340105056763,0.920546889305115
20180917,0,89,-151,2000,23189.1640625,191.899993896484,-4.8399977684021,1.07696044445038
20180917,6,89,-151,2000,23181.845703125,191.899993896484,-4.71999979019165,-0.414438486099243
20180917,12,89,-151,2000,23187.58203125,191.899307250977,-3.73999762535095,-0.915104985237122
20180917,18,89,-151,2000,23194.453125,191.999984741211,-3.24499988555908,-0.931770026683807
20180918,0,89,-151,2000,23200.30078125,192.199996948242,-3.54999256134033,-1.20628905296326
20180918,6,89,-151,2000,23202.658203125,192.5,-3.32138180732727,-2.53861331939697
20180918,12,89,-151,2000,23207.935546875,192.899978637695,-2.41999745368958,-2.61497569084167
20180918,18,89,-151,2000,23206.373046875,193.199996948242,-1.43999516963959,-1.68621587753296
20180919,0,89,-151,2000,23210.078125,193.29997253418,-2.03999519348145,-1.64739263057709
20180919,6,89,-151,2000,23211.8515625,193.199981689453,-2.11999750137329,-1.48887693881989
20180919,12,89,-151,2000,23218.494140625,193.199981689453,-0.519997537136078,-1.04972171783447
20180919,18,89,-151,2000,23226.181640625,193.099975585938,-0.616594254970551,-0.263811022043228
20180920,0,89,-151,2000,23239.876953125,193.099975585938,-1.42000246047974,0.728994131088257
20180920,6,89,-151,2000,23263.9375,193.29997253418,-1.41999506950378,0.0407641604542732
20180920,12,89,-151,2000,23290.162109375,193.79997253418,-1.01999759674072,-0.0939648449420929
20180920,18,89,-151,2000,23320.8671875,194.5,-1.4241064786911,0.0336010754108429
20180921,0,89,-151,2000,23344.2109375,195,-2.31999278068542,-0.302070319652557
20180921,6,89,-151,2000,23356.41015625,195.499984741211,-4.16003561019897,-2.07243037223816
20180921,12,89,-151,2000,23373.474609375,196.099990844727,-4.39526844024658,-1.69989621639252
20180921,18,89,-151,2000,23377.3125,196.43635559082,-4.59999990463257,-1.63983762264252
20180922,0,89,-151,2000,23386.365234375,196.600006103516,-5.69999980926514,-1.47526860237122
20180922,6,89,-151,2000,23389.92578125,197,-5.73138284683228,-2.93327641487122
20180922,12,89,-151,2000,23397.935546875,197.61003112793,-5.5,-3.40001225471497
20180922,18,89,-151,2000,23389.5,198,-5.30000019073486,-3.69995737075806
20180923,0,89,-151,2000,23392.408203125,198.199996948242,-6.29999399185181,-3.97238779067993
20180923,6,89,-151,2000,23390.328125,198.399993896484,-6.19999837875366,-5.45498657226563
20180923,12,89,-151,2000,23397.14453125,198.399993896484,-5.70000314712524,-6.19999408721924
20180923,18,89,-151,2000,23399.869140625,198.399978637695,-5.59999990463257,-6.08107900619507
20180924,0,89,-151,2000,23399.4609375,198.199981689453,-6.19999694824219,-5.88106060028076
20180924,6,89,-151,2000,23399.474609375,198.100006103516,-5.94887685775757,-7.19244384765625
20180924,12,89,-151,2000,23397.44921875,198.300003051758,-5,-7.91881084442139
20180924,18,89,-151,2000,23397.21484375,198.499984741211,-5.00000286102295,-7.16615009307861
20180925,0,89,-151,2000,23391.595703125,198.699996948242,-5.39999675750732,-6.79998159408569
20180925,6,89,-151,2000,23390.439453125,199.199996948242,-5.79997396469116,-8.19996929168701
20180925,12,89,-151,2000,23391.060546875,199.800003051758,-5.44673442840576,-8.29991436004639
20180925,18,89,-151,2000,23389.927734375,199.999969482422,-5.64998769760132,-7.62785148620605
20180926,0,89,-151,2000,23383.5234375,199.999984741211,-7.14804458618164,-6.84312009811401
20180926,6,89,-151,2000,23384.21484375,199.899978637695,-8.14000034332275,-7.16744136810303
20180926,12,89,-151,2000,23392.150390625,199.899993896484,-7.7700023651123,-6.41226577758789
20180926,18,89,-151,2000,23398.4140625,199.699996948242,-9.15999221801758,-5.48879623413086
20180927,0,89,-151,2000,23415.505859375,199.600006103516,-11.2479295730591,-3.38830327987671
20180927,6,89,-151,2000,23421.755859375,199.191619873047,-11.8599948883057,-2.74280524253845
20180927,12,89,-151,2000,23435.115234375,198.799987792969,-11.3599948883057,-1.53286373615265
20180927,18,89,-151,2000,23437.037109375,198.399993896484,-11.460000038147,0.867773413658142
20180928,0,89,-151,2000,23436.712890625,197.799987792969,-11.5412178039551,2.86007070541382
20180928,6,89,-151,2000,23433.859375,197.499969482422,-11.2599973678589,2.19133543968201
20180928,12,89,-151,2000,23433.390625,197.699996948242,-10.3477754592896,2.50198006629944
20180928,18,89,-151,2000,23432.92578125,197.899993896484,-10.3386058807373,2.86876463890076
20180929,0,89,-151,2000,23426.70703125,198.399993896484,-11.2462520599365,2.89728021621704
20180929,6,89,-151,2000,23423.943359375,198.79997253418,-12.4399976730347,1.58460199832916
20180929,12,89,-151,2000,23426.80078125,199.099990844727,-11.9399995803833,2.21835947036743
20180929,18,89,-151,2000,23433.046875,199.399978637695,-12.3599996566772,2.32579588890076
20180930,0,89,-151,2000,23432.78515625,199.599990844727,-13.7463235855103,3.0558397769928
20180930,6,89,-151,2000,23434.892578125,199.399978637695,-14.1475095748901,2.46510744094849
20180930,12,89,-151,2000,23447.04296875,199.399993896484,-12.6599998474121,2.09184074401855
20180930,18,89,-151,2000,23450.16015625,199.399978637695,-13.3599996566772,2.94035148620605
20181001,0,89,-151,2000,23462.39453125,199.399993896484,-13.2399997711182,4.53994607925415
20181001,6,89,-151,2000,23473.51953125,199.499984741211,-12.539999961853,2.61602544784546
20181001,12,89,-151,2000,23493.712890625,199.999984741211,-11.2399978637695,2.80284190177917
20181001,18,89,-151,2000,23499.51953125,200.799987792969,-9.53999710083008,3.95558834075928
20181002,0,89,-151,2000,23513.275390625,201.300003051758,-9.21999740600586,3.80830073356628
20181002,6,89,-151,2000,23520.818359375,202.100006103516,-8.239990234375,2.40221691131592
20181002,12,89,-151,2000,23526.671875,203.099975585938,-7.11999750137329,2.03740239143372
20181002,18,89,-151,2000,23528.892578125,203.711624145508,-6.43999528884888,2.25316643714905
20181003,0,89,-151,2000,23535.7890625,204.300003051758,-6.93999767303467,2.1843945980072
20181003,6,89,-151,2000,23536.6328125,204.836029052734,-7.1399974822998,0.630654275417328
20181003,12,89,-151,2000,23548.89453125,205.5,-5.73999977111816,0.145295411348343
20181003,18,89,-151,2000,23558.09765625,205.923049926758,-5.6399998664856,0.219956055283546
20181004,0,89,-151,2000,23574.1328125,206.5,-6.51999759674072,-0.302563488483429
20181004,6,89,-151,2000,23583.1328125,207.297241210938,-6.9499831199646,-2.10184335708618
20181004,12,89,-151,2000,23602.41015625,208.399993896484,-6.14525413513184,-3.27933835983276
20181004,18,89,-151,2000,23613.412109375,209.300003051758,-6.93999767303467,-4.00040292739868
20181005,0,89,-151,2000,23630.619140625,210.184814453125,-8.82000255584717,-3.73030996322632
20181005,6,89,-151,2000,23643.615234375,210.79997253418,-9.43999004364014,-5.08577394485474
20181005,12,89,-151,2000,23658.23828125,211.399993896484,-9.3499927520752,-5.04768562316895
20181005,18,89,-151,2000,23658.443359375,211.399993896484,-9.23999977111816,-4.04973411560059
20181006,0,89,-151,2000,23668.869140625,211.599975585938,-10.0224828720093,-3.76695561408997
20181006,6,89,-151,2000,23681.546875,211.988922119141,-9.25028610229492,-5.35307598114014
20181006,12,89,-151,2000,23708.216796875,212.413528442383,-7.94999265670776,-7.63053226470947
20181006,18,89,-151,2000,23727.482421875,212.600006103516,-8.85000038146973,-8.68806648254395
20181007,0,89,-151,2000,23742.033203125,212.5,-10.7200002670288,-8.97114276885986
20181007,6,89,-151,2000,23756.3515625,212.5,-11.4199953079224,-10.3499507904053
20181007,12,89,-151,2000,23757.78515625,212.199996948242,-11.3399972915649,-10.2857475280762
20181007,18,89,-151,2000,23738.591796875,211.300003051758,-12.2200002670288,-8.91677284240723
20181008,0,89,-151,2000,23728.134765625,210.5,-12.5399951934814,-7.30760765075684
20181008,6,89,-151,2000,23717.48046875,209.600006103516,-12.040002822876,-7.3857569694519
20181008,12,89,-151,2000,23702.322265625,208.600006103516,-10.2499971389771,-6.54727029800415
20181008,18,89,-151,2000,23680.306640625,207.8466796875,-9.31999969482422,-5.02437019348145
20181009,0,89,-151,2000,23668.6953125,207.204559326172,-9.34248733520508,-4.42980003356934
20181009,6,89,-151,2000,23665.775390625,207.199996948242,-8.9399995803833,-5.86283683776855
20181009,12,89,-151,2000,23664.044921875,207.600006103516,-8.42000007629395,-5.74718761444092
20181009,18,89,-151,2000,23669.26171875,207.800003051758,-8.54999732971191,-4.73099136352539
20181010,0,89,-151,2000,23672.994140625,208.29997253418,-9.6399974822998,-3.38155269622803
20181010,6,89,-151,2000,23667.337890625,208.399978637695,-9.83999729156494,-3.18687510490417
20181010,12,89,-151,2000,23672.1640625,208.399993896484,-8.6399974822998,-2.32740712165833
20181010,18,89,-151,2000,23666.376953125,208.199996948242,-8.64000034332275,-1.45854496955872
20181011,0,89,-151,2000,23669.1171875,208.199996948242,-10.3399906158447,-0.927946805953979
20181011,6,89,-151,2000,23675.998046875,208.199996948242,-10.3599996566772,-1.27442872524261
20181011,12,89,-151,2000,23690.41796875,208.399993896484,-8.64000225067139,-1.64822506904602
20181011,18,89,-151,2000,23693.142578125,208.099975585938,-8.84000015258789,-0.949677705764771
20181012,0,89,-151,2000,23707.984375,207.999969482422,-8.81999492645264,-0.684540987014771
20181012,6,89,-151,2000,23720.171875,208.199981689453,-8.33999538421631,-3.50477528572083
20181012,12,89,-151,2000,23728.4296875,208.699996948242,-7.04249000549316,-4.10258769989014
20181012,18,89,-151,2000,23734.154296875,209,-6.41999530792236,-5.2004246711731
20181013,0,89,-151,2000,23745.357421875,209.199981689453,-8.03999519348145,-5.82377433776855
20181013,6,89,-151,2000,23752.9296875,209.399978637695,-8.12008571624756,-6.95893049240112
20181013,12,89,-151,2000,23764.640625,209.899993896484,-7.04239749908447,-8.01147937774658
20181013,18,89,-151,2000,23763.7421875,209.800003051758,-7.51999998092651,-7.07720708847046
20181014,0,89,-151,2000,23766.107421875,209.79997253418,-7.84000253677368,-7.27612781524658
20181014,6,89,-151,2000,23766.556640625,209.899978637695,-8.52324199676514,-8.84998512268066
20181014,12,89,-151,2000,23769.375,209.899993896484,-7.44999742507935,-8.9547758102417
20181014,18,89,-151,2000,23762.568359375,209.5,-7.0200023651123,-8.13593769073486
20181015,0,89,-151,2000,23757.01953125,209.399993896484,-6.53999519348145,-8.11001682281494
20181015,6,89,-151,2000,23759.60546875,209.492523193359,-6.24335670471191,-10.1159086227417
20181015,12,89,-151,2000,23775.07421875,209.79997253418,-4.55000019073486,-10.1659889221191
20181015,18,89,-151,2000,23790.01171875,210.300003051758,-4.31999778747559,-10.4925193786621
20181016,0,89,-151,2000,23799.23046875,210.300003051758,-6.01999998092651,-9.65867233276367
20181016,6,89,-151,2000,23808.8203125,210.399993896484,-6.13999271392822,-9.9410400390625
20181016,12,89,-151,2000,23815.662109375,210.699996948242,-5.34000015258789,-8.51613521575928
20181016,18,89,-151,2000,23809.474609375,210.699996948242,-4.92000484466553,-5.6766505241394
20181017,0,89,-151,2000,23802.8359375,210.599975585938,-5.44999980926514,-3.83667469024658
20181017,6,89,-151,2000,23800.197265625,210.499969482422,-5.03999996185303,-3.01758551597595
20181017,12,89,-151,2000,23809.908203125,210.399993896484,-3.1199951171875,-2.06867909431458
20181017,18,89,-151,2000,23808.58203125,210.199996948242,-2.23998546600342,-0.545729994773865
20181018,0,89,-151,2000,23813.72265625,210.100006103516,-2.64000010490417,0.0879101529717445
20181018,6,89,-151,2000,23827.630859375,210.300003051758,-1.9599951505661,-0.565942406654358
20181018,12,89,-151,2000,23854.63671875,210.699996948242,0.0600048825144768,-1.25802731513977
20181018,18,89,-151,2000,23882.6015625,210.899993896484,1.05999994277954,-1.02890133857727
20181019,0,89,-151,2000,23916.41796875,211.100006103516,0.259999990463257,-1.45728027820587
20181019,6,89,-151,2000,23941.23828125,211.29997253418,1.44000005722046,-2.86643075942993
20181019,18,89,-151,2000,23986.828125,212.499969482422,3.74000000953674,-4.66765642166138
20181020,0,89,-151,2000,23997.9765625,212.999969482422,2.05074453353882,-6.03799295425415
20181020,6,89,-151,2000,23992.908203125,213.272659301758,0.830007314682007,-7.71993160247803
20181020,12,89,-151,2000,24000.255859375,213.79997253418,1.42473387718201,-8.61380863189697
20181020,18,89,-151,2000,23989.994140625,213.699981689453,0.140002444386482,-8.34778785705566
20181021,0,89,-151,2000,23982.130859375,213.899993896484,-1.25998294353485,-7.82518577575684
20181021,6,89,-151,2000,23976.28515625,213.899993896484,-1.87000000476837,-8.87845230102539
20181021,12,89,-151,2000,23986.5078125,214.199981689453,-0.839997529983521,-9.40689945220947
20181021,18,89,-151,2000,23977.2734375,214.5,-0.739995121955872,-8.99113082885742
20181022,0,89,-151,2000,23981.421875,215.300003051758,-1.53999018669128,-9.88791465759277
20181022,6,89,-151,2000,23989.5,215.800003051758,-2.35443353652954,-12.8446750640869
20181022,12,89,-151,2000,24011.60546875,216.699996948242,-1.93999755382538,-14.3303928375244
20181022,18,89,-151,2000,24019.41015625,217.199981689453,-2.23999500274658,-15.1407442092896
20181023,0,89,-151,2000,24031.689453125,217.699951171875,-3.53999996185303,-15.8802490234375
20181023,6,89,-151,2000,24047.19921875,218.199996948242,-4.65194845199585,-18.2299518585205
20181023,12,89,-151,2000,24074.7421875,219.099975585938,-4.3383469581604,-17.8508319854736
20181023,18,89,-151,2000,24091.3125,219.5,-5.03834962844849,-17.1899509429932
20181024,0,89,-151,2000,24103.6953125,219.5,-6.53999757766724,-16.4165134429932
20181024,6,89,-151,2000,24124.962890625,219.899978637695,-7.53999280929565,-16.6897392272949
20181024,12,89,-151,2000,24140.57421875,220.600006103516,-6.64000225067139,-15.4948511123657
20181024,18,89,-151,2000,24145.25,220.5,-7.04999494552612,-13.2378616333008
20181025,0,89,-151,2000,24148.03515625,219.699996948242,-6.8447265625,-10.9360227584839
20181025,6,89,-151,2000,24149.955078125,219.399993896484,-5.34999513626099,-10.5366239547729
20181025,12,89,-151,2000,24161.14453125,219.29997253418,-2.64473152160645,-11.2381591796875
20181025,18,89,-151,2000,24173.947265625,219.399993896484,-2.44526863098145,-10.8059911727905
20181026,0,89,-151,2000,24190.3203125,219.399993896484,-2.9399950504303,-10.8740186691284
20181026,6,89,-151,2000,24197.9921875,219.499969482422,-3.72000002861023,-12.2265815734863
20181026,12,89,-151,2000,24205.859375,219.899978637695,-2.55000233650208,-12.0440530776978
20181026,18,89,-151,2000,24201.16015625,219.899993896484,-2.73999261856079,-10.3835153579712
20181027,0,89,-151,2000,24193.220703125,219.899993896484,-3.41916990280151,-9.67861843109131
20181027,6,89,-151,2000,24190.58984375,219.79997253418,-4.04999494552612,-10.4503812789917
20181027,12,89,-151,2000,24191.8125,219.899993896484,-3.22000479698181,-10.4895944595337
20181027,18,89,-151,2000,24198.056640625,219.699996948242,-3.94000244140625,-9.47788333892822
20181028,0,89,-151,2000,24198.3125,219.699996948242,-5.23999738693237,-9.19651412963867
20181028,6,89,-151,2000,24207.66796875,219.899993896484,-6.13999271392822,-10.7526149749756
20181028,12,89,-151,2000,24215.42578125,220.399993896484,-6.06000232696533,-10.4858913421631
20181028,18,89,-151,2000,24220.421875,220.499969482422,-6.3399977684021,-8.66848373413086
20181029,0,89,-151,2000,24218.998046875,220.599975585938,-7.43999290466309,-8.0672025680542
20181029,6,89,-151,2000,24219.2109375,220.800003051758,-7.63998556137085,-9.16869831085205
20181029,12,89,-151,2000,24228.107421875,221.5,-6.24940204620361,-9.75595664978027
20181029,18,89,-151,2000,24235.267578125,222,-6.44000005722046,-8.96302032470703
20181030,0,89,-151,2000,24241.26953125,222.800003051758,-7.68511009216309,-9.39667224884033
20181030,6,89,-151,2000,24239.181640625,223.100006103516,-8.82682991027832,-10.6053295135498
20181030,12,89,-151,2000,24245.501953125,223.399993896484,-8.33620071411133,-10.4019823074341
20181030,18,89,-151,2000,24250.140625,223.800003051758,-8.74949741363525,-9.35556602478027
20181031,0,89,-151,2000,24258.6484375,224.499969482422,-10.9706563949585,-8.65022468566895
20181031,6,89,-151,2000,24272.796875,224.5,-13.0153322219849,-8.76486587524414
20181031,12,89,-151,2000,24285.720703125,224.399978637695,-13.000449180603,-7.65557146072388
20181031,18,89,-151,2000,24301.740234375,224.499969482422,-13.7399997711182,-6.14313983917236
20181101,0,89,-151,2000,24313.61328125,224.699996948242,-15.0599975585938,-4.13916969299316
20181101,6,89,-151,2000,24319.306640625,224.79997253418,-15.0999965667725,-4.45261240005493
20181101,12,89,-151,2000,24336.009765625,225.100006103516,-15.1999969482422,-3.89993906021118
20181101,18,89,-151,2000,24336.390625,225.100006103516,-15.4000015258789,-2.29993891716003
20181102,0,89,-151,2000,24334.302734375,225.29997253418,-16.3000030517578,-1.50994265079498
20181102,6,89,-151,2000,24332.546875,225.499969482422,-16.5999984741211,-2.49992060661316
20181102,12,89,-151,2000,24331.212890625,225.5,-14.4511213302612,-1.39990234375
20181102,18,89,-151,2000,24317.232421875,225.100006103516,-13.0599946975708,-0.799946308135986
20181103,0,89,-151,2000,24313.26171875,225.100006103516,-13.1434593200684,-0.820214867591858
20181103,6,89,-151,2000,24307.931640625,224.899978637695,-12.5683174133301,-3.00442862510681
20181103,12,89,-151,2000,24319.0546875,224.800003051758,-10.6566505432129,-3.81411123275757
20181103,18,89,-151,2000,24330.818359375,225.100006103516,-10.2333402633667,-4.57762718200684
20181104,0,89,-151,2000,24352.107421875,225.5,-12.2490005493164,-5.43196296691895
20181104,6,89,-151,2000,24379.3515625,226.199996948242,-13.2399978637695,-7.06241226196289
20181104,12,89,-151,2000,24426.751953125,227.100006103516,-14.1652641296387,-7.54486322402954
20181104,18,89,-151,2000,24472.251953125,227.600006103516,-16.5999984741211,-5.79993295669556
20181105,0,89,-151,2000,24516.931640625,228,-19.6052207946777,-4.39995098114014
20181105,6,89,-151,2000,24556.931640625,227.899993896484,-21.5125026702881,-5.29998779296875
20181105,12,89,-151,2000,24603.052734375,227.699996948242,-22.9115657806396,-3.99997568130493
20181105,18,89,-151,2000,24640.0234375,227.800003051758,-23.8931121826172,-2.29995107650757
20181106,0,89,-151,2000,24687.95703125,228.399993896484,-27.7270412445068,-0.929125964641571
20181106,6,89,-151,2000,24717.373046875,228.600006103516,-27.7077388763428,-0.899938941001892
20181106,12,89,-151,2000,24745.0390625,229.399993896484,-27.444128036499,5.49316391698085e-05
20181106,18,89,-151,2000,24766.447265625,229.660598754883,-27.0512962341309,2.20005488395691
20181107,0,89,-151,2000,24785.82421875,230.199981689453,-28.918212890625,3.42199397087097
20181107,6,89,-151,2000,24801.4296875,230.800003051758,-29.2117195129395,3.80005788803101
20181107,12,89,-151,2000,24805.35546875,231.399993896484,-27.0807838439941,4.50003051757813
20181107,18,89,-151,2000,24800.955078125,231.399978637695,-26.7477779388428,5.70001840591431
20181108,0,89,-151,2000,24811.037109375,231.899993896484,-27.6509819030762,5.90004587173462
20181108,6,89,-151,2000,24823.193359375,233,-28.5349788665771,3.00003051757813
20181108,12,89,-151,2000,24856.54296875,234.5,-29.1578826904297,0.300024420022964
20181108,18,89,-151,2000,24897.88671875,237,-32.1301612854004,-0.499981701374054
20181109,0,89,-151,2000,24967.072265625,240.599975585938,-36.3506851196289,-0.899987816810608
20181109,6,89,-151,2000,25030.7265625,243.600006103516,-39.4156608581543,-0.199987798929214
20181109,12,89,-151,2000,25068.453125,244.899993896484,-37.789493560791,1.90001833438873
20181109,18,89,-151,2000,25068.484375,244.800003051758,-36.6745491027832,2.49998784065247
20181110,0,89,-151,2000,25071.41796875,244.899993896484,-36.5761833190918,3.94677114486694
20181110,6,89,-151,2000,25051.435546875,243.899993896484,-33.8132705688477,3.60002446174622
20181110,12,89,-151,2000,25034.162109375,242.092529296875,-28.7972679138184,2.60002446174622
20181110,18,89,-151,2000,25009.07421875,240.399993896484,-25.9454498291016,2.31726694107056
20181111,0,89,-151,2000,24997.384765625,239.800003051758,-24.989990234375,3.00006103515625
20181111,6,89,-151,2000,24969.015625,239.399993896484,-21.700008392334,0.900036633014679
20181111,12,89,-151,2000,24960.6953125,239.79997253418,-17.1999969482422,-0.999908447265625
20181111,18,89,-151,2000,24956.38671875,240.999969482422,-12.8699979782104,-4.50009155273438
20181112,0,89,-151,2000,24980.064453125,242.800003051758,-12.5805816650391,-8.39998817443848
20181112,6,89,-151,2000,25001.734375,244.600006103516,-13.837911605835,-13.8023624420166
20181112,12,89,-151,2000,25046.38671875,247.831695556641,-15.1999998092651,-19.1011352539063
20181112,18,89,-151,2000,25083.2890625,249.5,-18.9941673278809,-18.4368190765381
20181113,0,89,-151,2000,25125.26953125,250.599975585938,-23.6014499664307,-18.1948947906494
20181113,6,89,-151,2000,25167.5546875,250.899993896484,-28.265682220459,-19.8000030517578
20181113,12,89,-151,2000,25191.330078125,250.29997253418,-30.5466251373291,-16.9099960327148
20181113,18,89,-151,2000,25185.466796875,249.300003051758,-34.7969703674316,-14.3800001144409
20181114,0,89,-151,2000,25186.734375,249.099975585938,-37.8636589050293,-12.0793266296387
20181114,6,89,-151,2000,25187.03515625,248.899993896484,-38.7922058105469,-13.5053224563599
20181114,12,89,-151,2000,25194.5,248.499969482422,-39.7114601135254,-12.8284273147583
20181114,18,89,-151,2000,25197.7109375,248.199996948242,-39.3097686767578,-9.82001495361328
20181115,0,89,-151,2000,25194.41015625,247.699981689453,-36.1710052490234,-6.7610034942627
20181115,6,89,-151,2000,25205.203125,248.79997253418,-34.3783950805664,-13.2099800109863
20181115,12,89,-151,2000,25274.83203125,251.800003051758,-36.7702140808105,-16.9400005340576
20181115,18,89,-151,2000,25346.76953125,254,-39.1898498535156,-15.0800094604492
20181116,0,89,-151,2000,25426.671875,256.200012207031,-44.8007431030273,-14.3000516891479
20181116,6,89,-151,2000,25504.376953125,257.399963378906,-45.5508041381836,-14.5256986618042
20181116,12,89,-151,2000,25572.283203125,257.399993896484,-43.9031867980957,-10.4799995422363
20181116,18,89,-151,2000,25621.328125,256.799987792969,-43.0419006347656,-7.44076681137085
20181117,0,89,-151,2000,25683.205078125,256.499969482422,-44.3713912963867,-6
20181117,6,89,-151,2000,25744.595703125,256.100006103516,-43.5639495849609,-5.43143081665039
20181117,12,89,-151,2000,25796.08203125,255.199996948242,-43.2149276733398,0.324296861886978
20181117,18,89,-151,2000,25822.9453125,254.899978637695,-39.7600059509277,2.90213632583618
20181118,0,89,-151,2000,25853.63671875,254.706985473633,-38.3892974853516,7.81998538970947
20181118,6,89,-151,2000,25854.3125,255.199996948242,-37.2164878845215,7.86759996414185
20181118,12,89,-151,2000,25849.64453125,255.770416259766,-33.9300231933594,9.13327598571777
20181118,18,89,-151,2000,25833.759765625,256.100006103516,-29.8594455718994,12.2741794586182
20181119,0,89,-151,2000,25812.537109375,256.100006103516,-29.4176616668701,14.5321483612061
20181119,6,89,-151,2000,25778.865234375,256.299987792969,-26.3970699310303,13.9543600082397
20181119,12,89,-151,2000,25736.34765625,256,-23.8945865631104,15.6805562973022
20181119,18,89,-151,2000,25698.421875,255.699996948242,-19.6356830596924,19.1100177764893
20181120,0,89,-151,2000,25671.7890625,255.300003051758,-16.585277557373,19.8005084991455
20181120,6,89,-151,2000,25642.25,254.800003051758,-11.8618478775024,19.7404270172119
20181120,12,89,-151,2000,25627.7578125,254.199996948242,-8.93690395355225,18.7580108642578
20181120,18,89,-151,2000,25628.4375,253.800003051758,-5.54001712799072,19.1864356994629
20181121,0,89,-151,2000,25633.373046875,253.800003051758,-4.90382099151611,19.6021709442139
20181121,6,89,-151,2000,25638.8203125,253.414703369141,-2.41347646713257,18.9486141204834
20181121,12,89,-151,2000,25649.552734375,253.399978637695,-0.844997584819794,20.2880229949951
20181121,18,89,-151,2000,25667.572265625,253.600006103516,1.26779055595398,21.6426124572754
20181122,0,89,-151,2000,25707.35546875,253.899993896484,0.612604975700378,22.1425342559814
20181122,6,89,-151,2000,25753.474609375,253.399978637695,2.94236087799072,21.2012252807617
20181122,12,89,-151,2000,25798.734375,252.699996948242,5.95878171920776,21.4014301300049
20181122,18,89,-151,2000,25855.955078125,251.79997253418,8.6535062789917,21.5966339111328
20181123,0,89,-151,2000,25915.580078125,250.699996948242,8.21599388122559,21.2880077362061
20181123,6,89,-151,2000,25965.375,249.399978637695,9.36398696899414,18.7102241516113
20181123,12,89,-151,2000,26015.962890625,249.399993896484,12.4360008239746,15.1893453598022
20181123,18,89,-151,2000,26043.3046875,248.600006103516,14.2599954605103,14.4513521194458
20181124,0,89,-151,2000,26090.130859375,247.600006103516,13.1160135269165,16.769458770752
20181124,6,89,-151,2000,26140.4765625,247.229156494141,13.876579284668,15.4402980804443
20181124,12,89,-151,2000,26200.73046875,247.229156494141,14.2066383361816,13.3007030487061
20181124,18,89,-151,2000,26254.078125,246.699996948242,16.0922584533691,13.8100051879883
20181125,0,89,-151,2000,26311.83203125,246.600006103516,15.0087251663208,11.4551811218262
20181125,6,89,-151,2000,26344.068359375,246.399993896484,16.0274467468262,8.66221237182617
20181125,12,89,-151,2000,26378.40234375,246.300003051758,16.3912773132324,4.95001459121704
20181125,18,89,-151,2000,26387.935546875,245.79997253418,16.4060745239258,2.84382557868958
20181126,0,89,-151,2000,26384.2265625,246.199981689453,13.3722143173218,-2.09667229652405
20181126,6,89,-151,2000,26355.642578125,246.599975585938,11.6268873214722,-7.01998043060303
20181126,12,89,-151,2000,26340.6171875,247.600006103516,13.623815536499,-8.75000953674316
20181126,18,89,-151,2000,26313.216796875,247.79997253418,13.3392019271851,-9.55419445037842
20181127,0,89,-151,2000,26299.640625,248.5,12.9737424850464,-12.0509223937988
20181127,6,89,-151,2000,26279.2578125,248.800003051758,12.0900173187256,-15.0687160491943
20181127,12,89,-151,2000,26274.0234375,249.29997253418,13.3385667800903,-18.1110000610352
20181127,18,89,-151,2000,26251.994140625,249.899993896484,11.4328689575195,-18.9789791107178
20181128,0,89,-151,2000,26235.0234375,250.600006103516,8.34070110321045,-19.5276508331299
20181128,6,89,-151,2000,26211.966796875,251.300003051758,7.36051940917969,-20.5999946594238
20181128,12,89,-151,2000,26207.322265625,251.499969482422,7.24159860610962,-19.9999961853027
20181128,18,89,-151,2000,26199.779296875,251.5,7.75898456573486,-18.2291450500488
20181129,0,89,-151,2000,26208.005859375,251.399993896484,5.93436908721924,-16.6000061035156
20181129,6,89,-151,2000,26199.0390625,251.600006103516,5.44656991958618,-16.6000003814697
20181129,12,89,-151,2000,26212.630859375,251.899993896484,6.57998037338257,-15.4999942779541
20181129,18,89,-151,2000,26212.720703125,251.999969482422,7.99873638153076,-12.7000122070313
20181130,0,89,-151,2000,26218.751953125,252.199996948242,7.02792978286743,-10.4000062942505
20181130,6,89,-151,2000,26224.70703125,252.300003051758,7.89879751205444,-8.40001201629639
20181130,12,89,-151,2000,26239.4140625,251.800003051758,8.76467895507813,-4.50001239776611
20181130,18,89,-151,2000,26260.947265625,250.699981689453,10.2033596038818,0.621911644935608
20181201,0,89,-151,2000,26292.8125,249.600006103516,10.502233505249,3.69998788833618
20181201,6,89,-151,2000,26322.6328125,248.100006103516,12.1188230514526,4.09999370574951
20181201,12,89,-151,2000,26361.08203125,247.899993896484,13.971173286438,2
20181201,18,89,-151,2000,26378.2109375,248.199996948242,15.8940000534058,2.29999399185181
20181202,0,89,-151,2000,26407.3984375,247.899993896484,16.8108882904053,3.92914724349976
20181202,6,89,-151,2000,26433.189453125,247.199996948242,17.1738777160645,3.12781238555908
20181202,12,89,-151,2000,26471.005859375,246.611663818359,18.273307800293,1.94245600700378
20181202,18,89,-151,2000,26496.068359375,246,17.4330902099609,1.44000971317291
20181203,0,89,-151,2000,26518.54296875,245.600006103516,16.1756706237793,0.0599902346730232
20181203,6,89,-151,2000,26532.873046875,245.199996948242,15.4624729156494,-1.47999513149261
20181203,12,89,-151,2000,26561.412109375,244.899993896484,15.5644578933716,-2.31688976287842
20181203,18,89,-151,2000,26565.6640625,244.600006103516,14.5301265716553,-3.06392097473145
20181204,0,89,-151,2000,26558.5625,245,12.0685844421387,-5.45166969299316
20181204,6,89,-151,2000,26539.1640625,245.899993896484,11.2821578979492,-6.62634754180908
20181204,12,89,-151,2000,26537.234375,246.300003051758,13.2356004714966,-5.51404047012329
20181204,18,89,-151,2000,26532.03515625,246.899993896484,15.4994850158691,-3.44166016578674
20181205,0,89,-151,2000,26528.73828125,246.800003051758,16.0585269927979,-1.94650387763977
20181205,6,89,-151,2000,26535.740234375,245.699996948242,16.9943790435791,-4.25060415267944
20181205,12,89,-151,2000,26561.474609375,245.099975585938,18.0242729187012,-3.29996347427368
20181205,18,89,-151,2000,26579.494140625,244.300003051758,16.5695953369141,-4.39996957778931
20181206,0,89,-151,2000,26581.9140625,243.899993896484,15.5395479202271,-4.29996967315674
20181206,6,89,-151,2000,26590.3203125,243.300003051758,13.246431350708,-7.48995351791382
20181206,12,89,-151,2000,26605.685546875,243.104415893555,12.7076740264893,-7.64356708526611
20181206,18,89,-151,2000,26617,242.795562744141,11.7356262207031,-7.29997539520264
20181207,0,89,-151,2000,26631.564453125,243.099975585938,9.6351900100708,-7.39998149871826
20181207,6,89,-151,2000,26643.71484375,242.899993896484,8.19920063018799,-9.241943359375
20181207,12,89,-151,2000,26666.8125,242.800003051758,8.67453956604004,-9.19999408721924
20181207,18,89,-151,2000,26689.60546875,242.800003051758,7.94480895996094,-8.65639019012451
20181208,0,89,-151,2000,26715.7265625,242.999969482422,5.87404155731201,-8.09998798370361
20181208,6,89,-151,2000,26734.453125,242.899993896484,5.48821115493774,-9.19998168945313
20181208,12,89,-151,2000,26760.9375,242.800003051758,5.25068378448486,-9.54359722137451
20181208,18,89,-151,2000,26777.994140625,242.5,5.45404195785522,-8.5
20181209,0,89,-151,2000,26794.025390625,242.600006103516,3.93734121322632,-7.89998769760132
20181209,6,89,-151,2000,26802.4609375,242.199996948242,3.95980381965637,-8.79999351501465
20181209,12,89,-151,2000,26819.931640625,242.300003051758,4.26827526092529,-8.60000610351563
20181209,18,89,-151,2000,26825.63671875,241.899993896484,4.45522308349609,-7.49998760223389
20181210,0,89,-151,2000,26830.498046875,241.899993896484,2.58608245849609,-6.89988994598389
20181210,6,89,-151,2000,26833.849609375,241.699981689453,1.74516904354095,-7.70000600814819
20181210,12,89,-151,2000,26836.494140625,241.5,1.82554316520691,-8.10000038146973
20181210,18,89,-151,2000,26827.95703125,241.100006103516,1.63152766227722,-7.30000591278076
20181211,0,89,-151,2000,26825.724609375,241.199981689453,0.418385326862335,-7.70001220703125
20181211,6,89,-151,2000,26818.80078125,240.999969482422,0.12460021674633,-9.40000629425049
20181211,12,89,-151,2000,26822.83203125,241.199996948242,1.69243168830872,-9.70000648498535
20181211,18,89,-151,2000,26814.595703125,241.29997253418,2.35375070571899,-8.69999980926514
20181212,0,89,-151,2000,26813.89453125,241.600006103516,1.96697688102722,-8.60000610351563
20181212,6,89,-151,2000,26809.927734375,241.599975585938,1.50000309944153,-9.60000896453857
20181212,12,89,-151,2000,26812.63671875,242,2.65354156494141,-9.59998798370361
20181212,18,89,-151,2000,26795.6640625,242.199981689453,2.78850102424622,-9.10000610351563
20181213,0,89,-151,2000,26792.412109375,242.5,2.09379124641418,-8.4999942779541
20181213,6,89,-151,2000,26777.376953125,242.5,2.58103632926941,-10.1999940872192
20181213,12,89,-151,2000,26772.904296875,242.899993896484,3.49021601676941,-10.3000001907349
20181213,18,89,-151,2000,26753.248046875,242.999969482422,4.76390981674194,-9.19863319396973
20181214,0,89,-151,2000,26745.1640625,243.5,3.90468454360962,-9.19999408721924
20181214,6,89,-151,2000,26729.0078125,243.600006103516,3.80390310287476,-9.65082359313965
20181214,12,89,-151,2000,26730.080078125,244,5.39985370635986,-9.00001239776611
20181214,18,89,-151,2000,26717.73828125,243.899993896484,6.36889362335205,-6.79998779296875
20181215,0,89,-151,2000,26719.703125,244.100006103516,4.99707937240601,-5.80000019073486
20181215,6,89,-151,2000,26714.98828125,243.899993896484,5.21264028549194,-5.80000591278076
20181215,12,89,-151,2000,26727.654296875,243.79997253418,5.54555368423462,-5.49143695831299
20181215,18,89,-151,2000,26726.84765625,243.5,6.75886535644531,-3.80001211166382
20181216,0,89,-151,2000,26738.2109375,243.5,4.69584655761719,-3.50001215934753
20181216,6,89,-151,2000,26738.44921875,243.199996948242,5.06879901885986,-3.59671640396118
20181216,12,89,-151,2000,26757.1171875,243.300003051758,5.44135427474976,-4.2000093460083
20181216,18,89,-151,2000,26761.130859375,242.899993896484,5.81248760223389,-2.80000615119934
20181217,0,89,-151,2000,26776.568359375,242.802780151367,4.10936260223389,-2.29999995231628
20181217,6,89,-151,2000,26785.931640625,242.5,4.34831523895264,-3.40000009536743
20181217,12,89,-151,2000,26807.2890625,242.199996948242,4.47819232940674,-3.51611328125
20181217,18,89,-151,2000,26816.65234375,242.100006103516,4.94548940658569,-2.70003652572632
20181218,0,89,-151,2000,26827.66015625,241.699996948242,3.17312002182007,-2.300048828125
20181218,6,89,-151,2000,26837.1640625,241.5,3.39120483398438,-3.20001220703125
20181218,12,89,-151,2000,26850.857421875,241.300003051758,4.09580087661743,-3.50001835823059
