20180720,0,14,18,15000,14237.2861328125,206.114303588867,18.5911140441895,0.683164060115814
20180720,6,14,18,15000,14233.96875,206.199996948242,19.6083354949951,-0.814999997615814
20180720,12,14,18,15000,14223.224609375,206.497222900391,19.6919479370117,2.33829593658447
20180720,18,14,18,15000,14213.6552734375,206.989990234375,18.3988914489746,6.43578386306763
20180721,0,14,18,15000,14207.1552734375,206.800003051758,19.5,12.7215480804443
20180721,6,14,18,15000,14212.3408203125,207.317230224609,17.3027839660645,12.0926074981689
20180721,12,14,18,15000,14211.28125,207.199996948242,15.5099954605103,11.2989187240601
20180721,18,14,18,15000,14208.81640625,206.662506103516,13.2144479751587,14.3675394058228
20180722,0,14,18,15000,14213.9775390625,206.399993896484,10.802734375,15.8218307495117
20180722,6,14,18,15000,14224.587890625,206.399993896484,10.1980562210083,12.2806005477905
20180722,12,14,18,15000,14224.08203125,206.024459838867,9.41122055053711,6.54512214660645
20180722,18,14,18,15000,14214.46875,205.685333251953,9.80313491821289,6.380615234375
20180723,0,14,18,15000,14219.0625,205.531692504883,8.89938735961914,3.73142099380493
20180723,6,14,18,15000,14225.8212890625,205.29997253418,10.0980567932129,2.08768796920776
20180723,12,14,18,15000,14225.978515625,205,10.1106443405151,0.867668449878693
20180723,18,14,18,15000,14217.5126953125,204.799987792969,10.005576133728,-1.71355473995209
20180724,0,14,18,15000,14222.1611328125,204.800003051758,10.6115598678589,-6.83304214477539
20180724,6,14,18,15000,14219.2978515625,205.731689453125,13.7926559448242,-7.63512706756592
20180724,12,14,18,15000,14217.59375,205.078079223633,17.8086452484131,-4.96384763717651
20180724,18,14,18,15000,14210.5859375,205.399993896484,16.8019504547119,-0.0437939465045929
20180725,0,14,18,15000,14216.5966796875,206,16.9029445648193,0.702036142349243
20180725,6,14,18,15000,14217.58203125,206.100006103516,11.4089841842651,2.16032719612122
20180725,12,14,18,15000,14215.9375,205.912811279297,8.60499954223633,4.36194562911987
20180725,18,14,18,15000,14214.625,205.982757568359,7.99791526794434,4.88949203491211
20180726,0,14,18,15000,14230.9716796875,206.06364440918,7.19669437408447,4.86467552185059
20180726,6,14,18,15000,14239.2529296875,206.300003051758,5.99809551239014,3.65728998184204
20180726,12,14,18,15000,14243.224609375,206.229156494141,5.70406723022461,1.82372558116913
20180726,18,14,18,15000,14243.2763671875,206.358810424805,6.20224857330322,5.09883785247803
20180727,0,14,18,15000,14243.65625,205.824462890625,4.5038914680481,6.96032476425171
20180727,6,14,18,15000,14247.8271484375,204.800003051758,5.40341806411743,5.76142835617065
20180727,12,14,18,15000,14241.4013671875,204.600006103516,5.20415544509888,2.08894538879395
20180727,18,14,18,15000,14238.005859375,204.888580322266,5.1047215461731,2.2331371307373
20180728,0,14,18,15000,14237.8271484375,205.114700317383,4.40471696853638,1.56028568744659
20180728,6,14,18,15000,14234.5849609375,205.385299682617,4.79029035568237,-2.66800284385681
20180728,12,14,18,15000,14234.2900390625,205.199996948242,7.19901371002197,-4.40383768081665
20180728,18,14,18,15000,14223.47265625,204.800003051758,10.0055494308472,-2.90184569358826
20180729,0,14,18,15000,14224.7138671875,205.199996948242,13.9997415542603,-1.69126951694489
20180729,6,14,18,15000,14220.509765625,204.868316650391,14.8108377456665,-0.848474144935608
20180729,12,14,18,15000,14217.33984375,205.099975585938,15.4100093841553,-0.606921374797821
20180729,18,14,18,15000,14211.0751953125,204.999969482422,16.7022457122803,1.74349856376648
20180730,0,14,18,15000,14208.6201171875,205.399978637695,17.2064456939697,2.6448438167572
20180730,6,14,18,15000,14207.4150390625,205.5,16.9035930633545,2.82529306411743
20180730,12,14,18,15000,14200.7197265625,205.300003051758,15.5032911300659,2.67093014717102
20180730,18,14,18,15000,14193.4765625,205.399993896484,15.8961086273193,4.14077615737915
20180731,0,14,18,15000,14201.326171875,205.64892578125,14.8000049591064,4.59993886947632
20180731,6,14,18,15000,14204.5673828125,205.699996948242,14.4036569595337,3.34136724472046
20180731,12,14,18,15000,14196.4189453125,205.199996948242,16.6000194549561,3.24880862236023
20180731,18,14,18,15000,14183.705078125,205.100006103516,16.8026847839355,1.48679685592651
20180801,0,14,18,15000,14189.6748046875,205.16145324707,15.510048866272,-0.1055908203125
20180801,6,14,18,15000,14188.3427734375,205.100006103516,17.0925006866455,-0.00176269526127726
20180801,12,14,18,15000,14183.9228515625,204.699996948242,19.2967624664307,0.536835908889771
20180801,18,14,18,15000,14175.7978515625,204.499969482422,21.1057415008545,0.152192384004593
20180802,0,14,18,15000,14177.1904296875,204.599990844727,22.5994777679443,-1.08474850654602
20180802,6,14,18,15000,14181.20703125,204.699996948242,23.401683807373,-2.56058096885681
20180802,12,14,18,15000,14181.17578125,204.199996948242,25.3972778320313,-3.03236818313599
20180802,18,14,18,15000,14176.955078125,204.300003051758,24.1009712219238,-0.984543442726135
20180803,0,14,18,15000,14185.2099609375,205,23.3022346496582,-1.2319678068161
20180803,6,14,18,15000,14188.3173828125,204.699981689453,24.9999942779541,-2.9126660823822
20180803,12,14,18,15000,14188.30078125,205,26.4960060119629,0.294021010398865
20180803,18,14,18,15000,14185.1484375,204.800003051758,28.1991691589355,2.1634521484375
20180804,0,14,18,15000,14186.2138671875,204.5,29.9071731567383,1.93003177642822
20180804,6,14,18,15000,14187.6796875,204.5,28.5977783203125,8.57010269165039
20180804,12,14,18,15000,14174.517578125,204.300003051758,28.1083354949951,12.9161062240601
20180804,18,14,18,15000,14172.2958984375,204.300003051758,23.410005569458,16.4465770721436
20180805,0,14,18,15000,14166.9677734375,204.600006103516,18.904613494873,13.3962259292603
20180805,6,14,18,15000,14173.5400390625,204.699996948242,19.4000091552734,10.7573213577271
20180805,12,14,18,15000,14168.958984375,204.807464599609,20.597806930542,7.1374831199646
20180805,18,14,18,15000,14170.8837890625,205.79997253418,20.2889251708984,7.17584943771362
20180806,0,14,18,15000,14171.8408203125,205.906982421875,19.5000095367432,1.81520509719849
20180806,6,14,18,15000,14180.7763671875,206.399993896484,21.0900001525879,-1.63530027866364
20180806,12,14,18,15000,14177.5087890625,206.6142578125,26.6900291442871,0.500026881694794
20180806,18,14,18,15000,14182.4375,206.800003051758,27.9966506958008,7.57622051239014
20180807,0,14,18,15000,14176.4677734375,206.121917724609,30.300537109375,13.693922996521
20180807,6,14,18,15000,14191.51171875,205.600006103516,27.0158100128174,10.9036302566528
20180807,12,14,18,15000,14193.7529296875,206,24.4249973297119,8.31996059417725
20180807,18,14,18,15000,14200.4990234375,207.100006103516,21.5041275024414,11.431321144104
20180808,0,14,18,15000,14205.78515625,207.966705322266,19.3000068664551,14.7894849777222
20180808,6,14,18,15000,14221.2900390625,207.699996948242,16.1999950408936,16.9889030456543
20180808,12,14,18,15000,14223.9140625,206.999969482422,14.4027242660522,13.5066013336182
20180808,18,14,18,15000,14223.232421875,206.399978637695,12.7085542678833,12.693359375
20180809,0,14,18,15000,14224.1962890625,206.300247192383,10.3116750717163,11.0812253952026
20180809,6,14,18,15000,14232.8466796875,207,8.80444812774658,8.36330795288086
20180809,12,14,18,15000,14237.9404296875,206.699996948242,9.30435562133789,5.27414798736572
20180809,18,14,18,15000,14234.294921875,205.606979370117,10.5047311782837,3.58894538879395
20180810,0,14,18,15000,14235.169921875,205.300003051758,9.20179653167725,1.01003420352936
20180810,6,14,18,15000,14233.6435546875,205.5,8.00227546691895,-1.72707760334015
20180810,12,14,18,15000,14224.6123046875,206.136383056641,8.00379848480225,-3.65520024299622
20180810,18,14,18,15000,14222.69921875,205.899993896484,8.90768051147461,-3.54394054412842
20180811,0,14,18,15000,14222.5224609375,205.800003051758,8.99995613098145,-2.9232861995697
20180811,6,14,18,15000,14223.5615234375,205.5,9.60250949859619,-3.19968008995056
20180811,12,14,18,15000,14209.83203125,205,11.7015771865845,-4.83958721160889
20180811,18,14,18,15000,14200.55859375,205.287200927734,15.2967576980591,-5.9316577911377
20180812,0,14,18,15000,14208.146484375,205.118316650391,18.2064933776855,-6.68970203399658
20180812,6,14,18,15000,14203.9990234375,204.876419067383,19,-14.0698413848877
20180812,12,14,18,15000,14200.3671875,205.300003051758,24.7919483184814,-10.4116401672363
20180812,18,14,18,15000,14201.044921875,204.899978637695,23.2300052642822,0.962612330913544
20180813,0,14,18,15000,14202.76953125,206.268310546875,10.6213569641113,8.99629878997803
20180813,6,14,18,15000,14215.7333984375,206.5,6.31158208847046,10.4290523529053
20180813,12,14,18,15000,14218.541015625,206.199981689453,5.20667457580566,12.3021020889282
20180813,18,14,18,15000,14213.69921875,205.800003051758,1.40664064884186,12.6446628570557
20180814,0,14,18,15000,14213.3115234375,205.399993896484,-1.60036623477936,11.3835935592651
20180814,6,14,18,15000,14216.8798828125,205.600006103516,-2.2938768863678,8.33674335479736
20180814,12,14,18,15000,14223.7978515625,206,-2.40038084983826,3.64999508857727
20180814,18,14,18,15000,14220.521484375,205.79997253418,-2.20287108421326,3.25215339660645
20180815,0,14,18,15000,14218.568359375,205.663375854492,-3.00563478469849,1.2994042634964
20180815,6,14,18,15000,14219.896484375,205.999969482422,-0.607719719409943,0.401042491197586
20180815,12,14,18,15000,14219.83203125,206.300003051758,4.79122066497803,1.40371823310852
20180815,18,14,18,15000,14215.3115234375,206.199996948242,6.8899998664856,3.34693837165833
20180816,0,14,18,15000,14211.07421875,205.399993896484,6.19000005722046,1.43671870231628
20180816,6,14,18,15000,14204.974609375,205.139801025391,7.68487787246704,-1.60242915153503
20180816,12,14,18,15000,14196.4033203125,205.300003051758,9.70462417602539,-2.56634521484375
20180816,18,14,18,15000,14192.166015625,205.300003051758,9.2933349609375,-2.18656730651855
20180817,0,14,18,15000,14196.61328125,205.661087036133,11.510009765625,-2.534912109375
20180817,6,14,18,15000,14193.5498046875,205.600006103516,12.4100046157837,-0.275336921215057
20180817,12,14,18,15000,14194.7138671875,205.899993896484,13.6000003814697,2.62454581260681
20180817,18,14,18,15000,14202.3828125,206.229156494141,12.1044502258301,8.52381324768066
20180818,0,14,18,15000,14206.736328125,206.100006103516,9.90919876098633,14.681999206543
20180818,6,14,18,15000,14212.7138671875,206,9.69750499725342,9.69828414916992
20180818,12,14,18,15000,14210.1103515625,205.899993896484,8.09750461578369,7.08908462524414
20180818,18,14,18,15000,14209.025390625,206.199752807617,6.20390129089355,5.83389902114868
20180819,0,14,18,15000,14214.0791015625,206.499755859375,7.99361801147461,1.86396968364716
20180819,6,14,18,15000,14225.9013671875,206.399993896484,9.70288562774658,1.16889405250549
20180819,12,14,18,15000,14222.9248046875,205.999755859375,11.0000047683716,0.705471217632294
20180819,18,14,18,15000,14221.5791015625,205.699996948242,10.2081394195557,3.85364246368408
20180820,0,14,18,15000,14221.833984375,205.707473754883,6.80524396896362,7.31323480606079
20180820,6,14,18,15000,14229.10546875,205.699996948242,2.60467290878296,8.90196323394775
20180820,12,14,18,15000,14224.5087890625,205.599975585938,0.905595719814301,8.5348949432373
20180820,18,14,18,15000,14226.2802734375,205.5,0.110009767115116,9.49232864379883
20180821,0,14,18,15000,14223.568359375,205.5,-3.38889169692993,11.6944141387939
20180821,6,14,18,15000,14229.572265625,205.5,-4.6019139289856,12.0159378051758
20180821,12,14,18,15000,14223.822265625,205.399993896484,-5.39916515350342,7.7052149772644
20180821,18,14,18,15000,14226.4736328125,205.600021362305,-6.1100025177002,7.18158197402954
20180822,0,14,18,15000,14223.7978515625,205.936370849609,-6.49999523162842,6.14682388305664
20180822,6,14,18,15000,14231.7421875,206.236373901367,-6.30000019073486,3.48323249816895
20180822,12,14,18,15000,14231.080078125,206.100006103516,-5.00439929962158,1.42404782772064
20180822,18,14,18,15000,14229.517578125,205.670852661133,-3.11471199989319,2.01445317268372
20180823,0,14,18,15000,14228.482421875,205.800003051758,-0.900229513645172,1.16865718364716
20180823,6,14,18,15000,14230.2490234375,205.913360595703,1.19203126430511,0.624069809913635
20180823,12,14,18,15000,14220.9091796875,205.378082275391,4.10001468658447,-0.656179189682007
20180823,18,14,18,15000,14214.169921875,205.300003051758,5.39111804962158,1.32204341888428
20180824,0,14,18,15000,14214.056640625,205.899978637695,7.4000096321106,3.32826900482178
20180824,6,14,18,15000,14217.291015625,206,8.49777317047119,5.08249044418335
20180824,12,14,18,15000,14211.037109375,205.899993896484,10.5966987609863,4.72742652893066
20180824,18,14,18,15000,14204.84375,205.399993896484,8.39816856384277,6.51386737823486
20180825,0,14,18,15000,14204.4990234375,205,7.10269021987915,7.49413585662842
20180825,6,14,18,15000,14212.6962890625,205.199981689453,6.50223636627197,7.20162582397461
20180825,12,14,18,15000,14210.572265625,205.5,6.60165023803711,4.41701889038086
20180825,18,14,18,15000,14209.8427734375,205.600006103516,6.79527854919434,3.23064208030701
20180826,0,14,18,15000,14212.236328125,205.399993896484,6.99944353103638,2.70697999000549
20180826,6,14,18,15000,14219.552734375,205.5,6.39889144897461,2.67711186408997
20180826,12,14,18,15000,14215.693359375,205.306976318359,7.99246072769165,2.2558422088623
20180826,18,14,18,15000,14215.2060546875,205.199996948242,8.79112339019775,5.40362071990967
20180827,0,14,18,15000,14214.3486328125,205.100006103516,8.60230922698975,5.89397954940796
20180827,6,14,18,15000,14222.1123046875,205.099975585938,9.00000953674316,4.20976066589355
20180827,12,14,18,15000,14214.1611328125,205.014694213867,9.40528774261475,4.34265851974487
20180827,18,14,18,15000,14208.857421875,204.899993896484,8.59805679321289,4.55817365646362
20180828,0,14,18,15000,14210.3759765625,204.79997253418,8.69553756713867,2.40081548690796
20180828,6,14,18,15000,14209.0400390625,204.699996948242,9.99853992462158,1.45861327648163
20180828,12,14,18,15000,14207.7841796875,204.499984741211,11.6999979019165,0.475603014230728
20180828,18,14,18,15000,14201.0634765625,204.5,13.3049736022949,3.44644784927368
20180829,0,14,18,15000,14194.87890625,204.599975585938,12.2999048233032,6.6565842628479
20180829,6,14,18,15000,14202.69140625,205.139404296875,11.5039205551147,7.04697513580322
20180829,12,14,18,15000,14201.06640625,205.100006103516,9.90967273712158,5.271484375
20180829,18,14,18,15000,14197.29296875,204.899993896484,8.310791015625,2.89513683319092
20180830,0,14,18,15000,14208.5673828125,205.100006103516,9.30464839935303,1.4608154296875
20180830,6,14,18,15000,14208.96875,205.199981689453,10.2067165374756,2.00157475471497
20180830,12,14,18,15000,14206.2333984375,205.182769775391,11.7063474655151,1.11081302165985
20180830,18,14,18,15000,14209.884765625,204.79997253418,14.9099998474121,2.9957959651947
20180831,0,14,18,15000,14208.5966796875,204.987945556641,13.3100023269653,1.07395994663239
20180831,6,14,18,15000,14211.7060546875,205.359222412109,13.4055519104004,-1.18483638763428
20180831,12,14,18,15000,14205.94140625,205.411178588867,17.9066219329834,-0.169536128640175
20180831,18,14,18,15000,14197.19921875,204.820953369141,15.812050819397,2.74643564224243
20180901,0,14,18,15000,14196.2822265625,205.199981689453,14.1127786636353,3.74445557594299
20180901,6,14,18,15000,14198.29296875,206.100006103516,15.710000038147,2.71781253814697
20180901,12,14,18,15000,14182.4208984375,206,13.510009765625,5.14109373092651
20180901,18,14,18,15000,14179.857421875,206,11.7022218704224,6.94169902801514
20180902,0,14,18,15000,14187.8251953125,206.199996948242,12.909462928772,5.0976881980896
20180902,6,14,18,15000,14193.990234375,206.300003051758,19.301908493042,3.40182137489319
20180902,12,14,18,15000,14187.5625,206.300003051758,22.5055522918701,3.95903325080872
20180902,18,14,18,15000,14185.4072265625,205.600006103516,24.6006240844727,6.37436056137085
20180903,0,14,18,15000,14184.34765625,205.699996948242,20.9104785919189,7.06504392623901
20180903,6,14,18,15000,14199.82421875,205.800003051758,17.4100017547607,5.35872316360474
20180903,12,14,18,15000,14197.58203125,205.600006103516,17.1066398620605,2.1847972869873
20180903,18,14,18,15000,14192.9716796875,205.699996948242,17.8044509887695,4.09834718704224
20180904,0,14,18,15000,14193.34375,206.300003051758,14.7021656036377,6.1703052520752
20180904,6,14,18,15000,14203.4677734375,206.199981689453,12.8048677444458,6.17425060272217
20180904,12,14,18,15000,14199.2314453125,205.5,12.4991750717163,7.51122808456421
20180904,18,14,18,15000,14196.830078125,205.29997253418,11.5033540725708,11.8081960678101
20180905,0,14,18,15000,14199.66015625,205.399993896484,10.8018608093262,9.66416549682617
20180905,6,14,18,15000,14209.37890625,205.5,9.70496559143066,9.74666023254395
20180905,12,14,18,15000,14200.4248046875,204.799987792969,9.7034330368042,8.7549409866333
20180905,18,14,18,15000,14198.48828125,205,10.8975095748901,9.14754867553711
20180906,0,14,18,15000,14197.0458984375,205.300048828125,10.7100095748901,8.85208034515381
20180906,6,14,18,15000,14196.615234375,205.100006103516,10.9000053405762,9.74964141845703
20180906,12,14,18,15000,14189.6162109375,205.619430541992,11.6111402511597,9.79091835021973
20180906,18,14,18,15000,14186.6162109375,205.600006103516,9.80447769165039,10.1955490112305
20180907,0,14,18,15000,14186.18359375,206.194213867188,10.901123046875,6.79181861877441
20180907,6,14,18,15000,14193.494140625,206.5,11.6112594604492,5.24343013763428
20180907,12,14,18,15000,14193.619140625,206.399993896484,10.2008247375488,5.14944314956665
20180907,18,14,18,15000,14194.4052734375,205.899993896484,7.70167970657349,5.15740728378296
20180908,0,14,18,15000,14202.5224609375,205.699981689453,6.30168962478638,2.74535655975342
20180908,6,14,18,15000,14209.0986328125,205.5,6.00000953674316,2.0260009765625
20180908,12,14,18,15000,14211.9189453125,205.29997253418,5.80112075805664,1.64998781681061
20180908,18,14,18,15000,14210.7529296875,204.899978637695,6.10251474380493,2.25078368186951
20180909,0,14,18,15000,14216.9736328125,205.099975585938,5.19681167602539,0.401394039392471
20180909,6,14,18,15000,14226.177734375,205.199996948242,4.003662109375,-2.4331591129303
20180909,12,14,18,15000,14226.2158203125,205.199996948242,5.11103248596191,-4.49726819992065
20180909,18,14,18,15000,14220.8388671875,204.800003051758,6.01002216339111,-2.9020459651947
20180910,0,14,18,15000,14218.7958984375,204.800003051758,5.91001462936401,-3.5633544921875
20180910,6,14,18,15000,14225,204.761077880859,7.2077808380127,-2.89618396759033
20180910,12,14,18,15000,14223.0458984375,204.5,9.50099849700928,-3.06652355194092
20180910,18,14,18,15000,14217.8583984375,204.100006103516,10.8960151672363,-1.79893314838409
20180911,0,14,18,15000,14213.0537109375,204.238922119141,11.4000244140625,-1.97742426395416
20180911,6,14,18,15000,14223.3125,204.199996948242,11.3980178833008,1.13164067268372
20180911,12,14,18,15000,14218.333984375,204.199996948242,9.79001426696777,2.31030035018921
20180911,18,14,18,15000,14224.6201171875,204.727737426758,11.1905660629272,6.89651107788086
20180912,0,14,18,15000,14222.7529296875,205.046600341797,9.68528842926025,7.8675389289856
20180912,6,14,18,15000,14228.4296875,205.491012573242,10.4852857589722,7.76886701583862
20180912,12,14,18,15000,14218.34765625,205.546142578125,8.59770965576172,8.26372814178467
20180912,18,14,18,15000,14216.947265625,205.027542114258,6.2342357635498,8.736647605896
20180913,0,14,18,15000,14210.2001953125,205.231689453125,8.576096534729,7.08225107192993
20180913,6,14,18,15000,14213.7763671875,205.621917724609,12.17578125,4.29643535614014
20180913,12,14,18,15000,14196.6337890625,205.099975585938,17.4336624145508,3.93992686271667
20180913,18,14,18,15000,14184.09375,206.399993896484,17.8995628356934,4.50448226928711
20180914,12,14,18,15000,14175.0537109375,206.602493286133,14.3949851989746,-3.52402830123901
20180914,18,14,18,15000,14177.2412109375,206,16.7741470336914,-4.2791748046875
20180915,0,14,18,15000,14182.619140625,206,16.4000129699707,-6.1275806427002
20180915,6,14,18,15000,14190.7041015625,205.600006103516,14.9070339202881,-8.6954345703125
20180915,12,14,18,15000,14190.4912109375,204.999969482422,16.2041912078857,-9.41703414916992
20180915,18,14,18,15000,14180.892578125,204.331695556641,17.9999103546143,-10.8963060379028
20180916,0,14,18,15000,14170.7490234375,204.185272216797,19.9025859832764,-13.7759103775024
20180916,12,14,18,15000,14153.728515625,205.738922119141,29.2526092529297,-12.4074897766113
20180916,18,14,18,15000,14154.4501953125,205.899993896484,31.2236995697021,-9.62725067138672
20180917,0,14,18,15000,14149.275390625,206.5,30.1808376312256,-4.95215559005737
20180917,6,14,18,15000,14150.6787109375,206.899993896484,29.127513885498,-2.33780527114868
20180917,12,14,18,15000,14149.919921875,207,27.8135108947754,1.74929928779602
20180917,18,14,18,15000,14158.9453125,206.199981689453,26.8740520477295,5.95841312408447
20180918,0,14,18,15000,14169.3173828125,205.599975585938,27.0891304016113,8.61382102966309
20180918,6,14,18,15000,14176.09765625,205.399993896484,28.8837718963623,6.78276109695435
20180918,12,14,18,15000,14164.474609375,205.100006103516,29.5132503509521,2.5645580291748
20180918,18,14,18,15000,14160.2509765625,204.800003051758,30.9259033203125,1.73252928256989
20180919,0,14,18,15000,14159.7216796875,205.43635559082,31.6155548095703,3.26537847518921
20180919,6,14,18,15000,14171.2041015625,205.600006103516,31.3065509796143,5.59867906570435
20180919,12,14,18,15000,14162.5615234375,205.720169067383,30.5031452178955,5.35768795013428
20180919,18,14,18,15000,14159.705078125,205.403228759766,27.5097312927246,5.32257080078125
20180920,0,14,18,15000,14169.6240234375,205.855056762695,22.8249855041504,3.23425054550171
20180920,6,14,18,15000,14176.8251953125,206.100006103516,21.509693145752,-2.66813230514526
20180920,12,14,18,15000,14163.49609375,206.000030517578,26.598352432251,-3.16790533065796
20180920,18,14,18,15000,14170.224609375,206.300003051758,29.1296501159668,-1.11373043060303
20180921,0,14,18,15000,14179.7802734375,206.800003051758,23.7883319854736,1.60508060455322
20180921,6,14,18,15000,14190.8125,207.824462890625,18.410795211792,8.75113296508789
20180921,12,14,18,15000,14181.1689453125,207.618896484375,18.6032123565674,15.121129989624
20180921,18,14,18,15000,14199.5263671875,207.899993896484,12.9158515930176,21.7332916259766
20180922,0,14,18,15000,14212.275390625,207.224456787109,5.21750020980835,20.5971775054932
20180922,6,14,18,15000,14232.56640625,206.478073120117,2.20455074310303,13.3824462890625
20180922,12,14,18,15000,14234.275390625,206.199996948242,5.36920881271362,7.37097883224487
20180922,18,14,18,15000,14239.990234375,205.600006103516,6.01421165466309,5.92017841339111
20180923,0,14,18,15000,14231.4091796875,205.300003051758,3.82812976837158,4.15549087524414
20180923,6,14,18,15000,14238.353515625,205.399993896484,2.93706297874451,3.41980719566345
20180923,12,14,18,15000,14230.705078125,205.399993896484,2.65210938453674,2.29413819313049
20180923,18,14,18,15000,14226.8623046875,205.399993896484,3.72068357467651,3.03208994865417
20180924,0,14,18,15000,14223.3935546875,205.600006103516,4.07693862915039,3.52349615097046
20180924,6,14,18,15000,14228.05859375,205.699996948242,5.27963638305664,2.96828866004944
20180924,12,14,18,15000,14223.37109375,205.899993896484,6.78325176239014,2.90159177780151
20180924,18,14,18,15000,14223.8720703125,205.789993286133,6.31083726882935,4.5052342414856
20180925,0,14,18,15000,14222.4296875,205.608154296875,4.82896709442139,7.98883771896362
20180925,6,14,18,15000,14224.3310546875,205.399993896484,3.43597888946533,9.57279014587402
20180925,12,14,18,15000,14222.642578125,205.5,0.615200221538544,9.46871376037598
20180925,18,14,18,15000,14224.7978515625,205.300003051758,-0.00587890623137355,8.32273483276367
20180926,0,14,18,15000,14223.318359375,205.399993896484,1.16006350517273,5.99478006362915
20180926,6,14,18,15000,14240.6015625,205.395629882813,2.6939697265625,7.71940898895264
20180926,12,14,18,15000,14237.5361328125,205.585647583008,3.49821543693542,7.6981053352356
20180926,18,14,18,15000,14246.6826171875,205.358032226563,1.3041650056839,10.0872411727905
20180927,0,14,18,15000,14247.1513671875,204.90625,-2.23192882537842,8.6106538772583
20180927,6,14,18,15000,14252.830078125,204.800003051758,-2.69037103652954,6.34676027297974
20180927,12,14,18,15000,14243.1435546875,205.29997253418,0.862534165382385,5.0488429069519
20180927,18,14,18,15000,14252.1376953125,205.600006103516,4.19289302825928,10.8186330795288
20180928,0,14,18,15000,14254.8974609375,205.399993896484,2.97972893714905,12.7767629623413
20180928,6,14,18,15000,14261.9990234375,205.600006103516,0.410571277141571,10.4476757049561
20180928,12,14,18,15000,14243.4775390625,205.5,-0.968215346336365,8.00153350830078
20180928,18,14,18,15000,14246.37890625,205.599975585938,1.39778804779053,5.58801746368408
20180929,0,14,18,15000,14247.3310546875,205.699996948242,3.8253173828125,2.31249523162842
20180929,6,14,18,15000,14250.541015625,205.699996948242,5.30198001861572,-1.23721921443939
20180929,12,14,18,15000,14238.3154296875,205.300003051758,7.38538837432861,-1.38458251953125
20180929,18,14,18,15000,14231.4541015625,205.195556640625,8.30697727203369,-0.434689939022064
20180930,0,14,18,15000,14229.2900390625,205.100006103516,8.80498027801514,0.571989774703979
20180930,6,14,18,15000,14226.125,205.25944519043,8.11250495910645,-1.2578125
20180930,12,14,18,15000,14208.5595703125,205.599975585938,8.00950717926025,-2.19826412200928
20180930,18,14,18,15000,14212.509765625,205.399978637695,7.09738302230835,-0.921884775161743
20181001,0,14,18,15000,14206.9736328125,205.300003051758,7.70137214660645,-4.92662620544434
20181001,6,14,18,15000,14218.13671875,205.300003051758,9.49335193634033,-7.04877948760986
20181001,12,14,18,15000,14215.107421875,204.999969482422,10.963357925415,-3.90015268325806
20181001,18,14,18,15000,14216.392578125,204.600006103516,11.1418762207031,-3.45247793197632
20181002,0,14,18,15000,14212.86328125,204.599990844727,9.47791957855225,-4.29653787612915
20181002,6,14,18,15000,14217.8759765625,205.199996948242,8.09923553466797,-3.02573728561401
20181002,12,14,18,15000,14215.6591796875,205.738922119141,8.39260959625244,0.296401381492615
20181002,18,14,18,15000,14227.232421875,205.199996948242,9.19664573669434,5.21049785614014
20181003,0,14,18,15000,14231.66796875,204.644104003906,8.11101341247559,2.61271476745605
20181003,6,14,18,15000,14243.2109375,205.100006103516,9.29861068725586,4.07732915878296
20181003,12,14,18,15000,14238.6513671875,204.699996948242,10.4905691146851,6.11179208755493
20181003,18,14,18,15000,14240.2900390625,204.238922119141,11.1005668640137,9.66498279571533
20181004,0,14,18,15000,14235.09765625,205.121917724609,7.78945064544678,10.0150146484375
20181004,6,14,18,15000,14250.12109375,205.600006103516,7.26992177963257,7.90167951583862
20181004,12,14,18,15000,14237.8037109375,205.414703369141,11.0294551849365,6.5616307258606
20181004,18,14,18,15000,14236.69921875,205.207473754883,11.2053298950195,7.04835224151611
20181005,0,14,18,15000,14234.6708984375,205.346145629883,5.53709983825684,8.07110595703125
20181005,6,14,18,15000,14247.728515625,206,4.99286842346191,3.49822020530701
20181005,12,14,18,15000,14235.09765625,205.099975585938,4.50974369049072,0.929147958755493
20181005,18,14,18,15000,14233.177734375,205,9.45665740966797,-0.973483860492706
20181006,0,14,18,15000,14226.1689453125,204.699996948242,9.67937755584717,2.46964120864868
20181006,6,14,18,15000,14230.9638671875,204.853881835938,13.127082824707,1.22627925872803
20181006,12,14,18,15000,14220.34765625,205.100006103516,14.8012723922729,3.44875979423523
20181006,18,14,18,15000,14226.8916015625,204.848922729492,16.9230289459229,3.98756837844849
20181007,0,14,18,15000,14216.1904296875,204.578079223633,17.1649837493896,4.44822406768799
20181007,6,14,18,15000,14227.1650390625,204.921920776367,19.3140716552734,4.37210702896118
20181007,12,14,18,15000,14217.8515625,204.600006103516,15.9153232574463,8.60646343231201
20181007,18,14,18,15000,14217.7578125,204.421905517578,15.2496995925903,8.41502666473389
20181008,0,14,18,15000,14213.115234375,204.600006103516,13.2356128692627,8.67759799957275
20181008,6,14,18,15000,14226.990234375,204.699981689453,11.8514842987061,7.06830072402954
20181008,12,14,18,15000,14212.5576171875,204.799987792969,11.6525783538818,5.66808128356934
20181008,18,14,18,15000,14219.2978515625,204.800003051758,11.500937461853,5.03213357925415
20181009,0,14,18,15000,14218.6298828125,204.799758911133,12.2395095825195,1.73835933208466
20181009,6,14,18,15000,14218.2548828125,204.600006103516,10.9974784851074,2.82322764396667
20181009,12,14,18,15000,14207.23046875,204.999969482422,10.1475563049316,0.735522449016571
20181009,18,14,18,15000,14213.0283203125,205.207473754883,12.409951210022,1.46901857852936
20181010,0,14,18,15000,14216.1904296875,205.338897705078,12.2252635955811,3.47618174552917
20181010,6,14,18,15000,14210.0615234375,204.300003051758,16.686372756958,3.22623300552368
20181010,12,14,18,15000,14200.5361328125,206.199996948242,16.7733325958252,6.19576406478882
20181010,18,14,18,15000,14206.431640625,205.600006103516,16.6414413452148,7.93279790878296
20181011,0,14,18,15000,14210.08203125,206.006988525391,14.6601982116699,6.85399150848389
20181011,6,14,18,15000,14208.46484375,205.399993896484,12.6552152633667,5.97198247909546
20181011,12,14,18,15000,14198.0859375,206.300003051758,8.98008346557617,5.80347633361816
20181011,18,14,18,15000,14204.5703125,206.29997253418,9.68066883087158,4.89214849472046
20181012,0,14,18,15000,14210.4716796875,205.999969482422,10.6933784484863,3.62205576896667
20181012,6,14,18,15000,14214.2763671875,205.899993896484,11.3965139389038,4.73122072219849
20181012,12,14,18,15000,14208.4013671875,206,10.893440246582,5.29083490371704
20181012,18,14,18,15000,14210.3203125,205.699996948242,11.3984031677246,6.93962907791138
20181013,0,14,18,15000,14217.67578125,205.399749755859,10.8014478683472,6.00393056869507
20181013,6,14,18,15000,14226.4072265625,206.046112060547,11.5979833602905,5.34094953536987
20181013,12,14,18,15000,14223.8037109375,205.699996948242,12.6017456054688,7.53269529342651
20181013,18,14,18,15000,14229.240234375,205.600006103516,10.406174659729,10.3033933639526
20181014,0,14,18,15000,14224.2890625,205.199996948242,7.79454612731934,7.42712879180908
20181014,6,14,18,15000,14228.197265625,205.199996948242,4.09876203536987,5.42446279525757
20181014,12,14,18,15000,14220.0712890625,205.600006103516,2.28850841522217,0.748623073101044
20181014,18,14,18,15000,14231.0625,205.5,3.79740977287292,-0.223310545086861
20181015,0,14,18,15000,14222.8359375,204.600006103516,4.96886968612671,0.525542020797729
20181015,6,14,18,15000,14226.365234375,204.699996948242,5.85825443267822,-1.99437499046326
20181015,12,14,18,15000,14221.30078125,204.717239379883,9.2945728302002,-4.21448707580566
20181015,18,14,18,15000,14219.4521484375,204.600006103516,10.450478553772,-2.66886234283447
20181016,0,14,18,15000,14217.7421875,204.5,9.5553150177002,-3.27413582801819
20181016,6,14,18,15000,14224.5361328125,205.099975585938,9.4244966506958,-3.67280769348145
20181016,12,14,18,15000,14213.5185546875,205.399993896484,9.7036600112915,-4.78419923782349
20181016,18,14,18,15000,14215.30078125,205,10.8983469009399,0.114428713917732
20181017,0,14,18,15000,14215.298828125,204.699996948242,11.3814821243286,4.04712390899658
20181017,6,14,18,15000,14226.603515625,204.306976318359,9.53307819366455,7.04403829574585
20181017,12,14,18,15000,14215.9013671875,204.099975585938,10.1735696792603,5.46544456481934
20181017,18,14,18,15000,14211.0751953125,204.332122802734,10.0515966415405,5.14931392669678
20181018,0,14,18,15000,14210.5048828125,204.536376953125,11.7210988998413,2.48601317405701
20181018,6,14,18,15000,14217.013671875,204.500015258789,14.4083423614502,1.52496826648712
20181018,12,14,18,15000,14206.51171875,203.899993896484,16.1525211334229,2.22571277618408
20181018,18,14,18,15000,14203.6240234375,203.600006103516,17.7387523651123,1.37858891487122
20181019,0,14,18,15000,14195.8447265625,203.599990844727,19.8395309448242,0.214179694652557
20181019,6,14,18,15000,14197.2470703125,203.899993896484,20.8652725219727,-2.06340336799622
20181019,18,14,18,15000,14187.9111328125,203.396545410156,17.1205730438232,2.40953612327576
20181020,0,14,18,15000,14179.82421875,204.100006103516,17.4932861328125,-0.328632801771164
20181020,6,14,18,15000,14194.361328125,204.100006103516,20.8306159973145,1.14687013626099
20181020,12,14,18,15000,14175.39453125,203.799987792969,19.5613746643066,2.14889883995056
20181020,18,14,18,15000,14173.48046875,203.899978637695,20.4312973022461,3.97592282295227
20181021,0,14,18,15000,14180.33203125,203.800003051758,21.0506820678711,4.39993667602539
20181021,6,14,18,15000,14187.4140625,204.100006103516,22.6005630493164,1.48530519008636
20181021,12,14,18,15000,14179.2275390625,203.938919067383,21.9129219055176,2.13811278343201
20181021,18,14,18,15000,14177.8876953125,204.199996948242,18.5988006591797,-2.48100090026855
20181022,0,14,18,15000,14187.2783203125,204.399993896484,21.3000030517578,-4.50262451171875
20181022,6,14,18,15000,14206.3671875,204.364105224609,18.9620723724365,-8.74593257904053
20181022,12,14,18,15000,14200.4736328125,204.643112182617,17.8243923187256,-10.6220674514771
20181022,18,14,18,15000,14215.9052734375,205.600006103516,19.420747756958,-12.172890663147
20181023,0,14,18,15000,14219.9716796875,205.399993896484,18.8722095489502,-11.7849636077881
20181023,6,14,18,15000,14233.083984375,205.169281005859,22.4098434448242,-9.57529544830322
20181023,12,14,18,15000,14222.2470703125,205.086135864258,20.4405345916748,-10.8503608703613
20181023,18,14,18,15000,14225.6748046875,205.399993896484,20.3181324005127,-6.58774423599243
20181024,0,14,18,15000,14234.521484375,205.699996948242,22.7739410400391,-7.07694816589355
20181024,6,14,18,15000,14241.1923828125,205.899978637695,21.5257015228271,-2.43859386444092
20181024,12,14,18,15000,14228.830078125,205.684524536133,17.9545555114746,-1.74861323833466
20181024,18,14,18,15000,14231.923828125,205.699996948242,19.9012889862061,-1.97607660293579
20181025,0,14,18,15000,14238.91015625,206.194778442383,18.1941299438477,1.76698482036591
20181025,6,14,18,15000,14247.494140625,205.90559387207,14.4824905395508,4.50344467163086
20181025,12,14,18,15000,14235.9599609375,205.999969482422,15.2830390930176,1.56142091751099
20181025,18,14,18,15000,14239.44921875,206.413482666016,15.948655128479,1.71998775005341
20181026,0,14,18,15000,14241.458984375,206.203460693359,15.5478372573853,6.56266355514526
20181026,6,14,18,15000,14247.552734375,205.970855712891,16.0019721984863,5.22151851654053
20181026,12,14,18,15000,14235.9013671875,206.029144287109,16.2604808807373,2.62509036064148
20181026,18,14,18,15000,14236.4296875,206.0673828125,17.496000289917,6.48733139038086
20181027,0,14,18,15000,14241.7353515625,206.138916015625,15.9215669631958,8.2332181930542
20181027,6,14,18,15000,14248.291015625,205.699996948242,13.8254470825195,4.76994132995605
20181027,12,14,18,15000,14237.5087890625,205.353363037109,12.4966621398926,0.728051781654358
20181027,18,14,18,15000,14238.5576171875,205.100006103516,12.7000045776367,-1.584716796875
20181028,0,14,18,15000,14240.572265625,205.5,14.6999998092651,-1.45630371570587
20181028,6,14,18,15000,14248.6962890625,205.29997253418,13.8036155700684,-1.00139164924622
20181028,12,14,18,15000,14230.6025390625,205.100006103516,13.7028760910034,-3.29471182823181
20181028,18,14,18,15000,14231.28125,205.099975585938,15.1976346969604,-1.86705076694489
20181029,0,14,18,15000,14235.607421875,205.300003051758,16.8455982208252,-2.32731938362122
20181029,6,14,18,15000,14248.5986328125,205.699981689453,17.1144218444824,-1.56858396530151
20181029,12,14,18,15000,14240.0166015625,205.79997253418,17.4216136932373,1.6791113615036
20181029,18,14,18,15000,14242.8173828125,206.100006103516,15.5541458129883,7.69109392166138
20181030,0,14,18,15000,14243.830078125,206.399993896484,15.9094457626343,8.57412147521973
20181030,6,14,18,15000,14244.1259765625,206.11962890625,12.9106740951538,7.76904296875
20181030,12,14,18,15000,14233.28515625,206.007476806641,8.71001243591309,6.63028335571289
20181030,18,14,18,15000,14235.638671875,205.800003051758,4.1680006980896,7.02285623550415
20181031,0,14,18,15000,14233.96484375,205.714691162109,1.29715824127197,5.13852071762085
20181031,6,14,18,15000,14231.9677734375,205.499969482422,-0.996652841567993,3.7824170589447
20181031,12,14,18,15000,14224.5341796875,205.699996948242,-0.802214384078979,-0.840786159038544
20181031,18,14,18,15000,14235.255859375,205.5,1.2000732421875,-0.256323248147964
20181101,0,14,18,15000,14236.08984375,205.199996948242,1.90389895439148,1.71201658248901
20181101,6,14,18,15000,14242.6748046875,204.899993896484,2.46717405319214,-1.66264653205872
20181101,12,14,18,15000,14231.3037109375,204.575546264648,2.81167125701904,-4.01301288604736
20181101,18,14,18,15000,14225.7021484375,204.399993896484,3.41298961639404,-1.96107423305511
20181102,0,14,18,15000,14221.755859375,204.600006103516,5.95442628860474,-2.91466307640076
20181102,6,14,18,15000,14231.4140625,204.600006103516,9.63025188446045,-0.864287137985229
20181102,12,14,18,15000,14214.7041015625,204.20002746582,10.1777114868164,-2.23779296875
20181102,18,14,18,15000,14202.2578125,204.368316650391,9.41074085235596,-0.267119139432907
20181103,0,14,18,15000,14196.5947265625,205.199996948242,10.3518371582031,-1.218017578125
20181103,6,14,18,15000,14209.0009765625,205.899993896484,13.3523807525635,-2.36352777481079
20181103,12,14,18,15000,14212.4697265625,206,16.6672592163086,-1.77912354469299
20181103,18,14,18,15000,14212.8037109375,204.885299682617,19.6122016906738,-0.702343761920929
20181104,0,14,18,15000,14211.017578125,205.294525146484,21.1775970458984,1.63108396530151
20181104,6,14,18,15000,14212.97265625,205.199996948242,25.2282123565674,6.3111720085144
20181104,12,14,18,15000,14198.5224609375,205.20002746582,30.635009765625,9.6407470703125
20181104,18,14,18,15000,14203.8359375,204.643585205078,33.2131423950195,15.103066444397
20181105,0,14,18,15000,14203.9345703125,204.800003051758,31.4416065216064,22.362663269043
20181105,6,14,18,15000,14207.333984375,204.904098510742,26.3248920440674,20.4634914398193
20181105,12,14,18,15000,14192.3486328125,205.236373901367,20.5083274841309,18.1214714050293
20181105,18,14,18,15000,14193.333984375,204.800003051758,21.030345916748,16.7508125305176
20181106,0,14,18,15000,14199.4638671875,205.399993896484,18.4900016784668,11.6300973892212
20181106,6,14,18,15000,14207.6220703125,206.163650512695,15.6560153961182,3.9609546661377
20181106,12,14,18,15000,14196.2900390625,206.490188598633,17.8356914520264,0.281972646713257
20181106,18,14,18,15000,14200.5498046875,206.082855224609,26.7007369995117,-7.21028566360474
20181107,0,14,18,15000,14195.5908203125,205,23.3354225158691,-6.3421950340271
20181107,6,14,18,15000,14193.3740234375,204.800003051758,19.3830738067627,-6.54225826263428
20181107,12,14,18,15000,14173.4833984375,203.620483398438,12.7606172561646,-2.53932857513428
20181107,18,14,18,15000,14177.4599609375,203.366485595703,15.7029390335083,1.5216943025589
20181108,0,14,18,15000,14189.521484375,203.300003051758,20.9733505249023,0.00534179667010903
20181108,6,14,18,15000,14195.77734375,203.699996948242,23.3732299804688,0.0496826171875
20181108,12,14,18,15000,14182.1552734375,204.300003051758,27.7706108093262,3.52073001861572
20181108,18,14,18,15000,14199.4453125,204.5,29.0719375610352,3.83228015899658
20181109,0,14,18,15000,14219.6689453125,205.124465942383,27.2398872375488,4.21979999542236
20181109,6,14,18,15000,14235.40234375,205.399993896484,29.0079345703125,11.2476444244385
20181109,12,14,18,15000,14222.2587890625,204.899993896484,26.2694969177246,8.66454792022705
20181109,18,14,18,15000,14227.32421875,204.699981689453,21.3249530792236,10.3158102035522
20181110,0,14,18,15000,14227.853515625,204.799987792969,22.0615921020508,11.7711715698242
20181110,6,14,18,15000,14241.56640625,205.100006103516,20.294303894043,10.24072265625
20181110,12,14,18,15000,14229.55078125,206.5,17.2548561096191,10.7165403366089
20181110,18,14,18,15000,14228.3974609375,206.600006103516,15.4527797698975,10.8419332504272
20181111,0,14,18,15000,14230.7041015625,206.600006103516,13.3437528610229,9.22504138946533
20181111,6,14,18,15000,14239.083984375,206.5,11.6205129623413,11.071816444397
20181111,12,14,18,15000,14229.517578125,206.399993896484,11.7986698150635,11.3662815093994
20181111,18,14,18,15000,14237.8349609375,206.199996948242,7.75275373458862,15.3004007339478
20181112,0,14,18,15000,14241.63671875,206.100006103516,4.56464338302612,16.6318740844727
20181112,6,14,18,15000,14254.62109375,206.100006103516,7.20393085479736,12.6206007003784
20181112,12,14,18,15000,14243.45703125,206.300003051758,6.64525413513184,11.8406639099121
20181112,18,14,18,15000,14244.1962890625,205.600006103516,5.95129108428955,10.7936706542969
20181113,0,14,18,15000,14253.37890625,205.5,7.64217376708984,9.84770202636719
20181113,6,14,18,15000,14261.96875,205.300003051758,8.86882305145264,7.4873046875
20181113,12,14,18,15000,14258.86328125,205.399993896484,9.86155414581299,12.6271266937256
20181113,18,14,18,15000,14260.0849609375,205.899978637695,10.5489902496338,12.2196073532104
20181114,0,14,18,15000,14257.947265625,205.800003051758,9.94894599914551,11.3321504592896
20181114,6,14,18,15000,14269.6787109375,206.5,11.800745010376,12.2323455810547
20181114,12,14,18,15000,14263.9990234375,206.199996948242,12.7136669158936,9.68961906433105
20181114,18,14,18,15000,14266.23046875,205.5,10.6950073242188,10.4616947174072
20181115,0,14,18,15000,14262.021484375,205.600006103516,12.6999998092651,10.4547681808472
20181115,6,14,18,15000,14271.1572265625,205.899993896484,15.0023422241211,13.1487112045288
20181115,12,14,18,15000,14252.7109375,206.300003051758,11.3915987014771,7.99418687820435
20181115,18,14,18,15000,14251.142578125,206.800003051758,14.1527633666992,10.013786315918
20181116,0,14,18,15000,14258.4404296875,207,15.4741773605347,12.7599925994873
20181116,6,14,18,15000,14259.6484375,206.418869018555,15.1096239089966,14.1181297302246
20181116,12,14,18,15000,14240.134765625,206.441970825195,14.8037528991699,11.6588621139526
20181116,18,14,18,15000,14236.134765625,206.300933837891,13.025915145874,8.92228984832764
20181117,0,14,18,15000,14247.0849609375,206.110015869141,13.1158638000488,7.06769752502441
20181117,6,14,18,15000,14259.91015625,206.5,14.3591480255127,6.83246803283691
20181117,12,14,18,15000,14244.44140625,206.670852661133,16.8702754974365,7.58145523071289
20181117,18,14,18,15000,14247.91796875,206.100006103516,14.867636680603,10.9527397155762
20181118,0,14,18,15000,14252.12109375,206.199996948242,13.0607938766479,9.95683574676514
20181118,6,14,18,15000,14262.2275390625,206.199996948242,14.8044509887695,9.70882320404053
20181118,12,14,18,15000,14246.65234375,206.600006103516,14.3335542678833,10.8822803497314
20181118,18,14,18,15000,14257.48828125,206.899993896484,15.3271436691284,11.8087692260742
20181119,0,14,18,15000,14264.7021484375,207.100006103516,16.1865901947021,11.1267280578613
20181119,6,14,18,15000,14273.30078125,206.892532348633,14.9028511047363,12.1272850036621
20181119,12,14,18,15000,14276.8154296875,207,12.2041311264038,12.8064384460449
20181119,18,14,18,15000,14275.1015625,206.699981689453,10.1100044250488,15.0317163467407
20181120,0,14,18,15000,14272.6728515625,206.514694213867,8.95850849151611,12.2360181808472
20181120,6,14,18,15000,14277.4013671875,206.646118164063,7.90569114685059,10.7723140716553
20181120,12,14,18,15000,14267.9150390625,206.600006103516,7.39555644989014,9.4301290512085
20181120,18,14,18,15000,14268.5322265625,206.300003051758,8.10469436645508,7.41556167602539
20181121,0,14,18,15000,14272.2939453125,206.699996948242,10.6055593490601,6.64602518081665
20181121,6,14,18,15000,14267.21875,206.29997253418,15.1000022888184,6.28451156616211
20181121,12,14,18,15000,14249.7587890625,205.886444091797,18.5899925231934,-0.165805667638779
20181121,18,14,18,15000,14248.96484375,205.499969482422,16.5176029205322,-0.937978506088257
20181122,0,14,18,15000,14253.1025390625,204.499969482422,14.8192558288574,3.03189945220947
20181122,6,14,18,15000,14247.478515625,205.346603393555,21.6966018676758,0.164653316140175
20181122,12,14,18,15000,14236.3876953125,205.29997253418,22.8067474365234,-0.268720716238022
20181122,18,14,18,15000,14239.9013671875,205,17.7000026702881,-0.875874042510986
20181123,0,14,18,15000,14249.1337890625,204.599975585938,19.1871528625488,-5.87049293518066
20181123,6,14,18,15000,14245.5146484375,204.199981689453,15.9833326339722,-6.86773920059204
20181123,12,14,18,15000,14232.1025390625,204.293014526367,12.8000001907349,-5.51542949676514
20181123,18,14,18,15000,14235.9345703125,203.899993896484,11.8055543899536,-4.39155769348145
20181124,0,14,18,15000,14245.6240234375,204.699981689453,14.9922294616699,-1.37952637672424
20181124,6,14,18,15000,14254.955078125,204.799987792969,18.0912647247314,-1.05000734329224
20181124,12,14,18,15000,14234.6279296875,204.79997253418,15.9997606277466,-1.25541019439697
20181124,18,14,18,15000,14239.287109375,204.5,15.1005640029907,-3.0856761932373
20181125,0,14,18,15000,14247.291015625,204.5,18.5090274810791,-6.98648929595947
20181125,6,14,18,15000,14251.5927734375,203.800003051758,13.7292556762695,-3.76550769805908
20181125,12,14,18,15000,14235.41796875,203.899993896484,10.4086427688599,5.7282886505127
20181125,18,14,18,15000,14234.93359375,203.700012207031,10.8130102157593,11.1125659942627
20181126,0,14,18,15000,14242.384765625,204.688064575195,10.6907711029053,13.1661567687988
20181126,6,14,18,15000,14250.7353515625,205.300003051758,8.49724864959717,9.7282075881958
20181126,12,14,18,15000,14242.3212890625,205.600006103516,6.3033275604248,6.22283220291138
20181126,18,14,18,15000,14250.298828125,205.699996948242,5.77539777755737,6.81702899932861
20181127,0,14,18,15000,14261.5478515625,205.600021362305,2.87570548057556,4.02984857559204
20181127,6,14,18,15000,14264.8251953125,205.5947265625,3.44637203216553,3.1121141910553
20181127,12,14,18,15000,14251.5537109375,205.300003051758,3.44668459892273,0.927517116069794
20181127,18,14,18,15000,14251.861328125,205.5,5.30771493911743,2.55270743370056
20181128,0,14,18,15000,14255.8115234375,205.699996948242,8.51082801818848,1.98277831077576
20181128,6,14,18,15000,14258.6689453125,206.087203979492,9.11208724975586,7.98726081848145
20181128,12,14,18,15000,14242.638671875,205.747467041016,5.10464859008789,5.73876476287842
20181128,18,14,18,15000,14241.66796875,205.600006103516,4.76928472518921,6.30820083618164
20181129,0,14,18,15000,14240.4208984375,206.100006103516,5.49812984466553,7.99787092208862
20181129,6,14,18,15000,14244.923828125,206.300003051758,6.7806077003479,8.27379894256592
20181129,12,14,18,15000,14234.1083984375,206.172775268555,8.93171405792236,7.02117919921875
20181129,18,14,18,15000,14222.4951171875,205.800003051758,8.89917373657227,6.72530508041382
20181130,0,14,18,15000,14220.857421875,206.531936645508,12.1475706100464,3.71707272529602
20181130,6,14,18,15000,14220.763671875,206.800003051758,14.4014682769775,2.10290050506592
20181130,12,14,18,15000,14197.857421875,206.534454345703,15.9468517303467,3.10017085075378
20181130,18,14,18,15000,14191.6787109375,207,12.4293384552002,5.15834474563599
20181201,0,14,18,15000,14193.7021484375,207,8.65968608856201,6.78665018081665
20181201,6,14,18,15000,14198.951171875,206.300003051758,4.42336654663086,9.96611309051514
20181201,12,14,18,15000,14189.9765625,205.5,-0.342592775821686,14.2655220031738
20181201,18,14,18,15000,14190.76171875,205.300003051758,-0.632215559482574,14.5555467605591
20181202,0,14,18,15000,14198.037109375,205.699996948242,-0.14593505859375,10.9155397415161
20181202,6,14,18,15000,14208.552734375,205.300003051758,-0.23466919362545,11.3216695785522
20181202,12,14,18,15000,14194.1796875,204.790405273438,-2.19367671012878,12.4633302688599
20181202,18,14,18,15000,14194.3671875,205.046478271484,-4.57500505447388,10.6970462799072
20181203,0,14,18,15000,14203.4521484375,205.399993896484,-2.66728639602661,8.65843772888184
20181203,6,14,18,15000,14212.3916015625,205.265548706055,-1.48213136196136,6.39762210845947
20181203,12,14,18,15000,14197.978515625,204.699844360352,-0.843798816204071,4.6291675567627
20181203,18,14,18,15000,14204.9697265625,204.212799072266,-3.2867956161499,-0.274938970804214
20181204,0,14,18,15000,14214.8173828125,203.905548095703,-2.17963981628418,-2.21966791152954
20181204,6,14,18,15000,14203.712890625,204.101684570313,1.98083734512329,-3.23642086982727
20181204,12,14,18,15000,14191.0029296875,203,0.438178718090057,-0.549858391284943
20181204,18,14,18,15000,14186.5029296875,203.502899169922,1.56752443313599,-0.892785668373108
20181205,0,14,18,15000,14189.3564453125,204.273529052734,10.0974025726318,1.86405515670776
20181205,6,14,18,15000,14193.7353515625,203.699996948242,8.44607448577881,6.13716554641724
20181205,12,14,18,15000,14168.869140625,204,6.24387454986572,0.390693366527557
20181205,18,14,18,15000,14167.0615234375,205,16.7845916748047,3.33438467979431
20181206,0,14,18,15000,14170.8447265625,204.300003051758,16.1413078308105,3.48321294784546
20181206,6,14,18,15000,14169.646484375,205.485961914063,14.405029296875,9.60749530792236
20181206,12,14,18,15000,14158.0458984375,204.499984741211,12.8030080795288,18.0869579315186
20181206,18,14,18,15000,14161.1787109375,203.896224975586,11.9967136383057,16.6873054504395
20181207,0,14,18,15000,14175.4921875,203.918960571289,13.8031692504883,8.40107154846191
20181207,6,14,18,15000,14190.9912109375,203.79997253418,12.8114137649536,11.6782131195068
20181207,12,14,18,15000,14191.4833984375,203.584930419922,10.812783241272,16.7338924407959
20181207,18,14,18,15000,14195.35546875,203.390533447266,8.10283660888672,18.2461700439453
20181208,0,14,18,15000,14208.5888671875,204.341369628906,10.1907539367676,17.2520503997803
20181208,6,14,18,15000,14228.1337890625,204.5,13.2014303207397,14.9865188598633
20181208,12,14,18,15000,14223.9560546875,204.928634643555,19.0918464660645,15.8318843841553
20181208,18,14,18,15000,14232.294921875,204.500030517578,22.1117973327637,17.8623123168945
20181209,0,14,18,15000,14253.7958984375,204.699996948242,17.480583190918,6.01668691635132
20181209,6,14,18,15000,14253.47265625,204.199996948242,14.0540132522583,3.95904779434204
20181209,12,14,18,15000,14247.115234375,204,10.7956466674805,2.62012934684753
20181209,18,14,18,15000,14253.6396484375,204.800003051758,15.3759422302246,5.95427751541138
20181210,0,14,18,15000,14271.4697265625,204.843902587891,13.9686183929443,0.909863293170929
20181210,6,14,18,15000,14266.4658203125,204.300003051758,13.0070705413818,3.69889163970947
20181210,12,14,18,15000,14251.6650390625,204.500015258789,11.2573757171631,5.07344341278076
20181210,18,14,18,15000,14258.2138671875,204.800003051758,11.298791885376,3.22373652458191
20181211,0,14,18,15000,14271.45703125,205.559967041016,9.04002094268799,5.50010061264038
20181211,6,14,18,15000,14273.51171875,205.100021362305,8.30555152893066,3.78250002861023
20181211,12,14,18,15000,14260.4462890625,205.708938598633,6.80000257492065,-0.816069364547729
20181211,18,14,18,15000,14263.1572265625,205.053588867188,8.51096153259277,1.75968992710114
20181212,0,14,18,15000,14278.44140625,205.800003051758,10.20361328125,1.19049799442291
20181212,6,14,18,15000,14288.572265625,204.600006103516,6.18166971206665,-1.42523431777954
20181212,12,14,18,15000,14269.0361328125,206.200149536133,7.68743896484375,-1.85434567928314
20181212,18,14,18,15000,14274.6533203125,206.699996948242,10.9041557312012,1.66542482376099
20181213,0,14,18,15000,14281.521484375,206.199996948242,8.39729690551758,6.66825199127197
20181213,6,14,18,15000,14295.322265625,206.398071289063,8.99996376037598,5.05107927322388
20181213,12,14,18,15000,14282.580078125,206.800003051758,7.3899998664856,3.30246591567993
20181213,18,14,18,15000,14284.9375,206.550827026367,6.50394058227539,1.94139158725739
20181214,0,14,18,15000,14287.0126953125,206.89924621582,8.5,-0.200688481330872
20181214,6,14,18,15000,14299.443359375,206.899993896484,11.201789855957,-0.189423829317093
20181214,12,14,18,15000,14279.1904296875,207.356399536133,15.6976976394653,-3.99166512489319
20181214,18,14,18,15000,14280.0546875,206.996246337891,14.7900075912476,-0.272292494773865
20181215,0,14,18,15000,14281.9208984375,206.899993896484,12.1184053421021,7.63304948806763
20181215,6,14,18,15000,14281.556640625,206.958038330078,13.8927755355835,6.09850120544434
20181215,12,14,18,15000,14259.8759765625,206.300003051758,9.42001247406006,4.74400615692139
20181215,18,14,18,15000,14266.5439453125,205.600006103516,7.20000505447388,2.83970952033997
20181216,0,14,18,15000,14276.869140625,206.300003051758,10.5920600891113,5.2433762550354
20181216,6,14,18,15000,14288.4521484375,205.600006103516,5.30003643035889,2.20184087753296
20181216,12,14,18,15000,14272.205078125,205.5,5.1091628074646,3.26661610603333
20181216,18,14,18,15000,14280.21875,205.636627197266,4.51876449584961,8.08574676513672
20181217,0,14,18,15000,14289.6787109375,205.780807495117,1.81880855560303,12.2885990142822
20181217,6,14,18,15000,14308.01171875,205.519165039063,-1.67438232898712,9.8944091796875
20181217,12,14,18,15000,14294.66796875,204.5,-3.80346202850342,3.80347657203674
20181217,18,14,18,15000,14292.505859375,204.5,-4.32016134262085,-2.26590323448181
20181218,0,14,18,15000,14300.4248046875,205.333251953125,-3.61244630813599,-3.21265125274658
20181218,6,14,18,15000,14312.037109375,205.83576965332,1.47997808456421,0.145888671278954
20181218,12,14,18,15000,14299.3037109375,205.399993896484,3.89088869094849,1.96315920352936
