20180720,0,-50,91,2000,27051.517578125,228.917236328125,-9.79758834838867,0.438134759664536
20180720,6,-50,91,2000,27035.376953125,228.5,-9.46998023986816,1.3675879240036
20180720,12,-50,91,2000,27040.5390625,228.100006103516,-10.5652713775635,0.00335449213162065
20180720,18,-50,91,2000,27058.966796875,228.599975585938,-9.3651123046875,2.52386713027954
20180721,0,-50,91,2000,27088.994140625,228.899978637695,-9.36999225616455,0.610117197036743
20180721,6,-50,91,2000,27070.724609375,228.396270751953,-9.57398700714111,0.121418453752995
20180721,12,-50,91,2000,27068.064453125,228.100006103516,-9.26999473571777,-0.123291015625
20180721,18,-50,91,2000,27079.345703125,228.5,-9.96999549865723,1.0339697599411
20180722,0,-50,91,2000,27102.86328125,229.100006103516,-7.99999523162842,-0.0400390625
20180722,6,-50,91,2000,27080.0390625,227.800003051758,-9.77335929870605,-0.741206049919128
20180722,12,-50,91,2000,27066.91015625,227.399993896484,-9.96576690673828,-0.448566883802414
20180722,18,-50,91,2000,27088.740234375,227.499969482422,-9.06999015808105,0.895383298397064
20180723,0,-50,91,2000,27093.029296875,227.699981689453,-9.4699878692627,-1.73369383811951
20180723,6,-50,91,2000,27067.5390625,227.399978637695,-10.0699977874756,-0.666303694248199
20180723,12,-50,91,2000,27047.962890625,226.699996948242,-9.76999282836914,-2.05464482307434
20180723,18,-50,91,2000,27063.1640625,227.300003051758,-10.2733325958252,0.671218276023865
20180724,0,-50,91,2000,27071.85546875,227.379684448242,-7.86954355239868,-1.5286523103714
20180724,6,-50,91,2000,27048.69921875,227.099975585938,-9.66999530792236,-0.158774420619011
20180724,12,-50,91,2000,27031.400390625,226.800003051758,-8.36999988555908,-1.10961675643921
20180724,18,-50,91,2000,27039.580078125,227.5,-8.36991500854492,0.6304931640625
20180725,0,-50,91,2000,27038.51171875,227.199996948242,-7.66999769210815,-1.79042971134186
20180725,6,-50,91,2000,27019.220703125,227.100006103516,-8.36482620239258,-0.796896994113922
20180725,12,-50,91,2000,27001.3359375,226.800003051758,-7.87000226974487,-1.84519779682159
20180725,18,-50,91,2000,27000.615234375,227.199996948242,-7.46999979019165,0.301408678293228
20180726,0,-50,91,2000,27007.92578125,227.699981689453,-6.86941146850586,-0.906176745891571
20180726,6,-50,91,2000,26984.275390625,227.199996948242,-7.67000246047974,-1.29612064361572
20180726,12,-50,91,2000,26966.998046875,227.399993896484,-7.40000009536743,-0.953916013240814
20180726,18,-50,91,2000,26977.626953125,227.899978637695,-7.59971189498901,0.718764662742615
20180727,0,-50,91,2000,26995.205078125,228.199981689453,-5.40330791473389,-0.4478540122509
20180727,6,-50,91,2000,26976.0703125,228.300003051758,-7.90329837799072,-0.624526381492615
20180727,12,-50,91,2000,26967.16796875,228.199996948242,-7.39999771118164,0.845578610897064
20180727,18,-50,91,2000,26979.01953125,228.699981689453,-7.37332534790039,0.873698711395264
20180728,0,-50,91,2000,27006.662109375,229.100006103516,-6.29999494552612,0.783701181411743
20180728,6,-50,91,2000,26989.6328125,229.100006103516,-7.07030534744263,1.23958003520966
20180728,12,-50,91,2000,26988.35546875,229,-8.17304706573486,0.149749755859375
20180728,18,-50,91,2000,27010.3984375,230,-8.16758346557617,2.69898676872253
20180729,0,-50,91,2000,27032.8671875,230.199996948242,-5.89999532699585,0.714815676212311
20180729,6,-50,91,2000,27025.6015625,230.099975585938,-8.30000019073486,0.440129399299622
20180729,12,-50,91,2000,27013.234375,230.099975585938,-7.96999502182007,0.529191911220551
20180729,18,-50,91,2000,27026.783203125,230,-8.77326202392578,1.20331907272339
20180730,0,-50,91,2000,27045.17578125,230.399978637695,-7.56984376907349,0.636562526226044
20180730,6,-50,91,2000,27030.505859375,229.806976318359,-8.29999542236328,0.711972653865814
20180730,12,-50,91,2000,27011.169921875,229.599975585938,-8.57190227508545,-0.0865917950868607
20180730,18,-50,91,2000,27020.58984375,229.5,-7.57000017166138,1.31364870071411
20180731,0,-50,91,2000,27033.552734375,229.79997253418,-7.30220937728882,-0.246187746524811
20180731,6,-50,91,2000,27009.890625,229.199981689453,-8.76966285705566,-0.403430163860321
20180731,12,-50,91,2000,26993.216796875,229,-8.37334251403809,-0.446354985237122
20180731,18,-50,91,2000,27004.376953125,228.599975585938,-8.86969757080078,0.747578144073486
20180801,0,-50,91,2000,27018.88671875,229.399978637695,-7.69999265670776,1.22070074081421
20180801,6,-50,91,2000,27002.716796875,228.5,-7.96667957305908,-0.363725572824478
20180801,12,-50,91,2000,26988.1015625,228.5,-9.59999752044678,0.947597682476044
20180801,18,-50,91,2000,27012.23046875,228.79997253418,-7.26943826675415,1.70552241802216
20180802,0,-50,91,2000,27023.0078125,228.800003051758,-7.57059574127197,-0.264907240867615
20180802,6,-50,91,2000,27007.828125,228.499969482422,-7.97132587432861,0.720090329647064
20180802,12,-50,91,2000,27002.515625,228.29997253418,-7.29999732971191,0.312043458223343
20180802,18,-50,91,2000,27018.64453125,228.5,-7.76998281478882,1.06009769439697
20180803,0,-50,91,2000,27046.0625,228.600006103516,-6.30000019073486,-0.0159252937883139
20180803,6,-50,91,2000,27024.15234375,228,-6.99660873413086,-0.0653808563947678
20180803,12,-50,91,2000,27015.0390625,227.632125854492,-7.76999998092651,-0.370131850242615
20180803,18,-50,91,2000,27032.234375,227.699996948242,-7.29973649978638,1.18956542015076
20180804,0,-50,91,2000,27047.439453125,227.399993896484,-7.17000246047974,-2.0552442073822
20180804,6,-50,91,2000,27026.171875,226.79997253418,-8.06999492645264,-0.537233889102936
20180804,12,-50,91,2000,27011.89453125,226.699981689453,-8.86984825134277,-1.04635500907898
20180804,18,-50,91,2000,27022.16796875,226.5,-8.27000522613525,-0.368671864271164
20180805,0,-50,91,2000,27028.712890625,226.600006103516,-8.57354736328125,-0.842534184455872
20180805,6,-50,91,2000,27013.0234375,226.399993896484,-8.26721668243408,0.199946284294128
20180805,12,-50,91,2000,27004.580078125,225.899993896484,-8.86999225616455,-1.68328857421875
20180805,18,-50,91,2000,27013.322265625,226.199996948242,-8.47422122955322,1.25278687477112
20180806,0,-50,91,2000,27035.2421875,226.699996948242,-6.80021715164185,-0.25956666469574
20180806,6,-50,91,2000,27008.232421875,226.199996948242,-9.2742280960083,-1.34520018100739
20180806,12,-50,91,2000,26996.08203125,225.899993896484,-8.87021446228027,-0.523067653179169
20180806,18,-50,91,2000,26999.189453125,226.099975585938,-7.76823234558105,0.274465322494507
20180807,0,-50,91,2000,27013.814453125,226.300003051758,-7.46658706665039,-1.25495970249176
20180807,6,-50,91,2000,26991.30078125,226.5,-7.87319803237915,-0.479371339082718
20180807,12,-50,91,2000,26974.85546875,226.29997253418,-6.59876728057861,-1.43278193473816
20180807,18,-50,91,2000,26984.984375,226.100006103516,-8.19691181182861,0.085759274661541
20180808,0,-50,91,2000,27000.70703125,227.199981689453,-5.40273427963257,0.518618166446686
20180808,6,-50,91,2000,26972.23046875,226.29997253418,-6.86951923370361,-2.04863286018372
20180808,12,-50,91,2000,26959.52734375,226.300003051758,-6.99999046325684,-0.248439937829971
20180808,18,-50,91,2000,26972.0234375,226.399993896484,-6.0999927520752,-1.04793453216553
20180809,0,-50,91,2000,26986.1875,226.550735473633,-6.19999742507935,-0.822622060775757
20180809,6,-50,91,2000,26954.8984375,226.600006103516,-7.27134275436401,-1.94210207462311
20180809,12,-50,91,2000,26945.119140625,226.099975585938,-6.26997804641724,-0.797160625457764
20180809,18,-50,91,2000,26953.154296875,226.699996948242,-7.47167253494263,-0.48384764790535
20180810,0,-50,91,2000,26982.927734375,226.699981689453,-5.39999008178711,-1.05006349086761
20180810,6,-50,91,2000,26953.3203125,226.999969482422,-7.76999044418335,-0.272480458021164
20180810,12,-50,91,2000,26943.328125,226.728607177734,-5.8699951171875,-1.07560551166534
20180810,18,-50,91,2000,26959.1640625,227.100006103516,-7.8699951171875,1.13474118709564
20180811,0,-50,91,2000,26986.099609375,227.499359130859,-5.4699854850769,0.677824735641479
20180811,6,-50,91,2000,26967.89453125,227.699981689453,-6.26996326446533,0.256252437829971
20180811,12,-50,91,2000,26966.990234375,227.399978637695,-7.46999502182007,1.21438717842102
20180811,18,-50,91,2000,26995.4375,227.899993896484,-3.86998295783997,3.03381824493408
20180812,0,-50,91,2000,27022.28515625,228.399993896484,-5.69999265670776,1.45240473747253
20180812,6,-50,91,2000,27002.892578125,228.199981689453,-4.26999521255493,2.72588753700256
20180812,12,-50,91,2000,27005.5546875,228.300003051758,-3.89951658248901,0.489914536476135
20180812,18,-50,91,2000,27017.984375,227.899993896484,-4.87177467346191,2.71992182731628
20180813,0,-50,91,2000,27032.431640625,228.499969482422,-0.199992671608925,0.357235103845596
20180813,6,-50,91,2000,27008.435546875,227.399978637695,-4.4699878692627,-0.394769281148911
20180813,12,-50,91,2000,27000.3203125,227.800003051758,-2.26976561546326,0.624353051185608
20180813,18,-50,91,2000,26988.345703125,227.29997253418,-3.36693596839905,-1.64319574832916
20180814,0,-50,91,2000,26992.01171875,227.399993896484,-2.46656727790833,-0.532331526279449
20180814,6,-50,91,2000,26957.36328125,226.708084106445,-3.56998777389526,-2.35798573493958
20180814,12,-50,91,2000,26937.869140625,226.800003051758,-3.89999508857727,-0.488317877054214
20180814,18,-50,91,2000,26939.345703125,226.300003051758,-3.67000007629395,-0.409431159496307
20180815,0,-50,91,2000,26946.712890625,226.5,-3.29994130134583,-0.273435056209564
20180815,6,-50,91,2000,26931.23828125,226.699996948242,-4.4699878692627,-0.410534679889679
20180815,12,-50,91,2000,26922.806640625,225.79997253418,-3.16999506950378,-0.253083497285843
20180815,18,-50,91,2000,26940.27734375,226.5,-3.56999278068542,1.39048826694489
20180816,0,-50,91,2000,26966.439453125,226.899993896484,-2.69998526573181,1.64148926734924
20180816,6,-50,91,2000,26947.5390625,226.800003051758,-2.67012691497803,0.0178417973220348
20180816,12,-50,91,2000,26946.23046875,226.29997253418,-2.66999506950378,0.854008793830872
20180816,18,-50,91,2000,26962.95703125,226.899993896484,-1.76999270915985,1.15000736713409
20180817,0,-50,91,2000,26985.88671875,227.399993896484,-0.870000004768372,0.733212888240814
20180817,6,-50,91,2000,26962.080078125,226.899993896484,-1.49999022483826,-0.190668940544128
20180817,12,-50,91,2000,26948.912109375,227.100006103516,-2.67416024208069,-0.711984872817993
20180817,18,-50,91,2000,26947.080078125,226.5,-0.969992697238922,0.185715332627296
20180818,0,-50,91,2000,26960.890625,227.099975585938,-1.16999268531799,-2.26395988464355
20180818,6,-50,91,2000,26929.375,226.920501708984,-1.87351560592651,-0.661638200283051
20180818,12,-50,91,2000,26903.501953125,226,-0.469999998807907,-2.19113278388977
20180818,18,-50,91,2000,26899.77734375,226.699996948242,-3.06746578216553,-1.28468990325928
20180819,0,-50,91,2000,26904.150390625,226.5,-0.367656260728836,-1.05390131473541
20180819,6,-50,91,2000,26873.03515625,226.399993896484,-2.29999995231628,-1.38296627998352
20180819,12,-50,91,2000,26864.490234375,226.199981689453,-2.76999759674072,0.802421867847443
20180819,18,-50,91,2000,26873.890625,226.5,-1.37000238895416,1.17275393009186
20180820,0,-50,91,2000,26892.310546875,226.899978637695,-2.00019288063049,2.48037099838257
20180820,6,-50,91,2000,26881.087890625,227.399993896484,-1.66951656341553,1.80041015148163
20180820,12,-50,91,2000,26882.171875,226.699981689453,-1.06995606422424,1.92919433116913
20180820,18,-50,91,2000,26896.8125,227.399978637695,-2.59999752044678,3.16213369369507
20180821,0,-50,91,2000,26919.76953125,227.699981689453,-1.57302737236023,1.71992671489716
20180821,6,-50,91,2000,26900.060546875,226.999969482422,-1.19999265670776,1.67430913448334
20180821,12,-50,91,2000,26892.97265625,227.300003051758,-1.9732666015625,1.38660645484924
20180821,18,-50,91,2000,26902.044921875,227.100006103516,-0.974282205104828,2.5792064666748
20180822,0,-50,91,2000,26926.751953125,227.5,0.230009764432907,1.20733404159546
20180822,6,-50,91,2000,26902.69921875,227,-2.00222659111023,0.599709451198578
20180822,12,-50,91,2000,26894.669921875,227.399993896484,-0.5958251953125,1.72644281387329
20180822,18,-50,91,2000,26902.455078125,227,-1.66999757289886,1.22387206554413
20180823,0,-50,91,2000,26920.099609375,227.399993896484,0.530009746551514,1.96654784679413
20180823,6,-50,91,2000,26887.05078125,226.899978637695,-1.86535155773163,0.600063502788544
20180823,12,-50,91,2000,26888.181640625,226.999969482422,-0.773264169692993,2.0155029296875
20180823,18,-50,91,2000,26895.599609375,227.206985473633,-0.666591823101044,2.0503466129303
20180824,0,-50,91,2000,26907.59765625,227.5,-0.672309577465057,1.76607179641724
20180824,6,-50,91,2000,26886.7890625,226.899978637695,-0.866689443588257,1.79809081554413
20180824,12,-50,91,2000,26881.767578125,227.100006103516,-1.56998777389526,0.533570528030396
20180824,18,-50,91,2000,26896.82421875,226.399978637695,-1.56776368618011,3.37029671669006
20180825,0,-50,91,2000,26921.599609375,227,-0.668957531452179,0.561140120029449
20180825,6,-50,91,2000,26905.88671875,226.199996948242,-2.16998767852783,1.73743402957916
20180825,12,-50,91,2000,26904.890625,225.800003051758,-0.499992668628693,0.742597639560699
20180825,18,-50,91,2000,26914.251953125,225.699996948242,-2.46999502182007,1.43340086936951
20180826,0,-50,91,2000,26929.51953125,226.300003051758,-0.939987778663635,0.326765149831772
20180826,6,-50,91,2000,26908.658203125,225.800003051758,-1.27138912677765,0.819138169288635
20180826,12,-50,91,2000,26890.365234375,225.300003051758,-1.86999750137329,-1.15040767192841
20180826,18,-50,91,2000,26902.212890625,225.493011474609,-1.16999757289886,2.1819896697998
20180827,0,-50,91,2000,26915.96484375,225.800003051758,-0.637395024299622,0.314426273107529
20180827,6,-50,91,2000,26881.865234375,225,-1.47000002861023,0.168459475040436
20180827,12,-50,91,2000,26880.27734375,225.199981689453,-1.86999022960663,-0.185507819056511
20180827,18,-50,91,2000,26890.203125,225.199996948242,-0.468837887048721,0.667387723922729
20180828,0,-50,91,2000,26898.318359375,225.5,-1.26998782157898,-0.345505356788635
20180828,6,-50,91,2000,26867.177734375,225,-0.869985342025757,-0.0524438470602036
20180828,12,-50,91,2000,26860.322265625,224.699996948242,-0.0700000002980232,-1.53857183456421
20180828,18,-50,91,2000,26865.4921875,224.800003051758,-0.670002460479736,1.20687985420227
20180829,0,-50,91,2000,26886.017578125,225.099975585938,0.632224142551422,-0.169945061206818
20180829,6,-50,91,2000,26845.2265625,224.999969482422,-1.17000484466553,-0.726347684860229
20180829,12,-50,91,2000,26830.04296875,225,-0.572224140167236,-0.689277350902557
20180829,18,-50,91,2000,26831.359375,224.600006103516,-0.639997541904449,0.617795407772064
20180830,0,-50,91,2000,26850.078125,225.199981689453,-0.0399975590407848,-0.139989018440247
20180830,6,-50,91,2000,26830.98828125,224.800003051758,0.260014653205872,0.353073716163635
20180830,12,-50,91,2000,26815.3046875,224.899978637695,-0.641940891742706,0.407582998275757
20180830,18,-50,91,2000,26828.755859375,224.699981689453,0.833225071430206,1.22048342227936
20180831,0,-50,91,2000,26844.556640625,225.100006103516,0.630009770393372,0.187287598848343
20180831,6,-50,91,2000,26828.0078125,224.899978637695,0.0350048840045929,1.50315058231354
20180831,12,-50,91,2000,26826.4453125,224.699981689453,0.730017066001892,1.81772339344025
20180831,18,-50,91,2000,26847.1484375,225.100006103516,-0.169997557997704,2.27102041244507
20180901,0,-50,91,2000,26860.796875,225.300003051758,0.603166520595551,1.28905272483826
20180901,6,-50,91,2000,26851.650390625,225,-0.570217311382294,1.63398563861847
20180901,12,-50,91,2000,26855.095703125,224.79997253418,-0.201386719942093,2.22951912879944
20180901,18,-50,91,2000,26872.63671875,224.867874145508,-0.404609382152557,2.67995119094849
20180902,0,-50,91,2000,26887.046875,225.29997253418,-0.468278795480728,1.27979731559753
20180902,6,-50,91,2000,26883.8671875,225.199493408203,-0.402392566204071,3.15211415290833
20180902,12,-50,91,2000,26877.345703125,224.699981689453,-0.470002442598343,1.64974117279053
20180902,18,-50,91,2000,26885.693359375,225.300003051758,-0.971381843090057,2.23746085166931
20180903,0,-50,91,2000,26901.212890625,225.199981689453,0.200014650821686,1.22639644145966
20180903,6,-50,91,2000,26886.099609375,225.199981689453,-1.56998777389526,0.767485380172729
20180903,12,-50,91,2000,26871.087890625,224.300003051758,-1.57221186161041,0.925893545150757
20180903,18,-50,91,2000,26881.658203125,224.699996948242,-2.26999759674072,0.874194324016571
20180904,0,-50,91,2000,26896.470703125,224.399993896484,-1.66999018192291,0.611464858055115
20180904,6,-50,91,2000,26874.8359375,224.100006103516,-1.76999759674072,0.209824219346046
20180904,12,-50,91,2000,26858.970703125,223.899978637695,-3.7667407989502,0.265427231788635
20180904,18,-50,91,2000,26870.578125,223.699981689453,-1.77370607852936,0.789826631546021
20180905,0,-50,91,2000,26873.171875,223.899993896484,-3.26999521255493,-0.0908300802111626
20180905,6,-50,91,2000,26846.634765625,223.300003051758,-2.77333974838257,0.535214841365814
20180905,12,-50,91,2000,26831.572265625,222.899993896484,-4.17000007629395,-0.579943835735321
20180905,18,-50,91,2000,26849.640625,223.300003051758,-2.36999988555908,1.89377200603485
20180906,0,-50,91,2000,26851.810546875,223.199981689453,-2.33999514579773,-0.639887690544128
20180906,6,-50,91,2000,26821.154296875,223.100006103516,-3.17000007629395,-0.121416017413139
20180906,12,-50,91,2000,26808.560546875,222.699996948242,-2.06999516487122,-0.448103040456772
20180906,18,-50,91,2000,26805.07421875,223.06364440918,-2.59589838981628,-0.0515820309519768
20180907,0,-50,91,2000,26807.1015625,223.110015869141,-1.06999754905701,-1.73033452033997
20180907,6,-50,91,2000,26775.45703125,222.899993896484,-1.46499025821686,-2.22543454170227
20180907,12,-50,91,2000,26757.404296875,222.699996948242,-2.2999951839447,-2.45339345932007
20180907,18,-50,91,2000,26756.265625,222.600006103516,-1.06906986236572,-0.931523442268372
20180908,0,-50,91,2000,26756.9921875,222.999969482422,-1.3699951171875,-3.18726801872253
20180908,6,-50,91,2000,26732.0546875,222.600006103516,-1.87221431732178,-1.15876460075378
20180908,12,-50,91,2000,26702.919921875,222.399993896484,-0.370000004768372,-3.20658206939697
20180908,18,-50,91,2000,26709.140625,222.599975585938,-1.66138911247253,-0.499890148639679
20180909,0,-50,91,2000,26717.150390625,223.199981689453,1.6000030040741,-1.79990231990814
20180909,6,-50,91,2000,26694.01171875,222.899978637695,-0.910983264446259,-1.19990229606628
20180909,12,-50,91,2000,26683.259765625,223,0.899999976158142,-0.0999023467302322
20180909,18,-50,91,2000,26697.75,223.100006103516,1.10000002384186,0.0999206528067589
20180910,0,-50,91,2000,26713.095703125,223.29997253418,1.5,-0.400079339742661
20180910,6,-50,91,2000,26701.865234375,223.599975585938,1.50001525878906,0.900097668170929
20180910,12,-50,91,2000,26697.3203125,222.79997253418,2.6000030040741,-0.807757556438446
20180910,18,-50,91,2000,26718.07421875,223.399993896484,0.899999976158142,2.40006709098816
20180911,0,-50,91,2000,26733.23046875,223.399978637695,2.9691162109375,0.460046380758286
20180911,6,-50,91,2000,26729.77734375,223.199996948242,1.43000733852386,1.07994139194489
20180911,12,-50,91,2000,26717.822265625,222.999969482422,1.83000493049622,1.82399904727936
20180911,18,-50,91,2000,26740.552734375,222.800003051758,2.39670658111572,1.52599120140076
20180912,0,-50,91,2000,26754.380859375,223.100006103516,1.12999510765076,1.73026371002197
20180912,6,-50,91,2000,26740.27734375,223.100006103516,2,2.2674560546875
20180912,12,-50,91,2000,26738.068359375,222.5,1.62999999523163,1.88527834415436
20180912,18,-50,91,2000,26761.04296875,222.999969482422,1.53497076034546,2.46812987327576
20180913,0,-50,91,2000,26779.4453125,222.600006103516,3.70842885971069,2.50010991096497
20180913,6,-50,91,2000,26762.41796875,222.499633789063,1.90000307559967,0.613122582435608
20180913,12,-50,91,2000,26751.091796875,221.899993896484,0.991894543170929,0.666748046875
20180913,18,-50,91,2000,26769.623046875,221.699996948242,3.09999990463257,2.44066166877747
20180914,12,-50,91,2000,26745.220703125,221.199996948242,0.500004589557648,-2.28856801986694
20180914,18,-50,91,2000,26751.912109375,221.199981689453,-0.377778619527817,-0.289453119039536
20180915,0,-50,91,2000,26751.6484375,221.100006103516,1.31500244140625,-1.39992678165436
20180915,6,-50,91,2000,26729.4375,221,-0.699996948242188,-2.59987187385559
20180915,12,-50,91,2000,26704.9921875,220.399993896484,-0.796142578125,-1.68096315860748
20180915,18,-50,91,2000,26715.525390625,220.599975585938,1.19999694824219,-0.500146508216858
20180916,0,-50,91,2000,26716.501953125,220.699981689453,0.631975114345551,-2.48036122322083
20180916,12,-50,91,2000,26676.72265625,220.100006103516,0.330004870891571,-1.82262945175171
20180916,18,-50,91,2000,26685.7890625,220.999969482422,0.926599144935608,-0.469453126192093
20180917,0,-50,91,2000,26693.96484375,220.699996948242,1.63000249862671,-1.04303956031799
20180917,6,-50,91,2000,26674.8046875,220.5,2.55999994277954,-1.37443852424622
20180917,12,-50,91,2000,26662.54296875,220.399322509766,1.86000239849091,-1.18510496616364
20180917,18,-50,91,2000,26661.33203125,220.600006103516,3.66499996185303,0.618229985237122
20180918,0,-50,91,2000,26671.8203125,221.199996948242,3.96000742912292,-0.976289033889771
20180918,6,-50,91,2000,26643.6171875,220.800003051758,3.75861811637878,-0.418613284826279
20180918,12,-50,91,2000,26630.89453125,221.29997253418,4.23000240325928,-0.0349755845963955
20180918,18,-50,91,2000,26622.1328125,221.699996948242,4.23000478744507,0.383784174919128
20180919,0,-50,91,2000,26627.91796875,222.099975585938,4.53000497817993,1.66260743141174
20180919,6,-50,91,2000,26600.732421875,221.899978637695,4.83000230789185,-0.348876953125
20180919,12,-50,91,2000,26585.53515625,222,5.13000249862671,2.53027820587158
20180919,18,-50,91,2000,26595.22265625,222.29997253418,6.93340587615967,1.84618902206421
20180920,0,-50,91,2000,26607.4765625,222.499969482422,6.82999753952026,2.49899411201477
20180920,6,-50,91,2000,26580.658203125,222.099975585938,7.83000469207764,1.98076415061951
20180920,12,-50,91,2000,26577.443359375,222.29997253418,7.63000249862671,-0.133964836597443
20180920,18,-50,91,2000,26586.626953125,222.199996948242,7.72589349746704,4.07360124588013
20180921,0,-50,91,2000,26602.529296875,222.600006103516,10.1600074768066,0.207929685711861
20180921,6,-50,91,2000,26586.169921875,222.5,7.73996448516846,1.52756953239441
20180921,12,-50,91,2000,26573.474609375,222.300003051758,9.20473194122314,1.20010375976563
20180921,18,-50,91,2000,26583.6328125,223.236358642578,8.80000019073486,1.56016230583191
20180922,0,-50,91,2000,26591.564453125,223,9.10000038146973,1.02473139762878
20180922,6,-50,91,2000,26567.60546875,223.5,8.76861763000488,2.16672372817993
20180922,12,-50,91,2000,26545.375,224.210037231445,9.80000019073486,1.09998774528503
20180922,18,-50,91,2000,26553.98046875,224.100006103516,8.30000019073486,4.90004253387451
20180923,0,-50,91,2000,26555.046875,225,12.3000059127808,2.62761235237122
20180923,6,-50,91,2000,26536.6484375,225.300003051758,10.2000017166138,0.945013403892517
20180923,12,-50,91,2000,26523.9453125,225.399993896484,10.0999965667725,3.30000615119934
20180923,18,-50,91,2000,26533.470703125,225.699981689453,13.3000001907349,4.41892099380493
20180924,0,-50,91,2000,26542.33984375,226.100006103516,13.1000032424927,0.318939208984375
20180924,6,-50,91,2000,26535.955078125,225.800003051758,12.0511226654053,4.00755596160889
20180924,12,-50,91,2000,26533.2890625,225.699996948242,15.6000003814697,1.18118894100189
20180924,18,-50,91,2000,26550.095703125,225.800003051758,13.7999973297119,3.73385000228882
20180925,0,-50,91,2000,26565.9140625,225.800003051758,14.2000026702881,2.90001821517944
20180925,6,-50,91,2000,26559.560546875,224.899993896484,14.0000257492065,3.50003051757813
20180925,12,-50,91,2000,26546.98046875,224.899993896484,14.9532651901245,3.30008554458618
20180925,18,-50,91,2000,26556.806640625,224.699981689453,13.7600126266479,4.50214862823486
20180926,0,-50,91,2000,26560.962890625,224.399993896484,14.6319551467896,4.01688003540039
20180926,6,-50,91,2000,26531.255859375,223.899978637695,15.1599998474121,4.83255863189697
20180926,12,-50,91,2000,26513.58984375,223.800003051758,14.2599973678589,3.56773447990417
20180926,18,-50,91,2000,26517.294921875,224.100006103516,15.0300073623657,7.42120361328125
20180927,0,-50,91,2000,26522.544921875,224.600006103516,17.1320705413818,4.56169700622559
20180927,6,-50,91,2000,26498.794921875,224.291625976563,15.1000051498413,6.00719499588013
20180927,12,-50,91,2000,26479.435546875,224.600006103516,16.7000045776367,7.32713603973389
20180927,18,-50,91,2000,26491.837890625,224.600006103516,18.1000003814697,8.51777362823486
20180928,0,-50,91,2000,26497.9921875,225.199996948242,17.2987823486328,7.71007061004639
20180928,6,-50,91,2000,26485.619140625,224.899978637695,17.7300033569336,10.791335105896
20180928,12,-50,91,2000,26473.470703125,224.899993896484,18.6022243499756,9.1719799041748
20180928,18,-50,91,2000,26487.484375,225.399993896484,17.4313945770264,11.5187644958496
20180929,0,-50,91,2000,26503.66796875,225.800003051758,20.5337467193604,11.8872804641724
20180929,6,-50,91,2000,26486.181640625,225.899978637695,20.3000030517578,11.1546020507813
20180929,12,-50,91,2000,26478.560546875,226.100006103516,20.0300006866455,9.48835945129395
20180929,18,-50,91,2000,26492.087890625,226.699981689453,19.6299991607666,12.7657957077026
20180930,0,-50,91,2000,26504.865234375,226.699996948242,23.3036766052246,9.87584018707275
20180930,6,-50,91,2000,26489.61328125,227.199981689453,19.1324901580811,9.94510746002197
20180930,12,-50,91,2000,26481.283203125,226.100006103516,20.6599998474121,9.79184055328369
20180930,18,-50,91,2000,26493.919921875,227.399978637695,19.8299999237061,10.8803520202637
20181001,0,-50,91,2000,26508.39453125,227.5,20.0300006866455,8.99994659423828
20181001,6,-50,91,2000,26492.080078125,227.600006103516,18.4599990844727,8.96602535247803
20181001,12,-50,91,2000,26490.671875,227.199996948242,18.0300025939941,8.19284152984619
20181001,18,-50,91,2000,26510,227.199996948242,18.6600017547607,10.1955881118774
20181002,0,-50,91,2000,26524.71484375,227.399993896484,17.6600017547607,7.40830087661743
20181002,6,-50,91,2000,26504.2578125,227,17.6600093841553,9.12221717834473
20181002,12,-50,91,2000,26493.953125,226.699981689453,19.1600017547607,6.90740251541138
20181002,18,-50,91,2000,26499.1328125,227.41162109375,17.3600044250488,8.21316623687744
20181003,0,-50,91,2000,26509.23046875,227.399993896484,18.3900032043457,6.54439449310303
20181003,6,-50,91,2000,26491.431640625,226.93603515625,17.9600028991699,6.25065422058105
20181003,12,-50,91,2000,26484.654296875,225.899993896484,17.5599994659424,7.05529546737671
20181003,18,-50,91,2000,26496.41796875,226.223052978516,18.0599994659424,7.42995595932007
20181004,0,-50,91,2000,26517.412109375,225.5,15.9900026321411,6.40743637084961
20181004,6,-50,91,2000,26515.1328125,225.197235107422,15.8900175094604,7.3281569480896
20181004,12,-50,91,2000,26510.490234375,225.100006103516,14.36474609375,6.30066156387329
20181004,18,-50,91,2000,26527.892578125,224.899993896484,12.5600023269653,8.92959690093994
20181005,0,-50,91,2000,26523.740234375,224.284820556641,16.1599979400635,7.59968996047974
20181005,6,-50,91,2000,26506.095703125,224.999969482422,12.760009765625,6.7242259979248
20181005,12,-50,91,2000,26499.197265625,223.5,14.1600074768066,9.30231475830078
20181005,18,-50,91,2000,26499.5625,224.100006103516,16.4899997711182,7.53026628494263
20181006,0,-50,91,2000,26519.509765625,224.399978637695,13.1875171661377,6.83304452896118
20181006,6,-50,91,2000,26498.5078125,223.188919067383,14.1197147369385,8.23692417144775
20181006,12,-50,91,2000,26496.296875,223.113525390625,14.0900077819824,7.09946775436401
20181006,18,-50,91,2000,26496.123046875,222.800003051758,13.3599996566772,8.5419340133667
20181007,0,-50,91,2000,26508.193359375,222.399993896484,15.0900001525879,8.03885746002197
20181007,6,-50,91,2000,26475.953125,222,14.3900051116943,7.70004892349243
20181007,12,-50,91,2000,26469.625,221.5,15.1900024414063,8.52425289154053
20181007,18,-50,91,2000,26470.033203125,221.5,16.3199996948242,7.88322734832764
20181008,0,-50,91,2000,26469.654296875,221.899993896484,17.7200050354004,8.1423921585083
20181008,6,-50,91,2000,26444.0390625,220.800003051758,18.6899967193604,7.41424322128296
20181008,12,-50,91,2000,26425.76171875,220.399993896484,19.290002822876,7.86272954940796
20181008,18,-50,91,2000,26429.02734375,220.546676635742,19.7299995422363,7.92563009262085
20181009,0,-50,91,2000,26424.134765625,220.204559326172,21.1275119781494,6.16020011901855
20181009,6,-50,91,2000,26396.095703125,219.600006103516,21.1000003814697,6.8271632194519
20181009,12,-50,91,2000,26371.724609375,219.100006103516,21.4300003051758,5.5228123664856
20181009,18,-50,91,2000,26365.421875,218.600006103516,21.4600028991699,6.69900894165039
20181010,0,-50,91,2000,26365.634765625,218.599975585938,22.4600028991699,5.7684473991394
20181010,6,-50,91,2000,26346.77734375,217.79997253418,22.3300018310547,5.953125
20181010,12,-50,91,2000,26320.0859375,217,22.7300033569336,2.91259288787842
20181010,18,-50,91,2000,26321.578125,217.100006103516,21.2999992370605,4.79145526885986
20181011,0,-50,91,2000,26329.357421875,216.800003051758,23.4000091552734,2.69205331802368
20181011,6,-50,91,2000,26312.876953125,215.699996948242,20.9699993133545,2.48557138442993
20181011,12,-50,91,2000,26295.6171875,215.899993896484,21.2399978637695,1.64177489280701
20181011,18,-50,91,2000,26292.662109375,215.999969482422,19.8700008392334,2.9003221988678
20181012,0,-50,91,2000,26296.865234375,216.099975585938,20.8400039672852,1.58545899391174
20181012,6,-50,91,2000,26277.29296875,216.29997253418,18.5400047302246,2.23522472381592
20181012,12,-50,91,2000,26250.75,216.300003051758,19.0375099182129,0.497412115335464
20181012,18,-50,91,2000,26251.9140625,216.300003051758,16.8400039672852,3.22957515716553
20181013,0,-50,91,2000,26253.7578125,216.699981689453,18.0400047302246,2.20622563362122
20181013,6,-50,91,2000,26235.330078125,216.599975585938,15.6399145126343,2.07106924057007
20181013,12,-50,91,2000,26222.240234375,216.199996948242,15.6676025390625,2.74852061271667
20181013,18,-50,91,2000,26242.86328125,216.399993896484,15.9700002670288,3.27279305458069
20181014,0,-50,91,2000,26259.068359375,216.699981689453,15.0699977874756,2.95387196540833
20181014,6,-50,91,2000,26252.95703125,216.29997253418,14.6667575836182,3.12001466751099
20181014,12,-50,91,2000,26241.134765625,215.800003051758,14.1700019836426,2.30522465705872
20181014,18,-50,91,2000,26259.20703125,215.899993896484,14.0699977874756,3.05406260490417
20181015,0,-50,91,2000,26277.98046875,216.5,13.2700052261353,2.18998289108276
20181015,6,-50,91,2000,26263.685546875,215.892532348633,13.7666435241699,0.614091813564301
20181015,12,-50,91,2000,26253.875,215.899978637695,10.6000003814697,0.334011226892471
20181015,18,-50,91,2000,26267.8515625,215.699996948242,13.0000028610229,0.477480471134186
20181016,0,-50,91,2000,26279.23046875,216.699996948242,11.1999998092651,-2.04867196083069
20181016,6,-50,91,2000,26269.939453125,216.100006103516,10.8000068664551,-0.801040053367615
20181016,12,-50,91,2000,26267.662109375,216.5,10.8000001907349,-1.73613524436951
20181016,18,-50,91,2000,26283.154296875,216.600006103516,10.1999950408936,-0.266650378704071
20181017,0,-50,91,2000,26284.67578125,217.599975585938,11.1300001144409,-0.476674795150757
20181017,6,-50,91,2000,26276.7578125,217.599975585938,10.8299999237061,-1.30758547782898
20181017,12,-50,91,2000,26262.787109375,217.800003051758,11.3000049591064,-0.138679206371307
20181017,18,-50,91,2000,26271.142578125,218.5,12.2300148010254,-0.165729984641075
20181018,0,-50,91,2000,26281.72265625,218.600006103516,11.9300003051758,-2.01208972930908
20181018,6,-50,91,2000,26265.470703125,217.899993896484,12.4300050735474,-1.98594236373901
20181018,12,-50,91,2000,26256.23828125,217.800003051758,12.6300048828125,-3.9080274105072
20181018,18,-50,91,2000,26264.76171875,217.699996948242,11.7299995422363,-1.9089013338089
20181019,0,-50,91,2000,26270.818359375,217.300003051758,13.1300001144409,-3.2672803401947
20181019,6,-50,91,2000,26253.716796875,217.399978637695,12.0299997329712,-2.65643072128296
20181019,18,-50,91,2000,26230.908203125,216.999969482422,10.7600002288818,-1.66765630245209
20181020,0,-50,91,2000,26228.45703125,216.499969482422,11.9307441711426,-3.25799322128296
20181020,6,-50,91,2000,26208.427734375,215.97265625,9.930006980896,-1.95993161201477
20181020,12,-50,91,2000,26197.375,215.999969482422,10.3347339630127,-1.52380859851837
20181020,18,-50,91,2000,26201.8359375,215.699981689453,10.0300025939941,0.782211899757385
20181021,0,-50,91,2000,26215.169921875,216.300003051758,10.5000171661377,-0.165185540914536
20181021,6,-50,91,2000,26213.32421875,216.300003051758,9.89999961853027,2.91154789924622
20181021,12,-50,91,2000,26214.02734375,216.399978637695,10.8000020980835,0.603100597858429
20181021,18,-50,91,2000,26234.47265625,217.800003051758,8.10000514984131,4.75886964797974
20181022,0,-50,91,2000,26256.0625,218,11.9000101089478,2.20208501815796
20181022,6,-50,91,2000,26256.69921875,218.800003051758,7.92556619644165,3.68532466888428
20181022,12,-50,91,2000,26262.8046875,218.199996948242,11.6000022888184,5.02960681915283
20181022,18,-50,91,2000,26289.009765625,219.699981689453,9.83000469207764,5.15925550460815
20181023,0,-50,91,2000,26312.810546875,219.199951171875,12,5.2297511100769
20181023,6,-50,91,2000,26304.640625,220,10.4280519485474,4.58004903793335
20181023,12,-50,91,2000,26301.54296875,219.199981689453,12.5016527175903,3.8791675567627
20181023,18,-50,91,2000,26314.51171875,220,12.1316499710083,4.58004903793335
20181024,0,-50,91,2000,26328.095703125,219.600006103516,14.9600028991699,2.37348628044128
20181024,6,-50,91,2000,26313.921875,219.599975585938,13.4600076675415,2.80026125907898
20181024,12,-50,91,2000,26290.015625,218,17.129997253418,0.485148936510086
20181024,18,-50,91,2000,26289.08984375,217.5,13.2700052261353,-0.327861338853836
20181025,0,-50,91,2000,26287.154296875,216.300003051758,11.9652738571167,-1.57602298259735
20181025,6,-50,91,2000,26277.5546875,215.699996948242,9.60000514984131,-5.3066234588623
20181025,12,-50,91,2000,26252.265625,214.499969482422,8.89526844024658,-5.2381591796875
20181025,18,-50,91,2000,26260.748046875,215.300003051758,7.13473129272461,-4.45599126815796
20181026,0,-50,91,2000,26250.720703125,214.699996948242,9.26000499725342,-5.71401834487915
20181026,6,-50,91,2000,26235.11328125,215.199981689453,9.32999992370605,-5.80658197402954
20181026,12,-50,91,2000,26205.619140625,214.79997253418,9.52999782562256,-6.44405269622803
20181026,18,-50,91,2000,26214.19921875,215.5,8.23000717163086,-7.41351556777954
20181027,0,-50,91,2000,26214.1796875,215.199996948242,7.53082990646362,-9.44861793518066
20181027,6,-50,91,2000,26221.23046875,214.999969482422,5.00000476837158,-11.0703811645508
20181027,12,-50,91,2000,26225.33203125,213.800003051758,5.42999505996704,-11.6095943450928
20181027,18,-50,91,2000,26263.2578125,214.199996948242,4.95999765396118,-9.01788330078125
20181028,0,-50,91,2000,26293.51171875,214,5.8600025177002,-10.0765132904053
20181028,6,-50,91,2000,26315.908203125,214.100006103516,4.83000755310059,-9.09261512756348
20181028,12,-50,91,2000,26325.265625,214.199996948242,2.55999755859375,-9.8058910369873
20181028,18,-50,91,2000,26356.90234375,215.29997253418,2.96000242233276,-7.07848405838013
20181029,0,-50,91,2000,26374.91796875,215.79997253418,2.66000723838806,-6.91720199584961
20181029,6,-50,91,2000,26382.73046875,216.300003051758,1.76001465320587,-4.77869892120361
20181029,12,-50,91,2000,26368.98828125,215.5,3.66059803962708,-5.41595697402954
20181029,18,-50,91,2000,26382.70703125,216.100006103516,1.96000003814697,-4.07301998138428
20181030,0,-50,91,2000,26385.029296875,215.800003051758,1.82489013671875,-4.59667253494263
20181030,6,-50,91,2000,26379.662109375,216.300003051758,1.22317016124725,-5.58532953262329
20181030,12,-50,91,2000,26365.1015625,215.899993896484,-0.366201162338257,-4.44198226928711
20181030,18,-50,91,2000,26377.380859375,216.699996948242,0.10050293058157,-2.30556631088257
20181031,0,-50,91,2000,26377.52734375,216.499969482422,0.249343261122704,-2.93022465705872
20181031,6,-50,91,2000,26369.4375,216.899993896484,-1.01533198356628,-0.244865715503693
20181031,12,-50,91,2000,26347.80078125,216.899978637695,0.569550752639771,-0.3355712890625
20181031,18,-50,91,2000,26351.740234375,217.599975585938,-0.340000003576279,1.7468603849411
20181101,0,-50,91,2000,26346.171875,218,1.49000239372253,2.79083013534546
20181101,6,-50,91,2000,26326.34765625,218.599975585938,2.50000309944153,1.84738767147064
20181101,12,-50,91,2000,26307.05078125,218.399993896484,2.00000309944153,2.00006103515625
20181101,18,-50,91,2000,26303.029296875,219.399993896484,3.79999852180481,2.80006098747253
20181102,0,-50,91,2000,26296.623046875,219.399978637695,6.09999704360962,1.09005737304688
20181102,6,-50,91,2000,26276.38671875,219.399978637695,6.40000152587891,2.80007934570313
20181102,12,-50,91,2000,26235.33203125,219,9.24887847900391,2.20009756088257
20181102,18,-50,91,2000,26226.9921875,218.899993896484,11.1600046157837,4.34005355834961
20181103,0,-50,91,2000,26211.7421875,218.899993896484,13.626540184021,3.55978512763977
20181103,6,-50,91,2000,26190.091796875,218.099975585938,16.4316825866699,5.67557144165039
20181103,12,-50,91,2000,26174.814453125,217.600006103516,18.6033496856689,5.31588888168335
20181103,18,-50,91,2000,26188.216796875,217.199996948242,18.8866596221924,7.49237298965454
20181104,0,-50,91,2000,26188.98828125,217,22.851001739502,5.16803693771362
20181104,6,-50,91,2000,26178.47265625,216.399993896484,20.5300025939941,3.80758786201477
20181104,12,-50,91,2000,26166.3515625,215.5,20.4047355651855,4.66513681411743
20181104,18,-50,91,2000,26165.1328125,215,21.1000022888184,4.80006694793701
20181105,0,-50,91,2000,26176.052734375,214.699996948242,19.0947799682617,2.90004873275757
20181105,6,-50,91,2000,26162.732421875,214.600006103516,16.1874961853027,2.90001225471497
20181105,12,-50,91,2000,26144.1328125,213.399993896484,17.5884342193604,1.9000244140625
20181105,18,-50,91,2000,26147.26171875,213.600006103516,15.0068874359131,2.00004887580872
20181106,0,-50,91,2000,26150.27734375,213.399993896484,15.5729579925537,0.570874035358429
20181106,6,-50,91,2000,26136.8125,212.899993896484,13.9922609329224,0.400061041116714
20181106,12,-50,91,2000,26107.19921875,212.399993896484,14.7558717727661,-0.499945074319839
20181106,18,-50,91,2000,26097.52734375,212.160598754883,14.3487033843994,0.400054931640625
20181107,0,-50,91,2000,26087.544921875,211.79997253418,15.081787109375,0.52199399471283
20181107,6,-50,91,2000,26057.470703125,211.399993896484,14.1882810592651,-0.999942004680634
20181107,12,-50,91,2000,26028.154296875,210.899993896484,12.5192165374756,-0.599969506263733
20181107,18,-50,91,2000,26018.115234375,211.399978637695,12.1522216796875,-0.599981665611267
20181108,0,-50,91,2000,26011.716796875,211.199996948242,11.9490175247192,-1.89995419979095
20181108,6,-50,91,2000,25988.712890625,211.399993896484,11.7650203704834,-2.49996948242188
20181108,12,-50,91,2000,25963.822265625,210.5,12.5421171188354,-0.999975562095642
20181108,18,-50,91,2000,25962.16796875,211.399993896484,12.2698392868042,-0.199981689453125
20181109,0,-50,91,2000,25946.6328125,211.199981689453,13.7493133544922,-0.699987769126892
20181109,6,-50,91,2000,25924.20703125,211.100006103516,12.7843379974365,-1.49998784065247
20181109,12,-50,91,2000,25897.8515625,210.800003051758,13.1105070114136,-2.19998168945313
20181109,18,-50,91,2000,25901.724609375,211.100006103516,12.7254514694214,-2.70001220703125
20181110,0,-50,91,2000,25892.337890625,211.399993896484,11.7238159179688,-4.45322895050049
20181110,6,-50,91,2000,25880.794921875,210.399993896484,11.4867305755615,-6.99997568130493
20181110,12,-50,91,2000,25858.5625,208.992523193359,10.6027317047119,-9.89997577667236
20181110,18,-50,91,2000,25883.634765625,209.699996948242,7.45455026626587,-18.0827331542969
20181111,0,-50,91,2000,25922.904296875,210.100006103516,6.71000957489014,-27.7999382019043
20181111,6,-50,91,2000,25965.615234375,209.600006103516,9.69999122619629,-30.2999629974365
20181111,12,-50,91,2000,25994.53515625,209.599975585938,14.0000028610229,-27.5999088287354
20181111,18,-50,91,2000,26034.748046875,210.399978637695,15.8300018310547,-22.1000919342041
20181112,0,-50,91,2000,26052.384765625,211.5,20.0194187164307,-17.7999877929688
20181112,6,-50,91,2000,26057.0546875,211.699996948242,21.9620876312256,-13.2023620605469
20181112,12,-50,91,2000,26021.2265625,211.731689453125,24.8500003814697,-10.7111349105835
20181112,18,-50,91,2000,26013.849609375,212.5,27.8758316040039,-7.3468189239502
20181113,0,-50,91,2000,26003.23046875,213.499969482422,31.3085498809814,-7.01489496231079
20181113,6,-50,91,2000,25972.154296875,213,32.9343185424805,-3.90000295639038
20181113,12,-50,91,2000,25909.25,212.399978637695,35.4633750915527,-5.21999502182007
20181113,18,-50,91,2000,25912.66796875,213.600006103516,33.3530311584473,-5.19000005722046
20181114,0,-50,91,2000,25896.89453125,212.79997253418,36.4963417053223,-6.87932634353638
20181114,6,-50,91,2000,25886.67578125,212.899993896484,36.7877922058105,-9.74532222747803
20181114,12,-50,91,2000,25865.140625,211.099975585938,38.5885391235352,-10.8984279632568
20181114,18,-50,91,2000,25889.830078125,211,37.0902290344238,-9.49001502990723
20181115,0,-50,91,2000,25889.76953125,210.399978637695,36.8589973449707,-9.14100360870361
20181115,6,-50,91,2000,25882.283203125,211.29997253418,35.761604309082,-9.15998077392578
20181115,12,-50,91,2000,25867.3125,209.800003051758,35.0097846984863,-8.26000022888184
20181115,18,-50,91,2000,25855.890625,209.699996948242,35.2901496887207,-4.00000953674316
20181116,0,-50,91,2000,25843.232421875,209.199996948242,35.799259185791,-4.40005207061768
20181116,6,-50,91,2000,25813.578125,208.099945068359,34.8891944885254,-1.49569821357727
20181116,12,-50,91,2000,25763.40234375,207.899993896484,36.2268104553223,-2.69000005722046
20181116,18,-50,91,2000,25750.3671875,208.399978637695,36.9981002807617,0.869233369827271
20181117,0,-50,91,2000,25732.1640625,209.399978637695,38.7086067199707,-1.32000005245209
20181117,6,-50,91,2000,25693.794921875,209.5,39.8660507202148,-1.07143068313599
20181117,12,-50,91,2000,25665.04296875,209.800003051758,40.3250732421875,-2.07570314407349
20181117,18,-50,91,2000,25644.625,210.999969482422,41.1199913024902,1.97213625907898
20181118,0,-50,91,2000,25615.59765625,211.706985473633,44.5107040405273,0.0999853536486626
20181118,6,-50,91,2000,25572.193359375,212.600006103516,43.5335121154785,0.667600095272064
20181118,12,-50,91,2000,25543.28515625,211.870407104492,43.9299774169922,-0.866723656654358
20181118,18,-50,91,2000,25536.9609375,212.300003051758,41.9005584716797,1.29417967796326
20181119,0,-50,91,2000,25539.296875,212.100006103516,42.0223388671875,-0.237851560115814
20181119,6,-50,91,2000,25524.025390625,210.600006103516,38.5929298400879,0.154360353946686
20181119,12,-50,91,2000,25493.34765625,209.100006103516,40.1354141235352,-1.429443359375
20181119,18,-50,91,2000,25494.341796875,209.100006103516,36.614315032959,-0.699982881546021
20181120,0,-50,91,2000,25476.0703125,208.100006103516,38.5847206115723,-1.58949220180511
20181120,6,-50,91,2000,25458.970703125,207.800003051758,34.6581535339355,-6.17957258224487
20181120,12,-50,91,2000,25451.7578125,206.5,34.0130958557129,-5.53198957443237
20181120,18,-50,91,2000,25467.876953125,206.699996948242,33.659984588623,-6.44356441497803
20181121,0,-50,91,2000,25483.29296875,206.199996948242,34.8061790466309,-8.73782920837402
20181121,6,-50,91,2000,25477.619140625,206.514694213867,33.5065231323242,-9.44138717651367
20181121,12,-50,91,2000,25487.3125,205.399978637695,34.3950042724609,-10.5719776153564
20181121,18,-50,91,2000,25519.212890625,205.699996948242,32.5977897644043,-13.9473876953125
20181122,0,-50,91,2000,25564.234375,205.699996948242,32.6326065063477,-14.2774658203125
20181122,6,-50,91,2000,25583.67578125,204.499969482422,34.3723602294922,-16.9687747955322
20181122,12,-50,91,2000,25603.015625,205,33.4487800598145,-18.8285694122314
20181122,18,-50,91,2000,25641.8359375,205.899978637695,34.093505859375,-19.9733657836914
20181123,0,-50,91,2000,25686.66015625,205.699996948242,35.4159927368164,-17.3419914245605
20181123,6,-50,91,2000,25702.6953125,205.79997253418,33.8539886474609,-15.9997749328613
20181123,12,-50,91,2000,25709.283203125,204.599990844727,33.326000213623,-14.9006538391113
20181123,18,-50,91,2000,25739.224609375,205.5,31.6299953460693,-11.3186473846436
20181124,0,-50,91,2000,25765.529296875,206,31.7560138702393,-9.4305419921875
20181124,6,-50,91,2000,25779.4765625,207.129150390625,29.4465789794922,-6.94970226287842
20181124,12,-50,91,2000,25768.169921875,206.429153442383,28.3266372680664,-5.37929677963257
20181124,18,-50,91,2000,25784.91796875,207.100006103516,27.4422588348389,-2.53999519348145
20181125,0,-50,91,2000,25782.47265625,206.5,27.2787246704102,-0.534819364547729
20181125,6,-50,91,2000,25776.828125,205.199996948242,27.4274463653564,-1.14778804779053
20181125,12,-50,91,2000,25748.921875,204.399993896484,27.9312763214111,-1.99998533725739
20181125,18,-50,91,2000,25744.935546875,203.79997253418,25.7460746765137,-0.926174342632294
20181126,0,-50,91,2000,25728.546875,204.29997253418,25.482213973999,-6.66667222976685
20181126,6,-50,91,2000,25721.76171875,203.999969482422,20.9568862915039,-9.27998065948486
20181126,12,-50,91,2000,25691.537109375,203.5,18.5238151550293,-12.5600099563599
20181126,18,-50,91,2000,25693.578125,203.199981689453,17.0892009735107,-13.7241945266724
20181127,0,-50,91,2000,25686.880859375,203.100006103516,15.7237424850464,-17.3209228515625
20181127,6,-50,91,2000,25676.8984375,203,11.9300174713135,-19.3787155151367
20181127,12,-50,91,2000,25661.982421875,202.699981689453,9.91856670379639,-24.621000289917
20181127,18,-50,91,2000,25682.9140625,203.499984741211,8.28286838531494,-24.0189800262451
20181128,0,-50,91,2000,25694.142578125,203.899993896484,8.31070041656494,-26.0876522064209
20181128,6,-50,91,2000,25709.3671875,203.499984741211,7.66051959991455,-26.0999946594238
20181128,12,-50,91,2000,25710.72265625,203.099975585938,7.54159832000732,-27.5999965667725
20181128,18,-50,91,2000,25733.8203125,202.699996948242,9.15898418426514,-25.3291435241699
20181129,0,-50,91,2000,25742.1640625,202.099990844727,11.0343685150146,-26.2000064849854
20181129,6,-50,91,2000,25752.9609375,201.199996948242,10.8465700149536,-25.8999996185303
20181129,12,-50,91,2000,25748.26953125,200.699996948242,10.0799808502197,-26.4999942779541
20181129,18,-50,91,2000,25767.400390625,200.999969482422,9.1987361907959,-26.9000129699707
20181130,0,-50,91,2000,25798.392578125,202.399993896484,7.1279296875,-29.7000064849854
20181130,6,-50,91,2000,25832.466796875,202.899993896484,4.59879779815674,-26.7000122070313
20181130,12,-50,91,2000,25859.294921875,205.100006103516,0.464678943157196,-30.6000118255615
20181130,18,-50,91,2000,25945.66796875,207.599975585938,-2.79663991928101,-28.578088760376
20181201,0,-50,91,2000,25993.052734375,209.100006103516,-1.19776606559753,-27.4000129699707
20181201,6,-50,91,2000,26050.072265625,210.5,-1.68117678165436,-23.0000057220459
20181201,12,-50,91,2000,26068.962890625,211.100006103516,-0.828826904296875,-22.2000007629395
20181201,18,-50,91,2000,26124.44921875,212.5,-2.90599966049194,-17.0000057220459
20181202,0,-50,91,2000,26140.158203125,213,-1.089111328125,-14.4708528518677
20181202,6,-50,91,2000,26166.390625,213.5,-0.716123044490814,-10.032187461853
20181202,12,-50,91,2000,26162.125,213.711669921875,0.393308103084564,-10.8675441741943
20181202,18,-50,91,2000,26173.828125,214.5,1.31309080123901,-6.80999040603638
20181203,0,-50,91,2000,26167.90234375,214.199996948242,1.46567142009735,-8.77000999450684
20181203,6,-50,91,2000,26167.83203125,214.800003051758,0.752473115921021,-7.60999488830566
20181203,12,-50,91,2000,26149.7734375,214.399993896484,2.31445789337158,-8.83688926696777
20181203,18,-50,91,2000,26154.625,214.899993896484,-0.119873046875,-7.80392074584961
20181204,0,-50,91,2000,26141.802734375,213.800003051758,3.02858400344849,-9.56167030334473
20181204,6,-50,91,2000,26131.32421875,213.800003051758,0.462158203125,-9.15634727478027
20181204,12,-50,91,2000,26101.994140625,212.199996948242,3.3656005859375,-9.97404098510742
20181204,18,-50,91,2000,26092.115234375,212.800003051758,4.17948484420776,-8.08166027069092
20181205,0,-50,91,2000,26053.498046875,211.800003051758,7.93852806091309,-9.07650375366211
20181205,6,-50,91,2000,26029.939453125,212.100006103516,7.39437866210938,-9.65060424804688
20181205,12,-50,91,2000,25994.39453125,211.899978637695,10.724271774292,-10.999963760376
20181205,18,-50,91,2000,25996.814453125,214.300003051758,9.06959533691406,-14.5999698638916
20181206,0,-50,91,2000,25980.634765625,216.199996948242,10.9395475387573,-16.5999698638916
20181206,6,-50,91,2000,25991.640625,218.199996948242,12.746431350708,-15.1899538040161
20181206,12,-50,91,2000,25958.765625,218.004425048828,18.6076736450195,-14.443567276001
20181206,18,-50,91,2000,25958,219.195556640625,18.8356266021729,-12.7999753952026
20181207,0,-50,91,2000,25937.125,219.499969482422,20.0351905822754,-13.6999816894531
20181207,6,-50,91,2000,25928.794921875,219.5,21.2992000579834,-14.4419431686401
20181207,12,-50,91,2000,25902.01171875,218.5,24.9745388031006,-18.0999946594238
20181207,18,-50,91,2000,25918.64453125,218.399993896484,24.1448097229004,-19.4563903808594
20181208,0,-50,91,2000,25902.6875,217.499969482422,24.8740425109863,-22.0999870300293
20181208,6,-50,91,2000,25922.29296875,217.100006103516,23.5882110595703,-23.2999820709229
20181208,12,-50,91,2000,25919.9375,215.5,24.7506828308105,-21.2435970306396
20181208,18,-50,91,2000,25925.994140625,215.600006103516,23.8540420532227,-23.2999992370605
20181209,0,-50,91,2000,25915.42578125,215.199996948242,24.9373416900635,-24.699987411499
20181209,6,-50,91,2000,25925.33984375,214.600006103516,23.5598030090332,-25.0999946594238
20181209,12,-50,91,2000,25902.1328125,213.800003051758,22.1682758331299,-26.8000068664551
20181209,18,-50,91,2000,25920.716796875,213.800003051758,20.7552223205566,-26.3999881744385
20181210,0,-50,91,2000,25921.697265625,212.600006103516,21.0860824584961,-24.599889755249
20181210,6,-50,91,2000,25929.009765625,212.79997253418,18.5451698303223,-23.8000068664551
20181210,12,-50,91,2000,25917.57421875,211.399993896484,17.2255439758301,-23.7000007629395
20181210,18,-50,91,2000,25940.677734375,211,14.3315277099609,-22.9000053405762
20181211,0,-50,91,2000,25941.92578125,209.499969482422,16.418384552002,-20.0000114440918
20181211,6,-50,91,2000,25946.51953125,208.699981689453,15.2245998382568,-19.9000053405762
20181211,12,-50,91,2000,25935.193359375,208.899993896484,14.0924320220947,-21.2000064849854
20181211,18,-50,91,2000,25962.71484375,210.199981689453,12.2537508010864,-18.5
20181212,0,-50,91,2000,25967.375,209.600006103516,13.6669769287109,-18.8000068664551
20181212,6,-50,91,2000,25974.568359375,210.29997253418,11.6000032424927,-19.8000087738037
20181212,12,-50,91,2000,25962.91796875,209,12.5535411834717,-17.9999885559082
20181212,18,-50,91,2000,25982.82421875,208.79997253418,10.2885007858276,-18.7000064849854
20181213,0,-50,91,2000,25996.931640625,208.399993896484,8.9937915802002,-20.9999942779541
20181213,6,-50,91,2000,26028.697265625,209.100006103516,3.68103647232056,-23.5999946594238
20181213,12,-50,91,2000,26065.865234375,210.800003051758,1.09021604061127,-25.7999992370605
20181213,18,-50,91,2000,26143.767578125,213.599975585938,-3.73609018325806,-24.3986320495605
20181214,0,-50,91,2000,26203.404296875,215.199996948242,-4.19531536102295,-21.5999946594238
20181214,6,-50,91,2000,26258.48828125,216.5,-4.79609680175781,-18.0508232116699
20181214,12,-50,91,2000,26292.439453125,216.800003051758,-4.30014657974243,-14.9000120162964
20181214,18,-50,91,2000,26337.6171875,217.600006103516,-4.83110666275024,-11.0999879837036
20181215,0,-50,91,2000,26346.501953125,217.300003051758,-3.70292043685913,-11.1000003814697
20181215,6,-50,91,2000,26364.66796875,218.300003051758,-3.98735952377319,-8.20000648498535
20181215,12,-50,91,2000,26366.814453125,217.899978637695,-2.6544463634491,-8.19143676757813
20181215,18,-50,91,2000,26388.84765625,218.899993896484,-3.74113464355469,-6.60001230239868
20181216,0,-50,91,2000,26396.130859375,218.699996948242,-0.804153442382813,-7.20001220703125
20181216,6,-50,91,2000,26406.810546875,219.300003051758,-2.33120107650757,-5.99671649932861
20181216,12,-50,91,2000,26396.27734375,219.800003051758,-2.85864567756653,-7.80000925064087
20181216,18,-50,91,2000,26412.08984375,220.800003051758,-4.98751211166382,-6.10000610351563
20181217,0,-50,91,2000,26406.20703125,221.102783203125,-4.69063711166382,-8.60000038146973
20181217,6,-50,91,2000,26412.693359375,222.199996948242,-8.05168437957764,-8.10000038146973
20181217,12,-50,91,2000,26400.130859375,222.600006103516,-8.7218074798584,-9.41611289978027
20181217,18,-50,91,2000,26416.8125,223,-9.55451011657715,-7.70003652572632
20181218,0,-50,91,2000,26410.580078125,223.300003051758,-9.12687969207764,-9.60004901885986
20181218,6,-50,91,2000,26412.96484375,223.899993896484,-10.4087953567505,-8.60001182556152
20181218,12,-50,91,2000,26406.177734375,223.300003051758,-10.30419921875,-9.4000186920166
