20180720,0,-40,180,2000,26944.158203125,226.017242431641,-13.4075880050659,-0.441865235567093
20180720,6,-40,180,2000,26925.697265625,226.5,-14.5099802017212,-0.662412106990814
20180720,12,-40,180,2000,26934.939453125,225.399993896484,-14.1052713394165,-0.506645500659943
20180720,18,-40,180,2000,26936.48828125,226.599975585938,-14.7951126098633,-1.43613278865814
20180721,0,-40,180,2000,26927.474609375,225.099975585938,-13.109992980957,0.830117166042328
20180721,6,-40,180,2000,26906.484375,225.596267700195,-14.8039865493774,-1.49858152866364
20180721,12,-40,180,2000,26918.46484375,224.300003051758,-14.9099950790405,1.29670894145966
20180721,18,-40,180,2000,26940.78515625,226.300003051758,-14.3099946975708,1.17396974563599
20180722,0,-40,180,2000,26930.86328125,225,-13.0099954605103,0.0599609389901161
20180722,6,-40,180,2000,26918.51953125,225.5,-14.3033590316772,0.318793952465057
20180722,12,-40,180,2000,26931.7109375,224.699996948242,-13.1057662963867,0.311433106660843
20180722,18,-40,180,2000,26948.740234375,226.29997253418,-13.5099906921387,0.575383305549622
20180723,0,-40,180,2000,26936.150390625,225.29997253418,-11.5099878311157,-0.253693848848343
20180723,6,-40,180,2000,26914.66015625,225.099975585938,-14.0999975204468,-1.14630365371704
20180723,12,-40,180,2000,26924.443359375,224.699996948242,-11.7099924087524,0.965355217456818
20180723,18,-40,180,2000,26929.32421875,225.699996948242,-13.1033325195313,-1.51878178119659
20180724,0,-40,180,2000,26911.85546875,224.379684448242,-12.0095434188843,0.951347649097443
20180724,6,-40,180,2000,26890.619140625,225.29997253418,-12.4999952316284,-1.64877438545227
20180724,12,-40,180,2000,26900.599609375,224.199996948242,-11.710000038147,-0.0496166981756687
20180724,18,-40,180,2000,26900.30078125,225.600006103516,-13.199914932251,-1.50950682163239
20180725,0,-40,180,2000,26876.751953125,224,-12.9099979400635,-0.170429691672325
20180725,6,-40,180,2000,26865.69921875,224.800003051758,-14.8048267364502,-0.4668969810009
20180725,12,-40,180,2000,26883.57421875,224.300003051758,-14.2100028991699,0.954802274703979
20180725,18,-40,180,2000,26891.494140625,226.199996948242,-16.9099998474121,0.821408689022064
20180726,0,-40,180,2000,26886.64453125,224.79997253418,-13.7094116210938,2.02382326126099
20180726,6,-40,180,2000,26883.955078125,225.800003051758,-16.9000015258789,0.653879404067993
20180726,12,-40,180,2000,26902.4375,225.600006103516,-15.6099996566772,2.88608407974243
20180726,18,-40,180,2000,26924.5078125,226.79997253418,-16.7497119903564,1.81876468658447
20180727,0,-40,180,2000,26918.005859375,226.499969482422,-15.2033081054688,0.962145984172821
20180727,6,-40,180,2000,26910.7890625,227,-16.8032989501953,0.7354736328125
20180727,12,-40,180,2000,26930.767578125,227.100006103516,-15.709997177124,1.89557862281799
20180727,18,-40,180,2000,26940.859375,227.399978637695,-16.1033248901367,0.0336987301707268
20180728,0,-40,180,2000,26929.142578125,227.300003051758,-15.8999948501587,0.393701165914536
20180728,6,-40,180,2000,26909.79296875,226.699996948242,-15.8003053665161,-0.0104199219495058
20180728,12,-40,180,2000,26926.8359375,226.100006103516,-14.7030467987061,0.919749736785889
20180728,18,-40,180,2000,26931.517578125,226.899993896484,-15.3975830078125,-0.121013186872005
20180729,0,-40,180,2000,26917.828125,225.699996948242,-15.1999950408936,1.00481569766998
20180729,6,-40,180,2000,26899.921875,226.199981689453,-14.3000001907349,0.300129383802414
20180729,12,-40,180,2000,26916.515625,225.899978637695,-14.1999950408936,0.939191877841949
20180729,18,-40,180,2000,26917.421875,226.800003051758,-16.4032611846924,-0.536680936813354
20180730,0,-40,180,2000,26915.494140625,225.999969482422,-13.4998435974121,1.79656255245209
20180730,6,-40,180,2000,26897.14453125,226.106979370117,-14.3099946975708,0.00197265623137355
20180730,12,-40,180,2000,26913.08984375,225.999969482422,-14.0019016265869,1.57340824604034
20180730,18,-40,180,2000,26930.349609375,226.399993896484,-14.4099998474121,0.813648700714111
20180731,0,-40,180,2000,26926.591796875,225.499969482422,-12.2022094726563,1.73381221294403
20180731,6,-40,180,2000,26917.08984375,225.599975585938,-13.2596626281738,0.146569818258286
20180731,12,-40,180,2000,26927.77734375,225,-12.6033420562744,0.963645040988922
20180731,18,-40,180,2000,26938.45703125,225.899978637695,-14.4096975326538,0.017578125
20180801,0,-40,180,2000,26923.3671875,225.099975585938,-11.2499923706055,-0.869299292564392
20180801,6,-40,180,2000,26904.23828125,224.600006103516,-13.5966796875,-1.57372558116913
20180801,12,-40,180,2000,26913.0625,224.5,-13.0099973678589,-1.04240238666534
20180801,18,-40,180,2000,26914.150390625,224.999969482422,-14.8994388580322,-1.78447759151459
20180802,0,-40,180,2000,26897.328125,224.399993896484,-13.2005958557129,-0.394907236099243
20180802,6,-40,180,2000,26877.02734375,224.199981689453,-15.0013256072998,-1.80990970134735
20180802,12,-40,180,2000,26890.595703125,223.899978637695,-13.709997177124,-0.817956566810608
20180802,18,-40,180,2000,26899.685546875,224.899993896484,-15.9099826812744,-1.4899023771286
20180803,0,-40,180,2000,26886.0625,224.699996948242,-12.6499996185303,0.214074701070786
20180803,6,-40,180,2000,26867.3515625,224.199996948242,-14.906608581543,-1.515380859375
20180803,12,-40,180,2000,26884.16015625,224.832122802734,-12.4099998474121,1.38986814022064
20180803,18,-40,180,2000,26889.994140625,225.100006103516,-13.9997367858887,-1.50043451786041
20180804,0,-40,180,2000,26879.759765625,225,-12.0100021362305,0.934755861759186
20180804,6,-40,180,2000,26859.453125,225.29997253418,-12.7999954223633,-1.84723389148712
20180804,12,-40,180,2000,26881.654296875,224.79997253418,-11.8098487854004,1.16364502906799
20180804,18,-40,180,2000,26886.7265625,225.800003051758,-11.5000047683716,-0.898671865463257
20180805,0,-40,180,2000,26865.51171875,224.800003051758,-11.4035472869873,-0.0125341797247529
20180805,6,-40,180,2000,26867.341796875,225.699996948242,-12.3072166442871,0.10994628816843
20180805,12,-40,180,2000,26886.740234375,225.100006103516,-9.45999240875244,2.40671133995056
20180805,18,-40,180,2000,26897.962890625,226.100006103516,-11.3042211532593,-1.11721312999725
20180806,0,-40,180,2000,26884.443359375,225.100006103516,-11.7102174758911,1.87043333053589
20180806,6,-40,180,2000,26884.953125,226.5,-11.1542282104492,1.2047997713089
20180806,12,-40,180,2000,26904.40234375,225.600006103516,-9.86021518707275,1.20693242549896
20180806,18,-40,180,2000,26908.630859375,226.699981689453,-11.5082321166992,0.0944653302431107
20180807,0,-40,180,2000,26888.6953125,225.899993896484,-11.1065864562988,1.7550402879715
20180807,6,-40,180,2000,26891.380859375,226.199996948242,-11.9031982421875,0.570628643035889
20180807,12,-40,180,2000,26901.255859375,225.79997253418,-11.158766746521,2.73721790313721
20180807,18,-40,180,2000,26917.3046875,226.5,-11.9069118499756,0.115759275853634
20180808,0,-40,180,2000,26902.546875,225.199981689453,-11.802734375,1.43861818313599
20180808,6,-40,180,2000,26891.109375,225.999969482422,-12.3095188140869,-0.138632819056511
20180808,12,-40,180,2000,26903.046875,225,-12.2099905014038,1.20156002044678
20180808,18,-40,180,2000,26912.181640625,225.399993896484,-12.7099924087524,-0.247934564948082
20180809,0,-40,180,2000,26901.8671875,224.550735473633,-12.709997177124,-0.202622070908546
20180809,6,-40,180,2000,26884.2578125,225.100006103516,-14.5013427734375,0.457897961139679
20180809,12,-40,180,2000,26908.080078125,224.79997253418,-11.8099784851074,2.15283942222595
20180809,18,-40,180,2000,26927.474609375,224.899993896484,-13.501672744751,-0.313847661018372
20180810,0,-40,180,2000,26916.767578125,224.599975585938,-13.5099906921387,0.849936544895172
20180810,6,-40,180,2000,26915.48046875,225.099975585938,-13.6099901199341,0.45751953125
20180810,12,-40,180,2000,26939.0078125,224.928619384766,-12.8099946975708,0.0443945303559303
20180810,18,-40,180,2000,26941.484375,225.5,-13.2099952697754,-0.355258792638779
20180811,0,-40,180,2000,26927.619140625,224.599365234375,-13.1099853515625,-1.19217526912689
20180811,6,-40,180,2000,26904.134765625,224.899978637695,-13.7099637985229,-0.813747584819794
20180811,12,-40,180,2000,26916.029296875,224.499969482422,-11.5099954605103,-0.415612787008286
20180811,18,-40,180,2000,26913.4375,225.100006103516,-12.4999828338623,-1.34618163108826
20180812,0,-40,180,2000,26896.765625,224.100006103516,-11.6999931335449,0.482404798269272
20180812,6,-40,180,2000,26874.01171875,224.199981689453,-11.6999950408936,-1.47411251068115
20180812,12,-40,180,2000,26883.474609375,223.800003051758,-10.5995168685913,0.789914548397064
20180812,18,-40,180,2000,26875.345703125,224.800003051758,-11.6017751693726,-1.89007806777954
20180813,0,-40,180,2000,26857.392578125,223.79997253418,-9.65999221801758,-0.222764894366264
20180813,6,-40,180,2000,26832.275390625,224.399978637695,-10.2099876403809,-1.56476926803589
20180813,12,-40,180,2000,26844.400390625,223.300003051758,-9.30976581573486,0.0343530289828777
20180813,18,-40,180,2000,26852.984375,224.899978637695,-11.2069358825684,-0.893195807933807
20180814,0,-40,180,2000,26845.29296875,224.199996948242,-9.50656700134277,1.21766841411591
20180814,6,-40,180,2000,26853.123046875,225.308074951172,-9.69998741149902,0.112014159560204
20180814,12,-40,180,2000,26874.349609375,224.300003051758,-8.0599946975708,1.02168214321136
20180814,18,-40,180,2000,26892.78515625,225.800003051758,-9.8100004196167,-0.369431138038635
20180815,0,-40,180,2000,26877.2734375,225.399993896484,-9.30994129180908,0.626564919948578
20180815,6,-40,180,2000,26869.158203125,226.399993896484,-9.10998821258545,0.459465324878693
20180815,12,-40,180,2000,26895.3671875,225.699981689453,-9.40999507904053,2.48691654205322
20180815,18,-40,180,2000,26910.357421875,226.899993896484,-9.0099925994873,-0.49951171875
20180816,0,-40,180,2000,26904.279296875,225.899993896484,-8.70998573303223,1.28148925304413
20180816,6,-40,180,2000,26883.220703125,226.300003051758,-9.91012668609619,-0.602158188819885
20180816,12,-40,180,2000,26899.91015625,225.199981689453,-7.70999526977539,1.94400882720947
20180816,18,-40,180,2000,26899.7578125,226.399993896484,-10.2499923706055,-2.60999274253845
20180817,0,-40,180,2000,26884.046875,224.699996948242,-10.8100004196167,0.633212864398956
20180817,6,-40,180,2000,26874.720703125,225.600006103516,-10.2099905014038,-0.10066894441843
20180817,12,-40,180,2000,26888.912109375,224.399993896484,-9.90416049957275,1.16801512241364
20180817,18,-40,180,2000,26883.720703125,225.100006103516,-11.9099922180176,-1.50428462028503
20180818,0,-40,180,2000,26864.009765625,223.79997253418,-12.5099925994873,1.3160400390625
20180818,6,-40,180,2000,26860.654296875,224.5205078125,-11.8035154342651,0.388361811637878
20180818,12,-40,180,2000,26875.90234375,223.399993896484,-10.8100004196167,0.708867192268372
20180818,18,-40,180,2000,26876.017578125,224.199996948242,-12.4074659347534,-1.70468997955322
20180819,0,-40,180,2000,26871.75,223.199996948242,-13.0076560974121,0.546098649501801
20180819,6,-40,180,2000,26849.8359375,223.699996948242,-12,-1.12296628952026
20180819,12,-40,180,2000,26867.76953125,223.29997253418,-10.1999979019165,-0.437578111886978
20180819,18,-40,180,2000,26865.009765625,223.699996948242,-13.0000028610229,-2.59724617004395
20180820,0,-40,180,2000,26848.310546875,223.199981689453,-11.6101932525635,0.100371092557907
20180820,6,-40,180,2000,26833.568359375,224.300003051758,-12.1995162963867,-0.589589834213257
20180820,12,-40,180,2000,26848.171875,223.29997253418,-8.60995578765869,0.619194328784943
20180820,18,-40,180,2000,26859.7734375,224.899978637695,-12.2599973678589,-0.787866234779358
20180821,0,-40,180,2000,26845.2890625,223.599975585938,-9.20302772521973,1.82992672920227
20180821,6,-40,180,2000,26845.33984375,224.999969482422,-9.99999237060547,-0.655690908432007
20180821,12,-40,180,2000,26858.251953125,224.199996948242,-8.30326652526855,1.8066064119339
20180821,18,-40,180,2000,26865.884765625,225.399993896484,-10.4042825698853,0.189206540584564
20180822,0,-40,180,2000,26849.712890625,224.300003051758,-7.60999011993408,1.54733395576477
20180822,6,-40,180,2000,26838.69921875,224.300003051758,-9.70222663879395,0.0397094711661339
20180822,12,-40,180,2000,26852.189453125,224.300003051758,-8.4058256149292,3.16644287109375
20180822,18,-40,180,2000,26870.775390625,225.300003051758,-7.94999742507935,0.553872048854828
20180823,0,-40,180,2000,26858.98046875,224,-7.90999031066895,0.726547837257385
20180823,6,-40,180,2000,26836.5703125,224.499969482422,-8.25535202026367,0.100063472986221
20180823,12,-40,180,2000,26848.822265625,223.999969482422,-7.1132640838623,1.29550290107727
20180823,18,-40,180,2000,26863.279296875,224.906982421875,-8.10659217834473,-1.0196533203125
20180824,0,-40,180,2000,26848.4765625,224.100006103516,-8.10230922698975,1.91607177257538
20180824,6,-40,180,2000,26841.669921875,224.79997253418,-7.80668926239014,0.258090823888779
20180824,12,-40,180,2000,26864.568359375,224.300003051758,-6.50998783111572,2.11357045173645
20180824,18,-40,180,2000,26864.744140625,224.399978637695,-7.50776386260986,-0.89970338344574
20180825,0,-40,180,2000,26851.919921875,224.300003051758,-8.70895767211914,1.44114017486572
20180825,6,-40,180,2000,26848.20703125,225.100006103516,-7.00998783111572,0.0974340811371803
20180825,12,-40,180,2000,26865.130859375,224.399993896484,-7.10999250411987,1.35259771347046
20180825,18,-40,180,2000,26860.251953125,225.100006103516,-6.90999507904053,-1.07659912109375
20180826,0,-40,180,2000,26839.599609375,223.899993896484,-8.44998741149902,-0.843234837055206
20180826,6,-40,180,2000,26830.8984375,224.800003051758,-8.501389503479,0.0591381825506687
20180826,12,-40,180,2000,26846.125,223.800003051758,-6.60999774932861,1.15959227085114
20180826,18,-40,180,2000,26845.732421875,223.993011474609,-7.90999746322632,-2.51801013946533
20180827,0,-40,180,2000,26819.244140625,222.899993896484,-10.2073945999146,-0.855573713779449
20180827,6,-40,180,2000,26802.185546875,224,-8.51000022888184,-0.711540520191193
20180827,12,-40,180,2000,26824.037109375,223.199981689453,-8.40999031066895,1.45449221134186
20180827,18,-40,180,2000,26828.36328125,223.699996948242,-8.70883750915527,-2.33261227607727
20180828,0,-40,180,2000,26809.197265625,222.800003051758,-10.159987449646,0.2544946372509
20180828,6,-40,180,2000,26790.77734375,223.600006103516,-8.80998516082764,-0.992443859577179
20180828,12,-40,180,2000,26813.6015625,222.600006103516,-8.5600004196167,1.61142826080322
20180828,18,-40,180,2000,26816.693359375,223.800003051758,-10.0100021362305,-2.06312012672424
20180829,0,-40,180,2000,26811.697265625,223.29997253418,-10.2077760696411,2.01005482673645
20180829,6,-40,180,2000,26804.5078125,224.199981689453,-7.40000486373901,0.213652342557907
20180829,12,-40,180,2000,26829.322265625,223,-7.36222410202026,1.99072265625
20180829,18,-40,180,2000,26834.3203125,224.899993896484,-9.24999713897705,0.317795395851135
20180830,0,-40,180,2000,26829.27734375,223.499969482422,-7.50999736785889,0.270010977983475
20180830,6,-40,180,2000,26810.748046875,224.199996948242,-8.90998554229736,-0.406926274299622
20180830,12,-40,180,2000,26842.42578125,223.499969482422,-7.50194072723389,1.04758298397064
20180830,18,-40,180,2000,26844.67578125,224.599975585938,-8.70677471160889,-0.579516589641571
20180831,0,-40,180,2000,26838.078125,223.399993896484,-8.20999050140381,-0.332712411880493
20180831,6,-40,180,2000,26819.3671875,224.099975585938,-7.6049952507019,-0.266849368810654
20180831,12,-40,180,2000,26838.92578125,223.699981689453,-7.70998287200928,0.55772340297699
20180831,18,-40,180,2000,26840.908203125,224.399993896484,-7.90999746322632,-2.31897950172424
20180901,0,-40,180,2000,26827.517578125,222.899993896484,-7.80683326721191,0.399052739143372
20180901,6,-40,180,2000,26802.130859375,223.300003051758,-7.41021728515625,-1.42601442337036
20180901,12,-40,180,2000,26823.494140625,222.399978637695,-8.30138683319092,0.609519064426422
20180901,18,-40,180,2000,26835.27734375,223.967864990234,-8.20460891723633,-0.0800488293170929
20180902,0,-40,180,2000,26823.607421875,222.399978637695,-7.20827865600586,-0.240202635526657
20180902,6,-40,180,2000,26810.107421875,223.599487304688,-7.702392578125,0.142114251852036
20180902,12,-40,180,2000,26818.064453125,222.599975585938,-6.6100025177002,-0.840258777141571
20180902,18,-40,180,2000,26823.8515625,223.600006103516,-7.20138168334961,-1.87253904342651
20180903,0,-40,180,2000,26795.373046875,222.499969482422,-6.95998525619507,-0.543603539466858
20180903,6,-40,180,2000,26774.1796875,223.79997253418,-6.49998760223389,-2.4525146484375
20180903,12,-40,180,2000,26774.767578125,222.199996948242,-5.60221195220947,0.0858935564756393
20180903,18,-40,180,2000,26772.056640625,223.699996948242,-6.10999774932861,-2.76580572128296
20180904,0,-40,180,2000,26757.509765625,222.300003051758,-6.15999031066895,0.511464834213257
20180904,6,-40,180,2000,26727.955078125,223.5,-4.59999752044678,-1.43017578125
20180904,12,-40,180,2000,26743.849609375,222.199981689453,-4.15674066543579,0.805427253246307
20180904,18,-40,180,2000,26747.216796875,223.199981689453,-5.20370626449585,-0.670173346996307
20180905,0,-40,180,2000,26742.533203125,222.699996948242,-3.90999507904053,0.459169924259186
20180905,6,-40,180,2000,26737.275390625,223.699996948242,-3.05333995819092,0.755214869976044
20180905,12,-40,180,2000,26744.533203125,221.800003051758,-1.6599999666214,1.42005610466003
20180905,18,-40,180,2000,26749.080078125,224.199996948242,-4.09999990463257,-0.806228041648865
20180906,0,-40,180,2000,26733.650390625,222.199981689453,-1.7099951505661,1.00011229515076
20180906,6,-40,180,2000,26707.794921875,223.600006103516,-3.25,-1.08141601085663
20180906,12,-40,180,2000,26737.6796875,222.5,-0.609995126724243,3.44189691543579
20180906,18,-40,180,2000,26731.154296875,224.06364440918,0.144101560115814,-2.27158212661743
20180907,0,-40,180,2000,26714.943359375,223.510009765625,-4.05999755859375,-0.290334463119507
20180907,6,-40,180,2000,26701.376953125,224.100006103516,0.595009744167328,1.50456547737122
20180907,12,-40,180,2000,26719.564453125,223.199996948242,-2.00999522209167,-1.02339351177216
20180907,18,-40,180,2000,26730.265625,224.699996948242,-2.40906977653503,0.0584765635430813
20180908,0,-40,180,2000,26725.15234375,223.79997253418,-1.30999517440796,0.932731926441193
20180908,6,-40,180,2000,26705.974609375,223.5,-1.90221440792084,-1.78876459598541
20180908,12,-40,180,2000,26729.080078125,223.5,-3.41000008583069,2.69341802597046
20180908,18,-40,180,2000,26738.259765625,224.399978637695,-1.36138916015625,-0.0998901352286339
20180909,0,-40,180,2000,26735.470703125,223.499969482422,-3.59999704360962,0.10009765625
20180909,6,-40,180,2000,26715.453125,223.899978637695,-2.9109833240509,0.700097680091858
20180909,12,-40,180,2000,26739.740234375,223.800003051758,-2.20000004768372,1.50009763240814
20180909,18,-40,180,2000,26751.75,224.5,-2.79999995231628,-0.900079369544983
20180910,0,-40,180,2000,26751.89453125,223.999969482422,-2.90000009536743,1.29992067813873
20180910,6,-40,180,2000,26736.42578125,224.099975585938,-1.89998471736908,0.500097632408142
20180910,12,-40,180,2000,26761.560546875,224.599975585938,-2.49999690055847,1.49224245548248
20180910,18,-40,180,2000,26768.154296875,224.300003051758,-1.29999995231628,-0.699932873249054
20180911,0,-40,180,2000,26762.26953125,224.199981689453,-2.63088369369507,1.16004633903503
20180911,6,-40,180,2000,26740.8984375,224.100006103516,-1.15999269485474,-0.370058596134186
20180911,12,-40,180,2000,26765.982421875,224.699981689453,-2.60999512672424,2.55399894714355
20180911,18,-40,180,2000,26771.2734375,224.300003051758,0.786706566810608,-0.9840087890625
20180912,0,-40,180,2000,26763.1796875,224.300003051758,-2.01000499725342,-0.369736313819885
20180912,6,-40,180,2000,26730.91796875,223.699996948242,1.38999998569489,-0.612543940544128
20180912,12,-40,180,2000,26744.2265625,223.800003051758,-0.610000014305115,-0.374721676111221
20180912,18,-40,180,2000,26720.482421875,222.999969482422,1.29497075080872,-2.63187003135681
20180913,0,-40,180,2000,26703.28515625,223.399993896484,0.108428955078125,-1.39989018440247
20180913,6,-40,180,2000,26652.73828125,222.099639892578,0.700003027915955,-2.08687734603882
20180913,12,-40,180,2000,26674.1328125,222.100006103516,1.99189448356628,1.26674807071686
20180913,18,-40,180,2000,26660.7421875,222.399993896484,1.5,-3.05933833122253
20180914,12,-40,180,2000,26633.859375,221.5,2.20000457763672,2.11143183708191
20180914,18,-40,180,2000,26644.953125,222.599975585938,2.522221326828,0.210546880960464
20180915,0,-40,180,2000,26639.328125,222,2.41500234603882,1.50007319450378
20180915,6,-40,180,2000,26625.677734375,222.199996948242,2.6000030040741,0.000128173822304234
20180915,12,-40,180,2000,26662.193359375,222.800003051758,1.80385744571686,4.01903676986694
20180915,18,-40,180,2000,26680.96484375,223.399978637695,3.69999694824219,0.399853527545929
20180916,0,-40,180,2000,26683.22265625,222.899978637695,1.79197514057159,1.49963867664337
20180916,12,-40,180,2000,26693.841796875,224,1.35000491142273,2.17737054824829
20180916,18,-40,180,2000,26708.990234375,223.599975585938,2.08659911155701,-0.799453139305115
20180917,0,-40,180,2000,26703.244140625,223.5,-0.80999755859375,1.57696044445038
20180917,6,-40,180,2000,26684.96484375,223.699996948242,1.0900000333786,-0.794438481330872
20180917,12,-40,180,2000,26705.662109375,224.199310302734,-0.80999755859375,1.15489506721497
20180917,18,-40,180,2000,26705.01171875,224.100006103516,0.384999990463257,-0.331770032644272
20180918,0,-40,180,2000,26682.220703125,223.199996948242,-1.20999264717102,-1.02628910541534
20180918,6,-40,180,2000,26672.658203125,224.100006103516,-1.51138186454773,-1.37861323356628
20180918,12,-40,180,2000,26697.0546875,223.79997253418,-0.159997552633286,2.48502445220947
20180918,18,-40,180,2000,26691.8125,223.800003051758,0.290004879236221,-2.54621577262878
20180919,0,-40,180,2000,26691.837890625,223.699981689453,-2.90999507904053,0.682607412338257
20180919,6,-40,180,2000,26671.693359375,223.499969482422,0.0900024399161339,-1.26887691020966
20180919,12,-40,180,2000,26705.0546875,223.600006103516,-0.30999755859375,2.44027829170227
20180919,18,-40,180,2000,26692.421875,223.699981689453,-0.306594252586365,-3.66381096839905
20180920,0,-40,180,2000,26691.3984375,223.399978637695,-1.40000247955322,1.3789941072464
20180920,6,-40,180,2000,26656.177734375,222.999969482422,0.190004885196686,-1.64923584461212
20180920,12,-40,180,2000,26679.681640625,223.699981689453,0.200002446770668,1.25603520870209
20180920,18,-40,180,2000,26680.2265625,222.699996948242,0.395893543958664,-3.08639883995056
20180921,0,-40,180,2000,26664.76953125,222.899993896484,-0.00999267585575581,0.657929658889771
20180921,6,-40,180,2000,26638.009765625,222.399993896484,-0.0600357055664063,-2.97243046760559
20180921,12,-40,180,2000,26659.955078125,222.300003051758,-0.29526823759079,2.10010385513306
20180921,18,-40,180,2000,26655.392578125,222.93635559082,0.699999988079071,-3.43983769416809
20180922,0,-40,180,2000,26655.404296875,221.600006103516,-1.5,1.32473146915436
20180922,6,-40,180,2000,26629.92578125,222.199996948242,0.268617242574692,-2.33327627182007
20180922,12,-40,180,2000,26665.455078125,221.710037231445,-1.20000004768372,1.79998779296875
20180922,18,-40,180,2000,26660.4609375,221.899993896484,1.60000002384186,-2.49995732307434
20180923,0,-40,180,2000,26651.927734375,221.399993896484,-2.09999394416809,0.627612292766571
20180923,6,-40,180,2000,26632.7265625,221.800003051758,1.30000150203705,-1.55498659610748
20180923,12,-40,180,2000,26654.185546875,220.899993896484,1.59999692440033,0.900006115436554
20180923,18,-40,180,2000,26648.669921875,221.29997253418,-0.600000023841858,-2.08107900619507
20180924,0,-40,180,2000,26640.099609375,220.600006103516,1.50000309944153,0.718939185142517
20180924,6,-40,180,2000,26618.9140625,221.199996948242,0.251123040914536,-2.69244384765625
20180924,12,-40,180,2000,26635.369140625,220.600006103516,1.29999995231628,2.68118906021118
20180924,18,-40,180,2000,26630.4140625,221.699996948242,3.29999685287476,-2.56614995002747
20180925,0,-40,180,2000,26615.994140625,220.100006103516,0.800003051757813,-0.699981689453125
20180925,6,-40,180,2000,26585.9609375,221.100006103516,1.70002591609955,-2.19996953010559
20180925,12,-40,180,2000,26608.5,220.699996948242,1.95326542854309,0.700085461139679
20180925,18,-40,180,2000,26597.767578125,220.79997253418,2.91001224517822,-3.92785167694092
20180926,0,-40,180,2000,26592.482421875,220.199996948242,-0.898044407367706,-1.81312012672424
20180926,6,-40,180,2000,26556.6953125,220.399978637695,1.10000002384186,-2.02744150161743
20180926,12,-40,180,2000,26587.830078125,220.300003051758,0.80999755859375,-1.08226561546326
20180926,18,-40,180,2000,26572.734375,220.300003051758,-0.199992671608925,-3.39879631996155
20180927,0,-40,180,2000,26575.6640625,220.699996948242,0.00207031238824129,-0.788303196430206
20180927,6,-40,180,2000,26533.994140625,220.191619873047,1.30000483989716,-3.19280529022217
20180927,12,-40,180,2000,26562.474609375,220.600006103516,1.20000493526459,2.08713626861572
20180927,18,-40,180,2000,26561.677734375,221.5,3.40000009536743,-3.13222646713257
20180928,0,-40,180,2000,26554.712890625,220.5,2.29878163337708,1.20007085800171
20180928,6,-40,180,2000,26532.740234375,221.899978637695,3.60000252723694,-1.05866456031799
20180928,12,-40,180,2000,26564.91015625,221.600006103516,5.74222421646118,3.56198000907898
20180928,18,-40,180,2000,26557.564453125,221.899993896484,5.40139389038086,-0.0212353523820639
20180929,0,-40,180,2000,26553.267578125,221,3.94374752044678,2.2672803401947
20180929,6,-40,180,2000,26540.341796875,222.29997253418,6.4100022315979,2.12460207939148
20180929,12,-40,180,2000,26568.080078125,222.300003051758,6.5,3.7483594417572
20180929,18,-40,180,2000,26576.568359375,221.79997253418,7.80999994277954,1.78579592704773
20180930,0,-40,180,2000,26571.185546875,221.899993896484,6.94367694854736,3.96583986282349
20180930,6,-40,180,2000,26558.091796875,222.099975585938,6.802490234375,2.40510749816895
20180930,12,-40,180,2000,26586.40234375,222.699996948242,9.69999980926514,4.58184099197388
20180930,18,-40,180,2000,26600.880859375,222.499969482422,9.55000019073486,0.590351581573486
20181001,0,-40,180,2000,26584.5546875,221.600006103516,8.03999996185303,2.89994621276855
20181001,6,-40,180,2000,26551.439453125,222.5,7.23999977111816,1.20602536201477
20181001,12,-40,180,2000,26577.392578125,222.300003051758,9.45000267028809,3.55284190177917
20181001,18,-40,180,2000,26579.51953125,222.199996948242,9.00000286102295,2.26558828353882
20181002,0,-40,180,2000,26563.994140625,221.600006103516,7.15000247955322,2.25830078125
20181002,6,-40,180,2000,26536.41796875,221.899993896484,7.80000972747803,4.30221700668335
20181002,12,-40,180,2000,26566.193359375,221.79997253418,9.64000225067139,5.32740211486816
20181002,18,-40,180,2000,26569.931640625,221.511627197266,8.39000511169434,2.98316645622253
20181003,0,-40,180,2000,26559.0703125,221.5,8.79000282287598,5.18439435958862
20181003,6,-40,180,2000,26547.11328125,221.636032104492,8.64000225067139,2.98065423965454
20181003,12,-40,180,2000,26572.814453125,221.100006103516,9.59000015258789,5.8352952003479
20181003,18,-40,180,2000,26573.77734375,221.423049926758,9.1899995803833,0.849956035614014
20181004,0,-40,180,2000,26560.61328125,221,7.39000225067139,3.97743654251099
20181004,6,-40,180,2000,26538.65234375,221.197235107422,7.98001718521118,1.67815673351288
20181004,12,-40,180,2000,26564.73046875,220.800003051758,9.68474578857422,2.30066156387329
20181004,18,-40,180,2000,26556.693359375,220.5,7.49000263214111,0.269597172737122
20181005,0,-40,180,2000,26543.099609375,220.184814453125,8.58999729156494,2.9496898651123
20181005,6,-40,180,2000,26516.89453125,219.899978637695,7.99000978469849,-1.54577398300171
20181005,12,-40,180,2000,26542.716796875,219.899993896484,8.09000778198242,2.14231443405151
20181005,18,-40,180,2000,26536.681640625,219.800003051758,8.1899995803833,-0.779733896255493
20181006,0,-40,180,2000,26534.390625,218.899978637695,7.89751720428467,-0.546955585479736
20181006,6,-40,180,2000,26506.98828125,218.988922119141,6.6897144317627,-2.17307615280151
20181006,12,-40,180,2000,26529.658203125,218.313522338867,7.00000715255737,0.919467747211456
20181006,18,-40,180,2000,26522.283203125,217.899993896484,7.1399998664856,-2.54806637763977
20181007,0,-40,180,2000,26519.072265625,217.699996948242,5.05000019073486,-0.501142561435699
20181007,6,-40,180,2000,26490.033203125,217.800003051758,4.50000476837158,-2.20995116233826
20181007,12,-40,180,2000,26516.10546875,217.399993896484,6.05000257492065,2.09425282478333
20181007,18,-40,180,2000,26511.15234375,218.199996948242,4.80999994277954,-2.4967725276947
20181008,0,-40,180,2000,26505.255859375,217.600006103516,3.10000491142273,2.11239266395569
20181008,6,-40,180,2000,26466.759765625,217.600006103516,5.79999732971191,-0.2757568359375
20181008,12,-40,180,2000,26511.283203125,218.399993896484,1.56000244617462,2.38272953033447
20181008,18,-40,180,2000,26514.306640625,217.646682739258,6.34000015258789,2.79562997817993
20181009,0,-40,180,2000,26511.4140625,218.304565429688,3.99751210212708,0.640200197696686
20181009,6,-40,180,2000,26490.57421875,217.800003051758,3.79999995231628,1.97716307640076
20181009,12,-40,180,2000,26532.205078125,219.100006103516,4.3899998664856,4.18281269073486
20181009,18,-40,180,2000,26529.501953125,218.100006103516,5.29000234603882,-0.410991221666336
20181010,0,-40,180,2000,26527.314453125,218.29997253418,2.69000244140625,2.03844738006592
20181010,6,-40,180,2000,26506.296875,218.199981689453,3.49000239372253,0.0531250014901161
20181010,12,-40,180,2000,26536.884765625,219,2.09000253677368,3.99259281158447
20181010,18,-40,180,2000,26541.017578125,218.300003051758,3.89000010490417,-1.56854486465454
20181011,0,-40,180,2000,26544.95703125,218.199996948242,-0.409990221261978,1.10205316543579
20181011,6,-40,180,2000,26520.3984375,218.100006103516,1.78999996185303,-0.874428689479828
20181011,12,-40,180,2000,26551.056640625,218.399993896484,0.389997571706772,0.111774899065495
20181011,18,-40,180,2000,26551.86328125,217.499969482422,0.990000009536743,-3.42967772483826
20181012,0,-40,180,2000,26547.42578125,216.899978637695,-3.00999522209167,-3.2245409488678
20181012,6,-40,180,2000,26532.251953125,216.599975585938,-1.99999511241913,-4.33477544784546
20181012,12,-40,180,2000,26557.630859375,216.300003051758,-4.302490234375,-2.43258786201477
20181012,18,-40,180,2000,26546.154296875,215.300003051758,-4.34999513626099,-7.77042484283447
20181013,0,-40,180,2000,26544.876953125,215.599975585938,-7.59999513626099,-2.72377443313599
20181013,6,-40,180,2000,26505.650390625,214.79997253418,-5.41008567810059,-7.09893083572388
20181013,12,-40,180,2000,26528.560546875,216.5,-10.1023979187012,-1.76147949695587
20181013,18,-40,180,2000,26519.982421875,215.600006103516,-5.1100001335144,-5.31720685958862
20181014,0,-40,180,2000,26503.8671875,216.499969482422,-9.00000286102295,-5.37612771987915
20181014,6,-40,180,2000,26472.876953125,216.099975585938,-7.45324230194092,-3.07998538017273
20181014,12,-40,180,2000,26477.134765625,216.399993896484,-6.29999732971191,-3.20477533340454
20181014,18,-40,180,2000,26471.52734375,216.699996948242,-8.0500020980835,-4.4759373664856
20181015,0,-40,180,2000,26461.66015625,216.399993896484,-7.04999494552612,-2.57001709938049
20181015,6,-40,180,2000,26429.60546875,216.792526245117,-6.65335702896118,-4.61590814590454
20181015,12,-40,180,2000,26453.71484375,216.999969482422,-7.75,-2.09598875045776
20181015,18,-40,180,2000,26444.892578125,217.100006103516,-5.49999761581421,-4.13251972198486
20181016,0,-40,180,2000,26440.990234375,217.100006103516,-7.19999980926514,-3.638671875
20181016,6,-40,180,2000,26411.939453125,217.300003051758,-6.49999284744263,-4.54103994369507
20181016,12,-40,180,2000,26429.822265625,217.600006103516,-5.80000019073486,-2.07613515853882
20181016,18,-40,180,2000,26424.35546875,217.600006103516,-4.70000505447388,-5.15665054321289
20181017,0,-40,180,2000,26409.234375,217.399978637695,-6.34999990463257,-3.99667477607727
20181017,6,-40,180,2000,26377.318359375,218.199981689453,-5.94999980926514,-3.89758539199829
20181017,12,-40,180,2000,26389.267578125,218.600006103516,-4.78999519348145,-1.99867916107178
20181017,18,-40,180,2000,26384.341796875,218.800003051758,-4.34998512268066,-3.94572997093201
20181018,0,-40,180,2000,26378.123046875,219.100006103516,-5.28999996185303,-1.13208985328674
20181018,6,-40,180,2000,26344.349609375,218.699996948242,-3.94999504089355,-4.02594232559204
20181018,12,-40,180,2000,26365.837890625,219.199996948242,-5.74999523162842,-0.368027329444885
20181018,18,-40,180,2000,26358.04296875,219,-2.49000000953674,-1.86890137195587
20181019,0,-40,180,2000,26369.6171875,218.300003051758,-4.59000015258789,-1.69728028774261
20181019,6,-40,180,2000,26346.59765625,218.099975585938,-3.75,-3.05643057823181
20181019,18,-40,180,2000,26391.068359375,217.79997253418,-0.949999988079071,-3.90765619277954
20181020,0,-40,180,2000,26386.77734375,217.79997253418,-4.79925537109375,-2.28799319267273
20181020,6,-40,180,2000,26371.787109375,217.172653198242,-2.04999256134033,-2.22993159294128
20181020,12,-40,180,2000,26402.255859375,216.999969482422,-2.49526619911194,-3.70380854606628
20181020,18,-40,180,2000,26393.67578125,216.399978637695,-1.84999752044678,-3.50778818130493
20181021,0,-40,180,2000,26378.44921875,216.100006103516,-1.19998288154602,-4.10518550872803
20181021,6,-40,180,2000,26354.685546875,215.300003051758,-1.85000002384186,-5.02845191955566
20181021,12,-40,180,2000,26366.02734375,215.399978637695,-1.23999750614166,-2.47689938545227
20181021,18,-40,180,2000,26366.392578125,215.800003051758,0.0500048846006393,-4.0011305809021
20181022,0,-40,180,2000,26354.22265625,215.300003051758,-0.889990210533142,-2.72791504859924
20181022,6,-40,180,2000,26321.900390625,214.600006103516,-2.29443359375,-4.1846752166748
20181022,12,-40,180,2000,26341.60546875,215.800003051758,-1.78999757766724,-0.0503930673003197
20181022,18,-40,180,2000,26342.2109375,215.399978637695,0.0600048825144768,-2.81074452400208
20181023,0,-40,180,2000,26342.169921875,215.199951171875,-2.04999995231628,-1.40024900436401
20181023,6,-40,180,2000,26319.599609375,214.899993896484,-1.5319482088089,-2.36995124816895
20181023,12,-40,180,2000,26345.703125,215.79997253418,0.361652821302414,2.33916759490967
20181023,18,-40,180,2000,26348.2734375,215.5,1.86165034770966,-2.36995124816895
20181024,0,-40,180,2000,26342.4140625,215.5,0.160002440214157,-0.536513686180115
20181024,6,-40,180,2000,26317.76171875,215.499969482422,0.960007309913635,-2.79973888397217
20181024,12,-40,180,2000,26339.53515625,216.600006103516,1.05999755859375,0.245148926973343
20181024,18,-40,180,2000,26319.650390625,215.800003051758,2.0600049495697,-3.27786135673523
20181025,0,-40,180,2000,26309.955078125,216.199996948242,-0.834726572036743,-1.66602289676666
20181025,6,-40,180,2000,26282.755859375,216.199996948242,0.520004868507385,-3.37662363052368
20181025,12,-40,180,2000,26308.5859375,217.599975585938,-0.634731471538544,-1.03815913200378
20181025,18,-40,180,2000,26297.38671875,216.800003051758,1.41473150253296,-3.45599126815796
20181026,0,-40,180,2000,26291.19921875,217.399993896484,-1.54999506473541,-3.19401860237122
20181026,6,-40,180,2000,26273.431640625,217.499969482422,-0.689999997615814,-3.13658213615417
20181026,12,-40,180,2000,26310.98046875,218.499969482422,0.409997552633286,-0.314052730798721
20181026,18,-40,180,2000,26312.51953125,218.300003051758,2.41000723838806,-3.83351564407349
20181027,0,-40,180,2000,26319.30078125,218.699996948242,0.200830072164536,-3.81861805915833
20181027,6,-40,180,2000,26293.7890625,219.399978637695,1.5400048494339,-2.99038076400757
20181027,12,-40,180,2000,26328.1328125,219.699996948242,3.39999508857727,-2.83959484100342
20181027,18,-40,180,2000,26322.056640625,219.699996948242,1.84999752044678,-4.41788339614868
20181028,0,-40,180,2000,26325.912109375,219.5,2.01000237464905,-2.29651355743408
20181028,6,-40,180,2000,26300.2265625,219.600006103516,-0.3899926841259,-4.43261480331421
20181028,12,-40,180,2000,26342.224609375,220.100006103516,0.05999755859375,0.834108889102936
20181028,18,-40,180,2000,26339.703125,219.599975585938,3.01000237464905,-2.29848384857178
20181029,0,-40,180,2000,26336.677734375,219.79997253418,0.610007345676422,-2.73720216751099
20181029,6,-40,180,2000,26319.689453125,220,-0.289985358715057,0.471301257610321
20181029,12,-40,180,2000,26341.787109375,219.600006103516,2.00059819221497,1.46404302120209
20181029,18,-40,180,2000,26344.267578125,220.100006103516,2.41000008583069,0.516979992389679
20181030,0,-40,180,2000,26348.7109375,218.899993896484,1.29489016532898,2.5533275604248
20181030,6,-40,180,2000,26324.86328125,219,2.03317022323608,2.29467034339905
20181030,12,-40,180,2000,26359.7421875,219.600006103516,2.94379878044128,3.10801768302917
20181030,18,-40,180,2000,26357.140625,218.600006103516,4.08050298690796,3.90443348884583
20181031,0,-40,180,2000,26361.52734375,218.699981689453,5.51934337615967,2.39977550506592
20181031,6,-40,180,2000,26330.318359375,217.899993896484,3.12466788291931,1.92513430118561
20181031,12,-40,180,2000,26355,218.099975585938,6.08955097198486,5.36442852020264
20181031,18,-40,180,2000,26358.619140625,217.29997253418,8.26000022888184,1.95686030387878
20181101,0,-40,180,2000,26360.33203125,216.699996948242,5.40000247955322,2.49083018302917
20181101,6,-40,180,2000,26331.306640625,216.199981689453,8.00000286102295,4.84738779067993
20181101,12,-40,180,2000,26359.609375,216.100006103516,9.50000286102295,2.20006108283997
20181101,18,-40,180,2000,26366.150390625,216.199996948242,6.79999828338623,0.50006103515625
20181102,0,-40,180,2000,26363.662109375,215.499969482422,8.39999675750732,3.39005732536316
20181102,6,-40,180,2000,26344.947265625,214.79997253418,9.60000133514404,0.300079345703125
20181102,12,-40,180,2000,26361.091796875,214.5,4.94887828826904,-0.199902340769768
20181102,18,-40,180,2000,26350.79296875,214.199996948242,6.89000511169434,0.980053722858429
20181103,0,-40,180,2000,26354.462890625,214,6.5965404510498,-0.360214829444885
20181103,6,-40,180,2000,26311.171875,213.399978637695,6.5816822052002,-1.01442873477936
20181103,12,-40,180,2000,26324.015625,213.399993896484,5.73334980010986,1.05588865280151
20181103,18,-40,180,2000,26308.73828125,213.5,7.42666006088257,-0.127626955509186
20181104,0,-40,180,2000,26299.626953125,213.100006103516,7.110999584198,0.698037087917328
20181104,6,-40,180,2000,26265.072265625,212.800003051758,6.40000247955322,-0.742412090301514
20181104,12,-40,180,2000,26288.2734375,213.5,5.30473613739014,2.65513682365417
20181104,18,-40,180,2000,26278.091796875,213.300003051758,6.30000162124634,0.300067126750946
20181105,0,-40,180,2000,26278.171875,212.899993896484,3.99478006362915,-0.599951148033142
20181105,6,-40,180,2000,26244.572265625,213.199996948242,2.28749704360962,-0.29998779296875
20181105,12,-40,180,2000,26275.8515625,214.300003051758,1.48843383789063,1.80002439022064
20181105,18,-40,180,2000,26256.302734375,213.899993896484,1.9068877696991,-0.699951171875
20181106,0,-40,180,2000,26254.517578125,214.199996948242,-1.02704167366028,1.67087399959564
20181106,6,-40,180,2000,26238.091796875,214.300003051758,1.49226069450378,2.10006093978882
20181106,12,-40,180,2000,26262.439453125,214.600006103516,0.0558715835213661,3.70005488395691
20181106,18,-40,180,2000,26257.927734375,214.460601806641,1.9487030506134,3.30005502700806
20181107,0,-40,180,2000,26265.544921875,214.999969482422,2.68178701400757,4.32199382781982
20181107,6,-40,180,2000,26232.869140625,214.399993896484,1.88828122615814,2.80005788803101
20181107,12,-40,180,2000,26256.435546875,214.899993896484,2.31921696662903,5.50003051757813
20181107,18,-40,180,2000,26248.67578125,214.999969482422,4.45222187042236,3.40001821517944
20181108,0,-40,180,2000,26262.078125,214.699996948242,3.64901733398438,2.80004572868347
20181108,6,-40,180,2000,26232.47265625,214.600006103516,4.36502075195313,2.80003046989441
20181108,12,-40,180,2000,26257.22265625,215.800003051758,4.54211711883545,2.00002431869507
20181108,18,-40,180,2000,26240.88671875,214.5,4.86983966827393,1.80001831054688
20181109,0,-40,180,2000,26247.6328125,215.29997253418,6.84931325912476,0.100012205541134
20181109,6,-40,180,2000,26215.3671875,214.899993896484,4.28433847427368,-1.99998784065247
20181109,12,-40,180,2000,26236.01171875,215.300003051758,4.81050729751587,1.60001826286316
20181109,18,-40,180,2000,26233.96484375,215.699996948242,7.02545166015625,-1.40001225471497
20181110,0,-40,180,2000,26230.41796875,215.399993896484,3.52381587028503,-0.953228771686554
20181110,6,-40,180,2000,26196.5546875,215.5,5.88673114776611,2.44140628637979e-05
20181110,12,-40,180,2000,26226.2421875,216.192535400391,3.80273127555847,0.800024390220642
20181110,18,-40,180,2000,26224.955078125,216.100006103516,6.05455017089844,1.51726686954498
20181111,0,-40,180,2000,26238.42578125,216.5,7.010009765625,0.700061023235321
20181111,6,-40,180,2000,26218.6953125,216.699996948242,5.7999906539917,-1.19996333122253
20181111,12,-40,180,2000,26258.015625,217.599975585938,5.40000295639038,2.60009145736694
20181111,18,-40,180,2000,26256.66796875,217.499969482422,9.03000164031982,-9.1552734375e-05
20181112,0,-40,180,2000,26266.82421875,217.600006103516,7.61941814422607,-0.499987781047821
20181112,6,-40,180,2000,26253.095703125,217.300003051758,7.56208801269531,-1.60236203670502
20181112,12,-40,180,2000,26285.2265625,218.531692504883,7.26999998092651,-0.00113525392953306
20181112,18,-40,180,2000,26283.2890625,217.699996948242,6.39583253860474,-3.2568187713623
20181113,0,-40,180,2000,26286.4296875,216.699981689453,5.78854990005493,-1.65489506721497
20181113,6,-40,180,2000,26252.314453125,215.600006103516,7.33431720733643,-3.6000030040741
20181113,12,-40,180,2000,26275.73046875,214.999969482422,6.92337417602539,-0.019995117560029
20181113,18,-40,180,2000,26262.1875,213.699996948242,11.2330293655396,-2.14000010490417
20181114,0,-40,180,2000,26251.615234375,212.699981689453,11.5863428115845,-3.22932624816895
20181114,6,-40,180,2000,26218.5546875,212.600006103516,8.64779281616211,-7.15532207489014
20181114,12,-40,180,2000,26224.220703125,212.399978637695,4.84853982925415,-6.10842752456665
20181114,18,-40,180,2000,26222.470703125,211.800003051758,4.90022945404053,-8.79001426696777
20181115,0,-40,180,2000,26226.529296875,210.899978637695,4.3289966583252,-7.09100341796875
20181115,6,-40,180,2000,26204.5234375,210.199981689453,2.55160403251648,-8.14998054504395
20181115,12,-40,180,2000,26225.953125,211.5,1.14978516101837,-4.80999994277954
20181115,18,-40,180,2000,26223.5703125,211.5,0.0101513676345348,-5.010009765625
20181116,0,-40,180,2000,26239.3515625,211.899993896484,-1.60074162483215,-6.20005178451538
20181116,6,-40,180,2000,26222.13671875,212.499954223633,-4.5908055305481,-4.95569801330566
20181116,12,-40,180,2000,26243.72265625,212.899993896484,-4.48318862915039,-2.21000003814697
20181116,18,-40,180,2000,26241.966796875,213.499969482422,-3.53189945220947,-3.28076648712158
20181117,0,-40,180,2000,26244.845703125,213.79997253418,-5.46139144897461,-2.59999990463257
20181117,6,-40,180,2000,26228.67578125,213.600006103516,-3.59395027160645,-2.11143064498901
20181117,12,-40,180,2000,26254.482421875,214.699996948242,-5.60492658615112,-0.215703129768372
20181117,18,-40,180,2000,26256.865234375,214.79997253418,-1.64000737667084,-1.94786381721497
20181118,0,-40,180,2000,26260.91796875,214.306976318359,-3.79929685592651,-2.19001460075378
20181118,6,-40,180,2000,26226.552734375,214.600006103516,-4.19648933410645,-2.52239990234375
20181118,12,-40,180,2000,26255.28515625,214.970413208008,-2.79002451896667,-1.82672357559204
20181118,18,-40,180,2000,26245.16015625,215.100006103516,-3.0394458770752,-2.93582034111023
20181119,0,-40,180,2000,26240.658203125,214.800003051758,-1.40766108036041,-3.09785151481628
20181119,6,-40,180,2000,26216.744140625,215.100006103516,-3.9970703125,-3.4756395816803
20181119,12,-40,180,2000,26239.8671875,215.300003051758,-1.58458745479584,-0.369443356990814
20181119,18,-40,180,2000,26230.7421875,215.699996948242,-0.415683597326279,-2.68998289108276
20181120,0,-40,180,2000,26233.91015625,215.100006103516,-0.715278327465057,-2.5494921207428
20181120,6,-40,180,2000,26216.529296875,215.199996948242,-0.841848134994507,-2.81957268714905
20181120,12,-40,180,2000,26247.158203125,215.699996948242,0.283095717430115,-1.74198973178864
20181120,18,-40,180,2000,26235.716796875,215.399993896484,0.699982881546021,-3.61356449127197
20181121,0,-40,180,2000,26243.01171875,215.100006103516,-0.663820803165436,-3.36782956123352
20181121,6,-40,180,2000,26214.220703125,214.714691162109,-1.37347650527954,-4.47138690948486
20181121,12,-40,180,2000,26245.392578125,215.199981689453,-3.46499752998352,-3.71197748184204
20181121,18,-40,180,2000,26239.7734375,214.800003051758,-1.96220946311951,-4.97738790512085
20181122,0,-40,180,2000,26242.07421875,214.800003051758,-3.62739491462708,-5.75746583938599
20181122,6,-40,180,2000,26218.35546875,213.79997253418,-4.0976390838623,-6.17877435684204
20181122,12,-40,180,2000,26238.4140625,214.100006103516,-5.0912184715271,-4.88856935501099
20181122,18,-40,180,2000,26226.755859375,214.199981689453,-3.68649411201477,-5.72336673736572
20181123,0,-40,180,2000,26233.01953125,213.399993896484,-5.10400629043579,-4.78199195861816
20181123,6,-40,180,2000,26200.294921875,213.79997253418,-7.21601295471191,-5.69977521896362
20181123,12,-40,180,2000,26235.04296875,214.300003051758,-8.74399948120117,-2.21065425872803
20181123,18,-40,180,2000,26220.625,214.199996948242,-7.46000480651855,-4.05864763259888
20181124,0,-40,180,2000,26231.73046875,214.300003051758,-11.3639869689941,-2.35054206848145
20181124,6,-40,180,2000,26206.3984375,214.329147338867,-10.6034202575684,-0.929702162742615
20181124,12,-40,180,2000,26244.689453125,215.329147338867,-11.1233615875244,1.37070310115814
20181124,18,-40,180,2000,26236.078125,215.199996948242,-9.96774196624756,1.33000493049622
20181125,0,-40,180,2000,26238.392578125,215.100006103516,-9.11127471923828,2.97518062591553
20181125,6,-40,180,2000,26216.466796875,215,-8.48255348205566,3.04221200942993
20181125,12,-40,180,2000,26244.04296875,215.300003051758,-7.32872295379639,5.33001470565796
20181125,18,-40,180,2000,26214.814453125,214.699981689453,-4.14392566680908,4.97382545471191
20181126,0,-40,180,2000,26219.34765625,214.999969482422,-3.26778554916382,4.84332752227783
20181126,6,-40,180,2000,26174.40234375,214.599975585938,-1.88311278820038,4.31001949310303
20181126,12,-40,180,2000,26182.537109375,215,0.753815889358521,7.25999021530151
20181126,18,-40,180,2000,26183.337890625,214.899978637695,3.7892017364502,4.36580562591553
20181127,0,-40,180,2000,26183.439453125,214.399993896484,3.33374261856079,5.96907711029053
20181127,6,-40,180,2000,26159.537109375,214.300003051758,6.02001714706421,3.95128417015076
20181127,12,-40,180,2000,26194.822265625,214.29997253418,5.81856679916382,6.11899900436401
20181127,18,-40,180,2000,26188.39453125,214.100006103516,8.07286834716797,4.29102039337158
20181128,0,-40,180,2000,26205.0234375,213.899993896484,8.140700340271,3.86234855651855
20181128,6,-40,180,2000,26191.046875,213.399993896484,8.56051921844482,2.60000610351563
20181128,12,-40,180,2000,26215.443359375,213.499969482422,8.44159889221191,3.6000030040741
20181128,18,-40,180,2000,26217.8203125,213.899993896484,9.958984375,2.17085576057434
20181129,0,-40,180,2000,26227.484375,213.600006103516,10.0343685150146,1.89999389648438
20181129,6,-40,180,2000,26201.51953125,213.899993896484,9.24656963348389,-1.5
20181129,12,-40,180,2000,26228.509765625,215,8.77998065948486,0.200006097555161
20181129,18,-40,180,2000,26227,214.899978637695,10.2987365722656,-2.90001225471497
20181130,0,-40,180,2000,26249.193359375,215.199996948242,10.5279293060303,-3.90000605583191
20181130,6,-40,180,2000,26226.38671875,215.5,10.6987972259521,-7.50001239776611
20181130,12,-40,180,2000,26267.455078125,217.800003051758,9.36467933654785,-8.30001258850098
20181130,18,-40,180,2000,26285.02734375,217.699981689453,7.60336017608643,-9.87808799743652
20181201,0,-40,180,2000,26301.65234375,217.600006103516,7.30223369598389,-4.30001211166382
20181201,6,-40,180,2000,26290.232421875,218.5,7.9188232421875,-5.20000600814819
20181201,12,-40,180,2000,26324.72265625,219.100006103516,6.87117290496826,0.699999988079071
20181201,18,-40,180,2000,26309.41015625,218.5,10.3940000534058,1.99999392032623
20181202,0,-40,180,2000,26306.078125,219,10.8108882904053,2.42914724349976
20181202,6,-40,180,2000,26279.94921875,219.5,12.0238771438599,4.65781259536743
20181202,12,-40,180,2000,26280.125,219.811676025391,14.9333076477051,7.49245595932007
20181202,18,-40,180,2000,26250.98828125,218.800003051758,16.4230899810791,7.74000978469849
20181203,0,-40,180,2000,26231.54296875,218.699996948242,17.775671005249,9.51998996734619
20181203,6,-40,180,2000,26182.712890625,218.600006103516,20.6824722290039,8.40000534057617
20181203,12,-40,180,2000,26180.251953125,217.600006103516,19.3544578552246,10.4431104660034
20181203,18,-40,180,2000,26148.064453125,216.600006103516,22.7101268768311,9.31607913970947
20181204,0,-40,180,2000,26148.443359375,216.600006103516,24.5785846710205,7.97833013534546
20181204,6,-40,180,2000,26112.845703125,215.5,25.7221584320068,4.92365217208862
20181204,12,-40,180,2000,26124.1953125,214.800003051758,23.5356006622314,7.02595949172974
20181204,18,-40,180,2000,26112.634765625,214.600006103516,26.3494853973389,5.97833967208862
20181205,0,-40,180,2000,26130.857421875,214.600006103516,28.9485282897949,5.80349588394165
20181205,6,-40,180,2000,26104.580078125,213.899993896484,27.9943790435791,1.74939572811127
20181205,12,-40,180,2000,26126.474609375,213.399978637695,24.724271774292,2.00003671646118
20181205,18,-40,180,2000,26110.375,213.699996948242,24.9695949554443,0.800030529499054
20181206,0,-40,180,2000,26126.875,212.100006103516,22.3395481109619,-1.49996948242188
20181206,6,-40,180,2000,26095.720703125,212.100006103516,18.5464305877686,-4.58995342254639
20181206,12,-40,180,2000,26121.365234375,211.804412841797,14.2076740264893,-3.54356694221497
20181206,18,-40,180,2000,26100.240234375,211.595550537109,14.1356258392334,-5.29997539520264
20181207,0,-40,180,2000,26106.92578125,211.099975585938,11.7351894378662,-3.89998173713684
20181207,6,-40,180,2000,26064.71484375,209.600006103516,10.699200630188,-6.34194326400757
20181207,12,-40,180,2000,26085.251953125,210.399993896484,7.57453918457031,-3.79999399185181
20181207,18,-40,180,2000,26058.125,209.199996948242,9.44480895996094,-3.15639042854309
20181208,0,-40,180,2000,26060.88671875,209.399978637695,10.0740413665771,-5.49998760223389
20181208,6,-40,180,2000,26025.533203125,208.699996948242,6.18821096420288,-5.19998168945313
20181208,12,-40,180,2000,26048.41796875,209.300003051758,6.25068378448486,-2.04359745979309
20181208,18,-40,180,2000,26035.234375,209.600006103516,6.55404186248779,-4.09999990463257
20181209,0,-40,180,2000,26058.064453125,209.199996948242,5.33734130859375,-3.59998774528503
20181209,6,-40,180,2000,26036.740234375,209.800003051758,4.15980386734009,-4.59999370574951
20181209,12,-40,180,2000,26074.7734375,210.699996948242,2.06827545166016,-2.80000615119934
20181209,18,-40,180,2000,26079.197265625,211.600006103516,2.65522313117981,-3.49998784065247
20181210,0,-40,180,2000,26112.658203125,212.399993896484,0.686082482337952,-3.59989023208618
20181210,6,-40,180,2000,26093.41015625,212.699981689453,-0.954830944538116,-3.40000605583191
20181210,12,-40,180,2000,26130.455078125,214,-2.57445669174194,-2.79999995231628
20181210,18,-40,180,2000,26123.318359375,214.600006103516,-1.86847233772278,-0.100006103515625
20181211,0,-40,180,2000,26138.564453125,214.099975585938,-1.78161466121674,-0.70001220703125
20181211,6,-40,180,2000,26113.19921875,214.499969482422,-2.67539978027344,-0.600006103515625
20181211,12,-40,180,2000,26149.953125,214.800003051758,-2.507568359375,3.19999384880066
20181211,18,-40,180,2000,26132.474609375,214.29997253418,0.753750622272491,1.70000004768372
20181212,0,-40,180,2000,26141.6953125,213.600006103516,0.166976928710938,0.499993890523911
20181212,6,-40,180,2000,26113.20703125,213.29997253418,-0.299996942281723,0.899990856647491
20181212,12,-40,180,2000,26135.517578125,214.300003051758,0.753541588783264,2.20001220703125
20181212,18,-40,180,2000,26123.185546875,213.699981689453,2.68850088119507,0.599993884563446
20181213,0,-40,180,2000,26122.693359375,213.600006103516,2.7937912940979,1.30000615119934
20181213,6,-40,180,2000,26089.77734375,213.699996948242,2.68103647232056,0.400006115436554
20181213,12,-40,180,2000,26109.064453125,214.100006103516,2.69021606445313,2.79999995231628
20181213,18,-40,180,2000,26092.447265625,213.499969482422,5.76390981674194,1.9013671875
20181214,0,-40,180,2000,26096.1640625,212.5,6.10468435287476,0.900006115436554
20181214,6,-40,180,2000,26068.6484375,213,5.40390300750732,1.24917602539063
20181214,12,-40,180,2000,26099.3203125,213.199996948242,6.599853515625,3.49998784065247
20181214,18,-40,180,2000,26077.818359375,212.600006103516,9.96889305114746,2.80001211166382
20181215,0,-40,180,2000,26081.7421875,212.5,9.1970796585083,2.90000009536743
20181215,6,-40,180,2000,26051.267578125,211.800003051758,9.91264057159424,4.79999399185181
20181215,12,-40,180,2000,26069.6953125,213.099975585938,12.6455535888672,6.20856332778931
20181215,18,-40,180,2000,26035.607421875,211.100006103516,14.4588651657104,7.09998798370361
20181216,0,-40,180,2000,26025.44921875,211.300003051758,16.4958457946777,9.09998798370361
20181216,6,-40,180,2000,25994.490234375,211.699996948242,20.0687980651855,9.00328350067139
20181216,12,-40,180,2000,26005.63671875,211.100006103516,23.5413551330566,13.1999912261963
20181216,18,-40,180,2000,25969.169921875,210.699996948242,31.9124870300293,14.1999940872192
20181217,0,-40,180,2000,25973.287109375,211.802780151367,36.6093635559082,13.3000001907349
20181217,6,-40,180,2000,25913.8125,210.100006103516,39.448314666748,10.8999996185303
20181217,12,-40,180,2000,25920.529296875,209.800003051758,32.8781929016113,12.6838865280151
20181217,18,-40,180,2000,25914.61328125,208.600006103516,33.745491027832,10.1999635696411
20181218,0,-40,180,2000,25912.380859375,208,34.1731185913086,6.29995107650757
20181218,6,-40,180,2000,25894.32421875,207.800003051758,30.4912052154541,-0.500012218952179
20181218,12,-40,180,2000,25921.697265625,207.800003051758,27.0958003997803,2.79998159408569
