20180720,0,-40,-150,40000,7428.373046875,252.100006103516,9.70262718200684,-11.9846677780151
20180720,6,-40,-150,40000,7450.89501953125,252.785278320313,5.860107421875,-10.9227781295776
20180720,12,-40,-150,40000,7478.1337890625,253,2.17683720588684,-4.28837299346924
20180720,18,-40,-150,40000,7482.17041015625,252.285308837891,2.77579951286316,0.288867175579071
20180721,0,-40,-150,40000,7469.646484375,251.014694213867,1.61327517032623,1.67933344841003
20180721,6,-40,-150,40000,7479.1064453125,250.899978637695,2.56509399414063,-3.38386225700378
20180721,12,-40,-150,40000,7509.14794921875,252.800003051758,6.68267202377319,-7.69548940658569
20180721,18,-40,-150,40000,7518.6982421875,252.699996948242,9.96942138671875,-4.00386333465576
20180722,0,-40,-150,40000,7505.0595703125,252.199996948242,13.6488161087036,-11.2386226654053
20180722,6,-40,-150,40000,7502.431640625,252.100006103516,15.3914852142334,-7.28722524642944
20180722,12,-40,-150,40000,7503.05517578125,251.600006103516,14.8382139205933,-7.73576068878174
20180722,18,-40,-150,40000,7502.560546875,251.899993896484,16.0049018859863,-8.36968421936035
20180723,0,-40,-150,40000,7486.162109375,252.79997253418,21.4117069244385,-8.30840492248535
20180723,6,-40,-150,40000,7484.9326171875,254.499969482422,28.9332981109619,-11.3856077194214
20180723,12,-40,-150,40000,7485.77978515625,253.399993896484,22.6525764465332,-1.80353093147278
20180723,18,-40,-150,40000,7450.9638671875,252.037750244141,24.227746963501,8.03977012634277
20180724,0,-40,-150,40000,7400.2392578125,249.600006103516,16.512134552002,8.50433349609375
20180724,6,-40,-150,40000,7371.06494140625,249.800003051758,11.4197330474854,6.28376483917236
20180724,12,-40,-150,40000,7403.45361328125,252.399978637695,7.39041757583618,4.17390155792236
20180724,18,-40,-150,40000,7399.359375,251.698486328125,5.18995094299316,5.1509861946106
20180725,0,-40,-150,40000,7377.73388671875,250.500045776367,1.79941713809967,1.65217900276184
20180725,6,-40,-150,40000,7388.78515625,251.100006103516,5.98696279525757,-1.73550415039063
20180725,12,-40,-150,40000,7424.63134765625,251.786041259766,6.83601665496826,3.45858764648438
20180725,18,-40,-150,40000,7436.86669921875,251.899993896484,6.45292949676514,3.03597664833069
20180726,0,-40,-150,40000,7430.64453125,251.368316650391,5.27509784698486,5.005126953125
20180726,6,-40,-150,40000,7434.2900390625,251.231689453125,4.2433009147644,4.63741207122803
20180726,12,-40,-150,40000,7456.64306640625,251.300003051758,2.99856925010681,5.18753910064697
20180726,18,-40,-150,40000,7477.4267578125,252.767868041992,5.2193431854248,4.79069328308105
20180727,0,-40,-150,40000,7475.52392578125,252.699996948242,2.80498290061951,6.12903785705566
20180727,6,-40,-150,40000,7455.2724609375,250.600006103516,-2.45546627044678,7.62970209121704
20180727,12,-40,-150,40000,7454.79736328125,250.775192260742,0.679865717887878,7.60715341567993
20180727,18,-40,-150,40000,7460.65673828125,252.277145385742,0.693300783634186,3.27415037155151
20180728,0,-40,-150,40000,7448.20751953125,252.099975585938,3.44773936271667,0.182402342557907
20180728,6,-40,-150,40000,7455.89453125,252.899993896484,5.13674783706665,-5.84457540512085
20180728,12,-40,-150,40000,7490.41796875,254.199996948242,6.20559072494507,-1.42120361328125
20180728,18,-40,-150,40000,7494.61328125,253.685745239258,5.51632833480835,1.93746089935303
20180729,0,-40,-150,40000,7474.2099609375,252.199996948242,0.763374030590057,4.91584968566895
20180729,6,-40,-150,40000,7455.78125,251.100006103516,0.135737299919128,2.1259081363678
20180729,12,-40,-150,40000,7472.423828125,251.600006103516,2.80773448944092,3.259765625
20180729,18,-40,-150,40000,7481.97998046875,252.199996948242,2.95767092704773,0.814374983310699
20180730,0,-40,-150,40000,7478.974609375,252.645309448242,6.22064447402954,3.40953135490417
20180730,6,-40,-150,40000,7482.67138671875,253.036224365234,7.18591070175171,5.3661036491394
20180730,12,-40,-150,40000,7503.82080078125,253.014694213867,2.89276432991028,6.20672607421875
20180730,18,-40,-150,40000,7507.71875,252.921920776367,0.549526393413544,8.65934562683105
20180731,0,-40,-150,40000,7490.3837890625,252.992523193359,2.05500173568726,9.45859336853027
20180731,6,-40,-150,40000,7478.41796875,251.699981689453,-2.91751098632813,9.69736289978027
20180731,12,-40,-150,40000,7492.0517578125,250.847244262695,-1.36236572265625,10.1055421829224
20180731,18,-40,-150,40000,7510.8798828125,253.70068359375,7.17209482192993,2.10903310775757
20180801,0,-40,-150,40000,7517.814453125,255.060592651367,11.7973203659058,-1.35319519042969
20180801,6,-40,-150,40000,7522.70263671875,255.486038208008,10.4501161575317,0.758065819740295
20180801,12,-40,-150,40000,7548.35986328125,255.500244140625,9.97311401367188,1.63102412223816
20180801,18,-40,-150,40000,7555.12109375,255.300003051758,10.7263889312744,-1.12499392032623
20180802,0,-40,-150,40000,7540.80615234375,255.5,11.4111328125,-0.198504641652107
20180802,6,-40,-150,40000,7534.64111328125,254.899993896484,10.0504789352417,-0.701904296875
20180802,12,-40,-150,40000,7543.24267578125,255.199996948242,10.0830717086792,-0.1650390625
20180802,18,-40,-150,40000,7539.7294921875,255.199996948242,10.7572479248047,-1.88198244571686
20180803,0,-40,-150,40000,7520.56884765625,254.992523193359,7.63931894302368,-3.50264883041382
20180803,6,-40,-150,40000,7510.53955078125,254.338912963867,4.24434185028076,-3.39398193359375
20180803,12,-40,-150,40000,7517.1455078125,254,3.60638737678528,0.0467590317130089
20180803,18,-40,-150,40000,7503.90380859375,253.121917724609,4.92739582061768,1.02672123908997
20180804,0,-40,-150,40000,7480.4736328125,251.999969482422,2.68272709846497,-0.501062035560608
20180804,6,-40,-150,40000,7474.39111328125,251.699996948242,3.52800893783569,1.16014409065247
20180804,12,-40,-150,40000,7488.58544921875,251.899978637695,4.37048959732056,0.89992368221283
20180804,18,-40,-150,40000,7497.5625,252.507476806641,4.00493144989014,3.13211059570313
20180805,0,-40,-150,40000,7483.787109375,252.399993896484,3.19651794433594,1.04874873161316
20180805,6,-40,-150,40000,7483.71923828125,251.899993896484,2.65613102912903,1.59407353401184
20180805,12,-40,-150,40000,7503.78271484375,252.706985473633,5.16826486587524,3.86864328384399
20180805,18,-40,-150,40000,7506.06982421875,252.353393554688,5.15000486373901,3.07558584213257
20180806,0,-40,-150,40000,7499.8681640625,252.300003051758,5.97108459472656,0.446807861328125
20180806,6,-40,-150,40000,7498.8701171875,251.951705932617,4.85701656341553,3.33056640625
20180806,12,-40,-150,40000,7506.154296875,251.712448120117,4.16109609603882,5.54204082489014
20180806,18,-40,-150,40000,7499.77880859375,250.585647583008,6.72009754180908,7.70547342300415
20180807,0,-40,-150,40000,7479.5029296875,249.387405395508,9.26412582397461,3.00439453125
20180807,6,-40,-150,40000,7474.908203125,248.699981689453,7.58316898345947,-0.772910177707672
20180807,12,-40,-150,40000,7485.50830078125,248.850799560547,8.28588104248047,-6.77024412155151
20180807,18,-40,-150,40000,7492.4912109375,249.399993896484,9.15173625946045,-9.50041484832764
20180808,0,-40,-150,40000,7489.6533203125,251.300003051758,5.83004760742188,-15.6778078079224
20180808,6,-40,-150,40000,7501.548828125,251.970855712891,5.75696706771851,-7.54523944854736
20180808,12,-40,-150,40000,7519.181640625,251.49055480957,4.23638296127319,-1.59410405158997
20180808,18,-40,-150,40000,7524.703125,251.81005859375,-1.84551692008972,-3.13809823989868
20180809,0,-40,-150,40000,7526.35107421875,252.657562255859,-2.49175405502319,-6.66636371612549
20180809,6,-40,-150,40000,7532.96435546875,252.899993896484,0.409674078226089,-6.84649658203125
20180809,12,-40,-150,40000,7552.14306640625,252.710006713867,5.16608572006226,-3.18244624137878
20180809,18,-40,-150,40000,7553.25146484375,252.783538818359,8.06773662567139,-2.21014404296875
20180810,0,-40,-150,40000,7533.71630859375,252,7.27742624282837,-1.34536135196686
20180810,6,-40,-150,40000,7526.21044921875,251.137603759766,5.05585336685181,-0.769299328327179
20180810,12,-40,-150,40000,7530.9130859375,251,6.19991779327393,1.42776489257813
20180810,18,-40,-150,40000,7524.36669921875,250.802032470703,4.31178569793701,0.777917504310608
20180811,0,-40,-150,40000,7503.47265625,250.243606567383,0.567669689655304,1.50599360466003
20180811,6,-40,-150,40000,7490.265625,249.310028076172,-0.216976925730705,-0.167321771383286
20180811,12,-40,-150,40000,7493.0185546875,249.199996948242,1.10001218318939,-2.12604975700378
20180811,18,-40,-150,40000,7497.93603515625,249.743576049805,0.890887439250946,-4.74443960189819
20180812,0,-40,-150,40000,7502.18896484375,251,-1.36739194393158,-8.47359943389893
20180812,6,-40,-150,40000,7510.70068359375,251.300003051758,2.10436701774597,-6.37285757064819
20180812,12,-40,-150,40000,7531.208984375,251.5,5.55740642547607,-0.894250512123108
20180812,18,-40,-150,40000,7522.345703125,250.899993896484,7.12878704071045,0.86700439453125
20180813,0,-40,-150,40000,7503.18359375,250.211639404297,8,1.19026494026184
20180813,6,-40,-150,40000,7491.263671875,250,6.10178518295288,-0.931683361530304
20180813,12,-40,-150,40000,7500.865234375,250.236419677734,5.66531372070313,-1.52515864372253
20180813,18,-40,-150,40000,7495.90478515625,250.182769775391,6.26739501953125,-1.90989995002747
20180814,0,-40,-150,40000,7489.8193359375,250.070846557617,6.51474618911743,-2.89186525344849
20180814,6,-40,-150,40000,7496.32080078125,251.422164916992,7.40942859649658,-4.72158193588257
20180814,12,-40,-150,40000,7522.42431640625,253,10.107949256897,-2.04449224472046
20180814,18,-40,-150,40000,7527.64990234375,253.699996948242,14.9207592010498,-0.481679677963257
20180815,0,-40,-150,40000,7514.0283203125,253.399993896484,11.0043773651123,3.42765617370605
20180815,6,-40,-150,40000,7500.560546875,253.5,9.98592567443848,7.56559562683105
20180815,12,-40,-150,40000,7503.55078125,251.929153442383,8.04261684417725,8.19827175140381
20180815,18,-40,-150,40000,7501.46630859375,252.529144287109,11.3386745452881,4.26118183135986
20180816,0,-40,-150,40000,7496.9794921875,252.590667724609,11.1328344345093,3.65427255630493
20180816,6,-40,-150,40000,7501.53173828125,252.899993896484,10.7746534347534,2.83885264396667
20180816,12,-40,-150,40000,7522.07666015625,253,11.8993167877197,7.5313720703125
20180816,18,-40,-150,40000,7513.45703125,252.591995239258,11.0167064666748,12.3472900390625
20180817,0,-40,-150,40000,7493.2744140625,252.399993896484,11.2316942214966,9.74394035339355
20180817,6,-40,-150,40000,7484.3876953125,252.504440307617,13.1718044281006,8.96928691864014
20180817,12,-40,-150,40000,7501.146484375,253.149169921875,15.8045902252197,7.76094341278076
20180817,18,-40,-150,40000,7501.13330078125,253.199996948242,14.7775936126709,5.98341989517212
20180818,0,-40,-150,40000,7480.81884765625,252.414764404297,10.9627199172974,1.52913212776184
20180818,6,-40,-150,40000,7481.3017578125,252.600006103516,9.13316631317139,0.339517205953598
20180818,12,-40,-150,40000,7494.78564453125,252.384201049805,9.973464012146,0.669013679027557
20180818,18,-40,-150,40000,7504.658203125,252.600006103516,10.7233982086182,-1.64259028434753
20180819,0,-40,-150,40000,7495.673828125,252.499969482422,9.7683687210083,-4.38893556594849
20180819,6,-40,-150,40000,7493.48193359375,252.29997253418,7.92997074127197,-4.89422845840454
20180819,12,-40,-150,40000,7503.9599609375,252.300003051758,8.78238296508789,-1.69174802303314
20180819,18,-40,-150,40000,7500.9755859375,252.621917724609,7.15175533294678,0.176186516880989
20180820,0,-40,-150,40000,7482.61181640625,251.499969482422,4.21256351470947,1.12629389762878
20180820,6,-40,-150,40000,7472.64501953125,250.94612121582,2.15718984603882,1.13662111759186
20180820,12,-40,-150,40000,7491.46484375,251.099975585938,4.88375997543335,1.36146485805511
20180820,18,-40,-150,40000,7495.41357421875,252,7.0683741569519,3.341064453125
20180821,0,-40,-150,40000,7485.275390625,251.199981689453,5.51141834259033,5.45978021621704
20180821,6,-40,-150,40000,7482.0224609375,250.753860473633,5.330322265625,4.83760738372803
20180821,12,-40,-150,40000,7498.73388671875,250.346115112305,4.32220697402954,1.72495603561401
20180821,18,-40,-150,40000,7515.6669921875,252,8.61790084838867,-1.08317875862122
20180822,0,-40,-150,40000,7517.14208984375,252.600006103516,8.96880531311035,0.262829601764679
20180822,6,-40,-150,40000,7516.87451171875,252.500244140625,5.21327829360962,3.63188481330872
20180822,12,-40,-150,40000,7526.669921875,252.599761962891,11.930456161499,7.30460214614868
20180822,18,-40,-150,40000,7526.00390625,253.046112060547,13.2567806243896,5.90675067901611
20180823,0,-40,-150,40000,7508.62646484375,252.507476806641,10.0928897857666,5.91328144073486
20180823,6,-40,-150,40000,7498.8125,251.307464599609,2.78954768180847,5.44697284698486
20180823,12,-40,-150,40000,7510.3349609375,252.600006103516,8.47836303710938,-0.423175036907196
20180823,18,-40,-150,40000,7522.98486328125,253.599975585938,13.1096467971802,3.68608403205872
20180824,0,-40,-150,40000,7512.9755859375,252.300003051758,12.5909729003906,6.91721200942993
20180824,6,-40,-150,40000,7508.49609375,252.699996948242,10.8298921585083,6.53269052505493
20180824,12,-40,-150,40000,7526.14990234375,253.785308837891,17.3450584411621,7.87861919403076
20180824,18,-40,-150,40000,7533.8505859375,253.79997253418,18.625452041626,12.167272567749
20180825,0,-40,-150,40000,7523.39208984375,253.599975585938,17.6263236999512,14.4769287109375
20180825,6,-40,-150,40000,7515.318359375,253.800003051758,15.6999263763428,12.4166870117188
20180825,12,-40,-150,40000,7532.40234375,254.5,17.4048519134521,11.8252868652344
20180825,18,-40,-150,40000,7524.63134765625,254.199996948242,18.6063804626465,11.2613649368286
20180826,0,-40,-150,40000,7505.88671875,254,15.4108333587646,11.8306579589844
20180826,6,-40,-150,40000,7485.52880859375,253.399978637695,12.3157711029053,11.3158750534058
20180826,12,-40,-150,40000,7486.939453125,252.568313598633,12.153302192688,4.67101430892944
20180826,18,-40,-150,40000,7483.06494140625,252.5,11.4754362106323,4.79691791534424
20180827,0,-40,-150,40000,7468.4736328125,251.999969482422,8.77927207946777,3.44415283203125
20180827,6,-40,-150,40000,7458.00927734375,252.400024414063,4.37779855728149,4.044921875
20180827,12,-40,-150,40000,7467.78271484375,251.5,2.91803288459778,8.74942588806152
20180827,18,-40,-150,40000,7458.04052734375,250.899993896484,6.02652883529663,10.5783567428589
20180828,0,-40,-150,40000,7461.92822265625,251.899993896484,12.1205835342407,9.44469261169434
20180828,6,-40,-150,40000,7462.0029296875,251.29997253418,9.07464599609375,11.3098440170288
20180828,12,-40,-150,40000,7472.84130859375,250.5,5.53970193862915,14.0736522674561
20180828,18,-40,-150,40000,7478.283203125,250.5,4.95288562774658,10.7981204986572
20180829,0,-40,-150,40000,7462.4189453125,250.238922119141,1.62671875953674,5.67386245727539
20180829,6,-40,-150,40000,7457.4443359375,249.568313598633,0.711591780185699,5.55868148803711
20180829,12,-40,-150,40000,7477.7548828125,250.44612121582,0.885107398033142,1.81496095657349
20180829,18,-40,-150,40000,7484.62744140625,251,1.60196781158447,-1.06318843364716
20180830,0,-40,-150,40000,7482.560546875,250.899993896484,2.86756587028503,-0.507598876953125
20180830,6,-40,-150,40000,7491.7744140625,251.300003051758,4.14108896255493,-3.707763671875
20180830,12,-40,-150,40000,7519.10498046875,251.499969482422,6.06290912628174,-0.990447998046875
20180830,18,-40,-150,40000,7532.30859375,251.300003051758,8.2147216796875,-2.78580331802368
20180831,0,-40,-150,40000,7534.62255859375,251.400024414063,5.33515644073486,-4.71369647979736
20180831,6,-40,-150,40000,7542.88134765625,251.600006103516,7.25759267807007,-3.91643667221069
20180831,12,-40,-150,40000,7575.1298828125,252.699996948242,10.7265930175781,-1.60085451602936
20180831,18,-40,-150,40000,7580.27978515625,252.600006103516,10.6739749908447,5.81232929229736
20180901,0,-40,-150,40000,7566.59765625,252.300003051758,8.21536254882813,7.70037841796875
20180901,6,-40,-150,40000,7553.17431640625,252.800003051758,8.1409912109375,5.10918569564819
20180901,12,-40,-150,40000,7571.228515625,252.79997253418,11.1880311965942,2.86549687385559
20180901,18,-40,-150,40000,7565.91943359375,252.5,13.1156740188599,3.29648447036743
20180902,0,-40,-150,40000,7556.33935546875,252.199996948242,12.1871309280396,0.841967761516571
20180902,6,-40,-150,40000,7549.45068359375,252.643600463867,8.2500638961792,-0.986679077148438
20180902,12,-40,-150,40000,7565.46875,252.643600463867,9.18978881835938,0.568041980266571
20180902,18,-40,-150,40000,7560.09619140625,253.210052490234,8.73380756378174,-1.91334223747253
20180903,0,-40,-150,40000,7546.8544921875,253.399993896484,8.4096622467041,-1.7855498790741
20180903,6,-40,-150,40000,7533.9638671875,251.899993896484,8.85255146026611,-2.45631718635559
20180903,12,-40,-150,40000,7540.017578125,252.246612548828,12.8036708831787,1.73324275016785
20180903,18,-40,-150,40000,7540.634765625,252.706985473633,15.5663051605225,-1.43162536621094
20180904,0,-40,-150,40000,7526.5224609375,252.79997253418,16.167013168335,3.90397644042969
20180904,6,-40,-150,40000,7508.34814453125,252,15.442419052124,5.40482187271118
20180904,12,-40,-150,40000,7509.8818359375,251.800003051758,15.8728294372559,5.38015604019165
20180904,18,-40,-150,40000,7509.91259765625,252.499969482422,17.8954238891602,1.01884281635284
20180905,0,-40,-150,40000,7491.1669921875,251.800003051758,16.9199886322021,4.8292088508606
20180905,6,-40,-150,40000,7464.7451171875,250.599975585938,18.5941772460938,9.96775531768799
20180905,12,-40,-150,40000,7447.31005859375,251.306976318359,17.2951202392578,14.000036239624
20180905,18,-40,-150,40000,7414.85107421875,250.5,16.163782119751,11.8978700637817
20180906,0,-40,-150,40000,7375.17333984375,248.699996948242,12.9989356994629,0.906215846538544
20180906,6,-40,-150,40000,7371.43701171875,248.5,13.0072965621948,-0.630328357219696
20180906,12,-40,-150,40000,7383.501953125,248.199996948242,13.4648313522339,-2.88150024414063
20180906,18,-40,-150,40000,7385.86083984375,247.800003051758,9.9988956451416,-3.86082768440247
20180907,0,-40,-150,40000,7380.9404296875,248.185302734375,10.1989011764526,-6.63730478286743
20180907,6,-40,-150,40000,7395.29296875,248.899978637695,9.91213417053223,-7.8195161819458
20180907,12,-40,-150,40000,7414.71044921875,248.899993896484,10.6378145217896,-2.97709965705872
20180907,18,-40,-150,40000,7422.90771484375,249.592529296875,8.397705078125,-4.99997568130493
20180908,0,-40,-150,40000,7421.265625,249.499969482422,8.13815021514893,-2.14345693588257
20180908,6,-40,-150,40000,7413.04736328125,248.399993896484,8.3354549407959,-1.00639653205872
20180908,12,-40,-150,40000,7420.98486328125,248.699981689453,10.7642459869385,-2.29998159408569
20180908,18,-40,-150,40000,7418.65234375,248.100006103516,8.93677711486816,0.669946312904358
20180909,0,-40,-150,40000,7396.8623046875,247.100006103516,6.22077655792236,-1.89940798282623
20180909,6,-40,-150,40000,7395.9326171875,246.600006103516,0.638397216796875,-7.58043813705444
20180909,12,-40,-150,40000,7417.94580078125,247.699996948242,4.69354248046875,-6.38410663604736
20180909,18,-40,-150,40000,7415.451171875,247.600006103516,5.80051517486572,-5.05631828308105
20180910,0,-40,-150,40000,7394.48583984375,246.79997253418,7.81241703033447,-4.09579086303711
20180910,6,-40,-150,40000,7385.12060546875,245.699996948242,6.73980712890625,-7.4847412109375
20180910,12,-40,-150,40000,7396.759765625,245.5,9.56645011901855,-7.62759780883789
20180910,18,-40,-150,40000,7400.62939453125,246.5,10.2151908874512,-8.32797336578369
20180911,0,-40,-150,40000,7392.005859375,247.699996948242,15.0695753097534,-7.06951189041138
20180911,6,-40,-150,40000,7371.54736328125,246.800003051758,15.8494968414307,-7.40071392059326
20180911,12,-40,-150,40000,7397.6650390625,246.600006103516,6.51952505111694,-3.04585576057434
20180911,18,-40,-150,40000,7397.4462890625,246.100006103516,6.94080209732056,1.33701169490814
20180912,0,-40,-150,40000,7388.84814453125,245.685302734375,6.62761831283569,2.20005488395691
20180912,6,-40,-150,40000,7387.39013671875,245.300003051758,5.46935415267944,3.57702946662903
20180912,12,-40,-150,40000,7407.125,245.71467590332,5.43043804168701,8.94822978973389
20180912,18,-40,-150,40000,7415.703125,246.171539306641,3.08869028091431,11.8809204101563
20180913,0,-40,-150,40000,7408.9111328125,246.100006103516,-1.05299067497253,9.56503868103027
20180913,6,-40,-150,40000,7391.6025390625,246.300018310547,-4.56869506835938,8.78921222686768
20180913,12,-40,-150,40000,7386.689453125,246.600006103516,-1.54451298713684,3.18253183364868
20180913,18,-40,-150,40000,7378.35546875,247,-0.942736804485321,3.05723261833191
20180914,12,-40,-150,40000,7412.99267578125,248.399978637695,5.94227886199951,-0.0747131332755089
20180914,18,-40,-150,40000,7422.673828125,248.099975585938,4.81380605697632,-1.24238896369934
20180915,0,-40,-150,40000,7420.62451171875,248.600006103516,4.99984741210938,-6.09849834442139
20180915,6,-40,-150,40000,7437.49072265625,249.499969482422,4.95531940460205,-11.0290222167969
20180915,12,-40,-150,40000,7461.92626953125,249,9.04928016662598,-7.19101572036743
20180915,18,-40,-150,40000,7469.578125,248.600006103516,9.41843891143799,-3.81532597541809
20180916,0,-40,-150,40000,7458.31396484375,247.599975585938,10.4980564117432,-2.56424570083618
20180916,12,-40,-150,40000,7461.57568359375,247.899993896484,8.5654296875,-4.05387592315674
20180916,18,-40,-150,40000,7461.00439453125,247.699996948242,3.97919607162476,-2.80292963981628
20180917,0,-40,-150,40000,7457.1630859375,247.600006103516,-6.79996347427368,-6.62193584442139
20180917,6,-40,-150,40000,7468.4560546875,247.899993896484,-5.32519817352295,-8.92030048370361
20180917,12,-40,-150,40000,7479.5185546875,247.800003051758,-0.430203258991241,-7.78277587890625
20180917,18,-40,-150,40000,7479.42041015625,247.79997253418,-0.674368262290955,-8.87272357940674
20180918,0,-40,-150,40000,7473.52197265625,248.800003051758,-4.66086912155151,-14.2111082077026
20180918,6,-40,-150,40000,7482.654296875,248.699996948242,-0.333964854478836,-11.6040134429932
20180918,12,-40,-150,40000,7491.14990234375,248.699981689453,7.66759014129639,-7.87453603744507
20180918,18,-40,-150,40000,7486.630859375,248.699996948242,10.9674606323242,-9.18436050415039
20180919,0,-40,-150,40000,7473.21630859375,248.300003051758,5.9452805519104,-6.62612295150757
20180919,6,-40,-150,40000,7464.20068359375,247.300003051758,-0.0645922869443893,-4.37002420425415
20180919,12,-40,-150,40000,7470.3173828125,246.899993896484,-1.59406983852386,-1.45981442928314
20180919,18,-40,-150,40000,7464.287109375,246.599975585938,-1.48836362361908,1.92261350154877
20180920,0,-40,-150,40000,7449.80126953125,246.600006103516,-2.96627449989319,4.81032228469849
20180920,6,-40,-150,40000,7441.18994140625,246.399993896484,-4.41334533691406,5.09996318817139
20180920,12,-40,-150,40000,7444.103515625,246.199981689453,-4.00838136672974,4.09653806686401
20180920,18,-40,-150,40000,7438.48388671875,246.300003051758,-4.08035659790039,-1.46896970272064
20180921,0,-40,-150,40000,7436.40576171875,246.731689453125,-3.17093253135681,-4.46336936950684
20180921,6,-40,-150,40000,7452.42138671875,247.199981689453,-0.769155859947205,-5.27243661880493
20180921,12,-40,-150,40000,7474.4375,248.129150390625,4.02462148666382,-5.87425518035889
20180921,18,-40,-150,40000,7489.18115234375,249.485763549805,8.01375770568848,-5.96947622299194
20180922,0,-40,-150,40000,7486.9599609375,249.399993896484,12.4648923873901,-6.19751262664795
20180922,6,-40,-150,40000,7484.84130859375,249.5,12.5591487884521,-3.80665588378906
20180922,12,-40,-150,40000,7497.54296875,248.800003051758,11.5160369873047,-0.082489013671875
20180922,18,-40,-150,40000,7500.41015625,248.568313598633,8.97422218322754,-4.72877788543701
20180923,0,-40,-150,40000,7505.93896484375,249.600006103516,3.68892526626587,-7.05722665786743
20180923,6,-40,-150,40000,7522.21728515625,250.199996948242,2.26355290412903,-7.58001708984375
20180923,12,-40,-150,40000,7560.087890625,251.999969482422,4.55886840820313,-7.93180561065674
20180923,18,-40,-150,40000,7572.94384765625,252.699996948242,1.6942138671875,-6.53333759307861
20180924,0,-40,-150,40000,7568.47998046875,252.600006103516,1.7662353515625,-0.496258556842804
20180924,6,-40,-150,40000,7556.2685546875,252.300003051758,4.68994140625,2.94464111328125
20180924,12,-40,-150,40000,7554.70947265625,251.999969482422,5.83695697784424,5.50003337860107
20180924,18,-40,-150,40000,7533.8642578125,251.699996948242,5.98606252670288,5.85441303253174
20180925,0,-40,-150,40000,7493.60693359375,250.499969482422,7.64432382583618,2.69388437271118
20180925,6,-40,-150,40000,7470.87939453125,250.300003051758,13.6769008636475,0.18084716796875
20180925,12,-40,-150,40000,7459.75634765625,250,20.2276916503906,1.49139404296875
20180925,18,-40,-150,40000,7440.6533203125,248.899993896484,24.4672546386719,1.68347775936127
20180926,0,-40,-150,40000,7402.8701171875,247.639404296875,25.8099002838135,6.11845397949219
20180926,6,-40,-150,40000,7376.466796875,246.899978637695,23.8624324798584,9.63667583465576
20180926,12,-40,-150,40000,7370.04736328125,246.600006103516,23.4826507568359,12.3071165084839
20180926,18,-40,-150,40000,7364.87060546875,246.5,22.2618045806885,14.8667478561401
20180927,0,-40,-150,40000,7371.86181640625,246.631683349609,18.4274597167969,15.3516387939453
20180927,6,-40,-150,40000,7403.91015625,246.699996948242,16.6543483734131,9.41311645507813
20180927,12,-40,-150,40000,7449.74072265625,248.121917724609,16.7817993164063,4.15871572494507
20180927,18,-40,-150,40000,7471.236328125,249.785278320313,18.077709197998,3.20341181755066
20180928,0,-40,-150,40000,7484.890625,252.399993896484,19.1925468444824,-2.61744379997253
20180928,6,-40,-150,40000,7492.4580078125,252,6.26737356185913,-0.226708978414536
20180928,12,-40,-150,40000,7493.7119140625,251.600006103516,6.37665700912476,8.61993408203125
20180928,18,-40,-150,40000,7482.349609375,250.899993896484,7.7774658203125,8.67770957946777
20180929,0,-40,-150,40000,7459.9873046875,249.300003051758,7.39289045333862,14.5662593841553
20180929,6,-40,-150,40000,7427.5224609375,248.300003051758,9.19998168945313,20.1165828704834
20180929,12,-40,-150,40000,7412.15478515625,248.275543212891,16.4770622253418,17.2219429016113
20180929,18,-40,-150,40000,7410.90234375,248.775512695313,13.75563621521,9.7633113861084
20180930,0,-40,-150,40000,7400.09521484375,247.100006103516,8.26083374023438,9.37796592712402
20180930,6,-40,-150,40000,7404.240234375,247.899993896484,5.8427095413208,5.95646381378174
20180930,12,-40,-150,40000,7411.15185546875,248.399993896484,6.44409799575806,10.786358833313
20180930,18,-40,-150,40000,7407.57763671875,248.399993896484,0.993939220905304,8.35606098175049
20181001,0,-40,-150,40000,7379.1025390625,247.300003051758,-1.67886662483215,7.99997568130493
20181001,6,-40,-150,40000,7363.8564453125,246.810012817383,2.36767888069153,8.44373798370361
20181001,12,-40,-150,40000,7358.423828125,246.300003051758,1.94659113883972,9.36129188537598
20181001,18,-40,-150,40000,7352.40771484375,245.899993896484,2.73928833007813,0.00480346661061049
20181002,0,-40,-150,40000,7370.19873046875,247.382766723633,9.40769004821777,-4.13818979263306
20181002,6,-40,-150,40000,7402.37060546875,247.282760620117,9.51959228515625,-3.08710336685181
20181002,12,-40,-150,40000,7443.98828125,248,11.6049680709839,0.476708978414536
20181002,18,-40,-150,40000,7454.611328125,247.399993896484,13.5119199752808,6.1312255859375
20181003,0,-40,-150,40000,7452.7939453125,248,16.842321395874,3.80067753791809
20181003,6,-40,-150,40000,7459.3251953125,248.917236328125,13.3851566314697,5.78170919418335
20181003,12,-40,-150,40000,7467.47705078125,248.699996948242,13.1101474761963,5.10897827148438
20181003,18,-40,-150,40000,7460.724609375,248.300003051758,14.6820096969604,3.98732423782349
20181004,0,-40,-150,40000,7449.19482421875,248.699996948242,16.3587284088135,0.499981701374054
20181004,6,-40,-150,40000,7450.3251953125,247.699981689453,13.2464017868042,-0.0900421142578125
20181004,12,-40,-150,40000,7460.0107421875,246.699981689453,9.40598106384277,-1.24411010742188
20181004,18,-40,-150,40000,7469.318359375,246.400024414063,5.48385763168335,-4.54935073852539
20181005,0,-40,-150,40000,7477.10986328125,246.70832824707,6.64228010177612,-1.37206542491913
20181005,6,-40,-150,40000,7474.13134765625,246.199996948242,11.4854373931885,-3.09994196891785
20181005,12,-40,-150,40000,7479.873046875,246.599975585938,9.23908710479736,-4.33229970932007
20181005,18,-40,-150,40000,7480.58984375,246.622680664063,5.30373525619507,-4.32916259765625
20181006,0,-40,-150,40000,7468.7275390625,246.399993896484,2.61939096450806,-1.68244016170502
20181006,6,-40,-150,40000,7461.705078125,246.600006103516,-1.83486568927765,-0.978818356990814
20181006,12,-40,-150,40000,7461.81884765625,246.831817626953,-3.72039484977722,0.52081298828125
20181006,18,-40,-150,40000,7449.771484375,246.800003051758,-5.42078876495361,0.635717749595642
20181007,0,-40,-150,40000,7431.068359375,246.899993896484,-4.83009052276611,2.13639521598816
20181007,6,-40,-150,40000,7412.75390625,246.399993896484,-4.08540058135986,2.18565678596497
20181007,12,-40,-150,40000,7408.71728515625,245.978073120117,-0.454293817281723,3.1439208984375
20181007,18,-40,-150,40000,7397.6025390625,245.124435424805,2.12482905387878,1.95870363712311
20181008,0,-40,-150,40000,7380.494140625,244.699996948242,3.07055044174194,2.30478525161743
20181008,6,-40,-150,40000,7373.13818359375,244.682769775391,2.14228272438049,3.19650888442993
20181008,12,-40,-150,40000,7381.70703125,244.300003051758,0.618823230266571,4.27222156524658
20181008,18,-40,-150,40000,7381.5595703125,244.199996948242,1.72812259197235,1.71447265148163
20181009,0,-40,-150,40000,7368.134765625,243.699996948242,-1.40530705451965,0.775048851966858
20181009,6,-40,-150,40000,7360.7744140625,243.100006103516,-2.97986745834351,-0.0366455093026161
20181009,12,-40,-150,40000,7372.181640625,243.300003051758,-0.439181506633759,0.887280285358429
20181009,18,-40,-150,40000,7373.7119140625,243.701171875,0.925976574420929,2.27431631088257
20181010,0,-40,-150,40000,7367.9013671875,244.241973876953,0.837799072265625,1.41398310661316
20181010,6,-40,-150,40000,7365.45361328125,244.100006103516,-2.11229562759399,2.03209829330444
20181010,12,-40,-150,40000,7374.86865234375,243.997222900391,-1.70223999023438,2.43470144271851
20181010,18,-40,-150,40000,7375.99267578125,244.300003051758,-2.11396789550781,0.467492669820786
20181011,0,-40,-150,40000,7366.53076171875,244.043579101563,-4.51528024673462,-0.448925793170929
20181011,6,-40,-150,40000,7359.1376953125,244,-6.17880535125732,-3.05947256088257
20181011,12,-40,-150,40000,7362.4404296875,244.082763671875,-5.57211303710938,-4.69467782974243
20181011,18,-40,-150,40000,7362.3857421875,243.600006103516,-2.53763127326965,-0.931036353111267
20181012,0,-40,-150,40000,7355.0673828125,243.253372192383,-2.80209970474243,1.00001215934753
20181012,6,-40,-150,40000,7360.69482421875,243.100006103516,-5.69582843780518,3.24010014533997
20181012,12,-40,-150,40000,7381.6787109375,243.5,-8.91041564941406,7.93832397460938
20181012,18,-40,-150,40000,7396.96142578125,244.699996948242,-8.11457538604736,8.02974891662598
20181013,0,-40,-150,40000,7399.591796875,245.600006103516,-12.8349733352661,5.33245229721069
20181013,6,-40,-150,40000,7394.02001953125,246.124465942383,-14.14084815979,6.17333984375
20181013,12,-40,-150,40000,7408.70068359375,246.753860473633,-15.3846282958984,4.32121562957764
20181013,18,-40,-150,40000,7410.90185546875,246.592529296875,-14.2630100250244,3.41111445426941
20181014,0,-40,-150,40000,7406.787109375,246.529144287109,-11.9092922210693,0.0876281708478928
20181014,6,-40,-150,40000,7399.7685546875,245.800003051758,-11.8531675338745,-3.71711421012878
20181014,12,-40,-150,40000,7395.68994140625,245.300003051758,-10.9456968307495,-3.30216670036316
20181014,18,-40,-150,40000,7383.22119140625,244.5,-9.25801658630371,-1.43673098087311
20181015,0,-40,-150,40000,7367.51806640625,243.399978637695,-5.81859111785889,1.12720334529877
20181015,6,-40,-150,40000,7362.287109375,243.199996948242,-5.583984375,4.87324810028076
20181015,12,-40,-150,40000,7375.8642578125,244,2.41632080078125,10.8586301803589
20181015,18,-40,-150,40000,7401.85498046875,245.300003051758,1.87683415412903,14.1934385299683
20181016,0,-40,-150,40000,7413.9638671875,245.999969482422,-4.02316284179688,9.90017700195313
20181016,6,-40,-150,40000,7420.36865234375,246.099975585938,-4.64194631576538,7.98713397979736
20181016,12,-40,-150,40000,7425.2861328125,245.5,-7.04244709014893,5.16361093521118
20181016,18,-40,-150,40000,7421.89794921875,245.546112060547,-4.32437133789063,6.38834238052368
20181017,0,-40,-150,40000,7411.68359375,246.100006103516,-2.88150024414063,5.16144418716431
20181017,6,-40,-150,40000,7395.44189453125,245.899993896484,-5.22620868682861,4.70203256607056
20181017,12,-40,-150,40000,7394.103515625,245.29997253418,-2.06845712661743,8.8416805267334
20181017,18,-40,-150,40000,7384.533203125,245.199996948242,-3.72535395622253,13.8944702148438
20181018,0,-40,-150,40000,7370.53125,244.399993896484,2.2796905040741,11.5987243652344
20181018,6,-40,-150,40000,7368.810546875,245.600006103516,10.5104923248291,12.7528324127197
20181018,12,-40,-150,40000,7387.81982421875,246.099975585938,8.85682392120361,11.3369388580322
20181018,18,-40,-150,40000,7391.10302734375,245.899993896484,6.34851694107056,6.95948505401611
20181019,0,-40,-150,40000,7385.10888671875,245.300003051758,7.30653667449951,4.46219491958618
20181019,6,-40,-150,40000,7380.2431640625,244.899993896484,7.32959890365601,2.99304819107056
20181019,18,-40,-150,40000,7386.455078125,245.79997253418,6.26934194564819,1.22014772891998
20181020,0,-40,-150,40000,7371.7744140625,245.399978637695,9.82256507873535,2.96544194221497
20181020,6,-40,-150,40000,7358.50390625,244.367874145508,11.5937833786011,4.32247304916382
20181020,12,-40,-150,40000,7353.44140625,244.560592651367,19.03395652771,1.886962890625
20181020,18,-40,-150,40000,7320.783203125,243.800003051758,19.5829620361328,4.99355459213257
20181021,0,-40,-150,40000,7273.18115234375,241.895584106445,5.52740478515625,1.35084223747253
20181021,6,-40,-150,40000,7282.8154296875,242.792526245117,7.30785846710205,-12.4195194244385
20181021,12,-40,-150,40000,7318.97802734375,244.285308837891,14.1899166107178,-0.947045922279358
20181021,18,-40,-150,40000,7320.248046875,243.699996948242,15.9337520599365,1.6632354259491
20181022,0,-40,-150,40000,7318.0966796875,242.600006103516,17.0763740539551,5.20052194595337
20181022,6,-40,-150,40000,7321.46728515625,242.800003051758,15.3340816497803,5.15587759017944
20181022,12,-40,-150,40000,7331.33447265625,243.475540161133,12.7945890426636,4.64804697036743
20181022,18,-40,-150,40000,7333.71484375,243.678100585938,14.5914916992188,2.30248403549194
20181023,0,-40,-150,40000,7341.6044921875,244.843841552734,12.3561458587646,3.52215576171875
20181023,6,-40,-150,40000,7341.45458984375,244.885299682617,15.5689268112183,6.93486928939819
20181023,12,-40,-150,40000,7348.68505859375,245.738922119141,13.7476501464844,3.24919438362122
20181023,18,-40,-150,40000,7343.56298828125,246.800018310547,9.69040203094482,2.40844106674194
20181024,0,-40,-150,40000,7315.29736328125,246.592529296875,10.6515626907349,5.59996318817139
20181024,6,-40,-150,40000,7291.1279296875,246,17.2124080657959,2.29002690315247
20181024,12,-40,-150,40000,7269.837890625,246.199996948242,17.2560005187988,3.62246084213257
20181024,18,-40,-150,40000,7214.1875,245.499969482422,22.6440486907959,9.77620220184326
20181025,0,-40,-150,40000,7109.0556640625,243.199996948242,23.8193778991699,18.1558837890625
20181025,6,-40,-150,40000,7008.0029296875,239.861083984375,16.8863468170166,15.2257509231567
20181025,12,-40,-150,40000,7029.48486328125,241.092498779297,3.48742055892944,-22.1986503601074
20181025,18,-40,-150,40000,7134.4033203125,242.492553710938,-0.324676513671875,-42.8038101196289
20181026,0,-40,-150,40000,7210.81201171875,243,8.88026142120361,-29.7143669128418
20181026,6,-40,-150,40000,7256.0810546875,243.599975585938,11.2397708892822,-25.1976566314697
20181026,12,-40,-150,40000,7319.51708984375,245.207473754883,13.958963394165,-22.3142032623291
20181026,18,-40,-150,40000,7352.62548828125,244.899993896484,18.8160152435303,-13.7404909133911
20181027,0,-40,-150,40000,7367.7216796875,245.743453979492,12.4631290435791,-16.4868774414063
20181027,6,-40,-150,40000,7411.96484375,247.282379150391,9.04185485839844,-13.1999759674072
20181027,12,-40,-150,40000,7449.8076171875,248.043487548828,8.99532794952393,-6.97062397003174
20181027,18,-40,-150,40000,7470.0498046875,247.79997253418,6.54655170440674,-2.62635493278503
20181028,0,-40,-150,40000,7478.77978515625,247.668304443359,4.54263305664063,1.22238767147064
20181028,6,-40,-150,40000,7484.37451171875,247.300003051758,3.47515559196472,5.25797128677368
20181028,12,-40,-150,40000,7495.36572265625,247.620315551758,6.61662292480469,6.16700458526611
20181028,18,-40,-150,40000,7500.27685546875,247.797439575195,6.79317617416382,5.18339824676514
20181029,0,-40,-150,40000,7499.81103515625,248.133331298828,7.31788635253906,4.72811889648438
20181029,6,-40,-150,40000,7504.35107421875,248.423049926758,5.99688100814819,3.40158700942993
20181029,12,-40,-150,40000,7515.12548828125,249.041946411133,5.80400991439819,2.26538705825806
20181029,18,-40,-150,40000,7522.6123046875,249.100006103516,4.20120239257813,2.56969594955444
20181030,0,-40,-150,40000,7527.064453125,249.100006103516,6.49226379394531,2.89536738395691
20181030,6,-40,-150,40000,7520.87451171875,248.5,6.38570261001587,3.65115976333618
20181030,12,-40,-150,40000,7517.78857421875,248.29997253418,7.30089426040649,6.36676645278931
20181030,18,-40,-150,40000,7521.326171875,248.199996948242,7.63191509246826,-2.29083251953125
20181031,0,-40,-150,40000,7520.31103515625,248.313064575195,8.90182781219482,2.60000610351563
20181031,6,-40,-150,40000,7519.47705078125,247.400024414063,5.78842449188232,-0.20330810546875
20181031,12,-40,-150,40000,7529.98681640625,247.300003051758,4.87076711654663,2.69926762580872
20181031,18,-40,-150,40000,7529.43310546875,247.413055419922,3.82655644416809,1.69703364372253
20181101,0,-40,-150,40000,7526.044921875,247.240524291992,5.91535663604736,1.56662595272064
20181101,6,-40,-150,40000,7529.728515625,248.100006103516,0.7073974609375,-13.002911567688
20181101,12,-40,-150,40000,7543.63623046875,249.199996948242,-3.12357664108276,-14.7497463226318
20181101,18,-40,-150,40000,7551.650390625,248.537261962891,1.11535036563873,-11.850115776062
20181102,0,-40,-150,40000,7543.82421875,248.199996948242,-1.11483156681061,-13.7150211334229
20181102,6,-40,-150,40000,7531.6162109375,249.199981689453,-4.59913349151611,-16.7144165039063
20181102,12,-40,-150,40000,7531.5693359375,250.01887512207,-4.82008361816406,-15.4625120162964
20181102,18,-40,-150,40000,7522.27880859375,249.849212646484,-5.25329875946045,-17.0674495697021
20181103,0,-40,-150,40000,7503.73486328125,249.784515380859,-5.97304058074951,-18.497631072998
20181103,6,-40,-150,40000,7483.8701171875,249.300003051758,-9.06229209899902,-20.3570556640625
20181103,12,-40,-150,40000,7474.5966796875,249.611694335938,-11.48508644104,-20.404125213623
20181103,18,-40,-150,40000,7465.16015625,249.600006103516,-11.6747798919678,-21.1748657226563
20181104,0,-40,-150,40000,7447.70068359375,249.300003051758,-11.7449855804443,-21.3988761901855
20181104,6,-40,-150,40000,7429.34375,248.936370849609,-13.0854434967041,-21.3735294342041
20181104,12,-40,-150,40000,7427.4150390625,248.199996948242,-19.0858726501465,-16.6887817382813
20181104,18,-40,-150,40000,7431.28125,247.599975585938,-15.7926578521729,-10.5418090820313
20181105,0,-40,-150,40000,7428.0888671875,246.999969482422,-11.2443571090698,-8.49442100524902
20181105,6,-40,-150,40000,7416.92578125,246.100006103516,-7.39396381378174,-7.39449453353882
20181105,12,-40,-150,40000,7407.19140625,245.424468994141,-2.44769906997681,-6.09983539581299
20181105,18,-40,-150,40000,7387.37548828125,244.899993896484,-2.11964726448059,-7.22891855239868
20181106,0,-40,-150,40000,7373.001953125,245,-6.07872009277344,-7.14521503448486
20181106,6,-40,-150,40000,7365.17919921875,245.1083984375,-9.7962646484375,-6.06570434570313
20181106,12,-40,-150,40000,7375.42138671875,244.95654296875,-10.7210845947266,-1.86898803710938
20181106,18,-40,-150,40000,7384.90771484375,245.500579833984,-9.01821899414063,-0.0998413115739822
20181107,0,-40,-150,40000,7388.5888671875,246.149200439453,-6.05799579620361,-1.77313232421875
20181107,6,-40,-150,40000,7388.0380859375,246.069534301758,-3.76933598518372,-3.25228261947632
20181107,12,-40,-150,40000,7389.7998046875,245.932327270508,0.0335144028067589,-5.48940420150757
20181107,18,-40,-150,40000,7381.63330078125,245.905029296875,1.28947448730469,-5.05673837661743
20181108,0,-40,-150,40000,7362.791015625,245.325927734375,2.57349848747253,-4.51911640167236
20181108,6,-40,-150,40000,7346.2080078125,244.837768554688,1.68153691291809,-1.75458979606628
20181108,12,-40,-150,40000,7329.64208984375,244.408782958984,1.2465912103653,0.5201416015625
20181108,18,-40,-150,40000,7310.31884765625,244.100006103516,0.745721459388733,-0.844000220298767
20181109,0,-40,-150,40000,7296.16455078125,243.763626098633,1.03492426872253,-3.13984370231628
20181109,6,-40,-150,40000,7292.0986328125,243.600006103516,-2.89382934570313,-7.22889423370361
20181109,12,-40,-150,40000,7294.9892578125,243.800003051758,0.173242181539536,-9.98435401916504
20181109,18,-40,-150,40000,7286.42236328125,244.227569580078,-0.495382696390152,-13.8707332611084
20181110,0,-40,-150,40000,7279.03857421875,244.100006103516,-5.20189189910889,-13.7396240234375
20181110,6,-40,-150,40000,7277.88916015625,243.800003051758,-7.05727529525757,-13.6461486816406
20181110,12,-40,-150,40000,7285.59521484375,244.600006103516,-6.4115571975708,-15.0999937057495
20181110,18,-40,-150,40000,7302.8095703125,244.98225402832,-5.66947650909424,-13.7992248535156
20181111,0,-40,-150,40000,7313.134765625,244.899978637695,-5.83740520477295,-11.4323177337646
20181111,6,-40,-150,40000,7326.0576171875,244.800003051758,-3.80753779411316,-9.40631103515625
20181111,12,-40,-150,40000,7350.767578125,244.814727783203,-1.43667912483215,-7.98103618621826
20181111,18,-40,-150,40000,7365.69384765625,244.5,-0.169702142477036,-7.57940673828125
20181112,0,-40,-150,40000,7368.39501953125,244.300003051758,2.49284052848816,-6.86433696746826
20181112,6,-40,-150,40000,7363.20947265625,243.744964599609,6.19744873046875,-5.12656879425049
20181112,12,-40,-150,40000,7347.60791015625,242.699981689453,10.6505708694458,-2.5584716796875
20181112,18,-40,-150,40000,7301.2080078125,239.80696105957,5.591796875,-2.14776611328125
20181113,0,-40,-150,40000,7276.6064453125,239.199996948242,-2.33503413200378,-3.84891057014465
20181113,6,-40,-150,40000,7295.58447265625,241.199996948242,-11.660852432251,-17.9961185455322
20181113,12,-40,-150,40000,7317.4169921875,242.978057861328,-13.7267484664917,-25.886157989502
20181113,18,-40,-150,40000,7322.90673828125,242.824462890625,-9.94571495056152,-23.9076480865479
20181114,0,-40,-150,40000,7318.80419921875,243.999969482422,-6.53579425811768,-25.7236213684082
20181114,6,-40,-150,40000,7309.35888671875,243.899993896484,-0.0704559311270714,-25.6735343933105
20181114,12,-40,-150,40000,7293.822265625,242.70735168457,9.95553302764893,-18.3290767669678
20181114,18,-40,-150,40000,7248.97265625,241.5,12.54443359375,-15.0165128707886
20181115,0,-40,-150,40000,7214.0498046875,239.699996948242,13.7682313919067,-11.6733646392822
20181115,6,-40,-150,40000,7144.64697265625,236.499969482422,20.2853336334229,-3.64764094352722
20181115,12,-40,-150,40000,7078.076171875,232.5,2.21372985839844,0.207254022359848
20181115,18,-40,-150,40000,7051.69921875,231.365264892578,-4.94600534439087,-0.432055652141571
20181116,0,-40,-150,40000,7059.177734375,230.946136474609,-2.66448354721069,-5.62463665008545
20181116,6,-40,-150,40000,7078.357421875,231.899993896484,6.82207012176514,-4.12293100357056
20181116,12,-40,-150,40000,7111.775390625,235.377807617188,23.7028045654297,-7.14039325714111
20181116,18,-40,-150,40000,7152.32373046875,236.699996948242,33.2167472839355,-3.49137878417969
20181117,0,-40,-150,40000,7177.31201171875,237.399978637695,30.4917182922363,1.07707214355469
20181117,6,-40,-150,40000,7210.88623046875,239.300003051758,24.5999088287354,10.7355833053589
20181117,12,-40,-150,40000,7241.6591796875,239.854034423828,23.2538871765137,11.5846309661865
20181117,18,-40,-150,40000,7259.22265625,239.800003051758,22.0697479248047,6.85218524932861
20181118,0,-40,-150,40000,7277.60791015625,241.359832763672,23.3907070159912,3.55998539924622
20181118,6,-40,-150,40000,7282.25634765625,243.61164855957,21.1487274169922,2.85886240005493
20181118,12,-40,-150,40000,7293.07861328125,243.199996948242,16.2617797851563,7.03488159179688
20181118,18,-40,-150,40000,7287.13916015625,243.800003051758,13.134747505188,7.50006723403931
20181119,0,-40,-150,40000,7272.5810546875,243.199996948242,8.23641967773438,12.5803833007813
20181119,6,-40,-150,40000,7274.81005859375,243.100006103516,13.5921268463135,8.3956298828125
20181119,12,-40,-150,40000,7297.15478515625,244.499969482422,19.8116645812988,9.302001953125
20181119,18,-40,-150,40000,7312.734375,242.899993896484,23.5299129486084,2.86505126953125
20181120,0,-40,-150,40000,7329.4375,243.101959228516,25.8388004302979,-4.19996929168701
20181120,6,-40,-150,40000,7348.98193359375,244.699981689453,22.5372982025146,-2.29854726791382
20181120,12,-40,-150,40000,7366.6513671875,245.800003051758,22.5222663879395,-1.73171389102936
20181120,18,-40,-150,40000,7362.70556640625,245.800003051758,19.6797542572021,-0.404180914163589
20181121,0,-40,-150,40000,7345.1201171875,245.5,20.8056144714355,6.29998159408569
20181121,6,-40,-150,40000,7299.1767578125,243.699996948242,23.9808616638184,9.66914081573486
20181121,12,-40,-150,40000,7257.71630859375,242.300003051758,14.4699611663818,6.50112295150757
20181121,18,-40,-150,40000,7225.30517578125,239.5,8.18641090393066,4.24669170379639
20181122,0,-40,-150,40000,7206.06005859375,239.100006103516,7.68862009048462,0.829571545124054
20181122,6,-40,-150,40000,7201.63134765625,238.600006103516,4.99191904067993,0.7955322265625
20181122,12,-40,-150,40000,7198.9169921875,238.502655029297,-1.20326840877533,-1.64030146598816
20181122,18,-40,-150,40000,7203.37060546875,238.328704833984,-3.84684443473816,-2.98695063591003
20181123,0,-40,-150,40000,7209.1630859375,238.605377197266,-5.69912099838257,-3.80005502700806
20181123,6,-40,-150,40000,7223.279296875,238.933319091797,-2.90841674804688,-7.70001840591431
20181123,12,-40,-150,40000,7239.00048828125,239.747772216797,2.41720581054688,-6.77880859375
20181123,18,-40,-150,40000,7246.58984375,239.559448242188,3.74647521972656,-5.55393075942993
20181124,0,-40,-150,40000,7241.04541015625,239.473846435547,3.64855337142944,-3.54426264762878
20181124,6,-40,-150,40000,7245.5673828125,239.262283325195,2.28975820541382,-4.55339956283569
20181124,12,-40,-150,40000,7257.29443359375,240.679733276367,10.2618770599365,-18.3586978912354
20181124,18,-40,-150,40000,7288.91796875,241.86067199707,13.5217409133911,-17.4974155426025
20181125,0,-40,-150,40000,7297.0654296875,242.772491455078,17.5976982116699,-14.3069667816162
20181125,6,-40,-150,40000,7297.85888671875,244.199996948242,22.5547733306885,-13.0291233062744
20181125,12,-40,-150,40000,7302.01318359375,244.7724609375,15.9233694076538,-7.7872166633606
20181125,18,-40,-150,40000,7301.47607421875,244.47248840332,11.4881153106689,-4.4815526008606
20181126,0,-40,-150,40000,7300.583984375,243.899993896484,16.4745979309082,-0.991167008876801
20181126,6,-40,-150,40000,7286.40673828125,243.940551757813,13.7132873535156,4.30320453643799
20181126,12,-40,-150,40000,7249.2998046875,243.300003051758,17.2774314880371,14.8058004379272
20181126,18,-40,-150,40000,7232.28515625,242.399993896484,20.0383358001709,4.96401977539063
20181127,0,-40,-150,40000,7252.45703125,244.800003051758,22.9467887878418,6.38048076629639
20181127,6,-40,-150,40000,7249.26953125,243.800003051758,27.1595764160156,6.28220844268799
20181127,12,-40,-150,40000,7262.9580078125,243.872512817383,24.4837055206299,9.34290027618408
20181127,18,-40,-150,40000,7262.41357421875,244.300003051758,22.6394062042236,11.0114259719849
20181128,0,-40,-150,40000,7259.68798828125,244.278686523438,21.9085330963135,17.7411327362061
20181128,6,-40,-150,40000,7231.65869140625,242.100021362305,12.7851123809814,15.3452396392822
20181128,12,-40,-150,40000,7195.5751953125,241.720901489258,14.1667919158936,28.0122699737549
20181128,18,-40,-150,40000,7158.3935546875,237.5,7.75086402893066,13.3498048782349
20181129,0,-40,-150,40000,7168.525390625,237.489654541016,16.3167839050293,13.0017147064209
20181129,6,-40,-150,40000,7179.8349609375,237.903884887695,14.6991424560547,10.881628036499
20181129,12,-40,-150,40000,7190.71923828125,238.600006103516,4.4287748336792,8.90004920959473
20181129,18,-40,-150,40000,7191.8564453125,239.100006103516,4.45434331893921,12.6296043395996
20181130,0,-40,-150,40000,7179.140625,239.600006103516,0.648400902748108,7.4222559928894
20181130,6,-40,-150,40000,7152.3525390625,238.899993896484,-4.56856203079224,4.12833976745605
20181130,12,-40,-150,40000,7153.3125,238.321014404297,2.30221199989319,1.12385249137878
20181130,18,-40,-150,40000,7167.43896484375,238.33349609375,8.83460235595703,2.21886730194092
20181201,0,-40,-150,40000,7189.6748046875,241.884643554688,8.66136169433594,-21.5687065124512
20181201,6,-40,-150,40000,7235.328125,243.318771362305,15.6837339401245,-12.1856441497803
20181201,12,-40,-150,40000,7274.35791015625,244,17.8999176025391,-5.59812021255493
20181201,18,-40,-150,40000,7290.35546875,243.340545654297,16.4776649475098,3.10670161247253
20181202,0,-40,-150,40000,7285.13671875,242.694427490234,13.114764213562,9.29599571228027
20181202,6,-40,-150,40000,7265.001953125,241.491088867188,10.8041563034058,8.6002254486084
20181202,12,-40,-150,40000,7263.91796875,241.026092529297,10.6975803375244,8.24672889709473
20181202,18,-40,-150,40000,7260.51708984375,241.1162109375,8.80459308624268,8.26920795440674
20181203,0,-40,-150,40000,7254.05859375,241.627517700195,8.04389381408691,7.01331806182861
20181203,6,-40,-150,40000,7243.78564453125,241.612762451172,4.10186767578125,8.5799560546875
20181203,12,-40,-150,40000,7234.671875,242,4.75847148895264,8.40680503845215
20181203,18,-40,-150,40000,7230.3994140625,241.933685302734,5.02673959732056,8.47298622131348
20181204,0,-40,-150,40000,7216.27001953125,241.824554443359,5.70986318588257,6.51029062271118
20181204,6,-40,-150,40000,7201.638671875,241.485382080078,2.61365365982056,4.64006328582764
20181204,12,-40,-150,40000,7185.41455078125,240.813278198242,-1.2585175037384,4.70534038543701
20181204,18,-40,-150,40000,7173.90576171875,239.999923706055,0.181475833058357,4.39973163604736
20181205,0,-40,-150,40000,7163.169921875,239.399978637695,1.00371706485748,5.09998798370361
20181205,6,-40,-150,40000,7155.89990234375,238.114624023438,0.97054135799408,6.49760723114014
20181205,12,-40,-150,40000,7157.84814453125,238.199996948242,1.16467893123627,4.21605825424194
20181205,18,-40,-150,40000,7149.982421875,238.102416992188,5.92679738998413,10.160662651062
20181206,0,-40,-150,40000,7131.0556640625,237.600021362305,3.08385610580444,12.8773069381714
20181206,6,-40,-150,40000,7108.76123046875,236.810745239258,-1.86397099494934,12.9030885696411
20181206,12,-40,-150,40000,7112.2080078125,237.728973388672,1.23400270938873,10.6873903274536
20181206,18,-40,-150,40000,7122.96142578125,238.027984619141,6.16567373275757,9.87114906311035
20181207,0,-40,-150,40000,7138.5751953125,238.66145324707,0.0597717277705669,-11.8627872467041
20181207,6,-40,-150,40000,7156.03759765625,238.271774291992,1.62515258789063,-15.9199275970459
20181207,12,-40,-150,40000,7170.59326171875,239.36784362793,5.8974609375,-14.7835083007813
20181207,18,-40,-150,40000,7186.45166015625,240.900024414063,7.64349842071533,-11.1093502044678
20181208,0,-40,-150,40000,7162.060546875,239.251342773438,8.71858882904053,-13.3928318023682
20181208,6,-40,-150,40000,7187.416015625,240.91389465332,-1.47854495048523,-25.3992767333984
20181208,12,-40,-150,40000,7233.923828125,242.90446472168,9.44545650482178,-11.3542671203613
20181208,18,-40,-150,40000,7240.09228515625,243.518356323242,17.113941192627,-0.137399286031723
20181209,0,-40,-150,40000,7222.51806640625,242.800003051758,18.6699981689453,7.14676284790039
20181209,6,-40,-150,40000,7186.80859375,241.704010009766,18.560604095459,14.3929567337036
20181209,12,-40,-150,40000,7154.6513671875,239.699996948242,21.9646587371826,20.4398040771484
20181209,18,-40,-150,40000,7128.2138671875,239.791412353516,15.1722364425659,9.74270629882813
20181210,0,-40,-150,40000,7099.771484375,238.115798950195,24.3749141693115,3.22481679916382
20181210,6,-40,-150,40000,7076.35009765625,236.588836669922,26.4778861999512,2.23750615119934
20181210,12,-40,-150,40000,7067.60791015625,237.126754760742,15.2532901763916,7.16977548599243
20181210,18,-40,-150,40000,7025.326171875,236.199981689453,10.1708402633667,18.9849662780762
20181211,0,-40,-150,40000,6968.18701171875,233.376953125,5.69992065429688,0.675463855266571
20181211,6,-40,-150,40000,6981.6123046875,232.054977416992,2.24169611930847,7.11074209213257
20181211,12,-40,-150,40000,6993.5576171875,230.372436523438,15.1999940872192,6.17061758041382
20181211,18,-40,-150,40000,6992.25390625,230.406768798828,10.5810241699219,9.08449077606201
20181212,0,-40,-150,40000,6967.23828125,229.28092956543,11.6512203216553,6.55099773406982
20181212,6,-40,-150,40000,6947.73486328125,230,15.5851287841797,5.49217224121094
20181212,12,-40,-150,40000,6946.943359375,231.885589599609,23.3344821929932,-2.09215402603149
20181212,18,-40,-150,40000,6973.2470703125,233.487869262695,29.7866363525391,-7.38147592544556
20181213,0,-40,-150,40000,7031.22998046875,239.527542114258,47.1482696533203,-12.2836484909058
20181213,6,-40,-150,40000,7063.76611328125,237.229156494141,35.9310302734375,-3.92675161361694
20181213,12,-40,-150,40000,7097.154296875,235.199996948242,42.7957801818848,4.07614135742188
20181213,18,-40,-150,40000,7113.8994140625,236.100021362305,33.5444221496582,7.65422344207764
20181214,0,-40,-150,40000,7141.37548828125,238.720260620117,38.0915489196777,-7.03353261947632
20181214,6,-40,-150,40000,7197.01806640625,242.399993896484,34.0925521850586,-8.31910419464111
20181214,12,-40,-150,40000,7245.77197265625,242.921661376953,26.5172367095947,-2.09913945198059
20181214,18,-40,-150,40000,7260.67333984375,241.699996948242,19.6274662017822,4.62140512466431
20181215,0,-40,-150,40000,7257.66748046875,241,17.2714538574219,8.0003604888916
20181215,6,-40,-150,40000,7244.54248046875,239.460372924805,13.1041259765625,10.5293941497803
20181215,12,-40,-150,40000,7236.34130859375,239.813079833984,14.7127227783203,12.3737001419067
20181215,18,-40,-150,40000,7222.92578125,238.704986572266,13.300274848938,12.7289333343506
20181216,0,-40,-150,40000,7208.5810546875,237.999969482422,7.50314331054688,11.1128206253052
20181216,6,-40,-150,40000,7191.49755859375,237.899978637695,3.85034799575806,14.8341579437256
20181216,12,-40,-150,40000,7175.94921875,237.900024414063,4.54428720474243,10.2601289749146
20181216,18,-40,-150,40000,7179.7705078125,238.100006103516,3.22846674919128,7.61945486068726
20181217,0,-40,-150,40000,7164.10693359375,238,1.73211359977722,10.5569400787354
20181217,6,-40,-150,40000,7146.9892578125,237.199996948242,-0.413751214742661,6.20004272460938
20181217,12,-40,-150,40000,7154.6748046875,238.804397583008,9.42229270935059,-12.3551998138428
20181217,18,-40,-150,40000,7175.34326171875,239.241134643555,6.8187255859375,-1.48256230354309
20181218,0,-40,-150,40000,7179.59423828125,238.27392578125,13.40456199646,0.393237292766571
20181218,6,-40,-150,40000,7176.53076171875,238.334869384766,10.1050386428833,4.92219829559326
20181218,12,-40,-150,40000,7160.658203125,238.987747192383,2.69166874885559,13.5105953216553
