20180720,0,-40,110,15000,14102.24609375,213.314300537109,12.851113319397,1.85316407680511
20180720,6,-40,110,15000,14101.728515625,213.600006103516,9.7283353805542,0.605000019073486
20180720,12,-40,110,15000,14110.9453125,213.797210693359,8.05194854736328,1.91829586029053
20180720,18,-40,110,15000,14135.6552734375,214.589996337891,9.70889186859131,-0.834216296672821
20180721,0,-40,110,15000,14167.4345703125,213.199996948242,13.6800003051758,-8.37845230102539
20180721,6,-40,110,15000,14168.8212890625,211.217239379883,10.3027830123901,-7.58739280700684
20180721,12,-40,110,15000,14179.80078125,211.5,11.6099948883057,0.758918464183807
20180721,18,-40,110,15000,14198.13671875,210.5625,9.81444835662842,6.44753885269165
20180722,0,-40,110,15000,14218.09765625,209.899993896484,6.22273445129395,2.08183097839355
20180722,6,-40,110,15000,14224.8271484375,209,2.49805665016174,2.0606005191803
20180722,12,-40,110,15000,14220.8427734375,208.324462890625,1.71122074127197,7.52512216567993
20180722,18,-40,110,15000,14236.708984375,208.385330200195,3.59313488006592,6.14061546325684
20180723,0,-40,110,15000,14254.7421875,209.231689453125,1.76938724517822,1.57142090797424
20180723,6,-40,110,15000,14245.1015625,207.999969482422,-3.10194325447083,1.17768800258636
20180723,12,-40,110,15000,14236.3388671875,207.5,-4.51935529708862,-1.87233150005341
20180723,18,-40,110,15000,14248.912109375,208.899993896484,-5.84442377090454,-2.61355471611023
20180724,0,-40,110,15000,14258.1611328125,208.899993896484,-4.60843992233276,-4.70304203033447
20180724,6,-40,110,15000,14232.9375,209.231689453125,-5.4173436164856,-6.8951268196106
20180724,12,-40,110,15000,14222.0341796875,211.178070068359,-9.04135513305664,-6.09384775161743
20180724,18,-40,110,15000,14219.306640625,212.699996948242,-4.58804941177368,-2.57379388809204
20180725,0,-40,110,15000,14222.63671875,212.600006103516,-2.18705558776855,-5.9279637336731
20180725,6,-40,110,15000,14199.54296875,212.699996948242,-1.99101567268372,-3.0396728515625
20180725,12,-40,110,15000,14198.537109375,211.912811279297,4.39499998092651,-0.938054203987122
20180725,18,-40,110,15000,14211.8251953125,208.482757568359,7.89791488647461,-1.01050782203674
20180726,0,-40,110,15000,14214.2109375,209.06364440918,6.5966944694519,6.3246750831604
20180726,6,-40,110,15000,14202.6123046875,210.699996948242,9.33809566497803,11.4672899246216
20180726,12,-40,110,15000,14184.625,210.929153442383,12.0040674209595,13.6037254333496
20180726,18,-40,110,15000,14190.8759765625,210.45881652832,17.6922492980957,17.2188377380371
20180727,0,-40,110,15000,14195.2158203125,211.724456787109,15.4638919830322,16.7203254699707
20180727,6,-40,110,15000,14177.1474609375,212.800003051758,13.9934177398682,14.8414278030396
20180727,12,-40,110,15000,14172.4013671875,211.899993896484,13.9941549301147,11.9489450454712
20180727,18,-40,110,15000,14183.5263671875,211.588577270508,15.6747217178345,12.4631376266479
20180728,0,-40,110,15000,14186.2275390625,210.914703369141,15.2647171020508,12.4402856826782
20180728,6,-40,110,15000,14163.625,210.685302734375,12.4602909088135,13.2619972229004
20180728,12,-40,110,15000,14152.490234375,210.5,14.9990139007568,17.0461616516113
20180728,18,-40,110,15000,14153.2724609375,210.600006103516,21.555549621582,16.3781547546387
20180729,0,-40,110,15000,14149.0341796875,213,22.659740447998,13.158730506897
20180729,6,-40,110,15000,14138.990234375,215.368316650391,19.9608383178711,8.22152614593506
20180729,12,-40,110,15000,14136.33984375,213.099975585938,23.7700099945068,7.1230788230896
20180729,18,-40,110,15000,14148.634765625,212.599975585938,23.8622455596924,13.3234987258911
20180730,0,-40,110,15000,14154.8603515625,213.399978637695,25.2464447021484,10.8248434066772
20180730,6,-40,110,15000,14148.134765625,211.5,24.8435935974121,3.97529292106628
20180730,12,-40,110,15000,14157.9599609375,211.5,19.8532905578613,5.23093032836914
20180730,18,-40,110,15000,14168.1162109375,209.699996948242,21.086109161377,10.7207765579224
20180731,0,-40,110,15000,14171.326171875,210.748931884766,25.9600048065186,8.98993873596191
20180731,6,-40,110,15000,14169.287109375,209.600006103516,32.5136566162109,-2.22863292694092
20180731,12,-40,110,15000,14197.8583984375,206.800003051758,20.6700191497803,0.228808596730232
20180731,18,-40,110,15000,14217.544921875,206.899993896484,18.2826862335205,9.17679691314697
20180801,0,-40,110,15000,14238.3154296875,207.061447143555,18.5000495910645,4.90440940856934
20180801,6,-40,110,15000,14238.2626953125,206.399993896484,18.6825008392334,5.37823724746704
20180801,12,-40,110,15000,14240.8427734375,207.699996948242,11.1567630767822,7.69683599472046
20180801,18,-40,110,15000,14259.4775390625,207.499969482422,10.7757425308228,13.9021921157837
20180802,0,-40,110,15000,14269.0302734375,207.100006103516,13.1894779205322,12.5352516174316
20180802,6,-40,110,15000,14254.7275390625,209.399993896484,8.86168479919434,11.4694185256958
20180802,12,-40,110,15000,14250.576171875,210.5,10.2772779464722,14.1276321411133
20180802,18,-40,110,15000,14264.794921875,210.399993896484,13.0709714889526,13.8854560852051
20180803,0,-40,110,15000,14282.490234375,210.899993896484,11.7622337341309,9.4180326461792
20180803,6,-40,110,15000,14261.4775390625,210.5,10.8599948883057,10.1173343658447
20180803,12,-40,110,15000,14256.861328125,211.5,10.2660055160522,10.7740211486816
20180803,18,-40,110,15000,14266.869140625,211.699996948242,12.1791696548462,8.86345195770264
20180804,0,-40,110,15000,14269.4541015625,212.800003051758,11.0671730041504,8.04003143310547
20180804,6,-40,110,15000,14254.8798828125,213.100006103516,9.88777828216553,9.32010269165039
20180804,12,-40,110,15000,14240.3173828125,214.100006103516,12.7683353424072,9.10610580444336
20180804,18,-40,110,15000,14241.49609375,214.100006103516,14.2700052261353,4.29657697677612
20180805,0,-40,110,15000,14235.3671875,215.300003051758,15.4646139144897,5.70622539520264
20180805,6,-40,110,15000,14211.98046875,215.600006103516,15.3200101852417,-2.14267826080322
20180805,12,-40,110,15000,14206.55859375,213.107467651367,11.5178079605103,-6.00251722335815
20180805,18,-40,110,15000,14216.5634765625,212.099975585938,8.69892597198486,-4.6441502571106
20180806,0,-40,110,15000,14222.4013671875,211.806976318359,7.20000982284546,-6.25479507446289
20180806,6,-40,110,15000,14199.3759765625,211.399993896484,4.40000009536743,-1.68530035018921
20180806,12,-40,110,15000,14186.5888671875,212.314254760742,5.70002937316895,-0.149973139166832
20180806,18,-40,110,15000,14186.59765625,212.199996948242,6.80665016174316,1.64622068405151
20180807,0,-40,110,15000,14186.1875,212.821929931641,4.4105372428894,1.25392329692841
20180807,6,-40,110,15000,14168.87109375,214.100006103516,5.0958104133606,-0.826369643211365
20180807,12,-40,110,15000,14159.6728515625,213.600006103516,-0.00500244135037065,-0.470039069652557
20180807,18,-40,110,15000,14163.619140625,213.300003051758,2.78412842750549,0.661320805549622
20180808,0,-40,110,15000,14168.14453125,213.066696166992,3.38000726699829,-3.55051517486572
20180808,6,-40,110,15000,14163.2900390625,210.600006103516,2.85999512672424,-9.74109649658203
20180808,12,-40,110,15000,14164.9541015625,209.599975585938,3.05272459983826,-4.35339832305908
20180808,18,-40,110,15000,14177.2724609375,209.399978637695,6.36855459213257,-3.25664067268372
20180809,0,-40,110,15000,14180.15625,208.900238037109,8.05167484283447,-4.95877456665039
20180809,6,-40,110,15000,14163.8466796875,209.100006103516,9.63444805145264,-1.78669190406799
20180809,12,-40,110,15000,14146.2197265625,208.800003051758,9.25435543060303,2.8941478729248
20180809,18,-40,110,15000,14133.775390625,209.006988525391,18.1347312927246,13.0389451980591
20180810,0,-40,110,15000,14118.6904296875,213.699996948242,18.341796875,4.38003396987915
20180810,6,-40,110,15000,14093.1240234375,214.199996948242,18.6922760009766,1.02292239665985
20180810,12,-40,110,15000,14082.29296875,213.536376953125,20.1737995147705,-1.75520014762878
20180810,18,-40,110,15000,14091.7783203125,212.300003051758,21.0876808166504,-3.68394041061401
20180811,0,-40,110,15000,14111.2421875,210.399993896484,21.6899566650391,-5.96328592300415
20180811,6,-40,110,15000,14107.361328125,209.600006103516,22.9825096130371,-1.59968018531799
20180811,12,-40,110,15000,14109.83203125,209.600006103516,21.7015762329102,3.96041250228882
20180811,18,-40,110,15000,14124.0791015625,210.687210083008,21.2967586517334,9.75834274291992
20180812,0,-40,110,15000,14139.666015625,211.118316650391,21.7964935302734,4.96029806137085
20180812,6,-40,110,15000,14133.958984375,210.576416015625,23.7000007629395,6.83015871047974
20180812,12,-40,110,15000,14138.0078125,209.600006103516,25.3919486999512,10.568359375
20180812,18,-40,110,15000,14169.4853515625,206.899978637695,24.2000045776367,16.6926116943359
20180813,0,-40,110,15000,14186.009765625,207.468307495117,24.2013568878174,10.8462991714478
20180813,6,-40,110,15000,14187.3740234375,207.5,17.8815822601318,10.0990524291992
20180813,12,-40,110,15000,14179.30078125,207.099975585938,13.4566745758057,13.5121021270752
20180813,18,-40,110,15000,14179.7783203125,207.5,9.50664043426514,15.3046627044678
20180814,0,-40,110,15000,14176.19140625,208,7.89963388442993,12.6135940551758
20180814,6,-40,110,15000,14142.7197265625,210.699996948242,2.68612313270569,10.8567428588867
20180814,12,-40,110,15000,14128.95703125,211.699996948242,4.58961915969849,11.9499950408936
20180814,18,-40,110,15000,14124.201171875,211.099975585938,5.50712871551514,14.6821537017822
20180815,0,-40,110,15000,14108.3291015625,214.263381958008,9.474365234375,16.8594036102295
20180815,6,-40,110,15000,14084.9365234375,216.399978637695,14.2122802734375,10.1810426712036
20180815,12,-40,110,15000,14079.392578125,217,12.211220741272,-0.386281728744507
20180815,18,-40,110,15000,14108.5908203125,214.399993896484,14.1899995803833,-3.62306141853333
20180816,0,-40,110,15000,14125.11328125,213.699996948242,14.1099996566772,-3.73328113555908
20180816,6,-40,110,15000,14122.3349609375,213.239791870117,14.7048778533936,-2.20242929458618
20180816,12,-40,110,15000,14132.4033203125,213.800003051758,11.9146242141724,-5.18634510040283
20180816,18,-40,110,15000,14158.8466796875,213.300003051758,7.41333484649658,-4.02656745910645
20180817,0,-40,110,15000,14185.8134765625,212.861083984375,5.00000953674316,-5.59491205215454
20180817,6,-40,110,15000,14184.3896484375,212,3.89000487327576,-3.70533680915833
20180817,12,-40,110,15000,14181.3134765625,210.899993896484,5.46999979019165,-3.38545417785645
20180817,18,-40,110,15000,14189.6220703125,210.629150390625,7.9544506072998,-2.16618657112122
20180818,0,-40,110,15000,14198.3359375,210.600006103516,13.2891988754272,-5.34800052642822
20180818,6,-40,110,15000,14177.5537109375,209.300003051758,11.3375053405762,-6.91171646118164
20180818,12,-40,110,15000,14164.9501953125,208.5,15.4375047683716,-1.15091550350189
20180818,18,-40,110,15000,14165.10546875,209.099761962891,17.5839004516602,-1.39610111713409
20180819,0,-40,110,15000,14171.638671875,210.099761962891,15.0936183929443,-3.65603017807007
20180819,6,-40,110,15000,14153.7412109375,209.800003051758,16.0928859710693,1.94889402389526
20180819,12,-40,110,15000,14149.4453125,211.499755859375,15.5900049209595,3.88547110557556
20180819,18,-40,110,15000,14168.9384765625,211,13.3881397247314,7.31364250183105
20180820,0,-40,110,15000,14169.0341796875,211.907470703125,11.3952445983887,9.06323528289795
20180820,6,-40,110,15000,14151.9853515625,212.300003051758,7.78467273712158,11.9619626998901
20180820,12,-40,110,15000,14151.5888671875,214.399978637695,10.0955953598022,9.32489490509033
20180820,18,-40,110,15000,14165.2802734375,213.300003051758,7.92000961303711,5.93232917785645
20180821,0,-40,110,15000,14183.2890625,212.899993896484,5.48110818862915,5.05441427230835
20180821,6,-40,110,15000,14185.7724609375,212.699996948242,2.51808595657349,0.415937513113022
20180821,12,-40,110,15000,14185.662109375,212.300003051758,-1.9291650056839,-0.00478515634313226
20180821,18,-40,110,15000,14190.3134765625,211.500030517578,-0.810002446174622,2.52158212661743
20180822,0,-40,110,15000,14193.037109375,210.036376953125,1.98000490665436,-4.07317638397217
20180822,6,-40,110,15000,14178.0625,209.736373901367,2.94000005722046,2.25323247909546
20180822,12,-40,110,15000,14156.240234375,209.399993896484,8.3656005859375,7.98404788970947
20180822,18,-40,110,15000,14132.4775390625,209.970855712891,13.5852880477905,15.5344533920288
20180823,0,-40,110,15000,14104.04296875,211.899993896484,21.8697700500488,17.4186573028564
20180823,6,-40,110,15000,14054.12890625,213.813354492188,22.7620315551758,21.4840698242188
20180823,12,-40,110,15000,14023.0283203125,214.278076171875,26.3800144195557,25.3138198852539
20180823,18,-40,110,15000,14007.009765625,216.800003051758,25.3511180877686,20.6820430755615
20180824,0,-40,110,15000,14020.0966796875,216.79997253418,23.0500106811523,12.1382694244385
20180824,6,-40,110,15000,14029.2509765625,216,18.7377738952637,3.74249029159546
20180824,12,-40,110,15000,14063.4775390625,213.399993896484,11.826699256897,0.167426764965057
20180824,18,-40,110,15000,14106.4833984375,211.300003051758,6.90816879272461,-2.61613273620605
20180825,0,-40,110,15000,14140.3388671875,210.699996948242,6.59269046783447,1.59413576126099
20180825,6,-40,110,15000,14149.255859375,210.499969482422,9.71223640441895,-2.39837408065796
20180825,12,-40,110,15000,14163.97265625,210.199996948242,8.48165035247803,-1.79298090934753
20180825,18,-40,110,15000,14182.5625,208.800003051758,10.2852783203125,-0.899357914924622
20180826,0,-40,110,15000,14191.2763671875,209.699996948242,11.8694429397583,-0.213020026683807
20180826,6,-40,110,15000,14177.232421875,209.600006103516,10.2688913345337,0.0671118199825287
20180826,12,-40,110,15000,14167.8935546875,209.806976318359,10.9224605560303,2.68584227561951
20180826,18,-40,110,15000,14169.005859375,210.300003051758,11.4911231994629,-0.376379400491714
20180827,0,-40,110,15000,14171.46875,211.399993896484,15.3523092269897,-5.88602066040039
20180827,6,-40,110,15000,14159.552734375,210.099975585938,11.3300094604492,-10.3902397155762
20180827,12,-40,110,15000,14178.4814453125,208.714691162109,8.30528831481934,-15.3473415374756
20180827,18,-40,110,15000,14204.7373046875,207.600006103516,2.88805675506592,-14.911826133728
20180828,0,-40,110,15000,14228.81640625,207.79997253418,9.07553672790527,-13.3691844940186
20180828,6,-40,110,15000,14226.6396484375,205.800003051758,12.2685403823853,-14.7813863754272
20180828,12,-40,110,15000,14233.34375,205.800003051758,4.85999774932861,-12.5743970870972
20180828,18,-40,110,15000,14244.34375,205.699996948242,-0.625026881694794,-2.33355236053467
20180829,0,-40,110,15000,14259.0791015625,206.699981689453,1.27990484237671,-3.2334156036377
20180829,6,-40,110,15000,14246.05078125,206.439407348633,0.383920907974243,-1.37302494049072
20180829,12,-40,110,15000,14240.38671875,206.399993896484,-1.6203271150589,4.54148435592651
20180829,18,-40,110,15000,14240.4521484375,206.699996948242,4.50079107284546,9.22513675689697
20180830,0,-40,110,15000,14246.52734375,206.300003051758,11.9146480560303,4.67081546783447
20180830,6,-40,110,15000,14224.80859375,205.399978637695,11.596715927124,1.82157468795776
20180830,12,-40,110,15000,14204.59375,205.682769775391,8.74634742736816,6.61081314086914
20180830,18,-40,110,15000,14203.8046875,205.899978637695,6.55000019073486,13.3157958984375
20180831,0,-40,110,15000,14203.236328125,206.387939453125,12.7300024032593,6.1839599609375
20180831,6,-40,110,15000,14180.6259765625,206.359222412109,7.84555196762085,5.97516345977783
20180831,12,-40,110,15000,14170.181640625,206.511184692383,8.74662113189697,8.40046405792236
20180831,18,-40,110,15000,14182.5986328125,205.920944213867,13.3720512390137,6.92643547058105
20180901,0,-40,110,15000,14183.08203125,206.899978637695,14.6427783966064,4.02445554733276
20180901,6,-40,110,15000,14180.8525390625,207.399993896484,11.9799995422363,-4.16218757629395
20180901,12,-40,110,15000,14177.62109375,207.5,8.49000930786133,0.451093763113022
20180901,18,-40,110,15000,14189.09765625,207.899993896484,14.0822219848633,2.28169918060303
20180902,0,-40,110,15000,14198.5849609375,208.699996948242,12.739462852478,-6.24231195449829
20180902,6,-40,110,15000,14204.3095703125,207.800003051758,3.10190916061401,-13.5381784439087
20180902,12,-40,110,15000,14211.0029296875,207.300003051758,-2.72444820404053,-8.40096664428711
20180902,18,-40,110,15000,14225.52734375,207.199996948242,1.88062500953674,-3.63563966751099
20180903,0,-40,110,15000,14237.5478515625,206.699996948242,2.68047857284546,-1.77495610713959
20180903,6,-40,110,15000,14235.82421875,206.699996948242,3.87000250816345,-3.98127675056458
20180903,12,-40,110,15000,14236.8623046875,207.199996948242,0.26664063334465,-0.0352026373147964
20180903,18,-40,110,15000,14240.53125,207.199996948242,5.08445072174072,2.56834721565247
20180904,0,-40,110,15000,14249.7841796875,207.300003051758,5.64216566085815,-4.28969478607178
20180904,6,-40,110,15000,14238.66796875,207.499969482422,-0.805131852626801,-8.69574928283691
20180904,12,-40,110,15000,14241.3916015625,206.699996948242,-2.32082509994507,-10.3687715530396
20180904,18,-40,110,15000,14245.3896484375,205.699981689453,1.37335443496704,-10.7518043518066
20180905,0,-40,110,15000,14249.7001953125,206,0.2818603515625,-13.0058345794678
20180905,6,-40,110,15000,14242.8583984375,205.899993896484,-0.625034153461456,-14.9833402633667
20180905,12,-40,110,15000,14245.865234375,205.300003051758,-2.81656742095947,-12.145058631897
20180905,18,-40,110,15000,14258.6484375,205.800003051758,-5.4424901008606,-5.9024510383606
20180906,0,-40,110,15000,14268.2861328125,206.100051879883,-4.44999027252197,-2.81791996955872
20180906,6,-40,110,15000,14247.974609375,206.399993896484,-1.63999509811401,-0.150358885526657
20180906,12,-40,110,15000,14238.8564453125,205.719436645508,1.17114019393921,6.07091808319092
20180906,18,-40,110,15000,14230.416015625,205.199996948242,4.74447774887085,6.35554933547974
20180907,0,-40,110,15000,14216.50390625,205.494216918945,5.74112319946289,-0.978181123733521
20180907,6,-40,110,15000,14188.7333984375,206.600006103516,5.35125970840454,-0.346569836139679
20180907,12,-40,110,15000,14159.4990234375,206.100006103516,6.37082529067993,2.91944336891174
20180907,18,-40,110,15000,14145.0048828125,206.699996948242,12.1616792678833,3.1474072933197
20180908,0,-40,110,15000,14123.6025390625,207.399978637695,16.4216899871826,-1.1346435546875
20180908,6,-40,110,15000,14084.458984375,207.199996948242,19.9500102996826,-4.39399909973145
20180908,12,-40,110,15000,14062.0791015625,207.199981689453,23.281120300293,-1.60001218318939
20180908,18,-40,110,15000,14062.232421875,206.399978637695,25.1025142669678,-6.63921642303467
20180909,0,-40,110,15000,14071.2138671875,208.599975585938,24.556812286377,-14.0586061477661
20180909,6,-40,110,15000,14067.6171875,207.899993896484,26.9836616516113,-15.6431589126587
20180909,12,-40,110,15000,14064.2958984375,208.600006103516,27.6510334014893,-10.0972681045532
20180909,18,-40,110,15000,14081.55859375,208.100006103516,28.4700222015381,-11.6820459365845
20180910,0,-40,110,15000,14112.7158203125,207.600006103516,25.5700149536133,-10.0033540725708
20180910,6,-40,110,15000,14140.1201171875,210.161087036133,20.5677814483643,-13.7461843490601
20180910,12,-40,110,15000,14171.7265625,209,17.1709976196289,-4.91652345657349
20180910,18,-40,110,15000,14203.0986328125,208.199996948242,13.2960157394409,1.80106687545776
20180911,0,-40,110,15000,14225.25390625,208.238922119141,10.9700241088867,7.14257574081421
20180911,6,-40,110,15000,14219.6328125,207.300003051758,9.66801738739014,7.5416407585144
20180911,12,-40,110,15000,14214.2138671875,207.600006103516,5.99001455307007,10.8903007507324
20180911,18,-40,110,15000,14220.3798828125,208.427734375,9.80056667327881,16.2065105438232
20180912,0,-40,110,15000,14215.83203125,209.246612548828,14.8252878189087,11.1375389099121
20180912,6,-40,110,15000,14213.7900390625,209.591018676758,10.3352851867676,6.00886726379395
20180912,12,-40,110,15000,14215.9873046875,209.246139526367,15.0077095031738,7.93372821807861
20180912,18,-40,110,15000,14234.8271484375,209.927536010742,20.2842350006104,6.12664794921875
20180913,0,-40,110,15000,14246.0400390625,210.231689453125,24.5160961151123,0.802250981330872
20180913,6,-40,110,15000,14242.2158203125,210.221923828125,23.5157814025879,1.28643560409546
20180913,12,-40,110,15000,14235.0341796875,208.79997253418,32.2236633300781,1.4599267244339
20180913,18,-40,110,15000,14248.7734375,209.300003051758,30.7595634460449,-6.75551748275757
20180914,12,-40,110,15000,14237.6533203125,211.002487182617,9.20498561859131,-18.8940277099609
20180914,18,-40,110,15000,14247.9208984375,211.899993896484,10.8141479492188,-13.4691743850708
20180915,0,-40,110,15000,14244.458984375,210.699996948242,14.1900119781494,-13.5875806808472
20180915,6,-40,110,15000,14227.0634765625,211.100006103516,11.1970338821411,-17.665433883667
20180915,12,-40,110,15000,14222.8115234375,211.099975585938,5.08419179916382,-19.8770332336426
20180915,18,-40,110,15000,14242.3720703125,210.731689453125,1.17990970611572,-17.0663070678711
20180916,0,-40,110,15000,14251.7490234375,209.685272216797,-0.447414547204971,-14.3559103012085
20180916,12,-40,110,15000,14244.4091796875,208.738922119141,5.3326096534729,-11.0074901580811
20180916,18,-40,110,15000,14250.169921875,208.899993896484,6.56369876861572,-8.5572509765625
20180917,0,-40,110,15000,14258.875,209,8.51083755493164,-7.13215589523315
20180917,6,-40,110,15000,14238.3984375,209.300003051758,9.70751476287842,-5.1578049659729
20180917,12,-40,110,15000,14227.919921875,208.800003051758,10.1935110092163,-8.75070095062256
20180917,18,-40,110,15000,14222.2646484375,208.399978637695,9.26405239105225,-6.63158702850342
20180918,0,-40,110,15000,14222.9970703125,207.999969482422,11.1691312789917,-7.16617918014526
20180918,6,-40,110,15000,14202.8173828125,209.699996948242,12.8937721252441,-5.64723873138428
20180918,12,-40,110,15000,14185.71484375,209.899993896484,12.003249168396,-5.77544212341309
20180918,18,-40,110,15000,14179.0908203125,210.199996948242,12.4759035110474,-3.20747065544128
20180919,0,-40,110,15000,14161.681640625,210.736358642578,11.9655542373657,-2.62462162971497
20180919,6,-40,110,15000,14135.00390625,210.300003051758,15.8765506744385,0.688679218292236
20180919,12,-40,110,15000,14110.44140625,211.320159912109,17.8731441497803,-1.12231206893921
20180919,18,-40,110,15000,14109.384765625,211.903228759766,17.6997318267822,-2.68742918968201
20180920,0,-40,110,15000,14102.9833984375,212.75505065918,21.5749855041504,-8.71574974060059
20180920,6,-40,110,15000,14122.025390625,211,25.0996932983398,-16.9281330108643
20180920,12,-40,110,15000,14138.896484375,210.000030517578,19.7883529663086,-19.6679058074951
20180920,18,-40,110,15000,14157.5048828125,208.699996948242,24.5496501922607,-13.7337303161621
20180921,0,-40,110,15000,14182.6201171875,206.800003051758,24.8583316802979,-19.1449203491211
20180921,6,-40,110,15000,14199.572265625,206.424468994141,16.2707958221436,-20.6788673400879
20180921,12,-40,110,15000,14207.1689453125,206.018890380859,10.9932126998901,-15.3988695144653
20180921,18,-40,110,15000,14222.0458984375,207.300003051758,11.6958522796631,-8.21670913696289
20180922,0,-40,110,15000,14238.9951171875,207.624465942383,13.3874998092651,-4.83282232284546
20180922,6,-40,110,15000,14206.0859375,207.078079223633,18.5545501708984,1.74244630336761
20180922,12,-40,110,15000,14177.03515625,206.600006103516,19.2892093658447,5.00097894668579
20180922,18,-40,110,15000,14155.349609375,206,27.0542106628418,9.85017776489258
20180923,0,-40,110,15000,14134.6484375,206.399993896484,32.9581298828125,4.77549076080322
20180923,6,-40,110,15000,14099.2734375,206.199996948242,36.3170623779297,5.3198070526123
20180923,12,-40,110,15000,14077.224609375,206.899993896484,36.7121086120605,7.86413812637329
20180923,18,-40,110,15000,14077.982421875,206.199996948242,38.8806838989258,7.66208982467651
20180924,0,-40,110,15000,14070.0341796875,206.100006103516,34.6769371032715,4.38349628448486
20180924,6,-40,110,15000,14060.0986328125,207.100006103516,33.1196365356445,-0.571711421012878
20180924,12,-40,110,15000,14063.69140625,207.5,34.0432510375977,0.411591798067093
20180924,18,-40,110,15000,14078.6728515625,205.689987182617,35.1008377075195,-2.3147656917572
20180925,0,-40,110,15000,14097.91015625,205.908157348633,33.9489669799805,-3.84116220474243
20180925,6,-40,110,15000,14102.8916015625,205.600006103516,30.8559799194336,-4.58720970153809
20180925,12,-40,110,15000,14105.1220703125,206.800003051758,27.3952007293701,-6.93128681182861
20180925,18,-40,110,15000,14124.677734375,208.100006103516,25.4341201782227,-6.66726541519165
20180926,0,-40,110,15000,14147.958984375,209.399993896484,21.470064163208,-11.2252197265625
20180926,6,-40,110,15000,14147.4013671875,208.19563293457,19.5739688873291,-7.65059089660645
20180926,12,-40,110,15000,14147.81640625,207.885650634766,22.2382144927979,-6.57189464569092
20180926,18,-40,110,15000,14160.162109375,207.058029174805,25.0641651153564,0.157241210341454
20180927,0,-40,110,15000,14159.0712890625,206.806243896484,24.6280708312988,2.1006543636322
20180927,6,-40,110,15000,14154.669921875,206.100006103516,22.8196296691895,5.04676008224487
20180927,12,-40,110,15000,14153.3037109375,205.699981689453,22.192533493042,9.60884284973145
20180927,18,-40,110,15000,14157.09765625,205.199996948242,21.2228927612305,11.9586324691772
20180928,0,-40,110,15000,14157.7373046875,205.600006103516,21.3197288513184,12.4967622756958
20180928,6,-40,110,15000,14146.3984375,204.899993896484,21.4405708312988,10.8776760101318
20180928,12,-40,110,15000,14143.357421875,205,23.4217853546143,12.361533164978
20180928,18,-40,110,15000,14139.0185546875,204.999969482422,25.9677886962891,13.928017616272
20180929,0,-40,110,15000,14123.2509765625,205.800003051758,30.2353172302246,15.4624948501587
20180929,6,-40,110,15000,14096.541015625,206.399993896484,32.4519805908203,14.9627809524536
20180929,12,-40,110,15000,14068.275390625,206.899993896484,33.7053871154785,14.7354173660278
20180929,18,-40,110,15000,14049.693359375,207.095550537109,32.6969757080078,10.8153104782104
20180930,0,-40,110,15000,14041.9296875,208.100006103516,30.2749805450439,6.1319899559021
20180930,6,-40,110,15000,14016.2451171875,208.459442138672,29.0825042724609,3.62218761444092
20180930,12,-40,110,15000,14006.3203125,209.499969482422,24.8895072937012,1.16173589229584
20180930,18,-40,110,15000,14008.1904296875,209.699981689453,24.3873825073242,-0.151884764432907
20181001,0,-40,110,15000,14021.5341796875,208,23.581371307373,-9.07662582397461
20181001,6,-40,110,15000,14023.416015625,208.300003051758,28.2433528900146,-13.0687789916992
20181001,12,-40,110,15000,14028.427734375,208.499969482422,31.3633575439453,-12.5001525878906
20181001,18,-40,110,15000,14036.79296875,208.300003051758,30.4418754577637,-9.25247764587402
20181002,0,-40,110,15000,14032.943359375,210,30.1479206085205,-5.27653789520264
20181002,6,-40,110,15000,14011.2763671875,208.899993896484,27.4092350006104,-8.08573722839355
20181002,12,-40,110,15000,13998.37890625,207.638916015625,19.8926105499268,-6.55359840393066
20181002,18,-40,110,15000,14000.1123046875,206.5,20.5866451263428,-7.97950172424316
20181003,0,-40,110,15000,14001.1875,208.944091796875,24.8010139465332,-3.67728519439697
20181003,6,-40,110,15000,13973.8115234375,212.199996948242,22.0686111450195,-13.4826707839966
20181003,12,-40,110,15000,13971.611328125,211.100006103516,22.5705680847168,-17.818208694458
20181003,18,-40,110,15000,13991.5703125,209.638916015625,20.5305671691895,-16.8650169372559
20181004,0,-40,110,15000,14015.537109375,209.421920776367,18.819450378418,-17.034984588623
20181004,6,-40,110,15000,14039.0810546875,210.199996948242,10.5199222564697,-23.4883193969727
20181004,12,-40,110,15000,14073.8837890625,208.414703369141,5.00945568084717,-23.0983695983887
20181004,18,-40,110,15000,14107.2587890625,207.707473754883,2.84532952308655,-19.5616474151611
20181005,0,-40,110,15000,14132.3916015625,207.546142578125,4.55709981918335,-17.5288944244385
20181005,6,-40,110,15000,14142.048828125,207.800003051758,10.112868309021,-16.0817794799805
20181005,12,-40,110,15000,14158.1376953125,208.29997253418,12.9397439956665,-13.6308517456055
20181005,18,-40,110,15000,14182.77734375,207.800003051758,14.4366579055786,-11.4034843444824
20181006,0,-40,110,15000,14196.888671875,207.699996948242,16.2893772125244,-8.22035884857178
20181006,6,-40,110,15000,14192.1240234375,207.353881835938,18.877082824707,-6.73372077941895
20181006,12,-40,110,15000,14196.3076171875,207.5,17.421272277832,-6.01124000549316
20181006,18,-40,110,15000,14208.8515625,207.448928833008,16.6630306243896,-3.3124315738678
20181007,0,-40,110,15000,14217.23046875,207.578079223633,18.3649845123291,-3.85177612304688
20181007,6,-40,110,15000,14212.64453125,207.321929931641,19.4140720367432,-6.12789297103882
20181007,12,-40,110,15000,14206.291015625,207,15.7153224945068,-4.09353637695313
20181007,18,-40,110,15000,14215.4775390625,207.721893310547,16.3496990203857,1.01502680778503
20181008,0,-40,110,15000,14218.7548828125,208.100006103516,18.2756118774414,-1.06240236759186
20181008,6,-40,110,15000,14210.3095703125,207.099975585938,22.2814846038818,-1.91169917583466
20181008,12,-40,110,15000,14201.357421875,206.899993896484,20.0025787353516,-0.641918957233429
20181008,18,-40,110,15000,14214.177734375,207,20.2709369659424,-0.997866213321686
20181009,0,-40,110,15000,14217.1103515625,206.399749755859,20.0995101928711,-1.8416405916214
20181009,6,-40,110,15000,14204.6552734375,206,19.1874771118164,0.0832275375723839
20181009,12,-40,110,15000,14196.58984375,206.399978637695,15.4975557327271,1.23552250862122
20181009,18,-40,110,15000,14193.5087890625,207.407470703125,18.3499507904053,6.73901844024658
20181010,0,-40,110,15000,14181.7099609375,207.03889465332,18.0052642822266,3.086181640625
20181010,6,-40,110,15000,14155.7412109375,207,15.4463720321655,-2.33376717567444
20181010,12,-40,110,15000,14156.056640625,208.199996948242,12.2533321380615,-11.304235458374
20181010,18,-40,110,15000,14158.3916015625,207.699996948242,18.8614406585693,-8.5672025680542
20181011,0,-40,110,15000,14159.162109375,207.106979370117,16.570198059082,-17.1660079956055
20181011,6,-40,110,15000,14169.705078125,206.199996948242,17.6652145385742,-25.1680183410645
20181011,12,-40,110,15000,14188.40625,207.199996948242,14.6400833129883,-15.5765237808228
20181011,18,-40,110,15000,14190.650390625,208.199981689453,19.8306694030762,-7.26785135269165
20181012,0,-40,110,15000,14165.3515625,207.79997253418,23.4533786773682,-0.0879443362355232
20181012,6,-40,110,15000,14140.396484375,209.300003051758,23.6565132141113,5.92122077941895
20181012,12,-40,110,15000,14102.681640625,208.100006103516,35.7734413146973,12.7208347320557
20181012,18,-40,110,15000,14045,210.800003051758,35.9184036254883,24.3796291351318
20181013,0,-40,110,15000,13990.0361328125,212.299758911133,34.8114471435547,21.3439311981201
20181013,6,-40,110,15000,13938.4873046875,211.046112060547,39.4179840087891,15.5209493637085
20181013,12,-40,110,15000,13891.00390625,214.100006103516,42.1917495727539,17.7726955413818
20181013,18,-40,110,15000,13909.7197265625,216.100006103516,34.256175994873,5.76339340209961
20181014,0,-40,110,15000,13923.369140625,215.199996948242,32.7045440673828,2.68712902069092
20181014,6,-40,110,15000,13931.037109375,213,34.7987632751465,-2.14553713798523
20181014,12,-40,110,15000,13954.791015625,210.699996948242,42.718505859375,-1.19137692451477
20181014,18,-40,110,15000,13962.302734375,211.600006103516,42.8674125671387,5.606689453125
20181015,0,-40,110,15000,13968.3564453125,213.800003051758,35.1688690185547,0.785542011260986
20181015,6,-40,110,15000,13957.884765625,213.899993896484,31.2982540130615,-8.63437461853027
20181015,12,-40,110,15000,13986.4208984375,211.317230224609,33.0945739746094,-9.90448760986328
20181015,18,-40,110,15000,14009.65234375,210.399993896484,31.5304794311523,-4.26886224746704
20181016,0,-40,110,15000,14022.7822265625,209.600006103516,40.005313873291,-4.83413553237915
20181016,6,-40,110,15000,14002.6962890625,208.999969482422,49.7344970703125,0.327192395925522
20181016,12,-40,110,15000,13987.9189453125,210,50.3436622619629,1.56580078601837
20181016,18,-40,110,15000,13973.6611328125,209.600006103516,51.7183494567871,2.2344286441803
20181017,0,-40,110,15000,13982.1787109375,210.100006103516,53.3914833068848,4.99712419509888
20181017,6,-40,110,15000,13953.68359375,210.506988525391,52.7530746459961,8.87403774261475
20181017,12,-40,110,15000,13922.4609375,210.199981689453,62.5235710144043,7.17544412612915
20181017,18,-40,110,15000,13873.35546875,211.132125854492,61.561595916748,10.5893135070801
20181018,0,-40,110,15000,13806.7451171875,214.436370849609,61.2610969543457,4.67601299285889
20181018,6,-40,110,15000,13735.93359375,216.600006103516,57.0283393859863,3.06496834754944
20181018,12,-40,110,15000,13717.9111328125,217.5,52.0925178527832,-9.29428672790527
20181018,18,-40,110,15000,13728.82421875,216.699996948242,47.1787490844727,-14.9714107513428
20181019,0,-40,110,15000,13758.525390625,216.399993896484,41.3795318603516,-19.3158206939697
20181019,6,-40,110,15000,13770.3671875,214.399993896484,37.7352752685547,-20.1934032440186
20181019,18,-40,110,15000,13811.0712890625,211.196533203125,39.410572052002,-25.0304641723633
20181020,0,-40,110,15000,13846.3837890625,209.100006103516,41.6832847595215,-24.0986328125
20181020,6,-40,110,15000,13833.6015625,209.800003051758,39.5806159973145,-14.5831298828125
20181020,12,-40,110,15000,13819.794921875,209.100006103516,42.2813758850098,-4.56110095977783
20181020,18,-40,110,15000,13792.5595703125,208.699981689453,47.8512992858887,6.0859227180481
20181021,0,-40,110,15000,13746.052734375,211.5,51.8306846618652,22.8099365234375
20181021,6,-40,110,15000,13679.2138671875,214.800003051758,46.1505661010742,19.3553047180176
20181021,12,-40,110,15000,13618.3076171875,219.338912963867,40.1529235839844,16.6581134796143
20181021,18,-40,110,15000,13627.6474609375,220.699996948242,29.9788017272949,7.74899911880493
20181022,0,-40,110,15000,13659.3984375,221.199996948242,28.9900016784668,-1.91262447834015
20181022,6,-40,110,15000,13678.4072265625,219.064117431641,33.0320739746094,-4.83593273162842
20181022,12,-40,110,15000,13701.673828125,217.643112182617,33.6743927001953,-2.72206783294678
20181022,18,-40,110,15000,13716.1845703125,216.100006103516,35.5207481384277,-1.31289064884186
20181023,0,-40,110,15000,13725.3310546875,216.899993896484,32.5522079467773,3.77503657341003
20181023,6,-40,110,15000,13684.0439453125,217.169281005859,32.0798454284668,5.00470447540283
20181023,12,-40,110,15000,13659.84765625,217.486129760742,34.4605331420898,5.52963876724243
20181023,18,-40,110,15000,13626.39453125,218,33.0481338500977,4.76225566864014
20181024,0,-40,110,15000,13605.28125,218.699996948242,31.5739402770996,3.91305184364319
20181024,6,-40,110,15000,13572.47265625,220.79997253418,27.9157009124756,0.581406235694885
20181024,12,-40,110,15000,13547.990234375,221.884521484375,27.9345550537109,-0.508613288402557
20181024,18,-40,110,15000,13549.9638671875,221.199996948242,26.6212882995605,-6.78607654571533
20181025,0,-40,110,15000,13548.91015625,222.494781494141,24.8041305541992,-6.21301507949829
20181025,6,-40,110,15000,13534.25390625,223.105590820313,23.9124908447266,-10.7765550613403
20181025,12,-40,110,15000,13565.48046875,219.099975585938,26.0430393218994,-19.6785793304443
20181025,18,-40,110,15000,13620.4091796875,216.513473510742,32.2086563110352,-24.2600116729736
20181026,0,-40,110,15000,13667.7783203125,215.903472900391,38.3478355407715,-20.5273361206055
20181026,6,-40,110,15000,13686.83203125,214.570846557617,40.5519714355469,-17.6984806060791
20181026,12,-40,110,15000,13705.9814453125,214.529144287109,42.5704803466797,-10.8849096298218
20181026,18,-40,110,15000,13729.830078125,212.5673828125,44.1259994506836,-4.1426682472229
20181027,0,-40,110,15000,13747.6953125,212.138916015625,41.681568145752,-1.42678225040436
20181027,6,-40,110,15000,13759.53125,211.600006103516,51.0054473876953,15.7499418258667
20181027,12,-40,110,15000,13843.6689453125,208.953369140625,38.7766609191895,27.408052444458
20181027,18,-40,110,15000,13862.2373046875,211.100006103516,37.830005645752,24.415283203125
20181028,0,-40,110,15000,13882.6923828125,212.699996948242,31.3299999237061,27.8036956787109
20181028,6,-40,110,15000,13862.0966796875,215.199981689453,24.2536163330078,31.0786075592041
20181028,12,-40,110,15000,13829.08203125,216.800003051758,21.7328758239746,30.1352882385254
20181028,18,-40,110,15000,13811.76171875,218.399978637695,16.4376335144043,25.0529499053955
20181029,0,-40,110,15000,13799.0478515625,220.800003051758,18.2455978393555,22.572681427002
20181029,6,-40,110,15000,13764.478515625,220.699981689453,22.7844219207764,28.0414161682129
20181029,12,-40,110,15000,13714.65625,220.999969482422,25.3216133117676,28.0091114044189
20181029,18,-40,110,15000,13681.6171875,221.199996948242,28.9441452026367,25.4210929870605
20181030,0,-40,110,15000,13675.75,221,24.6694450378418,14.2441215515137
20181030,6,-40,110,15000,13666.646484375,221.019622802734,20.6206741333008,7.57904291152954
20181030,12,-40,110,15000,13675.60546875,219.807464599609,23.0200119018555,2.01028323173523
20181030,18,-40,110,15000,13687.71875,219.899993896484,24.568000793457,1.1428564786911
20181031,0,-40,110,15000,13707.96484375,217.314697265625,24.3871574401855,-8.8914794921875
20181031,6,-40,110,15000,13737.087890625,212.899978637695,25.7033462524414,-14.7175827026367
20181031,12,-40,110,15000,13786.7734375,210,25.1977863311768,-14.9107856750488
20181031,18,-40,110,15000,13825.4560546875,209.5,27.3600730895996,-10.0163230895996
20181101,0,-40,110,15000,13862.650390625,209.399993896484,30.6738986968994,-8.25798320770264
20181101,6,-40,110,15000,13861.1552734375,208,33.1071739196777,-4.81264638900757
20181101,12,-40,110,15000,13881.9833984375,205.275543212891,35.3716697692871,-2.49301266670227
20181101,18,-40,110,15000,13916.90234375,204.699996948242,31.6329879760742,-6.7410740852356
20181102,0,-40,110,15000,13938.31640625,203.199996948242,39.3944244384766,-6.91466331481934
20181102,6,-40,110,15000,13953.693359375,202.800003051758,39.8402519226074,0.975712895393372
20181102,12,-40,110,15000,13950.6640625,204.20002746582,45.6177101135254,12.5022068023682
20181102,18,-40,110,15000,13947.2578125,204.068313598633,49.3407440185547,22.0228805541992
20181103,0,-40,110,15000,13948.5546875,204.199996948242,46.7418365478516,21.2119827270508
20181103,6,-40,110,15000,13950.361328125,204.5,39.2523803710938,28.9864730834961
20181103,12,-40,110,15000,13915.150390625,205.699996948242,41.8672561645508,40.1308746337891
20181103,18,-40,110,15000,13874.1640625,210.385299682617,36.9222030639648,41.4576568603516
20181104,0,-40,110,15000,13905.7373046875,211.39453125,40.9575958251953,23.1710834503174
20181104,6,-40,110,15000,13936.8525390625,210.699996948242,36.2782135009766,18.7511711120605
20181104,12,-40,110,15000,13962.642578125,207.800018310547,33.8750114440918,13.4807472229004
20181104,18,-40,110,15000,13974.7958984375,206.943603515625,28.9031429290771,16.8130664825439
20181105,0,-40,110,15000,13975.1748046875,205.300003051758,36.0016059875488,19.0826644897461
20181105,6,-40,110,15000,13953.25390625,204.304107666016,37.954891204834,16.6834907531738
20181105,12,-40,110,15000,13914.869140625,205.036376953125,44.978328704834,7.32147216796875
20181105,18,-40,110,15000,13907.7333984375,200.399993896484,42.4903450012207,14.9008131027222
20181106,0,-40,110,15000,13926.7041015625,203.600006103516,35.430004119873,7.57009744644165
20181106,6,-40,110,15000,13941.54296875,203.06364440918,29.6460151672363,6.36095476150513
20181106,12,-40,110,15000,13948.490234375,203.290191650391,19.9556903839111,10.0119724273682
20181106,18,-40,110,15000,13932.4296875,203.582855224609,25.7607364654541,13.5997142791748
20181107,0,-40,110,15000,13918.55078125,204.099990844727,38.0854225158691,4.56780529022217
20181107,6,-40,110,15000,13911.333984375,207,39.9230728149414,6.90774154663086
20181107,12,-40,110,15000,13916.6435546875,209.920486450195,38.4106178283691,9.85067176818848
20181107,18,-40,110,15000,13906.1396484375,211.566482543945,36.5329399108887,13.3316946029663
20181108,0,-40,110,15000,13891.681640625,211.800003051758,40.6433486938477,12.7453422546387
20181108,6,-40,110,15000,13868.3779296875,209.899993896484,44.3232307434082,12.8896827697754
20181108,12,-40,110,15000,13867.275390625,211.199996948242,39.6906089782715,17.7207298278809
20181108,18,-40,110,15000,13859.2451171875,211.100006103516,38.3019371032715,17.512279510498
20181109,0,-40,110,15000,13845.5888671875,212.124465942383,38.0198860168457,17.3498001098633
20181109,6,-40,110,15000,13819.1220703125,212.100006103516,39.0079345703125,18.5376434326172
20181109,12,-40,110,15000,13801.818359375,211.199996948242,40.8194961547852,17.2545490264893
20181109,18,-40,110,15000,13804.083984375,208.600006103516,41.9049530029297,17.5458106994629
20181110,0,-40,110,15000,13821.1337890625,208,37.691593170166,17.8011722564697
20181110,6,-40,110,15000,13815.4462890625,207.100006103516,36.2143058776855,20.0907230377197
20181110,12,-40,110,15000,13768.87109375,209.899993896484,39.7348556518555,26.6965408325195
20181110,18,-40,110,15000,13719.1171875,212.300003051758,47.3027801513672,31.8619327545166
20181111,0,-40,110,15000,13653.744140625,215.699996948242,45.84375,18.3550415039063
20181111,6,-40,110,15000,13653.68359375,214.699996948242,43.9305114746094,7.59181642532349
20181111,12,-40,110,15000,13667.517578125,215.899993896484,47.2486724853516,4.94628190994263
20181111,18,-40,110,15000,13705.71484375,215.800003051758,51.2427520751953,2.81040048599243
20181112,0,-40,110,15000,13738.0361328125,214.800003051758,52.5646438598633,2.06187510490417
20181112,6,-40,110,15000,13735.30078125,215.199996948242,53.3439292907715,4.28060054779053
20181112,12,-40,110,15000,13741.6572265625,214.800003051758,51.1652526855469,8.6206636428833
20181112,18,-40,110,15000,13752.5966796875,214.399993896484,45.6512908935547,3.29367065429688
20181113,0,-40,110,15000,13788.5791015625,212,48.0421752929688,-8.45229816436768
20181113,6,-40,110,15000,13792.6884765625,210.5,64.0688247680664,-11.5126953125
20181113,12,-40,110,15000,13837.82421875,207.600006103516,64.0615539550781,-1.37287294864655
20181113,18,-40,110,15000,13887.60546875,206.599975585938,55.7489852905273,7.71960735321045
20181114,0,-40,110,15000,13880.3876953125,210.399993896484,53.048942565918,15.3321504592896
20181114,6,-40,110,15000,13836.5185546875,211.899993896484,63.2007446289063,10.9323453903198
20181114,12,-40,110,15000,13807.0791015625,211.199996948242,72.3236694335938,9.1696195602417
20181114,18,-40,110,15000,13804.8701171875,209.5,73.0850067138672,13.5416946411133
20181115,0,-40,110,15000,13814.6611328125,209.300003051758,75.379997253418,6.86476802825928
20181115,6,-40,110,15000,13837.517578125,209.199996948242,67.3623428344727,2.61871099472046
20181115,12,-40,110,15000,13858.6708984375,208.600006103516,64.5915985107422,2.6841869354248
20181115,18,-40,110,15000,13885.54296875,207.699996948242,63.8027648925781,14.763786315918
20181116,0,-40,110,15000,13913.240234375,208.300003051758,55.7141799926758,21.0799922943115
20181116,6,-40,110,15000,13888.48828125,210.818878173828,51.0596237182617,31.1481304168701
20181116,12,-40,110,15000,13833.0146484375,216.141967773438,49.5137481689453,28.1388626098633
20181116,18,-40,110,15000,13785.615234375,216.800933837891,53.005916595459,25.8822898864746
20181117,0,-40,110,15000,13747.8447265625,217.110015869141,53.2558631896973,25.4676971435547
20181117,6,-40,110,15000,13691.4296875,215.699996948242,54.5991516113281,25.1824684143066
20181117,12,-40,110,15000,13687.1611328125,214.370849609375,52.4102745056152,23.741455078125
20181117,18,-40,110,15000,13664.8779296875,214,48.5076370239258,23.7827396392822
20181118,0,-40,110,15000,13645.681640625,213.600006103516,46.9007911682129,18.7768363952637
20181118,6,-40,110,15000,13620.8671875,212,47.9044532775879,12.6488227844238
20181118,12,-40,110,15000,13615.0927734375,211.5,47.703556060791,11.2522802352905
20181118,18,-40,110,15000,13616.4091796875,213.600006103516,52.8771438598633,12.1687698364258
20181119,0,-40,110,15000,13618.462890625,215.600006103516,52.2865905761719,9.51672840118408
20181119,6,-40,110,15000,13599.541015625,215.792526245117,49.5928497314453,8.28728485107422
20181119,12,-40,110,15000,13597.4150390625,214.600006103516,50.6041297912598,7.17643785476685
20181119,18,-40,110,15000,13602.30078125,213.699981689453,50.3000030517578,11.181715965271
20181120,0,-40,110,15000,13588.15234375,214.514694213867,47.0185050964355,12.3660182952881
20181120,6,-40,110,15000,13563.9208984375,214.246124267578,48.9256935119629,10.9323148727417
20181120,12,-40,110,15000,13553.3154296875,213.5,48.2255554199219,16.9701290130615
20181120,18,-40,110,15000,13536.412109375,213.600006103516,44.874698638916,20.9355621337891
20181121,0,-40,110,15000,13518.494140625,214.899993896484,42.9155578613281,16.2760257720947
20181121,6,-40,110,15000,13482.458984375,215.599975585938,45.1100006103516,11.7345113754272
20181121,12,-40,110,15000,13498.958984375,214.28645324707,38.9799919128418,5.39419412612915
20181121,18,-40,110,15000,13484.4853515625,216.099975585938,38.6976013183594,7.14202165603638
20181122,0,-40,110,15000,13465.7421875,218.79997253418,39.1592559814453,2.81189942359924
20181122,6,-40,110,15000,13427.0390625,219.94660949707,39.5966033935547,5.10465335845947
20181122,12,-40,110,15000,13404.8671875,222.999969482422,36.916748046875,2.15127921104431
20181122,18,-40,110,15000,13377.380859375,221.699996948242,42.9900016784668,-4.7558741569519
20181123,0,-40,110,15000,13407.333984375,220.899978637695,43.7071533203125,-9.29049301147461
20181123,6,-40,110,15000,13436.794921875,218.29997253418,40.1333312988281,-13.2977390289307
20181123,12,-40,110,15000,13474.54296875,214.693023681641,38.2000007629395,-15.6154298782349
20181123,18,-40,110,15000,13521.775390625,212.699996948242,31.0255546569824,-8.89155769348145
20181124,0,-40,110,15000,13556.7841796875,212.100006103516,27.1222286224365,-4.1395263671875
20181124,6,-40,110,15000,13570.115234375,211,27.3012638092041,-2.33000731468201
20181124,12,-40,110,15000,13567.3076171875,211.899978637695,23.6997604370117,4.20458984375
20181124,18,-40,110,15000,13553.3271484375,212.699996948242,26.2005634307861,7.03432369232178
20181125,0,-40,110,15000,13563.4111328125,213.100006103516,26.829029083252,5.59351062774658
20181125,6,-40,110,15000,13578.1123046875,215.5,27.4892559051514,5.9644923210144
20181125,12,-40,110,15000,13570.5771484375,214.600006103516,29.8286418914795,8.54828834533691
20181125,18,-40,110,15000,13565.693359375,215.100006103516,33.0730094909668,2.78256583213806
20181126,0,-40,110,15000,13583.4248046875,216.288055419922,40.0607719421387,-7.88384294509888
20181126,6,-40,110,15000,13624.294921875,212.399993896484,43.9972457885742,-8.69179153442383
20181126,12,-40,110,15000,13629.5615234375,213.699996948242,43.9033317565918,-2.26716804504395
20181126,18,-40,110,15000,13629.1787109375,215.199996948242,48.095401763916,6.46702861785889
20181127,0,-40,110,15000,13636.3076171875,217.100021362305,47.2757034301758,8.7798490524292
20181127,6,-40,110,15000,13602.025390625,217.494720458984,42.9663734436035,15.9721145629883
20181127,12,-40,110,15000,13548.3935546875,221.100006103516,36.5066833496094,19.417516708374
20181127,18,-40,110,15000,13480.9013671875,222.199996948242,36.3277130126953,21.2527084350586
20181128,0,-40,110,15000,13416.0908203125,223,32.3308258056641,18.1027774810791
20181128,6,-40,110,15000,13340.8291015625,222.487213134766,31.852087020874,17.2472610473633
20181128,12,-40,110,15000,13275.9990234375,223.347457885742,26.9546489715576,13.7087650299072
20181128,18,-40,110,15000,13269.5478515625,222.600006103516,24.8592853546143,0.448200672864914
20181129,0,-40,110,15000,13303.0615234375,221.399993896484,31.6981296539307,-5.45212888717651
20181129,6,-40,110,15000,13349.4033203125,220.300003051758,32.9206085205078,-9.73620128631592
20181129,12,-40,110,15000,13393.869140625,218.472778320313,33.9517135620117,-10.0188207626343
20181129,18,-40,110,15000,13442.2548828125,219.399993896484,33.7691764831543,-9.99469470977783
20181130,0,-40,110,15000,13487.2578125,218.631927490234,36.4975700378418,-12.7229270935059
20181130,6,-40,110,15000,13521.84375,219.800003051758,35.2014694213867,-12.3970994949341
20181130,12,-40,110,15000,13542.2578125,220.13444519043,35.7268524169922,-8.20982933044434
20181130,18,-40,110,15000,13559.6787109375,219.5,36.7293395996094,-6.03165531158447
20181201,0,-40,110,15000,13584.3427734375,218.199996948242,40.3396873474121,-13.1733493804932
20181201,6,-40,110,15000,13616.8310546875,216.100006103516,48.3533706665039,-14.9738864898682
20181201,12,-40,110,15000,13649.2958984375,214.100006103516,52.9074058532715,-8.7744779586792
20181201,18,-40,110,15000,13699.0009765625,210.100006103516,41.4877815246582,-14.5144529342651
20181202,0,-40,110,15000,13757.8779296875,210.100006103516,36.7740631103516,-12.0544605255127
20181202,6,-40,110,15000,13760.8720703125,207.300003051758,48.1953315734863,-8.46833038330078
20181202,12,-40,110,15000,13768.1396484375,208.090408325195,48.1763229370117,-0.566669940948486
20181202,18,-40,110,15000,13759.3671875,207.846481323242,47.8549957275391,6.81704568862915
20181203,0,-40,110,15000,13750.1728515625,207.899993896484,47.222713470459,10.3984375
20181203,6,-40,110,15000,13715.51171875,209.165557861328,48.1878700256348,11.1276216506958
20181203,12,-40,110,15000,13688.978515625,208.699859619141,50.4962005615234,13.8291673660278
20181203,18,-40,110,15000,13663.2900390625,209.61279296875,51.4532012939453,19.0050601959229
20181204,0,-40,110,15000,13623.3779296875,212.205535888672,52.3203620910645,17.3703327178955
20181204,6,-40,110,15000,13562.9921875,215.101684570313,52.4708404541016,13.3035793304443
20181204,12,-40,110,15000,13538.72265625,216.399993896484,52.7481803894043,9.59014129638672
20181204,18,-40,110,15000,13534.22265625,215.902908325195,55.4475250244141,10.067214012146
20181205,0,-40,110,15000,13523.916015625,219.573532104492,53.83740234375,12.6640548706055
20181205,6,-40,110,15000,13510.775390625,220.800003051758,51.8960723876953,6.3771653175354
20181205,12,-40,110,15000,13508.62890625,220,49.6238784790039,10.3506937026978
20181205,18,-40,110,15000,13475.9013671875,221.899993896484,40.2245941162109,22.2143840789795
20181206,0,-40,110,15000,13425.044921875,223.5,36.6313095092773,16.543212890625
20181206,6,-40,110,15000,13385.1259765625,223.185958862305,31.8050289154053,5.88749504089355
20181206,12,-40,110,15000,13393.6064453125,220.300003051758,35.4030075073242,1.96695804595947
20181206,18,-40,110,15000,13401.3388671875,218.796234130859,43.3767127990723,1.35730469226837
20181207,0,-40,110,15000,13391.33203125,219.318939208984,47.8731689453125,-0.3789282143116
20181207,6,-40,110,15000,13391.6708984375,219.499969482422,45.201416015625,-1.26178705692291
20181207,12,-40,110,15000,13417.4033203125,219.884918212891,45.0927848815918,-3.91610836982727
20181207,18,-40,110,15000,13435.0751953125,217.990524291992,46.5128364562988,-2.09383058547974
20181208,0,-40,110,15000,13443.228515625,218.441360473633,50.9007530212402,-4.56794929504395
20181208,6,-40,110,15000,13434.61328125,217.5,54.6114311218262,-5.98348140716553
20181208,12,-40,110,15000,13436.1962890625,216.928634643555,51.9118461608887,-7.2081151008606
20181208,18,-40,110,15000,13455.85546875,217.000030517578,54.3717956542969,-4.3976879119873
20181209,0,-40,110,15000,13483.31640625,217.399993896484,55.8605842590332,-11.6333131790161
20181209,6,-40,110,15000,13522.232421875,215.399993896484,56.4540138244629,-12.1509523391724
20181209,12,-40,110,15000,13522.71484375,213.100006103516,55.5856437683105,-11.9298706054688
20181209,18,-40,110,15000,13526.759765625,211.600006103516,60.3059425354004,-2.39572262763977
20181210,0,-40,110,15000,13547.1103515625,211.343902587891,54.8286170959473,5.35986328125
20181210,6,-40,110,15000,13528.9462890625,212.600006103516,56.1970710754395,11.1488914489746
20181210,12,-40,110,15000,13526.625,214.699996948242,54.057373046875,12.3734436035156
20181210,18,-40,110,15000,13506.8134765625,216.699996948242,54.4987907409668,13.3237361907959
20181211,0,-40,110,15000,13503.177734375,217.559967041016,52.5400199890137,14.6001005172729
20181211,6,-40,110,15000,13494.5908203125,217.70002746582,45.9555511474609,14.772500038147
20181211,12,-40,110,15000,13481.6865234375,216.908935546875,44.6699981689453,16.2239303588867
20181211,18,-40,110,15000,13467.357421875,216.953582763672,38.7709617614746,17.0896892547607
20181212,0,-40,110,15000,13437.681640625,219.100006103516,33.9336128234863,13.5904979705811
20181212,6,-40,110,15000,13401.5322265625,221.199996948242,28.2016696929932,5.03476572036743
20181212,12,-40,110,15000,13387.2763671875,220.700149536133,28.2174396514893,-3.04434561729431
20181212,18,-40,110,15000,13398.9736328125,218.699996948242,31.4941558837891,-7.59457540512085
20181213,0,-40,110,15000,13441.201171875,217.100006103516,34.5172958374023,-8.58174800872803
20181213,6,-40,110,15000,13466.08203125,216.398071289063,34.2099647521973,-7.97892093658447
20181213,12,-40,110,15000,13510.33984375,216.199996948242,35.0299987792969,-7.06753396987915
20181213,18,-40,110,15000,13573.4970703125,212.450836181641,36.9339408874512,-8.90860843658447
20181214,0,-40,110,15000,13625.6923828125,213.499237060547,30.9300003051758,-6.52068853378296
20181214,6,-40,110,15000,13669.8037109375,212.399993896484,32.511791229248,-9.43942356109619
20181214,12,-40,110,15000,13729.1103515625,210.656402587891,37.8676986694336,-12.5116653442383
20181214,18,-40,110,15000,13773.6953125,207.196243286133,45.7400093078613,-14.5122928619385
20181215,0,-40,110,15000,13805.4013671875,207.5,45.7984085083008,-11.586950302124
20181215,6,-40,110,15000,13792.4365234375,208.058029174805,43.1927719116211,-4.72149896621704
20181215,12,-40,110,15000,13795.8759765625,206.600006103516,47.010009765625,4.47400617599487
20181215,18,-40,110,15000,13805.82421875,203.600006103516,46.5200042724609,11.7497091293335
20181216,0,-40,110,15000,13810.3486328125,204.899993896484,45.3220596313477,15.5833768844604
20181216,6,-40,110,15000,13777.29296875,207.899993896484,35.1500358581543,24.041841506958
20181216,12,-40,110,15000,13746.0849609375,209.800003051758,24.3791618347168,17.9766159057617
20181216,18,-40,110,15000,13693.298828125,215.03662109375,17.7787647247314,14.5257472991943
20181217,0,-40,110,15000,13643.798828125,218.780807495117,14.1388082504272,12.8285989761353
20181217,6,-40,110,15000,13589.6513671875,220.419158935547,15.2256174087524,2.92440915107727
20181217,12,-40,110,15000,13565.5478515625,220.100006103516,17.8265380859375,-0.406523436307907
20181217,18,-40,110,15000,13541.06640625,220.399993896484,21.3098392486572,-0.335903316736221
20181218,0,-40,110,15000,13513.025390625,220.833251953125,23.0175533294678,-2.63265132904053
20181218,6,-40,110,15000,13489.837890625,221.33576965332,24.6999778747559,-9.51411151885986
20181218,12,-40,110,15000,13475.423828125,222.800003051758,21.0108890533447,-11.6868410110474
