20180720,0,39,-141,40000,7392.2529296875,240.399993896484,3.30262756347656,-8.08466815948486
20180720,6,39,-141,40000,7380.69482421875,239.985275268555,5.26010751724243,-10.7227783203125
20180720,12,39,-141,40000,7365.41357421875,239.399993896484,8.27683734893799,-10.8883724212646
20180720,18,39,-141,40000,7360.33056640625,239.985305786133,7.27579975128174,-3.81113290786743
20180721,0,39,-141,40000,7373.326171875,244.214691162109,8.71327495574951,5.07933330535889
20180721,6,39,-141,40000,7375.90625,243.099975585938,16.2650947570801,-0.0838623046875
20180721,12,39,-141,40000,7385.18798828125,242.899993896484,18.5826721191406,8.70451068878174
20180721,18,39,-141,40000,7401.09814453125,242.899993896484,22.869421005249,2.49613642692566
20180722,0,39,-141,40000,7398.8193359375,242.399993896484,27.748815536499,1.56137692928314
20180722,6,39,-141,40000,7402.35205078125,242.5,24.2914848327637,8.81277465820313
20180722,12,39,-141,40000,7414.93505859375,241.899993896484,25.4382133483887,6.66423940658569
20180722,18,39,-141,40000,7442.640625,244,20.5049018859863,12.2303161621094
20180723,0,39,-141,40000,7469.36181640625,245.199981689453,21.6117057800293,13.8915958404541
20180723,6,39,-141,40000,7496.7724609375,246.699981689453,17.8332977294922,13.9143924713135
20180723,12,39,-141,40000,7498.4599609375,247.699996948242,25.2525749206543,0.0964691191911697
20180723,18,39,-141,40000,7480.8837890625,247.837738037109,33.6277465820313,-2.8602294921875
20180724,0,39,-141,40000,7450.439453125,247.399993896484,39.9121322631836,-1.59566652774811
20180724,6,39,-141,40000,7431.705078125,246.399993896484,44.1197319030762,7.08376455307007
20180724,12,39,-141,40000,7417.173828125,246.199981689453,43.1504211425781,9.72390174865723
20180724,18,39,-141,40000,7399.95947265625,245.698486328125,41.3099517822266,6.32098627090454
20180725,0,39,-141,40000,7372.013671875,245.700042724609,44.9994163513184,2.55217885971069
20180725,6,39,-141,40000,7339.26513671875,245.899993896484,50.9869613647461,-0.335504144430161
20180725,12,39,-141,40000,7288.03125,245.086029052734,61.6360168457031,-0.841412365436554
20180725,18,39,-141,40000,7242.02685546875,243.399993896484,63.8629302978516,4.29597663879395
20180726,0,39,-141,40000,7198.3642578125,241.868316650391,53.0950965881348,9.8151273727417
20180726,6,39,-141,40000,7235.169921875,240.031692504883,16.0033016204834,13.8574123382568
20180726,12,39,-141,40000,7288.0029296875,242.899993896484,14.1385688781738,8.90753936767578
20180726,18,39,-141,40000,7305.466796875,245.667877197266,31.7293434143066,7.960693359375
20180727,0,39,-141,40000,7303.32373046875,245.300003051758,49.2649803161621,10.1190376281738
20180727,6,39,-141,40000,7295.79248046875,243.5,39.5945320129395,0.369702160358429
20180727,12,39,-141,40000,7273.83740234375,243.975189208984,35.2698669433594,-8.86284637451172
20180727,18,39,-141,40000,7228.97705078125,241.677154541016,33.4033012390137,-8.25584983825684
20180728,0,39,-141,40000,7202.52734375,240.79997253418,31.8777389526367,-2.52759766578674
20180728,6,39,-141,40000,7218.494140625,241.399993896484,36.0067481994629,6.14542484283447
20180728,12,39,-141,40000,7226.3779296875,241.699996948242,41.055591583252,9.34879684448242
20180728,18,39,-141,40000,7234.3330078125,241.585739135742,39.3763275146484,4.90746116638184
20180729,0,39,-141,40000,7234.89013671875,241.600006103516,36.2033729553223,3.89584970474243
20180729,6,39,-141,40000,7235.62109375,241.199996948242,32.8557357788086,0.475908190011978
20180729,12,39,-141,40000,7225.66357421875,240.899993896484,27.7677345275879,-2.55023431777954
20180729,18,39,-141,40000,7213.580078125,240.300003051758,33.1276702880859,-4.45562505722046
20180730,0,39,-141,40000,7186.89453125,239.9453125,27.3206443786621,-13.4104690551758
20180730,6,39,-141,40000,7149.8310546875,238.236236572266,18.5259113311768,-2.57389640808105
20180730,12,39,-141,40000,7110.3408203125,236.314697265625,19.5927639007568,-5.29327392578125
20180730,18,39,-141,40000,7053.03857421875,233.721923828125,25.2495269775391,-3.48065423965454
20180731,0,39,-141,40000,7041.3837890625,236.492523193359,7.55500173568726,24.9585933685303
20180731,6,39,-141,40000,7132.658203125,238.399978637695,15.9824886322021,16.3973636627197
20180731,12,39,-141,40000,7144.57177734375,237.647247314453,21.037633895874,13.3055419921875
20180731,18,39,-141,40000,7168.080078125,237.800689697266,19.6720943450928,4.10903310775757
20180801,0,39,-141,40000,7140.814453125,237.160598754883,22.0973205566406,-1.45319521427155
20180801,6,39,-141,40000,7111.8623046875,238.68603515625,28.5501155853271,1.7580658197403
20180801,12,39,-141,40000,7082.7998046875,239.100250244141,25.0731143951416,-7.16897583007813
20180801,18,39,-141,40000,7036.84130859375,238.300003051758,24.4263877868652,1.97500610351563
20180802,0,39,-141,40000,6982.12646484375,237.600006103516,36.9111328125,11.7014951705933
20180802,6,39,-141,40000,7003.84130859375,238.300003051758,33.550479888916,28.298095703125
20180802,12,39,-141,40000,7053.72265625,237.899993896484,29.0830726623535,23.1349601745605
20180802,18,39,-141,40000,7082.00927734375,238.100006103516,26.8572483062744,15.9180173873901
20180803,0,39,-141,40000,7054.44873046875,236.892532348633,30.0393180847168,8.19735145568848
20180803,6,39,-141,40000,7010.21923828125,232.938919067383,28.5443420410156,19.5060176849365
20180803,12,39,-141,40000,7057.70556640625,236.199996948242,30.606388092041,26.0467586517334
20180803,18,39,-141,40000,7121.74365234375,239.921920776367,25.1273956298828,27.6267204284668
20180804,0,39,-141,40000,7177.15380859375,241.599975585938,23.9827270507813,23.2989387512207
20180804,6,39,-141,40000,7208.39111328125,242.199996948242,27.3280086517334,13.2601442337036
20180804,12,39,-141,40000,7217.66552734375,242.099975585938,26.3704891204834,8.39992332458496
20180804,18,39,-141,40000,7208.322265625,241.407470703125,19.4049320220947,1.23211061954498
20180805,0,39,-141,40000,7207.6669921875,241.5,23.6965179443359,-1.55125117301941
20180805,6,39,-141,40000,7195.75927734375,243,16.9561309814453,4.49407339096069
20180805,12,39,-141,40000,7186.8623046875,241.906982421875,3.96826481819153,8.1686429977417
20180805,18,39,-141,40000,7218.91015625,242.253387451172,2.03000497817993,5.8655858039856
20180806,0,39,-141,40000,7223.34814453125,242.300003051758,-0.428915411233902,-2.15319204330444
20180806,6,39,-141,40000,7230.31005859375,243.151702880859,4.18701648712158,-1.20943355560303
20180806,12,39,-141,40000,7239.1142578125,242.212448120117,17.5710964202881,-0.897958993911743
20180806,18,39,-141,40000,7225.4189453125,242.085647583008,24.4900970458984,-8.5145263671875
20180807,0,39,-141,40000,7160.10302734375,240.787399291992,25.9941253662109,-18.7656059265137
20180807,6,39,-141,40000,7101.7080078125,239.999969482422,33.5931701660156,-11.1629104614258
20180807,12,39,-141,40000,7029.38818359375,236.650802612305,31.5258808135986,-18.8002433776855
20180807,18,39,-141,40000,6947.09130859375,235.899993896484,31.7317352294922,-7.77041482925415
20180808,0,39,-141,40000,6902.77294921875,234.5,40.1300468444824,-6.27780771255493
20180808,6,39,-141,40000,6925.548828125,233.470855712891,25.6569671630859,13.0547609329224
20180808,12,39,-141,40000,6971.4619140625,232.49055480957,37.8363838195801,7.40589618682861
20180808,18,39,-141,40000,6981.30322265625,233.110061645508,34.8544845581055,13.0619020462036
20180809,0,39,-141,40000,7058.111328125,234.857574462891,29.7082462310791,13.4336366653442
20180809,6,39,-141,40000,7097.32421875,234.899993896484,30.5096740722656,9.55350303649902
20180809,12,39,-141,40000,7126.10302734375,235.510009765625,29.0660858154297,7.51755380630493
20180809,18,39,-141,40000,7159.85107421875,236.183547973633,29.6677360534668,6.48985576629639
20180810,0,39,-141,40000,7179.79638671875,236.100006103516,25.0774269104004,6.754638671875
20180810,6,39,-141,40000,7209.41064453125,237.137603759766,21.9558525085449,0.830700695514679
20180810,12,39,-141,40000,7227.873046875,239.199996948242,29.5999183654785,6.02776479721069
20180810,18,39,-141,40000,7259.287109375,241.002029418945,19.6117858886719,-9.42208290100098
20180811,0,39,-141,40000,7256.83251953125,242.243606567383,8.3676700592041,-16.894006729126
20180811,6,39,-141,40000,7185.3056640625,239.810028076172,-1.11697697639465,-12.967321395874
20180811,12,39,-141,40000,7159.57861328125,240.100006103516,4.50001239776611,17.473949432373
20180811,18,39,-141,40000,7216.65625,242.34358215332,17.1908874511719,12.0555601119995
20180812,0,39,-141,40000,7252.5087890625,243.600006103516,30.1326084136963,-1.0735992193222
20180812,6,39,-141,40000,7266.42041015625,243.600006103516,33.3043670654297,-7.67285776138306
20180812,12,39,-141,40000,7232.24853515625,243.5,40.957405090332,-13.2942504882813
20180812,18,39,-141,40000,7227.62548828125,241.300003051758,39.5287857055664,-9.73299598693848
20180813,0,39,-141,40000,7210.103515625,241.211639404297,47,-13.6097354888916
20180813,6,39,-141,40000,7192.3037109375,240,46.6017837524414,-10.2316837310791
20180813,12,39,-141,40000,7209.7451171875,240.736419677734,34.2653121948242,-2.32515859603882
20180813,18,39,-141,40000,7237.26513671875,241.882766723633,34.2673950195313,-2.20989990234375
20180814,0,39,-141,40000,7237.69921875,242.470855712891,33.4047470092773,-8.12186527252197
20180814,6,39,-141,40000,7211.92041015625,241.822174072266,38.4094276428223,-10.9315824508667
20180814,12,39,-141,40000,7193.50439453125,241.5,48.337947845459,-10.4444923400879
20180814,18,39,-141,40000,7192.009765625,243,54.220760345459,-8.25167942047119
20180815,0,39,-141,40000,7198.98828125,242.399993896484,52.0943756103516,-4.42234373092651
20180815,6,39,-141,40000,7207.96044921875,242.5,49.0959281921387,-7.52440452575684
20180815,12,39,-141,40000,7199.3505859375,242.529144287109,46.7826156616211,-9.16172885894775
20180815,18,39,-141,40000,7188.90625,240.929153442383,43.8386726379395,-12.7588186264038
20180816,0,39,-141,40000,7171.0595703125,235.890670776367,36.8828353881836,-12.1157274246216
20180816,6,39,-141,40000,7212.89208984375,237.300003051758,26.9846534729004,12.2988529205322
20180816,12,39,-141,40000,7254.876953125,241.300003051758,34.9493179321289,-1.3086279630661
20180816,18,39,-141,40000,7270.77685546875,242.691986083984,36.1867065429688,-9.22270965576172
20180817,0,39,-141,40000,7230.51416015625,243.300003051758,40.5516929626465,-17.8560600280762
20180817,6,39,-141,40000,7176.78759765625,243.504440307617,48.8718070983887,-26.4507122039795
20180817,12,39,-141,40000,7112.146484375,241.449172973633,54.70458984375,-28.5390567779541
20180817,18,39,-141,40000,7071.373046875,237.800003051758,41.8775939941406,-14.6165800094604
20180818,0,39,-141,40000,7165.458984375,240.614776611328,20.1627197265625,19.4291324615479
20180818,6,39,-141,40000,7256.98193359375,241.899993896484,21.6331672668457,11.7395172119141
20180818,12,39,-141,40000,7301.10546875,242.784210205078,21.9234638214111,8.66901397705078
20180818,18,39,-141,40000,7333.4580078125,243.100006103516,19.423397064209,4.25740957260132
20180819,0,39,-141,40000,7339.7138671875,243.399978637695,20.3383693695068,1.70106446743011
20180819,6,39,-141,40000,7338.76171875,243.29997253418,20.0399703979492,-4.49422836303711
20180819,12,39,-141,40000,7324.64013671875,243.199996948242,26.0023822784424,-10.6117477416992
20180819,18,39,-141,40000,7301.37548828125,242.721923828125,30.6217555999756,-15.7938137054443
20180820,0,39,-141,40000,7256.091796875,242.699981689453,34.4825630187988,-20.0037059783936
20180820,6,39,-141,40000,7226.52490234375,241.846115112305,39.1071891784668,-13.5433788299561
20180820,12,39,-141,40000,7210.544921875,242.099975585938,41.6337585449219,-12.4485349655151
20180820,18,39,-141,40000,7211.49365234375,242,42.1483726501465,-10.0389356613159
20180821,0,39,-141,40000,7204.99560546875,240.599975585938,41.5914154052734,-12.2502193450928
20180821,6,39,-141,40000,7197.9423828125,241.153854370117,47.9003219604492,-20.9123916625977
20180821,12,39,-141,40000,7169.73388671875,239.246124267578,39.1422080993652,-8.21504402160645
20180821,18,39,-141,40000,7224.06689453125,242.600006103516,23.4479007720947,2.45682120323181
20180822,0,39,-141,40000,7240.4619140625,242.399993896484,28.0688056945801,-2.73717045783997
20180822,6,39,-141,40000,7246.314453125,242.600250244141,34.6132774353027,-4.36811542510986
20180822,12,39,-141,40000,7240.990234375,242.099761962891,27.0304565429688,-1.39539790153503
20180822,18,39,-141,40000,7236.00390625,240.846115112305,22.3567810058594,-4.79324960708618
20180823,0,39,-141,40000,7225.38623046875,240.407470703125,20.6928901672363,-3.08671879768372
20180823,6,39,-141,40000,7217.09228515625,241.007476806641,27.6895484924316,-9.25302696228027
20180823,12,39,-141,40000,7182.65478515625,239.800003051758,36.3783645629883,-10.9231748580933
20180823,18,39,-141,40000,7187.544921875,237.199981689453,28.8096466064453,2.28608393669128
20180824,0,39,-141,40000,7222.29541015625,237.5,21.8909721374512,8.0172119140625
20180824,6,39,-141,40000,7287.29638671875,241.300003051758,5.42989206314087,9.43269062042236
20180824,12,39,-141,40000,7338.43017578125,242.585296630859,8.2450590133667,8.87861919403076
20180824,18,39,-141,40000,7370.6904296875,243.399978637695,3.52545166015625,2.86727285385132
20180825,0,39,-141,40000,7372.03173828125,242.899978637695,1.42632448673248,-3.42307138442993
20180825,6,39,-141,40000,7359.43798828125,242.199996948242,-2.10007333755493,-11.9833126068115
20180825,12,39,-141,40000,7330.12255859375,241.399993896484,0.604852318763733,-22.5747127532959
20180825,18,39,-141,40000,7309.9912109375,242.100006103516,12.4063816070557,-10.5386352539063
20180826,0,39,-141,40000,7289.9267578125,243.699996948242,22.0108337402344,-10.3693418502808
20180826,6,39,-141,40000,7272.888671875,243.999969482422,24.5157718658447,-14.7841243743896
20180826,12,39,-141,40000,7247.25927734375,245.068313598633,27.8533020019531,-21.6289863586426
20180826,18,39,-141,40000,7170.7451171875,242.300003051758,35.8754348754883,-34.8030815124512
20180827,0,39,-141,40000,7080.7138671875,240.199981689453,37.8792724609375,-51.3558464050293
20180827,6,39,-141,40000,7008.12939453125,233.500030517578,27.0777988433838,-11.955078125
20180827,12,39,-141,40000,7012.46240234375,233.600006103516,23.0180320739746,-11.1505737304688
20180827,18,39,-141,40000,7042.16064453125,235.199996948242,23.7265281677246,-7.32164287567139
20180828,0,39,-141,40000,7047.16796875,233,23.0005836486816,-2.16530752182007
20180828,6,39,-141,40000,7106.203125,238.199981689453,19.2446460723877,19.3198432922363
20180828,12,39,-141,40000,7145.3212890625,240.5,28.5697021484375,9.62365245819092
20180828,18,39,-141,40000,7176.123046875,241.899993896484,28.9628849029541,27.5681209564209
20180829,0,39,-141,40000,7245.89892578125,244.438919067383,27.3267192840576,18.053861618042
20180829,6,39,-141,40000,7295.96435546875,245.868316650391,26.6915912628174,14.4586820602417
20180829,12,39,-141,40000,7328.31494140625,245.94612121582,34.1651077270508,10.6049613952637
20180829,18,39,-141,40000,7334.70751953125,245.300003051758,34.0019683837891,0.0268115233629942
20180830,0,39,-141,40000,7312.7607421875,245.399993896484,33.3675651550293,-3.90759897232056
20180830,6,39,-141,40000,7304.734375,244.100006103516,30.941089630127,-2.207763671875
20180830,12,39,-141,40000,7306.26513671875,242.599975585938,30.6629085540771,0.009552001953125
20180830,18,39,-141,40000,7315.86865234375,242.399993896484,29.914722442627,1.31419682502747
20180831,0,39,-141,40000,7320.62255859375,243.000030517578,26.6351566314697,-1.21369624137878
20180831,6,39,-141,40000,7320.12109375,242,26.5575923919678,-1.21643674373627
20180831,12,39,-141,40000,7319.0498046875,240.699996948242,23.2265930175781,-0.400854498147964
20180831,18,39,-141,40000,7340.9599609375,241.5,18.573974609375,0.112329103052616
20180901,0,39,-141,40000,7343.517578125,242.800003051758,19.9153633117676,2.40037846565247
20180901,6,39,-141,40000,7338.09423828125,243.300003051758,18.840991973877,-10.2908143997192
20180901,12,39,-141,40000,7326.2685546875,242.399978637695,19.2880306243896,-11.2345027923584
20180901,18,39,-141,40000,7321.07958984375,243.100006103516,19.7156734466553,-12.0035152435303
20180902,0,39,-141,40000,7295.8994140625,243.899993896484,19.6871299743652,-11.5580320358276
20180902,6,39,-141,40000,7287.61083984375,242.843597412109,33.2500648498535,-5.48667907714844
20180902,12,39,-141,40000,7281.86865234375,244.343597412109,44.8897895812988,-2.93195796012878
20180902,18,39,-141,40000,7313.01611328125,245.710052490234,39.1338081359863,1.18665766716003
20180903,0,39,-141,40000,7336.45458984375,246,20.7096614837646,0.514450073242188
20180903,6,39,-141,40000,7344.923828125,246.699996948242,13.152551651001,-1.85631716251373
20180903,12,39,-141,40000,7345.09765625,246.546600341797,7.80367136001587,-7.8667573928833
20180903,18,39,-141,40000,7353.8349609375,245.606979370117,4.46630573272705,-6.83162546157837
20180904,0,39,-141,40000,7352.6025390625,246.599975585938,4.66701364517212,-1.69602358341217
20180904,6,39,-141,40000,7369.7880859375,247.699996948242,6.04241943359375,3.70482182502747
20180904,12,39,-141,40000,7400.48193359375,248.899993896484,13.2128295898438,3.71015620231628
20180904,18,39,-141,40000,7422.99267578125,249.199981689453,14.8154249191284,-3.72115731239319
20180905,0,39,-141,40000,7419.9267578125,249,21.3299884796143,-5.39079093933105
20180905,6,39,-141,40000,7425.26513671875,250.699981689453,24.494176864624,-8.33224487304688
20180905,12,39,-141,40000,7411.7099609375,250.706985473633,27.9951210021973,-14.0999631881714
20180905,18,39,-141,40000,7400.97119140625,251.300003051758,35.5637817382813,-24.1021308898926
20180906,0,39,-141,40000,7367.3330078125,249.199996948242,38.1789360046387,-24.1437835693359
20180906,6,39,-141,40000,7358.11669921875,245.399993896484,43.9072952270508,-20.1303291320801
20180906,12,39,-141,40000,7361.4619140625,247.699996948242,33.3648300170898,-24.2814998626709
20180906,18,39,-141,40000,7354.30078125,248.899993896484,37.498893737793,-31.2608280181885
20180907,0,39,-141,40000,7336.86083984375,247.485305786133,35.5988998413086,-27.2373046875
20180907,6,39,-141,40000,7340.73291015625,247.699981689453,21.7121334075928,-22.8195152282715
20180907,12,39,-141,40000,7340.630859375,246.600006103516,33.5378150939941,-20.5770988464355
20180907,18,39,-141,40000,7351.70751953125,246.492523193359,37.7977066040039,-16.899974822998
20180908,0,39,-141,40000,7377.82568359375,246.099975585938,27.5381507873535,-20.7434577941895
20180908,6,39,-141,40000,7401.4873046875,247.399993896484,19.5354557037354,-18.306396484375
20180908,12,39,-141,40000,7394.02490234375,248.699981689453,15.2642459869385,-21.3999824523926
20180908,18,39,-141,40000,7382.97265625,249.699996948242,15.4367771148682,-24.630054473877
20180909,0,39,-141,40000,7332.90234375,248.300003051758,11.5207767486572,-23.7994079589844
20180909,6,39,-141,40000,7291.49267578125,247.199996948242,12.0383968353271,-27.0804386138916
20180909,12,39,-141,40000,7255.4658203125,246,21.9935417175293,-35.6841049194336
20180909,18,39,-141,40000,7226.611328125,246.5,19.3905143737793,-32.226318359375
20180910,0,39,-141,40000,7231.005859375,241.999969482422,11.4824171066284,5.96420907974243
20180910,6,39,-141,40000,7280.80078125,242.5,4.53980731964111,15.7152585983276
20180910,12,39,-141,40000,7298.16015625,242.899993896484,10.7264499664307,1.32240235805511
20180910,18,39,-141,40000,7291.78955078125,241.899993896484,11.4651908874512,-5.30797386169434
20180911,0,39,-141,40000,7257.20556640625,242.199996948242,11.8395748138428,-7.30951166152954
20180911,6,39,-141,40000,7231.74755859375,242.699996948242,16.7494964599609,-1.40071415901184
20180911,12,39,-141,40000,7199.7451171875,242.300003051758,20.5195255279541,-2.54585576057434
20180911,18,39,-141,40000,7160.5263671875,241.600006103516,30.6408023834229,1.93701171875
20180912,0,39,-141,40000,7121.04833984375,239.485305786133,33.0276184082031,13.7000551223755
20180912,6,39,-141,40000,7153.14990234375,239.600006103516,26.1693534851074,14.7770290374756
20180912,12,39,-141,40000,7165.64501953125,238.314666748047,13.6304378509521,1.44823002815247
20180912,18,39,-141,40000,7176.06298828125,238.071533203125,16.9886894226074,3.08092045783997
20180913,0,39,-141,40000,7170.2314453125,237.5,16.147008895874,-3.3349609375
20180913,6,39,-141,40000,7170.5224609375,237.500030517578,15.5313053131104,-3.81078791618347
20180913,12,39,-141,40000,7151.76953125,238.899993896484,11.2554874420166,-9.51746845245361
20180913,18,39,-141,40000,7130.03564453125,237.699996948242,18.157262802124,-4.04276752471924
20180914,12,39,-141,40000,7064.75244140625,237.29997253418,42.1422805786133,-11.9747133255005
20180914,18,39,-141,40000,7014.75390625,234.699981689453,23.4138069152832,-3.54238891601563
20180915,0,39,-141,40000,6996.9443359375,233.600006103516,22.6998481750488,-2.89849853515625
20180915,6,39,-141,40000,6984.25048828125,236.499969482422,32.9553184509277,0.170977786183357
20180915,12,39,-141,40000,6962.4462890625,235.100006103516,28.9492797851563,-3.09101557731628
20180915,18,39,-141,40000,6975.29833984375,235.899993896484,27.1184387207031,12.5846738815308
20180916,0,39,-141,40000,7028.353515625,236.899978637695,29.698055267334,20.2357540130615
20180916,12,39,-141,40000,7063.255859375,237.399993896484,39.5654296875,15.546124458313
20180916,18,39,-141,40000,7106.5244140625,238.600006103516,37.9791946411133,17.7970695495605
20180917,0,39,-141,40000,7133.1630859375,238.300003051758,28.4000358581543,10.2780637741089
20180917,6,39,-141,40000,7145.09619140625,238.600006103516,27.4748020172119,5.17969989776611
20180917,12,39,-141,40000,7163.99853515625,240.800003051758,33.7697982788086,11.5172243118286
20180917,18,39,-141,40000,7200.98046875,244.899978637695,37.9256324768066,-22.6727237701416
20180918,0,39,-141,40000,7162.162109375,245.699996948242,42.3991317749023,-6.36110830307007
20180918,6,39,-141,40000,7177.45458984375,245,51.4160346984863,-2.85401368141174
20180918,12,39,-141,40000,7191.39013671875,245.099975585938,48.5775871276855,-9.63453578948975
20180918,18,39,-141,40000,7177.75048828125,245.199996948242,62.1974601745605,-12.1343603134155
20180919,0,39,-141,40000,7175.97607421875,245.899993896484,65.665283203125,-13.0361232757568
20180919,6,39,-141,40000,7187.5205078125,245.199996948242,60.4454116821289,-17.2600250244141
20180919,12,39,-141,40000,7167.87744140625,245.100006103516,63.7459259033203,-25.9298152923584
20180919,18,39,-141,40000,7130.1669921875,241.29997253418,56.2116317749023,-22.9773864746094
20180920,0,39,-141,40000,7086.041015625,238,29.1737251281738,-2.64967775344849
20180920,6,39,-141,40000,7166.22998046875,238.399993896484,10.0866546630859,17.1999626159668
20180920,12,39,-141,40000,7235.78369140625,240.499969482422,20.371618270874,0.946538090705872
20180920,18,39,-141,40000,7247.16357421875,240.5,27.1996440887451,-6.82896995544434
20180921,0,39,-141,40000,7209.60546875,240.531692504883,35.5590667724609,-7.64336919784546
20180921,6,39,-141,40000,7199.021484375,241.399978637695,40.1308441162109,-4.97243642807007
20180921,12,39,-141,40000,7179.6376953125,241.029144287109,46.6246223449707,-7.27425527572632
20180921,18,39,-141,40000,7173.26123046875,242.885772705078,52.4137573242188,0.530523657798767
20180922,0,39,-141,40000,7166.52001953125,244.100006103516,51.3648910522461,-0.997512817382813
20180922,6,39,-141,40000,7172.00146484375,243.600006103516,50.6591491699219,3.49334406852722
20180922,12,39,-141,40000,7198.783203125,243.100006103516,47.9160385131836,3.01751089096069
20180922,18,39,-141,40000,7220.56982421875,242.568313598633,42.7742233276367,4.87122201919556
20180923,0,39,-141,40000,7221.37890625,242.199996948242,39.6889266967773,3.74277353286743
20180923,6,39,-141,40000,7233.33740234375,242.699996948242,36.0635528564453,12.7199831008911
20180923,12,39,-141,40000,7269.1279296875,243.29997253418,36.3588676452637,1.46819460391998
20180923,18,39,-141,40000,7261.2236328125,243.100006103516,37.894214630127,-2.63333749771118
20180924,0,39,-141,40000,7215.52001953125,239.699996948242,40.8662338256836,-2.49625849723816
20180924,6,39,-141,40000,7279.4287109375,241,23.0899410247803,22.4446411132813
20180924,12,39,-141,40000,7337.9892578125,242.699981689453,24.4369564056396,7.70003366470337
20180924,18,39,-141,40000,7360.14453125,244.399993896484,24.6860618591309,0.454412847757339
20180925,0,39,-141,40000,7370.046875,245.79997253418,23.8443241119385,0.193884283304214
20180925,6,39,-141,40000,7370.439453125,247.5,21.7769012451172,-9.71915245056152
20180925,12,39,-141,40000,7354.47607421875,247.600006103516,31.9276924133301,-8.70860576629639
20180925,18,39,-141,40000,7341.373046875,247.800003051758,33.567253112793,-19.8165225982666
20180926,0,39,-141,40000,7317.9501953125,247.539398193359,32.6099014282227,-24.1815452575684
20180926,6,39,-141,40000,7267.22705078125,245.499969482422,41.5624313354492,-28.6633243560791
20180926,12,39,-141,40000,7257.12744140625,243.899993896484,40.2826499938965,-17.992883682251
20180926,18,39,-141,40000,7244.5107421875,243.300003051758,40.2618026733398,-16.1332511901855
20180927,0,39,-141,40000,7245.421875,244.031692504883,43.8274612426758,-6.34836101531982
20180927,6,39,-141,40000,7274.22998046875,244.699996948242,40.3543472290039,-6.38688373565674
20180927,12,39,-141,40000,7288.50048828125,245.121917724609,35.6818008422852,-2.24128413200378
20180927,18,39,-141,40000,7299.9560546875,245.285278320313,35.977710723877,-3.09658813476563
20180928,0,39,-141,40000,7309.17041015625,245.5,41.7925491333008,1.28255617618561
20180928,6,39,-141,40000,7321.05810546875,246.100006103516,40.867374420166,-7.02670907974243
20180928,12,39,-141,40000,7304.31201171875,246.600006103516,37.8766555786133,-19.0800666809082
20180928,18,39,-141,40000,7228.349609375,246.899993896484,38.8774642944336,-35.6222915649414
20180929,0,39,-141,40000,7059.90771484375,244,47.7628898620605,-27.1237411499023
20180929,6,39,-141,40000,6996.4423828125,235.100006103516,28.8999824523926,-11.7834167480469
20180929,12,39,-141,40000,7022.47509765625,234.575531005859,23.0770626068115,20.9219417572021
20180929,18,39,-141,40000,7189.42236328125,240.07551574707,26.25563621521,44.6633110046387
20180930,0,39,-141,40000,7316.97509765625,244.399993896484,19.8608341217041,31.877965927124
20180930,6,39,-141,40000,7388.64013671875,246.199996948242,20.8427085876465,12.7564640045166
20180930,12,39,-141,40000,7414.15185546875,248.899993896484,19.9440975189209,10.1863584518433
20180930,18,39,-141,40000,7437.57763671875,248.5,22.0939388275146,9.35606098175049
20181001,0,39,-141,40000,7426.8623046875,248,26.721134185791,2.99997568130493
20181001,6,39,-141,40000,7410.65625,247.610015869141,29.9676780700684,-0.85626220703125
20181001,12,39,-141,40000,7389.263671875,248.199996948242,30.3465919494629,-3.53870844841003
20181001,18,39,-141,40000,7370.767578125,247,33.139289855957,-6.09519672393799
20181002,0,39,-141,40000,7330.6787109375,247.382766723633,39.9076919555664,-9.43818950653076
20181002,6,39,-141,40000,7305.61083984375,245.982757568359,37.9195938110352,-10.7871036529541
20181002,12,39,-141,40000,7265.587890625,244.699996948242,43.5049667358398,-15.0232906341553
20181002,18,39,-141,40000,7245.85107421875,243.399993896484,32.5119209289551,-15.8687744140625
20181003,0,39,-141,40000,7207.99365234375,241.699996948242,20.4423217773438,-10.0993223190308
20181003,6,39,-141,40000,7217.76513671875,242.017242431641,21.3651561737061,-2.998291015625
20181003,12,39,-141,40000,7248.6767578125,242,1.81014704704285,13.1089782714844
20181003,18,39,-141,40000,7313.6044921875,245.100006103516,-7.60799074172974,15.8773241043091
20181004,0,39,-141,40000,7346.23486328125,246.100006103516,1.75872802734375,10.499981880188
20181004,6,39,-141,40000,7376.72509765625,246.499969482422,4.14640188217163,8.40995788574219
20181004,12,39,-141,40000,7393.0107421875,245.899978637695,3.70598149299622,3.85588979721069
20181004,18,39,-141,40000,7397.078125,245.300018310547,9.68385696411133,3.88064932823181
20181005,0,39,-141,40000,7377.7099609375,245.108322143555,16.5022811889648,2.8279345035553
20181005,6,39,-141,40000,7359.291015625,244.300003051758,18.4854373931885,3.80005788803101
20181005,12,39,-141,40000,7372.7529296875,245.599975585938,17.139087677002,10.9677000045776
20181005,18,39,-141,40000,7379.8701171875,246.522674560547,15.9037351608276,8.27083778381348
20181006,0,39,-141,40000,7375.24755859375,247.199996948242,28.8193912506104,6.91755962371826
20181006,6,39,-141,40000,7350.78515625,246.899993896484,32.7451324462891,9.28118133544922
20181006,12,39,-141,40000,7351.0986328125,248.631805419922,29.7796058654785,10.620813369751
20181006,18,39,-141,40000,7343.21142578125,248.100006103516,32.0792121887207,11.0357179641724
20181007,0,39,-141,40000,7318.66796875,245.800003051758,30.369909286499,13.536395072937
20181007,6,39,-141,40000,7341.11376953125,243.899993896484,14.3145999908447,20.7856559753418
20181007,12,39,-141,40000,7366.71728515625,243.978073120117,17.6457061767578,18.6439208984375
20181007,18,39,-141,40000,7389.28271484375,244.124435424805,21.624828338623,13.958703994751
20181008,0,39,-141,40000,7402.494140625,245.399993896484,13.9705505371094,11.90478515625
20181008,6,39,-141,40000,7423.21826171875,245.982757568359,9.7322826385498,11.8765087127686
20181008,12,39,-141,40000,7442.5869140625,247.899993896484,9.84882354736328,10.1622219085693
20181008,18,39,-141,40000,7474.87939453125,249.300003051758,5.02812242507935,13.1744728088379
20181009,0,39,-141,40000,7493.85498046875,250.100006103516,7.69469308853149,9.87504863739014
20181009,6,39,-141,40000,7514.45458984375,250.5,6.62013244628906,4.76335430145264
20181009,12,39,-141,40000,7525.06201171875,250.699996948242,7.26081848144531,-1.21271967887878
20181009,18,39,-141,40000,7530.19189453125,250.601165771484,10.2259769439697,-5.22568368911743
20181010,0,39,-141,40000,7516.50146484375,249.941970825195,11.5377988815308,-9.68601703643799
20181010,6,39,-141,40000,7513.0537109375,249.600006103516,13.0877046585083,-10.5679016113281
20181010,12,39,-141,40000,7510.548828125,249.797210693359,14.6977596282959,-7.46529865264893
20181010,18,39,-141,40000,7502.75244140625,249.699996948242,13.6860322952271,-8.33250713348389
20181011,0,39,-141,40000,7479.29052734375,249.243576049805,15.1847200393677,-8.74892616271973
20181011,6,39,-141,40000,7468.8173828125,249.300003051758,13.3211946487427,-4.35947275161743
20181011,12,39,-141,40000,7452.560546875,249.482757568359,13.3278865814209,-7.09467792510986
20181011,18,39,-141,40000,7424.345703125,249.600006103516,20.0623683929443,-10.1310367584229
20181012,0,39,-141,40000,7370.1875,249.253372192383,30.1979007720947,-13.5999879837036
20181012,6,39,-141,40000,7318.455078125,247.699996948242,38.0041732788086,-20.359899520874
20181012,12,39,-141,40000,7247.87890625,246.699996948242,42.8895835876465,-26.7616767883301
20181012,18,39,-141,40000,7190.2412109375,244.100006103516,33.485424041748,-15.970251083374
20181013,0,39,-141,40000,7174.11181640625,243.600006103516,7.16502666473389,3.13245248794556
20181013,6,39,-141,40000,7230.89990234375,243.524459838867,-31.0408477783203,25.67333984375
20181013,12,39,-141,40000,7291.82080078125,245.453857421875,-34.5846290588379,22.321216583252
20181013,18,39,-141,40000,7338.2216796875,246.992523193359,-26.3630104064941,18.5111141204834
20181014,0,39,-141,40000,7351.90673828125,248.729156494141,-23.9092922210693,18.0876274108887
20181014,6,39,-141,40000,7359.048828125,248.600006103516,-23.2531681060791,17.0828857421875
20181014,12,39,-141,40000,7319.330078125,247.300003051758,-22.5456962585449,8.29783344268799
20181014,18,39,-141,40000,7317.861328125,245.699996948242,-20.4580173492432,-1.83673095703125
20181015,0,39,-141,40000,7281.2783203125,242.999969482422,-21.7185916900635,-8.27279663085938
20181015,6,39,-141,40000,7224.52685546875,243.100006103516,-19.6839847564697,-10.4267520904541
20181015,12,39,-141,40000,7190.984375,243.5,5.81632089614868,1.35863041877747
20181015,18,39,-141,40000,7194.5751953125,245.100006103516,21.5768337249756,3.29343867301941
20181016,0,39,-141,40000,7166.28369140625,242.199981689453,19.9768371582031,-4.89982318878174
20181016,6,39,-141,40000,7099.28857421875,239.999969482422,28.0580539703369,-10.1128664016724
20181016,12,39,-141,40000,7000.04638671875,241.5,39.6575546264648,-3.83638906478882
20181016,18,39,-141,40000,6953.05810546875,240.146118164063,28.8756294250488,8.78834247589111
20181017,0,39,-141,40000,6999.6435546875,238.100006103516,16.3185005187988,13.7614440917969
20181017,6,39,-141,40000,7054.52197265625,237.399993896484,11.9737911224365,9.60203266143799
20181017,12,39,-141,40000,7072.62353515625,238.399978637695,12.9315433502197,9.64168071746826
20181017,18,39,-141,40000,7122.85302734375,240,8.27464580535889,14.3944702148438
20181018,0,39,-141,40000,7136.6513671875,240.399993896484,11.6796903610229,12.0987243652344
20181018,6,39,-141,40000,7163.650390625,241.199996948242,7.81049203872681,18.2528324127197
20181018,12,39,-141,40000,7208.93994140625,241.999969482422,6.45682382583618,20.036937713623
20181018,18,39,-141,40000,7237.98291015625,243.5,9.94851684570313,23.4594841003418
20181019,0,39,-141,40000,7250.6689453125,243.600006103516,13.2065372467041,17.3621940612793
20181019,6,39,-141,40000,7272.92333984375,244.800003051758,16.9295997619629,13.7930479049683
20181019,18,39,-141,40000,7233.05517578125,243.399978637695,24.6693420410156,-6.07985210418701
20181020,0,39,-141,40000,7111.09423828125,238.899978637695,31.6225643157959,-16.9345588684082
20181020,6,39,-141,40000,7003.3837890625,233.167877197266,14.0937833786011,0.0224731452763081
20181020,12,39,-141,40000,6972.4013671875,230.960601806641,13.1339569091797,3.98696279525757
20181020,18,39,-141,40000,6953.22314453125,234.399993896484,6.78296184539795,15.1935548782349
20181021,0,39,-141,40000,6996.94140625,234.29557800293,-6.57259511947632,25.8508415222168
20181021,6,39,-141,40000,7128.775390625,236.792526245117,-15.2921419143677,43.0804824829102
20181021,12,39,-141,40000,7234.01806640625,239.885299682617,-6.61008310317993,37.352954864502
20181021,18,39,-141,40000,7302.60791015625,242.199996948242,-6.66624736785889,25.7632350921631
20181022,0,39,-141,40000,7336.77685546875,242.800003051758,-2.12362670898438,22.9005222320557
20181022,6,39,-141,40000,7375.0673828125,244.5,2.73408198356628,22.3558769226074
20181022,12,39,-141,40000,7396.6943359375,246.275543212891,10.5945892333984,20.3480472564697
20181022,18,39,-141,40000,7419.35498046875,247.578094482422,11.0914916992188,18.6024837493896
20181023,0,39,-141,40000,7431.16455078125,247.843841552734,15.4561462402344,16.3221549987793
20181023,6,39,-141,40000,7454.8544921875,247.785308837891,17.7689266204834,22.1348686218262
20181023,12,39,-141,40000,7472.40478515625,249.038909912109,19.4476509094238,20.9491939544678
20181023,18,39,-141,40000,7479.48291015625,249.70002746582,19.7904014587402,13.2084407806396
20181024,0,39,-141,40000,7457.37744140625,249.392532348633,26.7515621185303,7.09996318817139
20181024,6,39,-141,40000,7435.72802734375,247.5,22.5124092102051,6.99002695083618
20181024,12,39,-141,40000,7422.318359375,248.300003051758,29.5559997558594,7.42246103286743
20181024,18,39,-141,40000,7396.58740234375,248.399978637695,32.2440490722656,3.67620229721069
20181025,0,39,-141,40000,7358.8154296875,244.199996948242,24.8193778991699,4.95588397979736
20181025,6,39,-141,40000,7345.1630859375,243.461090087891,22.7863464355469,12.125750541687
20181025,12,39,-141,40000,7365.56494140625,245.092498779297,24.7874202728271,16.8013496398926
20181025,18,39,-141,40000,7376.0830078125,245.792556762695,21.5753231048584,12.1961917877197
20181026,0,39,-141,40000,7341.53173828125,243.600006103516,19.8802604675293,7.78563213348389
20181026,6,39,-141,40000,7341.12109375,243.099975585938,17.5397701263428,16.8023433685303
20181026,12,39,-141,40000,7360.07666015625,243.507476806641,13.958963394165,18.7857971191406
20181026,18,39,-141,40000,7382.86572265625,243.5,12.2160158157349,17.0595092773438
20181027,0,39,-141,40000,7382.921875,242.643463134766,9.16312885284424,19.3131217956543
20181027,6,39,-141,40000,7411.68505859375,243.182373046875,3.44185495376587,26.5000247955322
20181027,12,39,-141,40000,7446.4873046875,244.843475341797,4.59532785415649,20.7293758392334
20181027,18,39,-141,40000,7460.3701171875,245.499969482422,7.74655151367188,15.0736446380615
20181028,0,39,-141,40000,7448.10009765625,245.968307495117,12.1426334381104,19.022388458252
20181028,6,39,-141,40000,7457.41455078125,246.300003051758,5.67515563964844,17.1579704284668
20181028,12,39,-141,40000,7464.32568359375,246.720306396484,8.81662273406982,12.5670042037964
20181028,18,39,-141,40000,7472.31689453125,246.997436523438,6.89317607879639,11.8833980560303
20181029,0,39,-141,40000,7467.69140625,247.33332824707,6.5178861618042,8.52811908721924
20181029,6,39,-141,40000,7473.8310546875,247.923049926758,8.89688110351563,6.40158700942993
20181029,12,39,-141,40000,7464.36572265625,249.441940307617,12.6040096282959,4.76538705825806
20181029,18,39,-141,40000,7462.53271484375,250,10.3012027740479,1.46969604492188
20181030,0,39,-141,40000,7443.50439453125,249.300003051758,12.2922639846802,-2.60463261604309
20181030,6,39,-141,40000,7430.4345703125,249.5,7.98570251464844,-10.0488405227661
20181030,12,39,-141,40000,7402.5888671875,249.999969482422,14.6008939743042,-17.0332336425781
20181030,18,39,-141,40000,7367.326171875,249.300003051758,25.8319149017334,-19.390832901001
20181031,0,39,-141,40000,7304.43115234375,249.21305847168,30.60182762146,-29.3999938964844
20181031,6,39,-141,40000,7248.8369140625,248.300018310547,36.0884246826172,-33.4033088684082
20181031,12,39,-141,40000,7192.98681640625,246.800003051758,41.7707672119141,-35.2007331848145
20181031,18,39,-141,40000,7123.43310546875,243.813064575195,45.3265571594238,-30.502965927124
20181101,0,39,-141,40000,7112.205078125,242.140533447266,44.2153549194336,-21.133373260498
20181101,6,39,-141,40000,7125.96875,240.399993896484,42.407398223877,-19.1029109954834
20181101,12,39,-141,40000,7121.15625,236.800003051758,30.4364242553711,-10.8397464752197
20181101,18,39,-141,40000,7145.0107421875,237.737258911133,14.215350151062,4.14988422393799
20181102,0,39,-141,40000,7169.1845703125,238.899993896484,14.2851686477661,5.58497905731201
20181102,6,39,-141,40000,7183.33642578125,238.29997253418,26.0008659362793,4.08558368682861
20181102,12,39,-141,40000,7176.24951171875,238.418869018555,16.5799160003662,21.3374881744385
20181102,18,39,-141,40000,7244.43896484375,239.94921875,2.74670100212097,29.3325500488281
20181103,0,39,-141,40000,7286.294921875,240.584518432617,7.32695913314819,18.2023677825928
20181103,6,39,-141,40000,7325.22998046875,242.699996948242,6.83770751953125,17.0429439544678
20181103,12,39,-141,40000,7350.9169921875,245.011688232422,10.6149139404297,10.2958736419678
20181103,18,39,-141,40000,7366.39990234375,245.300003051758,12.5252199172974,12.1251344680786
20181104,0,39,-141,40000,7374.42041015625,246.699996948242,11.6550140380859,10.8011226654053
20181104,6,39,-141,40000,7401.78369140625,247.936370849609,13.6145572662354,3.92647099494934
20181104,12,39,-141,40000,7399.73486328125,248.899993896484,14.0141267776489,-5.88878154754639
20181104,18,39,-141,40000,7395.92138671875,249.599975585938,14.6073427200317,-6.54180908203125
20181105,0,39,-141,40000,7370.208984375,248.099975585938,15.7556428909302,-12.994421005249
20181105,6,39,-141,40000,7362.16552734375,248.899993896484,24.7060356140137,-10.5944948196411
20181105,12,39,-141,40000,7363.2314453125,248.124465942383,27.7523002624512,-9.1998348236084
20181105,18,39,-141,40000,7366.37548828125,248.100006103516,27.1803531646729,-8.42891883850098
20181106,0,39,-141,40000,7332.48193359375,246.800003051758,25.7212791442871,-18.84521484375
20181106,6,39,-141,40000,7328.8994140625,247.1083984375,26.7037353515625,-24.2657051086426
20181106,12,39,-141,40000,7299.7412109375,248.656539916992,17.578914642334,-24.9689884185791
20181106,18,39,-141,40000,7258.107421875,245.6005859375,14.9817810058594,-34.7998428344727
20181107,0,39,-141,40000,7211.82861328125,244.549194335938,13.0420045852661,-21.173131942749
20181107,6,39,-141,40000,7194.39794921875,241.869537353516,1.23066401481628,9.94771766662598
20181107,12,39,-141,40000,7243.0400390625,242.732330322266,-2.86648559570313,11.610595703125
20181107,18,39,-141,40000,7288.51318359375,244.205032348633,-1.21052551269531,16.0432624816895
20181108,0,39,-141,40000,7330.63134765625,247.025924682617,-2.62650156021118,15.7808837890625
20181108,6,39,-141,40000,7346.92822265625,247.237762451172,8.48153686523438,6.54541015625
20181108,12,39,-141,40000,7340.28173828125,247.208786010742,16.6465911865234,4.62014150619507
20181108,18,39,-141,40000,7314.99853515625,244.300003051758,19.6457214355469,0.255999743938446
20181109,0,39,-141,40000,7284.50439453125,242.863616943359,21.7349243164063,2.66015625
20181109,6,39,-141,40000,7282.978515625,243,22.2061710357666,6.67110586166382
20181109,12,39,-141,40000,7294.70947265625,244.300003051758,24.4732418060303,12.9156465530396
20181109,18,39,-141,40000,7308.46240234375,245.827560424805,27.9046173095703,22.2292671203613
20181110,0,39,-141,40000,7318.5185546875,245.899993896484,26.7981071472168,11.2603759765625
20181110,6,39,-141,40000,7314.6494140625,244.399993896484,29.042724609375,3.55385136604309
20181110,12,39,-141,40000,7292.55517578125,245,34.0884437561035,0.700006127357483
20181110,18,39,-141,40000,7251.76953125,241.682250976563,34.9305229187012,2.30077505111694
20181111,0,39,-141,40000,7260.294921875,241.199981689453,20.8625946044922,17.3676815032959
20181111,6,39,-141,40000,7301.37744140625,241.600006103516,14.8924617767334,20.7936897277832
20181111,12,39,-141,40000,7364.16748046875,244.514724731445,12.1633205413818,23.1189632415771
20181111,18,39,-141,40000,7410.0537109375,245.199996948242,12.3302974700928,14.320592880249
20181112,0,39,-141,40000,7415.9951171875,244.899993896484,14.7928409576416,10.1356630325317
20181112,6,39,-141,40000,7428.00927734375,244.044967651367,13.3974485397339,7.27343130111694
20181112,12,39,-141,40000,7437.4482421875,245.29997253418,11.3505706787109,6.74152851104736
20181112,18,39,-141,40000,7450.568359375,247.206954956055,9.79179668426514,10.9522342681885
20181113,0,39,-141,40000,7455.04638671875,247.699996948242,8.9649658203125,12.2510890960693
20181113,6,39,-141,40000,7474.34423828125,248.199996948242,10.339147567749,13.9038820266724
20181113,12,39,-141,40000,7486.81689453125,247.878051757813,14.4732513427734,7.61384296417236
20181113,18,39,-141,40000,7480.14697265625,247.824462890625,16.1542854309082,7.49235248565674
20181114,0,39,-141,40000,7463.12451171875,246.899978637695,19.2642059326172,3.77637934684753
20181114,6,39,-141,40000,7462.43896484375,248.5,19.7295436859131,0.926464855670929
20181114,12,39,-141,40000,7444.142578125,248.907348632813,20.6555328369141,-0.229077145457268
20181114,18,39,-141,40000,7439.25244140625,247.100006103516,16.7444343566895,-1.61651301383972
20181115,0,39,-141,40000,7427.56982421875,247.899993896484,12.668231010437,-1.5733642578125
20181115,6,39,-141,40000,7430.046875,247.79997253418,16.6853332519531,2.55235910415649
20181115,12,39,-141,40000,7448.55615234375,248.899993896484,15.3137302398682,9.40725421905518
20181115,18,39,-141,40000,7465.33935546875,249.865264892578,19.153995513916,4.16794443130493
20181116,0,39,-141,40000,7456.177734375,251.146148681641,21.5355167388916,7.47536325454712
20181116,6,39,-141,40000,7469.5576171875,251.300003051758,26.2220706939697,9.07706928253174
20181116,12,39,-141,40000,7476.8154296875,251.07780456543,37.2028045654297,3.25960683822632
20181116,18,39,-141,40000,7466.3837890625,251.5,41.916748046875,-1.39137876033783
20181117,0,39,-141,40000,7419.7919921875,250.79997253418,42.7917175292969,-12.9229278564453
20181117,6,39,-141,40000,7363.74609375,249,43.7999076843262,-21.7644157409668
20181117,12,39,-141,40000,7330.8193359375,249.454025268555,46.353889465332,-2.41536855697632
20181117,18,39,-141,40000,7313.1025390625,248.699996948242,42.7697486877441,-7.64781475067139
20181118,0,39,-141,40000,7272.087890625,248.259841918945,42.6907081604004,-5.84001445770264
20181118,6,39,-141,40000,7236.65625,246.11164855957,41.8487281799316,-5.0411376953125
20181118,12,39,-141,40000,7254.6787109375,247,27.2617797851563,26.2348823547363
20181118,18,39,-141,40000,7341.49951171875,246.800003051758,21.4347476959229,14.7000675201416
20181119,0,39,-141,40000,7377.9013671875,247,5.43641948699951,13.9803829193115
20181119,6,39,-141,40000,7428.64990234375,247.800003051758,5.69212627410889,8.59562969207764
20181119,12,39,-141,40000,7451.51513671875,248.79997253418,2.91166377067566,4.10200214385986
20181119,18,39,-141,40000,7460.21435546875,249.100006103516,0.329913318157196,-1.63494873046875
20181120,0,39,-141,40000,7437.95751953125,248.901947021484,1.73880004882813,-8.99996948242188
20181120,6,39,-141,40000,7415.82177734375,247.899978637695,4.83729839324951,-13.6985473632813
20181120,12,39,-141,40000,7385.09130859375,247.699996948242,11.5222654342651,-17.5317134857178
20181120,18,39,-141,40000,7378.4658203125,248.199996948242,16.4797554016113,-9.9041805267334
20181121,0,39,-141,40000,7360.68017578125,249.600006103516,21.505615234375,-7.60001850128174
20181121,6,39,-141,40000,7363.81689453125,248.600006103516,13.0808620452881,-17.630859375
20181121,12,39,-141,40000,7360.79638671875,250.600006103516,0.769961535930634,-20.098876953125
20181121,18,39,-141,40000,7332.94482421875,248.399993896484,2.28641057014465,-13.353307723999
20181122,0,39,-141,40000,7281.22021484375,246.800003051758,4.28861999511719,-8.27042865753174
20181122,6,39,-141,40000,7271.39111328125,245.399993896484,4.49191904067993,-7.2044677734375
20181122,12,39,-141,40000,7259.6767578125,246.802658081055,10.0967311859131,1.45969843864441
20181122,18,39,-141,40000,7235.49072265625,242.9287109375,15.4531555175781,4.21304941177368
20181123,0,39,-141,40000,7244.56298828125,243.105377197266,18.6008796691895,15.0999450683594
20181123,6,39,-141,40000,7276.95947265625,243.83332824707,25.8915824890137,7.99998188018799
20181123,12,39,-141,40000,7281.640625,242.14778137207,28.5172061920166,6.92119121551514
20181123,18,39,-141,40000,7316.47021484375,242.75944519043,24.8464756011963,11.5460691452026
20181124,0,39,-141,40000,7337.6455078125,243.973846435547,24.1485538482666,7.95573711395264
20181124,6,39,-141,40000,7359.5673828125,244.362274169922,22.789758682251,2.14660024642944
20181124,12,39,-141,40000,7387.89453125,246.079742431641,18.1618766784668,7.44130229949951
20181124,18,39,-141,40000,7423.9580078125,247.660675048828,13.9217405319214,4.20258474349976
20181125,0,39,-141,40000,7432.3857421875,248.97248840332,5.39769887924194,3.19303274154663
20181125,6,39,-141,40000,7438.73876953125,248.899993896484,2.95477294921875,-3.82912302017212
20181125,12,39,-141,40000,7426.89306640625,247.372467041016,12.5733690261841,-5.10721683502197
20181125,18,39,-141,40000,7413.13623046875,245.872482299805,15.6881151199341,-8.51155281066895
20181126,0,39,-141,40000,7392.103515625,246.100006103516,15.7445974349976,-5.45116710662842
20181126,6,39,-141,40000,7396.0068359375,247.040557861328,17.6132869720459,-2.09679555892944
20181126,12,39,-141,40000,7405.68017578125,249.100006103516,21.1574325561523,-3.15419912338257
20181126,18,39,-141,40000,7399.125,248.699996948242,24.3383369445801,-9.33598041534424
20181127,0,39,-141,40000,7388.4970703125,249.199996948242,26.246789932251,-8.61951923370361
20181127,6,39,-141,40000,7386.369140625,248.800003051758,31.2595767974854,-10.717791557312
20181127,12,39,-141,40000,7381.9580078125,249.672515869141,23.5637054443359,-18.2070999145508
20181127,18,39,-141,40000,7375.41357421875,250.100006103516,28.9894065856934,-16.8785743713379
20181128,0,39,-141,40000,7346.04833984375,250.278686523438,27.3585319519043,-20.9488677978516
20181128,6,39,-141,40000,7277.65869140625,250.20002746582,35.0451126098633,-38.6547622680664
20181128,12,39,-141,40000,7172.05517578125,246.9208984375,26.4167919158936,-44.3777313232422
20181128,18,39,-141,40000,7142.31396484375,242.399993896484,18.9908638000488,11.089804649353
20181129,0,39,-141,40000,7167.16552734375,240.189651489258,22.0167846679688,7.90171527862549
20181129,6,39,-141,40000,7242.31494140625,243.003875732422,17.3991432189941,23.1816291809082
20181129,12,39,-141,40000,7325.01953125,246.800003051758,21.3287754058838,20.7000484466553
20181129,18,39,-141,40000,7369.75634765625,248.100006103516,25.6943435668945,18.439603805542
20181130,0,39,-141,40000,7377.92041015625,247.899993896484,26.1084003448486,12.8622560501099
20181130,6,39,-141,40000,7399.572265625,247.899993896484,24.0614376068115,12.0983400344849
20181130,12,39,-141,40000,7417.232421875,247.421020507813,20.842212677002,6.05385255813599
20181130,18,39,-141,40000,7422.35888671875,246.033493041992,18.0246028900146,2.11886715888977
20181201,0,39,-141,40000,7410.43505859375,246.184646606445,15.7613620758057,2.33129262924194
20181201,6,39,-141,40000,7397.64794921875,246.318771362305,16.7837333679199,-5.98564434051514
20181201,12,39,-141,40000,7386.55810546875,247.800003051758,24.2999172210693,-3.89812016487122
20181201,18,39,-141,40000,7377.87548828125,248.940551757813,13.9776639938354,-4.29329824447632
20181202,0,39,-141,40000,7348.796875,247.594436645508,10.614764213562,-5.70400381088257
20181202,6,39,-141,40000,7320.26171875,247.69108581543,11.0041561126709,-12.2997741699219
20181202,12,39,-141,40000,7309.1982421875,246.42610168457,20.5975799560547,-1.55327153205872
20181202,18,39,-141,40000,7307.056640625,246.316207885742,21.8045921325684,-3.13079214096069
20181203,0,39,-141,40000,7286.39892578125,245.827514648438,29.4438934326172,-2.98668217658997
20181203,6,39,-141,40000,7291.025390625,247.512771606445,28.701868057251,-7.4200439453125
20181203,12,39,-141,40000,7290.99169921875,248,32.6584701538086,-10.793194770813
20181203,18,39,-141,40000,7281.359375,247.53369140625,35.8267402648926,-15.227014541626
20181204,0,39,-141,40000,7273.330078125,246.824554443359,37.5098648071289,-14.6897096633911
20181204,6,39,-141,40000,7291.1787109375,246.18537902832,36.8136520385742,-11.6599369049072
20181204,12,39,-141,40000,7308.37451171875,246.61328125,27.541482925415,-18.2946586608887
20181204,18,39,-141,40000,7305.16552734375,245.899932861328,25.1814765930176,-17.0002689361572
20181205,0,39,-141,40000,7309.0498046875,247.699981689453,31.3037166595459,-8.30001258850098
20181205,6,39,-141,40000,7310.27978515625,247.514617919922,36.5705413818359,-12.702392578125
20181205,12,39,-141,40000,7333.96826171875,247.199996948242,31.3646793365479,-2.88394165039063
20181205,18,39,-141,40000,7380.74267578125,248.702423095703,25.7267971038818,3.76066279411316
20181206,0,39,-141,40000,7402.69580078125,249.000030517578,22.6838569641113,-2.12269282341003
20181206,6,39,-141,40000,7413.3212890625,249.910736083984,19.9360294342041,-3.89691162109375
20181206,12,39,-141,40000,7425.66796875,250.02897644043,18.4340019226074,-2.91260981559753
20181206,18,39,-141,40000,7428.8212890625,249.327972412109,18.9656734466553,-4.12885141372681
20181207,0,39,-141,40000,7439.455078125,250.761444091797,19.8597717285156,-1.06278681755066
20181207,6,39,-141,40000,7449.11767578125,250.871780395508,19.9251518249512,-2.71992802619934
20181207,12,39,-141,40000,7449.953125,252.467849731445,20.9974613189697,-13.883508682251
20181207,18,39,-141,40000,7442.73193359375,252.100021362305,23.0134983062744,-13.9393501281738
20181208,0,39,-141,40000,7429.2607421875,252.151336669922,22.6385879516602,-15.2728319168091
20181208,6,39,-141,40000,7406.576171875,251.213897705078,16.6814556121826,-16.3792781829834
20181208,12,39,-141,40000,7383.28369140625,249.704467773438,20.305456161499,-19.9142684936523
20181208,18,39,-141,40000,7354.37255859375,248.618362426758,31.0139408111572,-20.9373989105225
20181209,0,39,-141,40000,7321.8779296875,247.5,29.8699970245361,-20.1832370758057
20181209,6,39,-141,40000,7299.96875,245.804000854492,31.3606052398682,-14.4070434570313
20181209,12,39,-141,40000,7304.291015625,245.300003051758,32.0546569824219,-16.0701961517334
20181209,18,39,-141,40000,7303.173828125,243.391403198242,28.1722354888916,-6.85729360580444
20181210,0,39,-141,40000,7305.5712890625,242.615798950195,26.6749153137207,0.224816888570786
20181210,6,39,-141,40000,7319.47021484375,242.38883972168,21.3778877258301,-1.96249389648438
20181210,12,39,-141,40000,7330.248046875,243.226760864258,21.0532894134521,4.46977519989014
20181210,18,39,-141,40000,7353.88623046875,244.29997253418,17.7708396911621,8.88496685028076
20181211,0,39,-141,40000,7370.86669921875,246.576950073242,15.5999202728271,10.5754642486572
20181211,6,39,-141,40000,7423.41259765625,249.754974365234,13.1416959762573,12.6107425689697
20181211,12,39,-141,40000,7464.91748046875,250.57243347168,11.6999940872192,5.77061748504639
20181211,18,39,-141,40000,7479.013671875,250.706756591797,14.281023979187,0.884490966796875
20181212,0,39,-141,40000,7472.8779296875,250.180938720703,18.251220703125,-3.74900197982788
20181212,6,39,-141,40000,7470.85498046875,251.399993896484,21.0851287841797,-9.00782775878906
20181212,12,39,-141,40000,7467.6630859375,251.985595703125,23.8344821929932,-14.3921537399292
20181212,18,39,-141,40000,7444.52685546875,251.88786315918,26.3866367340088,-20.7814750671387
20181213,0,39,-141,40000,7398.7099609375,249.427536010742,28.6482696533203,-19.2836494445801
20181213,6,39,-141,40000,7381.12646484375,246.929153442383,30.4310302734375,-11.7267513275146
20181213,12,39,-141,40000,7365.0341796875,246.699996948242,33.6957778930664,-8.62385845184326
20181213,18,39,-141,40000,7345.69921875,245.600021362305,32.7444229125977,-6.64577627182007
20181214,0,39,-141,40000,7327.255859375,245.020263671875,32.7915496826172,-1.53353273868561
20181214,6,39,-141,40000,7347.13818359375,245.399993896484,33.8925552368164,5.88089609146118
20181214,12,39,-141,40000,7379.81201171875,245.221649169922,31.0172367095947,4.30086040496826
20181214,18,39,-141,40000,7392.35302734375,246.399993896484,38.1274642944336,1.02140498161316
20181215,0,39,-141,40000,7380.90771484375,245.699996948242,33.4714546203613,-2.99963998794556
20181215,6,39,-141,40000,7369.1826171875,243.360382080078,24.0041255950928,-0.970605492591858
20181215,12,39,-141,40000,7381.18115234375,243.513092041016,16.1127223968506,5.67369985580444
20181215,18,39,-141,40000,7415.92578125,248.004974365234,19.8002738952637,8.12893390655518
20181216,0,39,-141,40000,7430.06103515625,247.699981689453,23.7031440734863,12.3128204345703
20181216,6,39,-141,40000,7449.41748046875,248.899978637695,26.3503475189209,14.2341585159302
20181216,12,39,-141,40000,7468.029296875,249.800018310547,28.0442867279053,6.76012897491455
20181216,18,39,-141,40000,7471.0107421875,250.300003051758,29.3284664154053,0.519454956054688
20181217,0,39,-141,40000,7457.787109375,251.399993896484,29.2321128845215,-0.343060314655304
20181217,6,39,-141,40000,7456.46923828125,250.899993896484,28.5862483978271,4.27246086474042e-05
20181217,12,39,-141,40000,7464.03515625,250.404388427734,27.12229347229,0.344799816608429
20181217,18,39,-141,40000,7461.54296875,250.141143798828,21.8187255859375,0.317437738180161
20181218,0,39,-141,40000,7449.83447265625,249.473922729492,21.5045623779297,0.493237316608429
20181218,6,39,-141,40000,7443.61083984375,249.73486328125,24.105037689209,-3.07780146598816
20181218,12,39,-141,40000,7437.85791015625,250.087738037109,26.9916687011719,-8.68940448760986
