20180720,0,64,110,40000,6865.17333984375,240.5,24.1026268005371,-27.9846687316895
20180720,6,64,110,40000,6768.4150390625,237.885284423828,29.7601070404053,-44.6227798461914
20180720,12,64,110,40000,6694.9736328125,233.399993896484,34.5768356323242,-39.6883735656738
20180720,18,64,110,40000,6663.890625,232.485305786133,22.6758003234863,-38.6111335754395
20180721,0,64,110,40000,6617.6064453125,230.214691162109,14.1132755279541,-24.0206661224365
20180721,6,64,110,40000,6557.90625,226.099975585938,5.86509418487549,-9.88386249542236
20180721,12,64,110,40000,6528.9482421875,223.899993896484,4.78267192840576,5.00451040267944
20180721,18,64,110,40000,6569.498046875,225.199996948242,11.869421005249,-2.90386343002319
20180722,0,64,110,40000,6605.21923828125,226.800003051758,15.5488157272339,0.561376929283142
20180722,6,64,110,40000,6625.19189453125,227.699996948242,17.8914852142334,3.81277465820313
20180722,12,64,110,40000,6637.09521484375,228.699996948242,13.438214302063,-2.33576059341431
20180722,18,64,110,40000,6645.32080078125,230.199996948242,14.7049007415771,-2.76968383789063
20180723,0,64,110,40000,6614.681640625,230.29997253418,3.81170654296875,-14.5084047317505
20180723,6,64,110,40000,6540.49267578125,228.399978637695,7.23329782485962,-13.785608291626
20180723,12,64,110,40000,6501.02001953125,228.5,12.852575302124,-5.10353088378906
20180723,18,64,110,40000,6512.8837890625,229.137741088867,13.5277462005615,-4.26022958755493
20180724,0,64,110,40000,6474.71923828125,227.199996948242,5.41213369369507,-11.595666885376
20180724,6,64,110,40000,6412.865234375,226.100006103516,6.51973247528076,-5.31623554229736
20180724,12,64,110,40000,6465.333984375,227.399978637695,20.1304168701172,4.89390134811401
20180724,18,64,110,40000,6500.51953125,226.798492431641,18.6099510192871,-13.2090139389038
20180725,0,64,110,40000,6522.9736328125,227.900054931641,30.9994163513184,-22.7478218078613
20180725,6,64,110,40000,6433.384765625,224.199996948242,15.6869630813599,-17.9355049133301
20180725,12,64,110,40000,6431.271484375,224.18603515625,22.0360164642334,2.45858764648438
20180725,18,64,110,40000,6531.466796875,225.5,30.4629287719727,-9.50402355194092
20180726,0,64,110,40000,6451.92431640625,225.768310546875,17.1650981903076,-19.4048728942871
20180726,6,64,110,40000,6450.2099609375,223.331695556641,27.8432998657227,-2.48258781433105
20180726,12,64,110,40000,6579.1630859375,223.600006103516,38.2985687255859,1.29753911495209
20180726,18,64,110,40000,6651.18701171875,229.867874145508,33.2393417358398,-11.0693063735962
20180727,0,64,110,40000,6637.48388671875,234,36.2749824523926,-21.9809627532959
20180727,6,64,110,40000,6584.75244140625,235.399993896484,50.6745300292969,-28.0402984619141
20180727,12,64,110,40000,6502.197265625,231.775192260742,52.169864654541,-35.6328468322754
20180727,18,64,110,40000,6426.216796875,228.677154541016,37.6033020019531,-25.745849609375
20180728,0,64,110,40000,6406.447265625,223.999969482422,25.5177383422852,-3.84759759902954
20180728,6,64,110,40000,6461.814453125,224.5,24.4367485046387,4.20542478561401
20180728,12,64,110,40000,6504.818359375,225.699996948242,20.3355903625488,1.19879639148712
20180728,18,64,110,40000,6501.212890625,225.3857421875,19.7063274383545,-5.2425389289856
20180729,0,64,110,40000,6490.56982421875,223.600006103516,16.7733745574951,-6.83415031433105
20180729,6,64,110,40000,6470.06103515625,221.399993896484,11.0557374954224,-9.61409187316895
20180729,12,64,110,40000,6459.74365234375,220.199996948242,2.1077344417572,-4.07023429870605
20180729,18,64,110,40000,6484.22021484375,220.300003051758,4.13767099380493,2.04437494277954
20180730,0,64,110,40000,6505.654296875,220.045318603516,14.6006441116333,6.42953109741211
20180730,6,64,110,40000,6490.51123046875,224.236236572266,30.1859111785889,15.7361030578613
20180730,12,64,110,40000,6526.060546875,227.814697265625,42.392765045166,21.106725692749
20180730,18,64,110,40000,6558.27880859375,227.921920776367,39.9895248413086,10.8393459320068
20180731,0,64,110,40000,6529.66357421875,228.092529296875,37.3550033569336,2.15859365463257
20180731,6,64,110,40000,6506.3779296875,229.899978637695,36.2824897766113,5.79736328125
20180731,12,64,110,40000,6461.61181640625,228.347244262695,35.2376327514648,-2.1944580078125
20180731,18,64,110,40000,6383.16015625,226.400680541992,35.8720932006836,-11.8909664154053
20180801,0,64,110,40000,6287.8544921875,224.060592651367,22.2973213195801,-4.55319499969482
20180801,6,64,110,40000,6233.46240234375,225.086029052734,14.7501163482666,-0.241934210062027
20180801,12,64,110,40000,6243.43994140625,222.800247192383,8.47311401367188,7.03102397918701
20180801,18,64,110,40000,6313.72119140625,220.699996948242,9.52638816833496,13.5750064849854
20180802,0,64,110,40000,6406.12646484375,221.699996948242,18.1111335754395,7.50149536132813
20180802,6,64,110,40000,6439.361328125,224.399993896484,29.050479888916,8.39809608459473
20180802,12,64,110,40000,6525.96240234375,227.399993896484,36.8830718994141,6.23496103286743
20180802,18,64,110,40000,6594.32958984375,231.100006103516,31.2572479248047,-9.281982421875
20180803,0,64,110,40000,6586.64892578125,232.192535400391,14.2393188476563,-18.6026496887207
20180803,6,64,110,40000,6527.7392578125,230.438919067383,8.84434223175049,-18.6939811706543
20180803,12,64,110,40000,6482.025390625,230.5,0.406387329101563,-8.75324058532715
20180803,18,64,110,40000,6404.90380859375,229.221923828125,-7.87260437011719,-2.67327880859375
20180804,0,64,110,40000,6335.673828125,227.499969482422,-0.417272955179214,3.39893794059753
20180804,6,64,110,40000,6275.51123046875,226.600006103516,5.52800893783569,1.86014401912689
20180804,12,64,110,40000,6246.3857421875,225.099975585938,-0.129510492086411,-4.30007648468018
20180804,18,64,110,40000,6222.6025390625,222.507476806641,0.204931646585464,-4.36788940429688
20180805,0,64,110,40000,6229.7470703125,222,5.29651784896851,-0.651251196861267
20180805,6,64,110,40000,6241.599609375,221.800003051758,14.7561311721802,6.69407367706299
20180805,12,64,110,40000,6306.1025390625,220.706985473633,25.3682651519775,9.56864356994629
20180805,18,64,110,40000,6339.8701171875,222.353393554688,25.4600048065186,5.67558574676514
20180806,0,64,110,40000,6350.30810546875,223.199996948242,24.8710842132568,4.84680795669556
20180806,6,64,110,40000,6391.8701171875,225.551712036133,27.117015838623,18.4205665588379
20180806,12,64,110,40000,6467.994140625,225.612457275391,22.0310955047607,20.6620407104492
20180806,18,64,110,40000,6530.37890625,225.585647583008,18.9900970458984,24.8754730224609
20180807,0,64,110,40000,6629.06298828125,226.887405395508,18.6641254425049,29.4843940734863
20180807,6,64,110,40000,6677.66796875,227.399978637695,16.5331687927246,17.51708984375
20180807,12,64,110,40000,6719.42822265625,227.450805664063,16.2758808135986,15.2597560882568
20180807,18,64,110,40000,6763.53125,227.800003051758,14.9717359542847,9.91958522796631
20180808,0,64,110,40000,6793.89306640625,227.199996948242,15.1300477981567,3.02219247817993
20180808,6,64,110,40000,6833.548828125,229.170852661133,19.7569675445557,1.2547607421875
20180808,12,64,110,40000,6862.421875,230.890548706055,14.7363834381104,-8.99410438537598
20180808,18,64,110,40000,6876.783203125,233.81005859375,18.4544830322266,-12.1380977630615
20180809,0,64,110,40000,6886.19140625,238.857574462891,18.9082450866699,-21.7663631439209
20180809,6,64,110,40000,6847.6845703125,238.300003051758,16.1096744537354,-37.6464958190918
20180809,12,64,110,40000,6758.34326171875,234.110015869141,13.96608543396,-44.2824478149414
20180809,18,64,110,40000,6693.611328125,230.483551025391,10.5677366256714,-17.610143661499
20180810,0,64,110,40000,6703.75634765625,230.600006103516,6.57742595672607,-0.245361328125
20180810,6,64,110,40000,6749.57080078125,229.737594604492,11.0558528900146,0.630700707435608
20180810,12,64,110,40000,6797.193359375,227.800003051758,12.3999176025391,-2.77223515510559
20180810,18,64,110,40000,6834.44677734375,227.90202331543,12.2117862701416,-7.02208232879639
20180811,0,64,110,40000,6858.1123046875,228.643600463867,12.4676694869995,-7.39400625228882
20180811,6,64,110,40000,6861.1455078125,228.510040283203,8.7830228805542,-7.96732187271118
20180811,12,64,110,40000,6853.85888671875,229.100006103516,6.20001220703125,-8.62604999542236
20180811,18,64,110,40000,6853.13623046875,231.643585205078,3.69088745117188,-8.44443988800049
20180812,0,64,110,40000,6826.90869140625,231.5,4.03260803222656,-24.8736000061035
20180812,6,64,110,40000,6785.2607421875,229.899993896484,6.30436706542969,-30.2728576660156
20180812,12,64,110,40000,6757.28857421875,228.5,4.75740671157837,-26.5942497253418
20180812,18,64,110,40000,6756.54541015625,227.800003051758,3.32878732681274,-23.532995223999
20180813,0,64,110,40000,6744.78369140625,227.11164855957,1.79999995231628,-8.1097354888916
20180813,6,64,110,40000,6735.74365234375,227.600006103516,5.00178527832031,-6.83168315887451
20180813,12,64,110,40000,6698.544921875,227.936431884766,-2.23468637466431,-21.2251586914063
20180813,18,64,110,40000,6642.5849609375,226.082763671875,-1.13260495662689,-21.0098991394043
20180814,0,64,110,40000,6606.859375,223.170852661133,-4.73525381088257,-20.3418655395508
20180814,6,64,110,40000,6561.36083984375,224.522171020508,4.84942865371704,-9.46158218383789
20180814,12,64,110,40000,6577.54443359375,223.899993896484,11.7979488372803,-7.7444920539856
20180814,18,64,110,40000,6592.60986328125,224.899993896484,11.9607591629028,-11.4216794967651
20180815,0,64,110,40000,6610.6279296875,226.800003051758,13.3043775558472,-13.5923433303833
20180815,6,64,110,40000,6600.96044921875,229.100006103516,15.7359256744385,-16.1044044494629
20180815,12,64,110,40000,6616.390625,228.629150390625,24.2726173400879,-22.2517280578613
20180815,18,64,110,40000,6599.826171875,229.729156494141,15.0386743545532,-29.8488178253174
20180816,0,64,110,40000,6546.619140625,230.390670776367,18.2328338623047,-31.2557277679443
20180816,6,64,110,40000,6500.9716796875,230.100006103516,18.174654006958,-26.4611473083496
20180816,12,64,110,40000,6472.35693359375,228.199996948242,13.6293163299561,-25.2286281585693
20180816,18,64,110,40000,6426.13671875,224.7919921875,10.0367069244385,-25.1427097320557
20180817,0,64,110,40000,6398.59423828125,220.100006103516,11.6616945266724,-11.6160593032837
20180817,6,64,110,40000,6375.90771484375,222.104446411133,10.6418037414551,-10.730712890625
20180817,12,64,110,40000,6373.986328125,222.349166870117,11.6045894622803,-6.63905620574951
20180817,18,64,110,40000,6368.693359375,223.100006103516,14.8775939941406,-10.6165800094604
20180818,0,64,110,40000,6374.978515625,221.614776611328,9.86271953582764,1.52913212776184
20180818,6,64,110,40000,6391.341796875,220.399993896484,13.9331665039063,-1.3604828119278
20180818,12,64,110,40000,6386.025390625,221.48420715332,17.9834651947021,2.42901372909546
20180818,18,64,110,40000,6450.578125,223.600006103516,32.2233963012695,-4.64259052276611
20180819,0,64,110,40000,6330.27392578125,226.199981689453,25.3783683776855,-17.0289363861084
20180819,6,64,110,40000,6264.56201171875,225.499969482422,20.8199710845947,8.89577102661133
20180819,12,64,110,40000,6342.080078125,222.199996948242,28.5623836517334,9.41825199127197
20180819,18,64,110,40000,6385.015625,223.521926879883,26.6717548370361,2.99618649482727
20180820,0,64,110,40000,6425.85205078125,228.599975585938,42.0425643920898,3.40629386901855
20180820,6,64,110,40000,6487.72509765625,230.44612121582,43.9471893310547,-1.09337890148163
20180820,12,64,110,40000,6496.10498046875,227.899978637695,33.8337593078613,-5.3885350227356
20180820,18,64,110,40000,6501.45361328125,226.899993896484,24.0283737182617,-2.59893560409546
20180821,0,64,110,40000,6532.35546875,227.399978637695,28.3514175415039,-6.23021984100342
20180821,6,64,110,40000,6509.822265625,226.653854370117,24.1703224182129,-7.01239252090454
20180821,12,64,110,40000,6507.37353515625,225.046112060547,18.4622077941895,2.66495609283447
20180821,18,64,110,40000,6549.787109375,224,20.3978996276855,3.75682139396667
20180822,0,64,110,40000,6582.82177734375,223.300003051758,19.5688056945801,0.46282958984375
20180822,6,64,110,40000,6617.75439453125,223.000244140625,22.3132781982422,-2.36811518669128
20180822,12,64,110,40000,6652.14990234375,225.599761962891,19.430456161499,-7.59539794921875
20180822,18,64,110,40000,6657.0439453125,227.046112060547,11.9567813873291,-14.0932493209839
20180823,0,64,110,40000,6654.74609375,228.707473754883,11.8928890228271,-19.6867179870605
20180823,6,64,110,40000,6633.33251953125,229.707473754883,10.0895481109619,-23.0530281066895
20180823,12,64,110,40000,6588.615234375,230.399993896484,7.17836284637451,-21.0231742858887
20180823,18,64,110,40000,6539.7451171875,230.099975585938,6.90964651107788,-13.6139163970947
20180824,0,64,110,40000,6546.775390625,227.399993896484,14.5909729003906,6.31721210479736
20180824,6,64,110,40000,6520.81640625,226.800003051758,9.8298921585083,-10.9673099517822
20180824,12,64,110,40000,6480.27001953125,225.385299682617,25.1450595855713,-3.82138061523438
20180824,18,64,110,40000,6493.0107421875,225.499969482422,23.7254524230957,-7.23272705078125
20180825,0,64,110,40000,6464.39208984375,225.099975585938,12.1263246536255,-7.62307119369507
20180825,6,64,110,40000,6412.35791015625,224.300003051758,4.49992656707764,-4.28331279754639
20180825,12,64,110,40000,6421.24267578125,224,10.1048526763916,1.32528686523438
20180825,18,64,110,40000,6445.47119140625,225.300003051758,13.5063810348511,0.561364769935608
20180826,0,64,110,40000,6431.20703125,225.5,18.9108333587646,-1.96934199333191
20180826,6,64,110,40000,6432.40869140625,224.899978637695,36.7157707214355,4.31587505340576
20180826,12,64,110,40000,6500.41943359375,224.568313598633,43.253303527832,4.77101421356201
20180826,18,64,110,40000,6535.02490234375,224.199996948242,27.8754367828369,-4.60308218002319
20180827,0,64,110,40000,6541.7939453125,225.199981689453,23.579273223877,-11.2558469772339
20180827,6,64,110,40000,6533.609375,225.70002746582,28.2777976989746,-11.2550783157349
20180827,12,64,110,40000,6530.78271484375,226,21.0180320739746,-10.1505737304688
20180827,18,64,110,40000,6525.80078125,226.899993896484,11.1265287399292,-15.1216430664063
20180828,0,64,110,40000,6482.68798828125,226.199996948242,1.77058351039886,-20.345308303833
20180828,6,64,110,40000,6398.0029296875,226.199981689453,-12.6553535461426,-24.3101558685303
20180828,12,64,110,40000,6338.68115234375,226.100006103516,-8.73029804229736,-13.6563472747803
20180828,18,64,110,40000,6328.2431640625,225.600006103516,-1.95711421966553,-3.18187999725342
20180829,0,64,110,40000,6346.73876953125,225.138916015625,0.276718735694885,3.45386219024658
20180829,6,64,110,40000,6386.08447265625,224.168304443359,2.8115918636322,8.65868186950684
20180829,12,64,110,40000,6467.9150390625,223.546112060547,-2.014892578125,15.4349613189697
20180829,18,64,110,40000,6589.02734375,225.5,2.99196767807007,17.3568115234375
20180830,0,64,110,40000,6700.92041015625,228.399993896484,6.26756572723389,31.1924018859863
20180830,6,64,110,40000,6794.8544921875,230.100006103516,5.54108905792236,20.4922370910645
20180830,12,64,110,40000,6848.5849609375,230.499969482422,13.7629089355469,8.00955200195313
20180830,18,64,110,40000,6862.78857421875,230.800003051758,16.514720916748,1.91419672966003
20180831,0,64,110,40000,6841.34228515625,232.000030517578,15.1351566314697,-7.71369647979736
20180831,6,64,110,40000,6803.2412109375,231.399993896484,18.857593536377,-6.31643676757813
20180831,12,64,110,40000,6749.56982421875,229.800003051758,17.1265926361084,-12.3008546829224
20180831,18,64,110,40000,6704.7998046875,228.5,17.7739753723145,-10.6876707077026
20180901,0,64,110,40000,6665.3974609375,228.399993896484,20.0153617858887,-14.4996213912964
20180901,6,64,110,40000,6630.5341796875,228.899993896484,33.340991973877,-16.2908134460449
20180901,12,64,110,40000,6623.98876953125,228.899978637695,29.6880302429199,-16.3345031738281
20180901,18,64,110,40000,6620.71923828125,229.699996948242,12.6156740188599,-18.603515625
20180902,0,64,110,40000,6564.8193359375,229.899993896484,-0.912869274616241,-12.5580320358276
20180902,6,64,110,40000,6481.57080078125,228.043609619141,-5.44993591308594,-7.08667898178101
20180902,12,64,110,40000,6465.18896484375,227.643600463867,6.48978900909424,5.16804218292236
20180902,18,64,110,40000,6483.17626953125,225.910064697266,18.8338069915771,1.78665769100189
20180903,0,64,110,40000,6466.01416015625,224.100006103516,29.5096626281738,-9.68554973602295
20180903,6,64,110,40000,6429.6435546875,222.300003051758,27.9525508880615,-13.1563167572021
20180903,12,64,110,40000,6381.177734375,220.846603393555,25.6036720275879,-14.2667570114136
20180903,18,64,110,40000,6345.0751953125,222.406982421875,26.0663051605225,-17.3316249847412
20180904,0,64,110,40000,6314.12255859375,222.29997253418,14.0670137405396,-6.29602336883545
20180904,6,64,110,40000,6305.66796875,224.399993896484,8.84241962432861,13.8048219680786
20180904,12,64,110,40000,6396.8017578125,229.100006103516,10.4228296279907,31.0201568603516
20180904,18,64,110,40000,6466.232421875,230.399978637695,6.91542482376099,13.4188423156738
20180905,0,64,110,40000,6549.56689453125,230.800003051758,13.7599878311157,7.86920881271362
20180905,6,64,110,40000,6578.5849609375,229.099975585938,24.7941780090332,17.3677558898926
20180905,12,64,110,40000,6665.6298828125,230.606979370117,27.1951198577881,10.9000368118286
20180905,18,64,110,40000,6724.3310546875,231.300003051758,21.9637813568115,-0.702130138874054
20180906,0,64,110,40000,6767.81298828125,235,14.7089357376099,-5.40378427505493
20180906,6,64,110,40000,6796.8369140625,236.100006103516,20.8072967529297,-7.33032846450806
20180906,12,64,110,40000,6790.3017578125,235.899993896484,22.0648307800293,-16.8815002441406
20180906,18,64,110,40000,6759.58056640625,236.5,12.4988956451416,-24.2608280181885
20180907,0,64,110,40000,6698.380859375,230.985305786133,17.298900604248,-23.7373046875
20180907,6,64,110,40000,6616.77294921875,230.599975585938,12.4121341705322,-33.0195159912109
20180907,12,64,110,40000,6504.310546875,227.100006103516,18.4378147125244,-19.9771003723145
20180907,18,64,110,40000,6490.267578125,223.492523193359,19.397705078125,-15.0999755859375
20180908,0,64,110,40000,6511.3857421875,223.599975585938,30.8381500244141,-9.24345684051514
20180908,6,64,110,40000,6579.40771484375,224.300003051758,17.6354560852051,-8.806396484375
20180908,12,64,110,40000,6558.78515625,225.599975585938,14.4642457962036,-20.4999809265137
20180908,18,64,110,40000,6481.09228515625,225.399993896484,15.2367763519287,-24.0300540924072
20180909,0,64,110,40000,6507.74267578125,222.5,31.0207767486572,-5.09940814971924
20180909,6,64,110,40000,6474.17236328125,225.199996948242,33.4383964538574,-17.0804386138916
20180909,12,64,110,40000,6576.265625,224.199996948242,46.3935432434082,-8.98410606384277
20180909,18,64,110,40000,6668.81103515625,227.300003051758,35.1205139160156,-18.0663185119629
20180910,0,64,110,40000,6645.525390625,226.699981689453,29.8724174499512,-29.6557903289795
20180910,6,64,110,40000,6645.7607421875,227.800003051758,36.5398063659668,-10.1847410202026
20180910,12,64,110,40000,6732.83984375,229.800003051758,29.8964500427246,-10.2075977325439
20180910,18,64,110,40000,6747.54931640625,231.699996948242,14.5251903533936,-24.0379734039307
20180911,0,64,110,40000,6647.765625,231.199996948242,9.60957527160645,-28.99951171875
20180911,6,64,110,40000,6593.3876953125,229,7.44949626922607,-28.8007144927979
20180911,12,64,110,40000,6519.4248046875,225.800003051758,10.9195251464844,-15.7458553314209
20180911,18,64,110,40000,6513.3662109375,226.100006103516,5.54080200195313,-15.9629878997803
20180912,0,64,110,40000,6451.68798828125,223.985305786133,3.42761850357056,-18.6999454498291
20180912,6,64,110,40000,6373.7900390625,222.300003051758,1.16935420036316,-17.8229713439941
20180912,12,64,110,40000,6343.044921875,220.914672851563,1.73043823242188,-8.45176982879639
20180912,18,64,110,40000,6352.06298828125,221.671539306641,7.58869028091431,-5.71907949447632
20180913,0,64,110,40000,6393.87109375,224.800003051758,30.147008895874,-19.3349609375
20180913,6,64,110,40000,6290.482421875,226.900024414063,-10.9686946868896,-19.9107875823975
20180913,12,64,110,40000,6224.00927734375,226.100006103516,7.55548715591431,13.0825319290161
20180913,18,64,110,40000,6294.91552734375,223.699996948242,11.157262802124,3.15723276138306
20180914,12,64,110,40000,6373.4326171875,221.099975585938,6.54227924346924,0.625286877155304
20180914,18,64,110,40000,6405.6337890625,221.399978637695,18.5138053894043,0.257611095905304
20180915,0,64,110,40000,6415.904296875,220.899993896484,21.3998470306396,-3.49849843978882
20180915,6,64,110,40000,6439.61083984375,220.79997253418,16.7553195953369,2.27097773551941
20180915,12,64,110,40000,6450.96630859375,220.800003051758,10.7492799758911,-2.09101557731628
20180915,18,64,110,40000,6470.6181640625,221.800003051758,8.81843852996826,0.0846740752458572
20180916,0,64,110,40000,6491.4736328125,222.999969482422,20.198055267334,1.13575434684753
20180916,12,64,110,40000,6504.095703125,222.899993896484,32.6654281616211,-2.35387563705444
20180916,18,64,110,40000,6498.84423828125,223.5,32.6791954040527,-8.70292949676514
20180917,0,64,110,40000,6488.72314453125,223.5,25.8000373840332,-2.72193598747253
20180917,6,64,110,40000,6478.416015625,223.300003051758,20.3748016357422,4.97969961166382
20180917,12,64,110,40000,6500.6787109375,225,19.6697959899902,18.3172245025635
20180917,18,64,110,40000,6553.060546875,227.29997253418,26.9256324768066,17.5272769927979
20180918,0,64,110,40000,6576.1220703125,228.5,29.7091312408447,17.0488910675049
20180918,6,64,110,40000,6589.89453125,229,26.7660350799561,15.8259859085083
20180918,12,64,110,40000,6590.06982421875,228.099975585938,27.5975894927979,13.5354642868042
20180918,18,64,110,40000,6590.95068359375,226.899993896484,24.9274616241455,13.8656396865845
20180919,0,64,110,40000,6651.416015625,228.699996948242,-4.56471920013428,23.2638778686523
20180919,6,64,110,40000,6759.8408203125,229.899993896484,-4.27459239959717,17.319974899292
20180919,12,64,110,40000,6829.357421875,230.800003051758,-1.72406983375549,8.82018566131592
20180919,18,64,110,40000,6872.44677734375,231.499969482422,4.31163644790649,-0.577386498451233
20180920,0,64,110,40000,6874.92138671875,231,7.61372566223145,-3.17967772483826
20180920,6,64,110,40000,6855.669921875,229.300003051758,11.7866544723511,-5.00003671646118
20180920,12,64,110,40000,6830.2236328125,228.199981689453,8.70161819458008,-2.41346192359924
20180920,18,64,110,40000,6823.00390625,227.399993896484,5.56964349746704,-2.02896976470947
20180921,0,64,110,40000,6810.845703125,227.031692504883,5.43906736373901,-5.3433690071106
20180921,6,64,110,40000,6784.9814453125,227.099975585938,3.93084406852722,-6.27243661880493
20180921,12,64,110,40000,6779.71728515625,227.129150390625,5.42462158203125,-5.17425537109375
20180921,18,64,110,40000,6775.8212890625,227.985763549805,7.01375722885132,-3.16947627067566
20180922,0,64,110,40000,6792.60009765625,230.399993896484,1.764892578125,7.70248699188232
20180922,6,64,110,40000,6805.0810546875,231.899993896484,-4.44085073471069,8.79334449768066
20180922,12,64,110,40000,6804.703125,231.5,-1.18396306037903,4.21751117706299
20180922,18,64,110,40000,6790.81005859375,230.768310546875,7.37422180175781,-1.32877802848816
20180923,0,64,110,40000,6782.89892578125,229,11.0889253616333,4.04277324676514
20180923,6,64,110,40000,6778.177734375,228.300003051758,11.0635528564453,6.61998271942139
20180923,12,64,110,40000,6761.5283203125,227.599975585938,13.358868598938,0.968194603919983
20180923,18,64,110,40000,6755.02392578125,227.199996948242,15.0942134857178,4.76666259765625
20180924,0,64,110,40000,6725.64013671875,226.100006103516,21.8662357330322,7.30374145507813
20180924,6,64,110,40000,6707.98876953125,226.699996948242,8.78994178771973,13.544641494751
20180924,12,64,110,40000,6746.029296875,227.099975585938,-0.463043212890625,15.3000335693359
20180924,18,64,110,40000,6785.26416015625,228.100006103516,2.98606252670288,9.85441303253174
20180925,0,64,110,40000,6804.046875,227.79997253418,5.24432373046875,8.39388465881348
20180925,6,64,110,40000,6804.91943359375,228.5,6.97690105438232,3.98084712028503
20180925,12,64,110,40000,6788.3564453125,227.600006103516,11.1276912689209,-5.50860595703125
20180925,18,64,110,40000,6780.17333984375,227.300003051758,15.9672546386719,-0.216522216796875
20180926,0,64,110,40000,6809.47021484375,230.739410400391,20.4099006652832,1.51845395565033
20180926,6,64,110,40000,6801.90673828125,233.099975585938,22.0624332427979,-5.66332387924194
20180926,12,64,110,40000,6756.36767578125,233.5,28.0826511383057,-11.7928829193115
20180926,18,64,110,40000,6689.03076171875,233.300003051758,33.8618049621582,-25.4332523345947
20180927,0,64,110,40000,6582.2216796875,229.431686401367,47.527458190918,-23.7483615875244
20180927,6,64,110,40000,6564.06982421875,228.699996948242,41.9543495178223,-25.5868835449219
20180927,12,64,110,40000,6483.380859375,225.321929931641,17.881799697876,-27.4412841796875
20180927,18,64,110,40000,6428.076171875,222.685272216797,11.1777095794678,-3.59658813476563
20180928,0,64,110,40000,6444.05078125,221.399993896484,11.2925472259521,-3.71744394302368
20180928,6,64,110,40000,6467.578125,220.699996948242,6.8673734664917,-5.72670888900757
20180928,12,64,110,40000,6500.8720703125,219.899993896484,5.27665710449219,-3.78006601333618
20180928,18,64,110,40000,6541.869140625,220.300003051758,1.47746586799622,0.177709966897964
20180929,0,64,110,40000,6573.82763671875,220.100006103516,-2.37710928916931,6.48625993728638
20180929,6,64,110,40000,6614.7626953125,223.100006103516,-10.500018119812,13.2165832519531
20180929,12,64,110,40000,6664.8349609375,225.175537109375,-13.6229372024536,18.7219429016113
20180929,18,64,110,40000,6722.982421875,228.275512695313,-7.54436349868774,15.7633113861084
20180930,0,64,110,40000,6745.294921875,229.199996948242,0.460833728313446,16.0779666900635
20180930,6,64,110,40000,6731.60009765625,230.100006103516,4.14270925521851,12.356463432312
20180930,12,64,110,40000,6703.7119140625,231.199996948242,4.74409770965576,7.38635873794556
20180930,18,64,110,40000,6678.1376953125,232,4.49393939971924,-3.84393930435181
20181001,0,64,110,40000,6636.38232421875,230.899993896484,-0.578866600990295,-13.6000242233276
20181001,6,64,110,40000,6588.29638671875,231.210006713867,-4.03232097625732,-16.2562618255615
20181001,12,64,110,40000,6531.94384765625,230,-5.25340890884399,-8.23870849609375
20181001,18,64,110,40000,6521.84765625,228.300003051758,7.43928813934326,3.90480351448059
20181002,0,64,110,40000,6535.478515625,227.682769775391,8.60769081115723,-0.538189709186554
20181002,6,64,110,40000,6531.650390625,226.382766723633,7.71959209442139,-4.08710336685181
20181002,12,64,110,40000,6530.42822265625,225.100006103516,9.10496807098389,7.77670907974243
20181002,18,64,110,40000,6529.05126953125,225.899993896484,16.5119209289551,2.43122553825378
20181003,0,64,110,40000,6480.353515625,226.300003051758,11.7423219680786,5.20067739486694
20181003,6,64,110,40000,6520.1650390625,227.717239379883,5.1751561164856,24.9317092895508
20181003,12,64,110,40000,6618.31689453125,228,5.2101469039917,28.6089782714844
20181003,18,64,110,40000,6718.484375,230,9.64200973510742,27.5773239135742
20181004,0,64,110,40000,6797.59521484375,231.199996948242,15.3587284088135,21.5999813079834
20181004,6,64,110,40000,6823.84521484375,231.29997253418,14.8464021682739,16.1099586486816
20181004,12,64,110,40000,6838.6904296875,231.999969482422,14.2059812545776,8.1558895111084
20181004,18,64,110,40000,6819.55810546875,232.600021362305,10.9038572311401,-2.81935048103333
20181005,0,64,110,40000,6797.47021484375,231.108322143555,12.4822807312012,-2.13206553459167
20181005,6,64,110,40000,6767.69140625,229.899993896484,10.785436630249,0.500057995319366
20181005,12,64,110,40000,6755.712890625,229.899978637695,16.139087677002,-3.43229985237122
20181005,18,64,110,40000,6752.14990234375,229.822677612305,7.2037353515625,-6.62916278839111
20181006,0,64,110,40000,6735.04736328125,228.800003051758,6.11939096450806,-9.18243980407715
20181006,6,64,110,40000,6710.90478515625,228.699996948242,6.48513412475586,-4.34881830215454
20181006,12,64,110,40000,6703.3388671875,231.231811523438,5.2796049118042,-0.47918701171875
20181006,18,64,110,40000,6694.611328125,232.399993896484,5.77921152114868,-5.46428203582764
20181007,0,64,110,40000,6676.8681640625,232.399993896484,1.66990971565247,-10.1636047363281
20181007,6,64,110,40000,6605.31396484375,230.899993896484,-14.9854001998901,-13.7143430709839
20181007,12,64,110,40000,6530.07763671875,228.278076171875,-13.8542938232422,-9.05607891082764
20181007,18,64,110,40000,6498.6826171875,230.524444580078,-0.475170910358429,-15.6412963867188
20181008,0,64,110,40000,6506.654296875,228.5,-1.32944941520691,-7.79521465301514
20181008,6,64,110,40000,6511.337890625,226.982757568359,7.16228294372559,-4.37349128723145
20181008,12,64,110,40000,6538.18701171875,226.899993896484,6.75882339477539,-6.7077784538269
20181008,18,64,110,40000,6555.359375,226.800003051758,-3.89187741279602,1.56447267532349
20181009,0,64,110,40000,6588.81494140625,226.5,5.39469289779663,3.77504873275757
20181009,6,64,110,40000,6601.17431640625,227.300003051758,5.12013244628906,7.0633544921875
20181009,12,64,110,40000,6649.90185546875,227.399993896484,7.36081838607788,14.2872800827026
20181009,18,64,110,40000,6705.11181640625,229.701171875,12.1259765625,26.2743167877197
20181010,0,64,110,40000,6737.541015625,228.041961669922,13.2377986907959,10.7139835357666
20181010,6,64,110,40000,6695.2939453125,226.699996948242,13.3877048492432,10.9320983886719
20181010,12,64,110,40000,6739.10888671875,227.597213745117,15.1977596282959,24.8347015380859
20181010,18,64,110,40000,6787.03271484375,229.699996948242,20.6860313415527,18.8674926757813
20181011,0,64,110,40000,6803.57080078125,230.943572998047,18.2847194671631,16.1510734558105
20181011,6,64,110,40000,6791.33740234375,232.100006103516,12.5211944580078,9.44052696228027
20181011,12,64,110,40000,6766.12060546875,231.882766723633,7.72788715362549,1.30532228946686
20181011,18,64,110,40000,6750.82568359375,231.5,5.56236886978149,-2.33103632926941
20181012,0,64,110,40000,6722.50732421875,229.853363037109,5.29790019989014,-6.59998798370361
20181012,6,64,110,40000,6674.2548828125,228.899993896484,2.60417175292969,-8.15989971160889
20181012,12,64,110,40000,6623.638671875,228.399993896484,-1.3104156255722,-8.16167640686035
20181012,18,64,110,40000,6588.56103515625,228.699996948242,-8.21457481384277,-8.27025127410889
20181013,0,64,110,40000,6551.27197265625,228.199996948242,-10.0349731445313,-6.56754779815674
20181013,6,64,110,40000,6541.81982421875,227.724456787109,-11.9408473968506,-0.82666015625
20181013,12,64,110,40000,6549.900390625,226.753860473633,-10.8846282958984,1.32121586799622
20181013,18,64,110,40000,6580.94189453125,226.692535400391,-9.66300964355469,0.211114495992661
20181014,0,64,110,40000,6607.98681640625,226.429153442383,-8.50929260253906,1.28762817382813
20181014,6,64,110,40000,6634.24853515625,226.399993896484,-6.35316753387451,-6.81711435317993
20181014,12,64,110,40000,6652.2099609375,226.100006103516,-1.84569704532623,-7.20216655731201
20181014,18,64,110,40000,6677.30126953125,226.800003051758,0.74198305606842,-9.83673095703125
20181015,0,64,110,40000,6678.91796875,226.999969482422,5.38140869140625,-3.67279672622681
20181015,6,64,110,40000,6681.126953125,228.600006103516,7.81601572036743,4.27324819564819
20181015,12,64,110,40000,6712.7841796875,231.100006103516,10.016321182251,12.6586303710938
20181015,18,64,110,40000,6756.615234375,232,11.1768341064453,7.99343872070313
20181016,0,64,110,40000,6783.6435546875,231.399978637695,14.1768369674683,8.40017700195313
20181016,6,64,110,40000,6777.12890625,229.999969482422,20.9580535888672,6.6871337890625
20181016,12,64,110,40000,6815.326171875,228.899993896484,0.257553100585938,16.163610458374
20181016,18,64,110,40000,6905.89794921875,233.246124267578,1.97562861442566,24.8883419036865
20181017,0,64,110,40000,6978.20361328125,234.899993896484,8.61849975585938,26.6614437103271
20181017,6,64,110,40000,7023.24169921875,237.100006103516,12.0737915039063,25.2020320892334
20181017,12,64,110,40000,7059.62353515625,236.899978637695,18.2315425872803,20.6416816711426
20181017,18,64,110,40000,7098.77294921875,236.600006103516,19.6746463775635,18.3944702148438
20181018,0,64,110,40000,7109.451171875,237.300003051758,20.3796901702881,15.3987245559692
20181018,6,64,110,40000,7097.61083984375,236.300003051758,27.0104923248291,13.15283203125
20181018,12,64,110,40000,7071.5,237.599975585938,33.6568222045898,11.8369388580322
20181018,18,64,110,40000,7066.943359375,237,24.6485176086426,13.8594846725464
20181019,0,64,110,40000,7073.86865234375,237.399993896484,24.0065364837646,19.3621940612793
20181019,6,64,110,40000,7075.962890625,238.300003051758,25.9295997619629,14.5930480957031
20181019,18,64,110,40000,7053.05517578125,240.599975585938,28.8693428039551,2.92014765739441
20181020,0,64,110,40000,6969.734375,239.599975585938,43.0225639343262,-3.03455805778503
20181020,6,64,110,40000,6849.3037109375,236.06787109375,48.2937850952148,-3.37752676010132
20181020,12,64,110,40000,6683.041015625,230.060592651367,32.2339553833008,1.48696291446686
20181020,18,64,110,40000,6624.623046875,228.100006103516,24.0829620361328,20.0935554504395
20181021,0,64,110,40000,6747.26123046875,230.595581054688,21.3274040222168,35.9508438110352
20181021,6,64,110,40000,6787.61572265625,231.892532348633,27.4078578948975,29.280481338501
20181021,12,64,110,40000,6811.5380859375,233.385299682617,24.589916229248,25.0529537200928
20181021,18,64,110,40000,6839.84814453125,233.5,20.0337524414063,30.1632347106934
20181022,0,64,110,40000,6911.13671875,233.399993896484,18.2763729095459,29.3005218505859
20181022,6,64,110,40000,6907.1875,233.899993896484,23.8340816497803,12.1558780670166
20181022,12,64,110,40000,6881.6943359375,232.875534057617,24.2945899963379,14.4480466842651
20181022,18,64,110,40000,6873.35498046875,233.278106689453,32.5914916992188,19.9024848937988
20181023,0,64,110,40000,6878.76416015625,233.843841552734,27.4561462402344,18.5221557617188
20181023,6,64,110,40000,6881.29443359375,233.585296630859,24.7689266204834,11.9348697662354
20181023,12,64,110,40000,6828.80517578125,233.438919067383,26.2476501464844,-5.35080575942993
20181023,18,64,110,40000,6792.56298828125,232.20002746582,8.29040241241455,14.1084413528442
20181024,0,64,110,40000,6879.1376953125,232.192535400391,10.6515626907349,26.1999626159668
20181024,6,64,110,40000,6958.4482421875,234.800003051758,13.3124084472656,21.3900260925293
20181024,12,64,110,40000,7011.23828125,235.800003051758,17.1560001373291,12.3224611282349
20181024,18,64,110,40000,7061.54736328125,237.699981689453,17.0440483093262,7.37620258331299
20181025,0,64,110,40000,7076.255859375,237.199996948242,18.1193790435791,1.95588374137878
20181025,6,64,110,40000,7073.64306640625,236.761077880859,17.7863464355469,1.42575073242188
20181025,12,64,110,40000,7065.84521484375,236.192504882813,16.5874214172363,-4.19865131378174
20181025,18,64,110,40000,7059.3232421875,235.992553710938,13.0753231048584,-10.1038084030151
20181026,0,64,110,40000,7006.2919921875,235.100006103516,8.28026103973389,-19.1143684387207
20181026,6,64,110,40000,6921.80126953125,233.399978637695,4.43977069854736,-23.7976570129395
20181026,12,64,110,40000,6862.15673828125,231.007476806641,9.95896339416504,-16.2142028808594
20181026,18,64,110,40000,6838.98583984375,230.399993896484,14.6160154342651,-8.54049110412598
20181027,0,64,110,40000,6821.8017578125,231.343460083008,6.46312856674194,-16.2868766784668
20181027,6,64,110,40000,6765.044921875,230.782379150391,0.94185483455658,-21.1999759674072
20181027,12,64,110,40000,6692.8076171875,230.143478393555,-0.00467224139720201,-20.9706230163574
20181027,18,64,110,40000,6654.0498046875,229.599975585938,-2.55344843864441,-30.8263549804688
20181028,0,64,110,40000,6639.66015625,230.968307495117,14.5426330566406,-10.5776119232178
20181028,6,64,110,40000,6567.13427734375,231.100006103516,1.97515559196472,-23.542028427124
20181028,12,64,110,40000,6440.685546875,227.8203125,5.11662292480469,-16.2329959869385
20181028,18,64,110,40000,6442.556640625,226.69743347168,24.6931762695313,-7.31660175323486
20181029,0,64,110,40000,6509.37109375,224.233322143555,24.7178859710693,-8.97188091278076
20181029,6,64,110,40000,6492.67138671875,223.523040771484,16.4968814849854,-16.9984130859375
20181029,12,64,110,40000,6519.16552734375,223.141937255859,19.4040107727051,-4.13461303710938
20181029,18,64,110,40000,6560.37255859375,225.699996948242,14.8012027740479,-11.9303035736084
20181030,0,64,110,40000,6523.46435546875,226.100006103516,7.19226360321045,-21.2046318054199
20181030,6,64,110,40000,6440.0341796875,224.600006103516,4.18570232391357,-9.24884033203125
20181030,12,64,110,40000,6462.5888671875,223.499969482422,14.1008939743042,3.26676630973816
20181030,18,64,110,40000,6590.3662109375,227,25.3319149017334,9.40916728973389
20181031,0,64,110,40000,6686.1513671875,230.413055419922,29.0018272399902,3.30000615119934
20181031,6,64,110,40000,6716.07666015625,230.600021362305,27.3884239196777,-7.30330801010132
20181031,12,64,110,40000,6733.14697265625,231,28.1707668304443,-9.90073204040527
20181031,18,64,110,40000,6741.11328125,232.313064575195,22.4265556335449,-23.502965927124
20181101,0,64,110,40000,6604.0849609375,229.640533447266,36.315357208252,-37.4333724975586
20181101,6,64,110,40000,6585.40869140625,227.300003051758,41.7073974609375,-31.3029117584229
20181101,12,64,110,40000,6618.79638671875,226.5,29.5164241790771,-28.9997463226318
20181101,18,64,110,40000,6599.7705078125,226.937255859375,16.9153499603271,-29.3501167297363
20181102,0,64,110,40000,6529.8642578125,222.899993896484,13.8851680755615,-17.8150215148926
20181102,6,64,110,40000,6520.93603515625,223.599975585938,18.9008674621582,-9.21441650390625
20181102,12,64,110,40000,6587.00927734375,226.318878173828,25.0799160003662,-3.86251211166382
20181102,18,64,110,40000,6652.5185546875,229.049224853516,29.7467002868652,-6.46745014190674
20181103,0,64,110,40000,6708.375,230.884521484375,24.7269592285156,-11.8976316452026
20181103,6,64,110,40000,6716.10986328125,232.699996948242,14.3377075195313,-22.657054901123
20181103,12,64,110,40000,6702.51708984375,232.111694335938,17.4149131774902,-19.804126739502
20181103,18,64,110,40000,6738.43994140625,234.100006103516,16.3252201080322,-21.6748657226563
20181104,0,64,110,40000,6717.1005859375,235.800003051758,1.2550140619278,-24.4988765716553
20181104,6,64,110,40000,6638.70361328125,233.936370849609,16.0145568847656,-52.1735305786133
20181104,12,64,110,40000,6611.05517578125,233.600006103516,-4.78587341308594,-34.3887825012207
20181104,18,64,110,40000,6579.72119140625,230.899978637695,5.40734243392944,-23.9418087005615
20181105,0,64,110,40000,6564.9287109375,229.899978637695,3.15564274787903,-20.1944217681885
20181105,6,64,110,40000,6527.32568359375,228.699996948242,-5.89396381378174,-18.1944942474365
20181105,12,64,110,40000,6459.791015625,229.024459838867,-9.6476993560791,-19.7998352050781
20181105,18,64,110,40000,6404.45556640625,229.100006103516,-9.61964702606201,-14.0289182662964
20181106,0,64,110,40000,6370.20166015625,228.300003051758,-4.97872018814087,4.55478525161743
20181106,6,64,110,40000,6394.57958984375,229.008392333984,-6.19626474380493,12.9342956542969
20181106,12,64,110,40000,6479.06103515625,227.45654296875,-6.72108459472656,23.3310127258301
20181106,18,64,110,40000,6568.66748046875,228.800582885742,2.68178105354309,16.9001579284668
20181107,0,64,110,40000,6584.46875,227.949188232422,8.04200458526611,1.42686772346497
20181107,6,64,110,40000,6562.0380859375,228.669525146484,8.83066368103027,1.04771733283997
20181107,12,64,110,40000,6546.1201171875,228.332321166992,-0.766485571861267,-2.58940434455872
20181107,18,64,110,40000,6545.8330078125,228.705032348633,-7.61052560806274,1.24326169490814
20181108,0,64,110,40000,6579.35107421875,228.225921630859,-10.7265014648438,10.7808837890625
20181108,6,64,110,40000,6604.4482421875,228.837768554688,1.18153691291809,13.6454105377197
20181108,12,64,110,40000,6606.921875,227.708786010742,6.4465913772583,8.5201416015625
20181108,18,64,110,40000,6598.9189453125,230.300003051758,0.645721435546875,8.45599937438965
20181109,0,64,110,40000,6671.50439453125,230.963623046875,3.53492426872253,18.4601554870605
20181109,6,64,110,40000,6719.53857421875,233.399993896484,7.30617046356201,29.4711055755615
20181109,12,64,110,40000,6773.46923828125,234.399993896484,13.6732425689697,28.015645980835
20181109,18,64,110,40000,6820.66259765625,233.827560424805,16.1046180725098,33.129264831543
20181110,0,64,110,40000,6883.43896484375,236.600006103516,19.2981071472168,16.6603755950928
20181110,6,64,110,40000,6881.00927734375,236.899993896484,25.2427253723145,3.85385131835938
20181110,12,64,110,40000,6807.03515625,232.600006103516,26.9884433746338,-3.89999389648438
20181110,18,64,110,40000,6744.88916015625,231.682250976563,22.7305240631104,4.50077533721924
20181111,0,64,110,40000,6811.294921875,236.199981689453,21.2625942230225,18.6676826477051
20181111,6,64,110,40000,6854.77734375,238.899993896484,21.3924617767334,8.39368915557861
20181111,12,64,110,40000,6820.16748046875,238.91471862793,19.963321685791,-13.8810367584229
20181111,18,64,110,40000,6643.81396484375,235.300003051758,27.230297088623,-19.8794059753418
20181112,0,64,110,40000,6571.59521484375,229,18.6928405761719,-6.16433715820313
20181112,6,64,110,40000,6509.44921875,226.744964599609,17.7974491119385,-10.1265687942505
20181112,12,64,110,40000,6463.76806640625,225.399978637695,9.95057106018066,-5.15847158432007
20181112,18,64,110,40000,6468.4482421875,228.606964111328,13.091796875,-0.847766101360321
20181113,0,64,110,40000,6508.08642578125,230.100006103516,24.664966583252,1.35108947753906
20181113,6,64,110,40000,6514.50439453125,231.399993896484,23.5391483306885,-4.19611835479736
20181113,12,64,110,40000,6497.056640625,233.778045654297,24.9732513427734,-3.6861572265625
20181113,18,64,110,40000,6529.86669921875,235.824462890625,28.1542854309082,0.892352283000946
20181114,0,64,110,40000,6606.3642578125,237.199981689453,30.0642051696777,0.176379397511482
20181114,6,64,110,40000,6621.71875,235.399993896484,16.5295448303223,-2.67353510856628
20181114,12,64,110,40000,6612.0625,234.107345581055,18.2555332183838,-8.62907695770264
20181114,18,64,110,40000,6592.17236328125,233.100006103516,9.24443340301514,-11.8165130615234
20181115,0,64,110,40000,6556.2099609375,229.699996948242,5.76823139190674,-5.77336406707764
20181115,6,64,110,40000,6526.20703125,229.899978637695,10.485333442688,0.152359008789063
20181115,12,64,110,40000,6506.1962890625,229.300003051758,11.8137302398682,0.607254028320313
20181115,18,64,110,40000,6494.21923828125,228.465255737305,5.35399484634399,-1.33205568790436
20181116,0,64,110,40000,6487.65771484375,227.746139526367,6.53551626205444,2.47536325454712
20181116,6,64,110,40000,6487.357421875,227.399993896484,2.92207026481628,5.57706928253174
20181116,12,64,110,40000,6511.61572265625,227.377807617188,3.00280451774597,12.1596069335938
20181116,18,64,110,40000,6568.50390625,228,5.916748046875,10.60862159729
20181117,0,64,110,40000,6580.33203125,227.399978637695,10.7917175292969,8.17707252502441
20181117,6,64,110,40000,6605.646484375,228.199996948242,17.4999084472656,9.93558311462402
20181117,12,64,110,40000,6617.9794921875,230.05403137207,21.0538883209229,5.18463134765625
20181117,18,64,110,40000,6654.50244140625,233.800003051758,23.2697486877441,-1.84781491756439
20181118,0,64,110,40000,6626.84814453125,235.959838867188,20.0907077789307,-16.340015411377
20181118,6,64,110,40000,6538.05615234375,234.411651611328,14.3487272262573,-26.0411376953125
20181118,12,64,110,40000,6469.35888671875,231.300003051758,1.46177983283997,-23.6651191711426
20181118,18,64,110,40000,6428.69921875,228.800003051758,7.53474712371826,-11.199933052063
20181119,0,64,110,40000,6405.021484375,227.899993896484,21.0364189147949,-9.31961631774902
20181119,6,64,110,40000,6391.169921875,226.399993896484,14.2921266555786,-19.2043704986572
20181119,12,64,110,40000,6367.7548828125,226.999969482422,7.71166372299194,-8.89799785614014
20181119,18,64,110,40000,6370.01416015625,227.399993896484,9.12991333007813,-15.1349487304688
20181120,0,64,110,40000,6324.517578125,228.001953125,11.538800239563,-6.29996967315674
20181120,6,64,110,40000,6340.3017578125,227.29997253418,16.0372982025146,-0.998547375202179
20181120,12,64,110,40000,6364.771484375,227.5,19.7222652435303,4.46828603744507
20181120,18,64,110,40000,6390.58544921875,226.199996948242,16.0797538757324,-1.50418090820313
20181121,0,64,110,40000,6396.759765625,226,13.8056154251099,-0.500018298625946
20181121,6,64,110,40000,6403.73681640625,224.300003051758,10.0808620452881,4.26914072036743
20181121,12,64,110,40000,6434.916015625,224.899993896484,12.1699619293213,6.00112295150757
20181121,18,64,110,40000,6483.8251953125,225.399993896484,16.0864105224609,13.9466915130615
20181122,0,64,110,40000,6561.259765625,228.600006103516,19.8886203765869,14.0295715332031
20181122,6,64,110,40000,6602.2314453125,230.199996948242,19.1919193267822,-0.00446777325123549
20181122,12,64,110,40000,6582.47705078125,229.90266418457,16.3967323303223,-14.8403015136719
20181122,18,64,110,40000,6597.6904296875,232.628707885742,15.253155708313,-14.586950302124
20181123,0,64,110,40000,6545.80322265625,231.305374145508,11.90087890625,-23.7000541687012
20181123,6,64,110,40000,6462.19921875,228.633331298828,3.99158334732056,-20.0000190734863
20181123,12,64,110,40000,6409.92041015625,226.047775268555,8.91720581054688,-11.3788089752197
20181123,18,64,110,40000,6418.669921875,225.859451293945,12.3464756011963,-8.75393104553223
20181124,0,64,110,40000,6422.20556640625,224.073852539063,17.1485538482666,-6.84426259994507
20181124,6,64,110,40000,6437.20751953125,224.462280273438,14.1897583007813,-12.5534000396729
20181124,12,64,110,40000,6428.7744140625,225.279739379883,12.961877822876,-13.2586975097656
20181124,18,64,110,40000,6432.1181640625,224.36067199707,14.7217407226563,-11.3974151611328
20181125,0,64,110,40000,6418.3056640625,225.372482299805,20.3976993560791,-13.9069671630859
20181125,6,64,110,40000,6450.77880859375,224.300003051758,20.2547721862793,3.3708770275116
20181125,12,64,110,40000,6525.4931640625,228.372467041016,21.3133697509766,2.93278312683105
20181125,18,64,110,40000,6533.81640625,226.97248840332,16.8681144714355,-9.591552734375
20181126,0,64,110,40000,6502.66357421875,223.899993896484,16.0445976257324,-5.38116693496704
20181126,6,64,110,40000,6506.806640625,224.74055480957,15.0132875442505,2.00320434570313
20181126,12,64,110,40000,6533.6201171875,226,16.0574321746826,0.855800807476044
20181126,18,64,110,40000,6524.44482421875,224.399993896484,16.2383365631104,-0.535980224609375
20181127,0,64,110,40000,6506.23681640625,224.899993896484,17.746789932251,3.78048086166382
20181127,6,64,110,40000,6554.70947265625,228.100006103516,40.3595771789551,14.6822080612183
20181127,12,64,110,40000,6580.93798828125,228.072509765625,33.6637077331543,11.2028999328613
20181127,18,64,110,40000,6650.8935546875,230.899993896484,51.199405670166,18.2314262390137
20181128,0,64,110,40000,6733.18798828125,233.97868347168,51.3985366821289,23.5611324310303
20181128,6,64,110,40000,6818.298828125,237.70002746582,42.3051109313965,15.9252395629883
20181128,12,64,110,40000,6899.81494140625,240.720901489258,35.1567916870117,7.71227073669434
20181128,18,64,110,40000,6947.31396484375,242.100006103516,27.1708641052246,-4.90019512176514
20181129,0,64,110,40000,6934.8056640625,243.089645385742,21.5167846679688,-13.4982852935791
20181129,6,64,110,40000,6876.31494140625,243.103881835938,19.3991432189941,-26.3183708190918
20181129,12,64,110,40000,6787.119140625,239.600006103516,17.4287757873535,-37.9999504089355
20181129,18,64,110,40000,6708.17626953125,236,13.6743431091309,-32.7803955078125
20181130,0,64,110,40000,6647.7607421875,234.899993896484,14.6284008026123,-13.4577445983887
20181130,6,64,110,40000,6670.45263671875,234.899993896484,13.9014377593994,-5.5916600227356
20181130,12,64,110,40000,6673.79248046875,232.021026611328,15.4022121429443,-3.51614737510681
20181130,18,64,110,40000,6730.19873046875,232.533493041992,22.6446018218994,1.60886716842651
20181201,0,64,110,40000,6740.1748046875,233.984649658203,35.261360168457,4.13129281997681
20181201,6,64,110,40000,6776.328125,236.318771362305,35.0837326049805,-5.08564472198486
20181201,12,64,110,40000,6757.1181640625,237.399993896484,33.1999168395996,-15.9981203079224
20181201,18,64,110,40000,6611.87548828125,236.140548706055,27.7776641845703,-29.9932975769043
20181202,0,64,110,40000,6566.716796875,235.29443359375,38.6147651672363,-4.30400371551514
20181202,6,64,110,40000,6648.44189453125,236.791091918945,41.9041557312012,-9.8997745513916
20181202,12,64,110,40000,6647.09814453125,238.026092529297,22.8975791931152,-20.2532711029053
20181202,18,64,110,40000,6584.216796875,234.916213989258,11.9045925140381,-10.4307918548584
20181203,0,64,110,40000,6541.5986328125,229.52751159668,15.0438938140869,-3.28668212890625
20181203,6,64,110,40000,6576.66552734375,227.512771606445,16.701868057251,2.27995610237122
20181203,12,64,110,40000,6609.69189453125,225.800003051758,15.8584718704224,-0.393194586038589
20181203,18,64,110,40000,6648.359375,226.233688354492,16.2267398834229,4.17298603057861
20181204,0,64,110,40000,6693.2099609375,227.424560546875,17.4098625183105,6.81029033660889
20181204,6,64,110,40000,6717.9189453125,228.085372924805,18.2136535644531,7.14006328582764
20181204,12,64,110,40000,6740.41455078125,225.913284301758,20.041482925415,4.90534067153931
20181204,18,64,110,40000,6757.44580078125,226.09992980957,17.5814762115479,-1.00026857852936
20181205,0,64,110,40000,6744.4501953125,225.899978637695,18.3037166595459,1.79998779296875
20181205,6,64,110,40000,6794,229.81462097168,22.3705406188965,20.5976066589355
20181205,12,64,110,40000,6838.30810546875,232.800003051758,29.3646793365479,9.7160587310791
20181205,18,64,110,40000,6854.54248046875,237.002410888672,26.8267974853516,-0.339337170124054
20181206,0,64,110,40000,6855.19580078125,239.70002746582,30.1838569641113,1.67730712890625
20181206,6,64,110,40000,6783.521484375,237.710739135742,31.5360298156738,-13.296911239624
20181206,12,64,110,40000,6608.10791015625,233.628982543945,23.7340030670166,-9.71261024475098
20181206,18,64,110,40000,6568.06103515625,236.127975463867,20.6656742095947,4.77114868164063
20181207,0,64,110,40000,6516.21484375,233.561447143555,16.4597721099854,-3.66278696060181
20181207,6,64,110,40000,6521.2373046875,232.371780395508,22.8251533508301,17.6800727844238
20181207,12,64,110,40000,6600.55322265625,234.967849731445,29.2974605560303,9.21649169921875
20181207,18,64,110,40000,6604.412109375,235.20002746582,33.9434967041016,-4.57935047149658
20181208,0,64,110,40000,6519.9404296875,232.45133972168,25.0785884857178,-4.80283212661743
20181208,6,64,110,40000,6448.81640625,229.91389465332,23.2314548492432,-8.18927764892578
20181208,12,64,110,40000,6395.8037109375,228.804473876953,19.8154563903809,-7.56426763534546
20181208,18,64,110,40000,6379.052734375,226.718353271484,14.4139404296875,-1.2373993396759
20181209,0,64,110,40000,6401.55810546875,226.600006103516,17.0799980163574,3.7367627620697
20181209,6,64,110,40000,6438.80859375,227.304000854492,17.7606048583984,3.69295644760132
20181209,12,64,110,40000,6474.4111328125,228.100006103516,16.4546585083008,-0.720195293426514
20181209,18,64,110,40000,6500.45361328125,228.791412353516,20.0722370147705,-3.45729374885559
20181210,0,64,110,40000,6499.37109375,227.315795898438,15.4749145507813,-2.47518301010132
20181210,6,64,110,40000,6519.990234375,226.088836669922,7.87788677215576,5.03750610351563
20181210,12,64,110,40000,6575.2080078125,228.526763916016,17.2532901763916,4.269775390625
20181210,18,64,110,40000,6648.3662109375,233.199981689453,23.4708404541016,2.98496699333191
20181211,0,64,110,40000,6662.90673828125,232.776947021484,17.4999198913574,-4.82453632354736
20181211,6,64,110,40000,6653.29248046875,230.654983520508,13.4416961669922,-4.28925800323486
20181211,12,64,110,40000,6645.59765625,230.07243347168,15.0999937057495,-9.12938213348389
20181211,18,64,110,40000,6660.57373046875,230.906768798828,18.9810237884521,-9.5155086517334
20181212,0,64,110,40000,6652.078125,231.680938720703,20.251220703125,-14.749002456665
20181212,6,64,110,40000,6647.09521484375,231.5,24.7851295471191,-15.2078275680542
20181212,12,64,110,40000,6645.86328125,230.585601806641,20.6344814300537,-21.8921546936035
20181212,18,64,110,40000,6616.966796875,228.587860107422,6.38663625717163,-21.8814754486084
20181213,0,64,110,40000,6563.75,227.027542114258,11.9482698440552,-8.9836483001709
20181213,6,64,110,40000,6577.326171875,227.829147338867,17.5310306549072,-2.22675180435181
20181213,12,64,110,40000,6614.2744140625,230,20.4957790374756,0.576141357421875
20181213,18,64,110,40000,6647.37939453125,232.100021362305,21.8444213867188,-2.0457763671875
20181214,0,64,110,40000,6659.61572265625,232.920257568359,24.8915500640869,-1.53353273868561
20181214,6,64,110,40000,6644.93798828125,232.699996948242,25.9925537109375,-21.619104385376
20181214,12,64,110,40000,6578.3720703125,232.321655273438,23.3172359466553,-32.499137878418
20181214,18,64,110,40000,6510.39306640625,230.600006103516,13.2274656295776,-2.07859492301941
20181215,0,64,110,40000,6527.46728515625,231.199996948242,15.0714540481567,-5.69963979721069
20181215,6,64,110,40000,6471.302734375,230.360382080078,17.5041255950928,-8.17060565948486
20181215,12,64,110,40000,6450.10107421875,229.113082885742,13.81272315979,0.173699945211411
20181215,18,64,110,40000,6471.40576171875,230.004974365234,9.60027503967285,1.82893371582031
20181216,0,64,110,40000,6480.34130859375,229.599975585938,6.40314340591431,5.81282043457031
20181216,6,64,110,40000,6493.1376953125,227.999969482422,5.65034770965576,8.73415851593018
20181216,12,64,110,40000,6537.3095703125,227.500030517578,11.0442867279053,11.6601285934448
20181216,18,64,110,40000,6577.33056640625,231.899993896484,21.1284675598145,14.2194547653198
20181217,0,64,110,40000,6533.14697265625,229.899993896484,9.83211326599121,-1.94306027889252
20181217,6,64,110,40000,6494.189453125,228.800003051758,3.98624873161316,-0.599957287311554
20181217,12,64,110,40000,6495.03515625,228.904388427734,2.92229318618774,3.5447998046875
20181217,18,64,110,40000,6544.30322265625,230.041137695313,5.8187255859375,5.81743764877319
20181218,0,64,110,40000,6565.4345703125,229.673919677734,10.0045623779297,4.6932373046875
20181218,6,64,110,40000,6536.130859375,228.334869384766,6.90503835678101,2.52219843864441
20181218,12,64,110,40000,6567.29833984375,228.887741088867,4.19166851043701,10.4105958938599
