20180720,0,40,180,2000,26116.078125,214.717239379883,37.4424133300781,-8.80186557769775
20180720,6,40,180,2000,26067.9375,214.300003051758,39.2400207519531,-10.9524116516113
20180720,12,40,180,2000,26040.4609375,214.600006103516,43.4347267150879,-13.0066452026367
20180720,18,40,180,2000,26010.6484375,214.699981689453,48.834888458252,-15.3161325454712
20180721,0,40,180,2000,25973.634765625,212.999969482422,50.4300079345703,-16.3998832702637
20180721,6,40,180,2000,25933.765625,212.596267700195,52.0860137939453,-16.7485809326172
20180721,12,40,180,2000,25913.10546875,212.199996948242,56.1300048828125,-19.2932910919189
20180721,18,40,180,2000,25889.505859375,212.5,60.0900039672852,-17.1960296630859
20180722,0,40,180,2000,25881.181640625,212,56.6900062561035,-13.4600391387939
20180722,6,40,180,2000,25881.16015625,210.800003051758,53.0366401672363,-12.1312065124512
20180722,12,40,180,2000,25902.189453125,210.800003051758,51.7442321777344,-10.0885667800903
20180722,18,40,180,2000,25909.4609375,210.199981689453,53.8400115966797,-7.90461683273315
20180723,0,40,180,2000,25936.55078125,209.099975585938,52.7900085449219,-4.18369388580322
20180723,6,40,180,2000,25931.220703125,207.699981689453,51.689998626709,-3.05630373954773
20180723,12,40,180,2000,25942.76171875,206.600006103516,50.2900085449219,-4.51464462280273
20180723,18,40,180,2000,25922.525390625,204.199981689453,54.1966705322266,-3.83878183364868
20180724,0,40,180,2000,25932.17578125,204.479675292969,48.6504592895508,-1.12865233421326
20180724,6,40,180,2000,25956.4609375,204.599975585938,40.7500038146973,6.72122573852539
20180724,12,40,180,2000,26011,206.5,34.439998626709,8.70038318634033
20180724,18,40,180,2000,26043.66015625,207,35.2300872802734,6.43049335479736
20180725,0,40,180,2000,26075.873046875,206.699996948242,34.8800010681152,4.4495701789856
20180725,6,40,180,2000,26052.259765625,205.5,36.625171661377,2.64310312271118
20180725,12,40,180,2000,26049.974609375,205.5,39.0299987792969,3.42480230331421
20180725,18,40,180,2000,26044.775390625,205.899993896484,37.8300018310547,7.3514084815979
20180726,0,40,180,2000,26086.1640625,206.999969482422,31.9405879974365,9.33382320404053
20180726,6,40,180,2000,26101.474609375,207.100006103516,25.5399971008301,11.8738794326782
20180726,12,40,180,2000,26153.796875,210.199996948242,21.3899993896484,12.6460838317871
20180726,18,40,180,2000,26192.587890625,211.899978637695,20.640287399292,7.37876462936401
20180727,0,40,180,2000,26220.8046875,213.29997253418,22.1866912841797,4.22214603424072
20180727,6,40,180,2000,26200.7890625,213.800003051758,24.3867015838623,4.55547380447388
20180727,12,40,180,2000,26226.20703125,216.199996948242,22.5800018310547,4.41557884216309
20180727,18,40,180,2000,26238.859375,217.699981689453,22.7866744995117,3.86369872093201
20180728,0,40,180,2000,26270.501953125,218.300003051758,20.7900047302246,4.35370111465454
20180728,6,40,180,2000,26258.11328125,218.300003051758,21.4896945953369,2.87958002090454
20180728,12,40,180,2000,26284.115234375,219.600006103516,20.7869529724121,2.90974974632263
20180728,18,40,180,2000,26278.3984375,219.300003051758,19.5824165344238,1.49898684024811
20180729,0,40,180,2000,26283.34765625,217.899993896484,19.6900043487549,-2.99518442153931
20180729,6,40,180,2000,26230.72265625,215.29997253418,23.1900005340576,-4.76987075805664
20180729,12,40,180,2000,26212.35546875,214.999969482422,26.1900043487549,-4.07080793380737
20180729,18,40,180,2000,26176.943359375,213.899993896484,29.8767375946045,-4.19668102264404
20180730,0,40,180,2000,26161.255859375,212.699981689453,33.1301574707031,-4.58343744277954
20180730,6,40,180,2000,26108.904296875,211.206985473633,37.180004119873,-4.97802734375
20180730,12,40,180,2000,26089.330078125,211.199981689453,42.6680946350098,-3.49659180641174
20180730,18,40,180,2000,26048.58984375,211.600006103516,46.9799995422363,-0.266351312398911
20180731,0,40,180,2000,26045.712890625,211.699981689453,48.1677932739258,-0.2061877399683
20180731,6,40,180,2000,26022.76953125,210.29997253418,47.0803375244141,2.11656975746155
20180731,12,40,180,2000,26039.537109375,209.600006103516,45.32666015625,2.52364492416382
20180731,18,40,180,2000,26029.498046875,208.899978637695,45.8803024291992,4.52757835388184
20180801,0,40,180,2000,26062.0078125,209.099975585938,44.9900093078613,4.9507007598877
20180801,6,40,180,2000,26049.197265625,208.5,41.3833198547363,7.1962742805481
20180801,12,40,180,2000,26077.54296875,207.699996948242,39.0400009155273,6.6475977897644
20180801,18,40,180,2000,26087.029296875,207.899978637695,38.3905601501465,6.27552223205566
20180802,0,40,180,2000,26113.408203125,207.300003051758,38.2794036865234,5.42509269714355
20180802,6,40,180,2000,26099.02734375,206.199981689453,36.9386749267578,6.41009044647217
20180802,12,40,180,2000,26132.115234375,207.199981689453,33.7400016784668,7.10204362869263
20180802,18,40,180,2000,26145.044921875,208.199996948242,31.6300163269043,9.45009803771973
20180803,0,40,180,2000,26188.3828125,209,30.1900005340576,9.74407482147217
20180803,6,40,180,2000,26209.912109375,209,29.0333919525146,11.4546194076538
20180803,12,40,180,2000,26251.359375,210.632125854492,27.7299995422363,12.8398685455322
20180803,18,40,180,2000,26283.1953125,213.5,25.9702644348145,13.3595657348633
20180804,0,40,180,2000,26332.080078125,215.300003051758,25.3699970245361,5.14475584030151
20180804,6,40,180,2000,26302.01171875,214.999969482422,30.0700054168701,3.86276602745056
20180804,12,40,180,2000,26295.974609375,215.999969482422,29.6701507568359,3.77364492416382
20180804,18,40,180,2000,26299.3671875,215.300003051758,29.2799949645996,3.32132816314697
20180805,0,40,180,2000,26312.6328125,214.300003051758,30.5264530181885,2.91746592521667
20180805,6,40,180,2000,26284.462890625,212.800003051758,32.5727844238281,5.13994646072388
20180805,12,40,180,2000,26288.01953125,213.800003051758,34.4700088500977,3.97671151161194
20180805,18,40,180,2000,26300.6015625,214,35.7757797241211,5.90278673171997
20180806,0,40,180,2000,26317.162109375,213.300003051758,34.2797813415527,5.95043325424194
20180806,6,40,180,2000,26307.431640625,213.800003051758,34.0857696533203,5.64479970932007
20180806,12,40,180,2000,26339.443359375,213.899993896484,32.0797843933105,5.19693231582642
20180806,18,40,180,2000,26339.830078125,214.599975585938,31.9817676544189,6.1844654083252
20180807,0,40,180,2000,26380.455078125,214.300003051758,29.7834129333496,4.08504009246826
20180807,6,40,180,2000,26343.939453125,213.300003051758,31.5268020629883,2.81062865257263
20180807,12,40,180,2000,26372.775390625,214.499969482422,31.0812320709229,4.6872181892395
20180807,18,40,180,2000,26357.14453125,214.899993896484,31.8830890655518,2.36575937271118
20180808,0,40,180,2000,26365.828125,214.599975585938,34.2272644042969,0.698618173599243
20180808,6,40,180,2000,26311.349609375,213.499969482422,35.5804824829102,1.39136719703674
20180808,12,40,180,2000,26321.84765625,215.199996948242,34.0300102233887,0.391560047864914
20180808,18,40,180,2000,26296.501953125,215,35.1300086975098,-1.69793462753296
20180809,0,40,180,2000,26280.66796875,213.550735473633,35.3400039672852,-1.75262212753296
20180809,6,40,180,2000,26218.658203125,213,36.2786560058594,1.49789798259735
20180809,12,40,180,2000,26208.3203125,213.79997253418,35.2800216674805,-0.557160615921021
20180809,18,40,180,2000,26182.35546875,213.600006103516,37.4883270263672,-1.23384761810303
20180810,0,40,180,2000,26158.20703125,213.29997253418,39.2300109863281,0.439936518669128
20180810,6,40,180,2000,26117.16015625,214.099975585938,40.9200096130371,5.57751941680908
20180810,12,40,180,2000,26137.568359375,215.528610229492,40.9200057983398,5.01439476013184
20180810,18,40,180,2000,26126.845703125,215.800003051758,43.4200057983398,5.54474115371704
20180811,0,40,180,2000,26144.01953125,215.899368286133,42.9300155639648,10.2878246307373
20180811,6,40,180,2000,26149.255859375,216.099975585938,38.920036315918,13.2662525177002
20180811,12,40,180,2000,26205.7890625,216.79997253418,37.0200042724609,12.4843873977661
20180811,18,40,180,2000,26235.91796875,217.5,36.9700164794922,11.6938180923462
20180812,0,40,180,2000,26283.64453125,217.600006103516,37.0700073242188,5.31240463256836
20180812,6,40,180,2000,26242.171875,217.29997253418,36.8700065612793,0.775887429714203
20180812,12,40,180,2000,26238.994140625,218.899993896484,36.7704849243164,-5.06008529663086
20180812,18,40,180,2000,26213.5859375,219.399993896484,38.6282234191895,-4.73007822036743
20180813,0,40,180,2000,26197.873046875,219.199981689453,41.5600090026855,-2.20276498794556
20180813,6,40,180,2000,26140.435546875,219.099975585938,46.7700080871582,-2.0147693157196
20180813,12,40,180,2000,26153.83984375,219.800003051758,43.680233001709,-3.52564692497253
20180813,18,40,180,2000,26148.505859375,219.599975585938,45.9730682373047,-0.953195810317993
20180814,0,40,180,2000,26165.29296875,218.800003051758,44.2734336853027,1.83766841888428
20180814,6,40,180,2000,26146.2421875,218.908081054688,41.0300102233887,1.26201415061951
20180814,12,40,180,2000,26189.55078125,219.399993896484,40.680004119873,-1.13831782341003
20180814,18,40,180,2000,26198.544921875,219.5,42.4300003051758,-2.69943118095398
20180815,0,40,180,2000,26211.2734375,218.699996948242,43.6800575256348,-1.31343507766724
20180815,6,40,180,2000,26175.95703125,219.300003051758,43.2700080871582,-2.36053466796875
20180815,12,40,180,2000,26174.087890625,219.399978637695,43.8800048828125,-4.27308368682861
20180815,18,40,180,2000,26148.27734375,220.100006103516,49.8300094604492,-4.27951192855835
20180816,0,40,180,2000,26130.19921875,218.899993896484,55.8300132751465,-1.83851075172424
20180816,6,40,180,2000,26073.5390625,217.399993896484,59.7698745727539,-2.02215814590454
20180816,12,40,180,2000,26059.029296875,217.099975585938,60.580005645752,-3.8359911441803
20180816,18,40,180,2000,26027.037109375,216.600006103516,61.4700088500977,-2.01999258995056
20180817,0,40,180,2000,26017.248046875,214.899993896484,61.9700012207031,-0.446787118911743
20180817,6,40,180,2000,25964.80078125,213,60.9800109863281,1.88933110237122
20180817,12,40,180,2000,25963.47265625,212.199996948242,57.8358383178711,1.59801518917084
20180817,18,40,180,2000,25959.16015625,210.800003051758,53.9400100708008,4.34571552276611
20180818,0,40,180,2000,26001.130859375,210.399978637695,48.0400085449219,10.8860397338867
20180818,6,40,180,2000,26037.294921875,210.5205078125,43.9264831542969,14.1283617019653
20180818,12,40,180,2000,26103.90234375,212.100006103516,40.0200004577637,11.4388675689697
20180818,18,40,180,2000,26148.337890625,213.300003051758,38.522533416748,9.37530994415283
20180819,0,40,180,2000,26210.150390625,214.399993896484,37.1823425292969,7.91609859466553
20180819,6,40,180,2000,26207.9140625,214.399993896484,34.7700004577637,5.73703384399414
20180819,12,40,180,2000,26248.08984375,216.29997253418,32.4800033569336,0.292421877384186
20180819,18,40,180,2000,26252.130859375,216.300003051758,34.879997253418,-2.47724604606628
20180820,0,40,180,2000,26280.869140625,217.399978637695,34.5798072814941,-2.86962890625
20180820,6,40,180,2000,26238.3671875,215.899993896484,33.1804847717285,-5.41958999633789
20180820,12,40,180,2000,26228.8125,216.599975585938,33.6800422668457,-7.43080568313599
20180820,18,40,180,2000,26204.33203125,217.79997253418,36.8800010681152,-7.65786600112915
20180821,0,40,180,2000,26196.490234375,216.599975585938,38.086971282959,-7.27007341384888
20180821,6,40,180,2000,26133.01953125,215.899978637695,41.0800094604492,-6.5656909942627
20180821,12,40,180,2000,26127.931640625,215.800003051758,45.1767349243164,-7.66339349746704
20180821,18,40,180,2000,26100.205078125,215.5,49.5257186889648,-4.71079349517822
20180822,0,40,180,2000,26097.3125,214.399993896484,50.570011138916,-2.69266605377197
20180822,6,40,180,2000,26068.619140625,213.5,50.7177734375,-0.380290538072586
20180822,12,40,180,2000,26078.509765625,212.399993896484,49.0141754150391,-0.443557143211365
20180822,18,40,180,2000,26071.814453125,211.5,47.2700004577637,2.0938720703125
20180823,0,40,180,2000,26089.140625,210.199996948242,43.6300086975098,1.04654788970947
20180823,6,40,180,2000,26074.330078125,209.599975585938,41.1346473693848,2.23006343841553
20180823,12,40,180,2000,26099.943359375,209.599975585938,38.726734161377,0.915502905845642
20180823,18,40,180,2000,26109.51953125,210.706985473633,39.5834083557129,-0.629653334617615
20180824,0,40,180,2000,26121.037109375,211.300003051758,40.3876914978027,0.336071789264679
20180824,6,40,180,2000,26086.0703125,210.699981689453,41.4733123779297,-2.19190907478333
20180824,12,40,180,2000,26081.607421875,211.699996948242,45.3300094604492,-2.75642943382263
20180824,18,40,180,2000,26087.9453125,213.599975585938,47.5322380065918,-3.65970325469971
20180825,0,40,180,2000,26083.6796875,213.699996948242,49.6810455322266,-4.66885995864868
20180825,6,40,180,2000,26049.328125,215.600006103516,50.4800109863281,-3.73256587982178
20180825,12,40,180,2000,26061.9296875,216.300003051758,49.9800109863281,-4.2274022102356
20180825,18,40,180,2000,26063.533203125,217.100006103516,51.8700065612793,-1.18659913539886
20180826,0,40,180,2000,26091.19921875,217,50.070011138916,0.676765143871307
20180826,6,40,180,2000,26070.017578125,215.5,48.9786148071289,1.77913820743561
20180826,12,40,180,2000,26105.96484375,215.5,47.8199996948242,2.38959217071533
20180826,18,40,180,2000,26130.931640625,215.993011474609,47.4199981689453,5.75198984146118
20180827,0,40,180,2000,26166.044921875,215.800003051758,44.5726089477539,8.79442596435547
20180827,6,40,180,2000,26172.265625,216.199996948242,39.7200012207031,10.6384592056274
20180827,12,40,180,2000,26236.677734375,217.599975585938,36.4200096130371,10.4344921112061
20180827,18,40,180,2000,26280.443359375,217.699996948242,35.0811614990234,10.6073875427246
20180828,0,40,180,2000,26342.63671875,217.399993896484,32.1800117492676,10.7644948959351
20180828,6,40,180,2000,26351.2578125,216.699996948242,28.7800140380859,7.31755638122559
20180828,12,40,180,2000,26389.76171875,217.800003051758,26.9799995422363,3.7314281463623
20180828,18,40,180,2000,26388.693359375,218.899993896484,29.4799976348877,-0.603120088577271
20180829,0,40,180,2000,26407.77734375,219.699981689453,30.5722236633301,0.380054920911789
20180829,6,40,180,2000,26372.748046875,219.399978637695,29.9299945831299,-0.796347677707672
20180829,12,40,180,2000,26375.642578125,220.5,30.8677749633789,-3.72927737236023
20180829,18,40,180,2000,26366.640625,221.300003051758,32.3300018310547,-4.6022047996521
20180830,0,40,180,2000,26376.95703125,220.899978637695,33.7800025939941,-3.64998912811279
20180830,6,40,180,2000,26331.466796875,219.100006103516,32.1800155639648,-3.76692628860474
20180830,12,40,180,2000,26342.82421875,221.099975585938,31.7780590057373,-6.62241697311401
20180830,18,40,180,2000,26328.1953125,220.699981689453,35.673225402832,-8.01951694488525
20180831,0,40,180,2000,26318.796875,220,35.3800086975098,-4.38271236419678
20180831,6,40,180,2000,26276.087890625,219.899978637695,35.3250045776367,-5.45684957504272
20180831,12,40,180,2000,26292.765625,219.79997253418,36.5800170898438,-7.25227642059326
20180831,18,40,180,2000,26278.427734375,219.100006103516,38.8800010681152,-5.73897933959961
20180901,0,40,180,2000,26294.796875,218.199996948242,36.2731666564941,-1.8109472990036
20180901,6,40,180,2000,26264.9296875,217.600006103516,34.1697845458984,-1.83601438999176
20180901,12,40,180,2000,26284.294921875,218.79997253418,34.6686134338379,-4.6504807472229
20180901,18,40,180,2000,26287.27734375,218.467864990234,39.1153907775879,-3.53004884719849
20180902,0,40,180,2000,26284.0078125,218.399978637695,38.9717216491699,2.98979735374451
20180902,6,40,180,2000,26258.748046875,219.399490356445,36.9676055908203,5.21211433410645
20180902,12,40,180,2000,26297.904296875,221.79997253418,35.8699989318848,4.77974128723145
20180902,18,40,180,2000,26322.892578125,222.399993896484,35.7086181640625,6.18746089935303
20180903,0,40,180,2000,26333.212890625,222.899978637695,31.420015335083,9.14639663696289
20180903,6,40,180,2000,26327.4609375,223.899978637695,26.0200119018555,9.72748565673828
20180903,12,40,180,2000,26388.52734375,225.199996948242,21.0877876281738,8.96589374542236
20180903,18,40,180,2000,26434.6171875,225.699996948242,18.9800033569336,7.11419439315796
20180904,0,40,180,2000,26461.349609375,224.399993896484,18.1800098419189,4.8914647102356
20180904,6,40,180,2000,26465.154296875,224.399993896484,14.1800022125244,3.46982431411743
20180904,12,40,180,2000,26500.810546875,225.199981689453,13.7832593917847,-0.654572725296021
20180904,18,40,180,2000,26524.658203125,224.899978637695,14.7862939834595,-3.40017342567444
20180905,0,40,180,2000,26516.8515625,224.899993896484,17.680004119873,-2.81083011627197
20180905,6,40,180,2000,26483.03515625,224.399993896484,17.1766605377197,-5.27478504180908
20180905,12,40,180,2000,26477.8125,225.600006103516,19.0300006866455,-11.5499439239502
20180905,18,40,180,2000,26455.400390625,226.199996948242,23.4300003051758,-11.6162281036377
20180906,0,40,180,2000,26435.5703125,224.499969482422,25.2800045013428,-8.10988807678223
20180906,6,40,180,2000,26366.9140625,224.199996948242,27.6700000762939,-7.64141607284546
20180906,12,40,180,2000,26363.599609375,224.399993896484,29.580005645752,-9.0381031036377
20180906,18,40,180,2000,26330.595703125,223.763641357422,33.4841003417969,-6.70158195495605
20180907,0,40,180,2000,26316.302734375,222.510009765625,34.7200012207031,-3.46033453941345
20180907,6,40,180,2000,26267.6171875,221.399993896484,37.825008392334,-4.86543464660645
20180907,12,40,180,2000,26276.685546875,220,37.0300064086914,-6.01339340209961
20180907,18,40,180,2000,26266.265625,217,36.0409317016602,-2.87152338027954
20180908,0,40,180,2000,26279.392578125,214.499969482422,32.4400062561035,0.942731916904449
20180908,6,40,180,2000,26252.0546875,213,28.6277847290039,3.22123527526855
20180908,12,40,180,2000,26281.16015625,212.800003051758,27.1299991607666,4.01341819763184
20180908,18,40,180,2000,26295.779296875,212.599975585938,27.4386100769043,5.70010995864868
20180909,0,40,180,2000,26315.390625,212.199981689453,26.1000022888184,8.90009784698486
20180909,6,40,180,2000,26297.052734375,211.29997253418,24.4890174865723,11.9000978469849
20180909,12,40,180,2000,26345.259765625,213.699996948242,20.2999992370605,15.7000980377197
20180909,18,40,180,2000,26400.7109375,216.300003051758,15.1999998092651,15.9999208450317
20180910,0,40,180,2000,26435.89453125,217.399978637695,12.8000001907349,14.6999206542969
20180910,6,40,180,2000,26435.78515625,218.499969482422,11.2000150680542,11.60009765625
20180910,12,40,180,2000,26495.720703125,219.699981689453,8.80000305175781,8.7922420501709
20180910,18,40,180,2000,26515.755859375,220.199996948242,8.69999980926514,6.50006723403931
20180911,0,40,180,2000,26535.7890625,220.099975585938,6.9691162109375,5.36004638671875
20180911,6,40,180,2000,26507.6171875,219.399993896484,6.78000736236572,2.28994131088257
20180911,12,40,180,2000,26537.662109375,220.199981689453,6.18000507354736,1.12399899959564
20180911,18,40,180,2000,26530.552734375,219.800003051758,8.38670635223389,-2.13400888442993
20180912,0,40,180,2000,26531.5,219.399993896484,10.5799951553345,-0.139736324548721
20180912,6,40,180,2000,26490.1171875,218.100006103516,8.97999954223633,-0.2325439453125
20180912,12,40,180,2000,26506.466796875,219.199996948242,7.98000001907349,-3.47472167015076
20180912,18,40,180,2000,26503.6015625,218.999969482422,10.0849704742432,-3.68187022209167
20180913,0,40,180,2000,26499.525390625,218.600006103516,9.30842876434326,-2.39989018440247
20180913,6,40,180,2000,26459.376953125,218.399627685547,8.00000286102295,-7.68687725067139
20180913,12,40,180,2000,26440.453125,219.100006103516,11.69189453125,-11.9332523345947
20180913,18,40,180,2000,26403.22265625,218.5,17,-9.25933837890625
20180914,12,40,180,2000,26318.740234375,218.699996948242,23.2000045776367,-5.98856830596924
20180914,18,40,180,2000,26307.9921875,218.599975585938,26.0222225189209,-4.38945293426514
20180915,0,40,180,2000,26323.248046875,217.699996948242,31.915002822876,0.400073230266571
20180915,6,40,180,2000,26305.91796875,218,32.5000038146973,2.60012817382813
20180915,12,40,180,2000,26349.953125,220.199996948242,27.4038581848145,3.31903696060181
20180915,18,40,180,2000,26381.4453125,221.099975585938,26.4999961853027,-0.500146508216858
20180916,0,40,180,2000,26407.54296875,220.79997253418,26.7819747924805,0.379638671875
20180916,12,40,180,2000,26388.08203125,222.5,27.830005645752,-3.60262942314148
20180916,18,40,180,2000,26385.150390625,222.099975585938,31.0765991210938,-4.2994532585144
20180917,0,40,180,2000,26360.685546875,221.100006103516,32.2800025939941,-3.03303956985474
20180917,6,40,180,2000,26295.765625,220.300003051758,33.7200012207031,-8.13443851470947
20180917,12,40,180,2000,26254.3828125,219.899322509766,35.430004119873,-15.4551048278809
20180917,18,40,180,2000,26174.61328125,219.5,46.9249992370605,-17.5717697143555
20180918,0,40,180,2000,26074.69921875,218.300003051758,57.570011138916,-17.8262882232666
20180918,6,40,180,2000,25965.376953125,218.800003051758,58.5386199951172,-15.3586130142212
20180918,12,40,180,2000,25994.17578125,219.29997253418,47.6399993896484,0.505024433135986
20180918,18,40,180,2000,26090.29296875,218.800003051758,44.5300064086914,11.3937845230103
20180919,0,40,180,2000,26188.95703125,216.79997253418,38.2300033569336,12.9526071548462
20180919,6,40,180,2000,26232.732421875,216.999969482422,32.9800033569336,11.4711227416992
20180919,12,40,180,2000,26302.89453125,218,27.4800033569336,6.25027847290039
20180919,18,40,180,2000,26343.54296875,219.399978637695,29.0734062194824,2.89618897438049
20180920,0,40,180,2000,26360.837890625,219.599975585938,27.9799976348877,2.5389940738678
20180920,6,40,180,2000,26341.13671875,220.399978637695,28.330005645752,2.20076417922974
20180920,12,40,180,2000,26345.76171875,222.199981689453,26.5800018310547,0.616035163402557
20180920,18,40,180,2000,26341.66796875,222.199996948242,29.1758937835693,-2.92639899253845
20180921,0,40,180,2000,26318.9296875,221.5,32.1800079345703,-1.32207036018372
20180921,6,40,180,2000,26258.5703125,221,33.139965057373,-2.27243041992188
20180921,12,40,180,2000,26255.875,221.899993896484,35.1047286987305,-6.69989633560181
20180921,18,40,180,2000,26237.072265625,221.536346435547,37.7000007629395,-4.23983764648438
20180922,0,40,180,2000,26216.525390625,220.699996948242,35.5,1.32473146915436
20180922,6,40,180,2000,26191.125,221.5,35.0686149597168,2.56672358512878
20180922,12,40,180,2000,26223.615234375,221.410034179688,34.7000007629395,-0.500012218952179
20180922,18,40,180,2000,26219.740234375,219.899993896484,37.5999984741211,0.200042724609375
20180923,0,40,180,2000,26231.287109375,219.899993896484,38.4000053405762,3.72761225700378
20180923,6,40,180,2000,26208.0078125,220.100006103516,36.5999984741211,2.64501333236694
20180923,12,40,180,2000,26243.544921875,220.399993896484,35.2999954223633,1.60000610351563
20180923,18,40,180,2000,26269.7109375,220.099975585938,36,2.71892094612122
20180924,0,40,180,2000,26280.259765625,219.300003051758,36.1000022888184,5.11893939971924
20180924,6,40,180,2000,26260.9140625,217.699996948242,33.8511238098145,1.50755620002747
20180924,12,40,180,2000,26286.490234375,217.5,32.9000015258789,0.581188976764679
20180924,18,40,180,2000,26286.17578125,218.5,33.8999977111816,-0.966149926185608
20180925,0,40,180,2000,26309.755859375,219.800003051758,32.3000030517578,1.60001826286316
20180925,6,40,180,2000,26279.720703125,218.899993896484,31.0000247955322,0.300030529499054
20180925,12,40,180,2000,26301.939453125,220.300003051758,34.3532638549805,-2.99991464614868
20180925,18,40,180,2000,26315.6875,221.699981689453,38.8100128173828,-4.22785139083862
20180926,0,40,180,2000,26323.283203125,221.100006103516,41.3719520568848,-4.45312023162842
20180926,6,40,180,2000,26304.21484375,221.099975585938,43.3600006103516,-3.0574414730072
20180926,12,40,180,2000,26353.58984375,223.399993896484,39.4599990844727,-3.58226561546326
20180926,18,40,180,2000,26385.6953125,223.800003051758,37.1200065612793,-6.14879655838013
20180927,0,40,180,2000,26411.82421875,222.600006103516,36.5220718383789,-6.33830308914185
20180927,6,40,180,2000,26402.5546875,223.191619873047,33.8700065612793,-8.66280555725098
20180927,12,40,180,2000,26438.07421875,225.100006103516,31.1700057983398,-12.7928638458252
20180927,18,40,180,2000,26447.037109375,225.100006103516,33.1199989318848,-15.2522268295288
20180928,0,40,180,2000,26440.873046875,225,35.6687812805176,-11.9999294281006
20180928,6,40,180,2000,26420.099609375,226.199981689453,33.4700012207031,-13.3786649703979
20180928,12,40,180,2000,26427.630859375,227.199996948242,33.3722229003906,-18.8180198669434
20180928,18,40,180,2000,26427.96484375,227.100006103516,38.2713928222656,-18.3112354278564
20180929,0,40,180,2000,26401.02734375,225.899993896484,40.3737487792969,-14.0927200317383
20180929,6,40,180,2000,26369.22265625,226.899978637695,36.2700042724609,-16.8353977203369
20180929,12,40,180,2000,26387.19921875,226.800003051758,35.7799987792969,-22.9816398620605
20180929,18,40,180,2000,26373.3671875,225.699981689453,42.5299987792969,-22.4442043304443
20180930,0,40,180,2000,26342.3046875,225.800003051758,45.4636764526367,-17.6141605377197
20180930,6,40,180,2000,26307.693359375,225.499969482422,43.5124893188477,-16.2948932647705
20180930,12,40,180,2000,26321.6015625,226.899993896484,41.060001373291,-20.8581600189209
20180930,18,40,180,2000,26315.599609375,226.499969482422,46.2700004577637,-19.5896492004395
20181001,0,40,180,2000,26281.994140625,224.399993896484,48.1699981689453,-10.8500537872314
20181001,6,40,180,2000,26274.240234375,224.100006103516,41.9799995422363,-0.963974595069885
20181001,12,40,180,2000,26327.072265625,223.199996948242,31.3800029754639,0.852841794490814
20181001,18,40,180,2000,26365.0390625,220.800003051758,29.8800029754639,-1.32441163063049
20181002,0,40,180,2000,26396.39453125,219.600006103516,28.0300025939941,1.30830073356628
20181002,6,40,180,2000,26398.9765625,218.899993896484,24.1800098419189,1.88221681118011
20181002,12,40,180,2000,26420.11328125,219.79997253418,20.4300022125244,-0.37259766459465
20181002,18,40,180,2000,26446.091796875,219.211624145508,21.080005645752,-4.8468337059021
20181003,0,40,180,2000,26455.7109375,219.5,22.5300025939941,-2.39560556411743
20181003,6,40,180,2000,26436.47265625,219.536041259766,20.7300033569336,-2.15934562683105
20181003,12,40,180,2000,26464.17578125,221.5,18.0699996948242,-4.20470476150513
20181003,18,40,180,2000,26485.6171875,221.123046875,17.6800003051758,-5.40004396438599
20181004,0,40,180,2000,26465.8125,220.5,20.8200016021729,-3.85256338119507
20181004,6,40,180,2000,26446.97265625,220.897247314453,19.8100166320801,-3.92184329032898
20181004,12,40,180,2000,26464.330078125,220.100006103516,18.2747459411621,-11.0193386077881
20181004,18,40,180,2000,26434.693359375,219.100006103516,23.120002746582,-11.3104028701782
20181005,0,40,180,2000,26409.98046875,218.384811401367,26.1099967956543,-6.99031019210815
20181005,6,40,180,2000,26364.255859375,217.599975585938,25.4700088500977,-8.56577396392822
20181005,12,40,180,2000,26360.796875,216.699996948242,27.970006942749,-13.7376852035522
20181005,18,40,180,2000,26355.72265625,214.800003051758,33.5200004577637,-11.6197338104248
20181006,0,40,180,2000,26334.0703125,212.699981689453,36.0175170898438,-5.86695575714111
20181006,6,40,180,2000,26297.626953125,212.188919067383,35.2197151184082,-4.42307615280151
20181006,12,40,180,2000,26329.578125,212.813522338867,31.7800064086914,-6.68053245544434
20181006,18,40,180,2000,26341.5625,212.100006103516,33.6800003051758,-7.18806648254395
20181007,0,40,180,2000,26334.671875,210.600006103516,34.0800018310547,-3.57114267349243
20181007,6,40,180,2000,26304.033203125,210.600006103516,31.6900043487549,-4.59995126724243
20181007,12,40,180,2000,26335.705078125,211.399993896484,30.1700019836426,-8.18574714660645
20181007,18,40,180,2000,26335.3125,211.199996948242,30.5599994659424,-9.28677272796631
20181008,0,40,180,2000,26338.935546875,210.699996948242,30.0100040435791,-6.96760749816895
20181008,6,40,180,2000,26313.240234375,210.100006103516,30.0599975585938,-6.6357569694519
20181008,12,40,180,2000,26338.2421875,211.199996948242,29.0800018310547,-6.95727062225342
20181008,18,40,180,2000,26371.02734375,211.546676635742,27.2800006866455,-1.42437016963959
20181009,0,40,180,2000,26390.53515625,213.804565429688,17.0475120544434,2.82020020484924
20181009,6,40,180,2000,26396.494140625,215.300003051758,11.289999961853,0.997163057327271
20181009,12,40,180,2000,26437.1640625,217.800003051758,9.28999996185303,-2.89718747138977
20181009,18,40,180,2000,26458.623046875,217.699996948242,10.8000020980835,-4.35099124908447
20181010,0,40,180,2000,26459.955078125,218.499969482422,11.4500026702881,-4.16155290603638
20181010,6,40,180,2000,26439.8984375,216.699981689453,14.1900024414063,-6.73687505722046
20181010,12,40,180,2000,26467.765625,217.699996948242,15.9300022125244,-6.80740737915039
20181010,18,40,180,2000,26475.658203125,217.800003051758,16.9300003051758,-7.38854503631592
20181011,0,40,180,2000,26475.197265625,217.699996948242,16.4800090789795,-4.95794677734375
20181011,6,40,180,2000,26453.677734375,218,14.8800001144409,-7.64442873001099
20181011,12,40,180,2000,26477.857421875,218.5,14.3299980163574,-10.5582246780396
20181011,18,40,180,2000,26478.341796875,218.699981689453,16.6299991607666,-10.0296773910522
20181012,0,40,180,2000,26474.78515625,219.099975585938,15.7300052642822,-11.4745407104492
20181012,6,40,180,2000,26428.251953125,218.79997253418,16.1300048828125,-13.2147750854492
20181012,12,40,180,2000,26436.509765625,219.899993896484,17.5275096893311,-17.4525871276855
20181012,18,40,180,2000,26422.955078125,219,22.430004119873,-16.9204254150391
20181013,0,40,180,2000,26398.95703125,219.399978637695,21.930004119873,-16.1537742614746
20181013,6,40,180,2000,26346.2109375,218.499969482422,23.779914855957,-18.1489315032959
20181013,12,40,180,2000,26348.16015625,219,25.7776031494141,-21.2214794158936
20181013,18,40,180,2000,26333.421875,219.300003051758,29.9799995422363,-20.9172077178955
20181014,0,40,180,2000,26311.70703125,219.399978637695,32.9299964904785,-19.8161277770996
20181014,6,40,180,2000,26269.27734375,219.599975585938,33.8267593383789,-18.2999858856201
20181014,12,40,180,2000,26297.6953125,219.5,31.0300025939941,-17.5347747802734
20181014,18,40,180,2000,26313.126953125,219.199996948242,32.629997253418,-12.7359371185303
20181015,0,40,180,2000,26328.939453125,219.399993896484,30.2800045013428,-8.87001705169678
20181015,6,40,180,2000,26330.0859375,219.592529296875,26.2166423797607,-8.15590858459473
20181015,12,40,180,2000,26382.9140625,219.199981689453,23.8700008392334,-10.5659885406494
20181015,18,40,180,2000,26418.171875,219.199996948242,23.5300025939941,-7.17251968383789
20181016,0,40,180,2000,26436.189453125,219.600006103516,20.2299995422363,-4.56867170333862
20181016,6,40,180,2000,26431.220703125,219.5,16.6800079345703,-5.31103992462158
20181016,12,40,180,2000,26474.623046875,220.100006103516,13.8800001144409,-6.45613527297974
20181016,18,40,180,2000,26513.955078125,221.100006103516,13.8799953460693,-4.24665021896362
20181017,0,40,180,2000,26523.634765625,221.399978637695,8.64000034332275,-2.33667469024658
20181017,6,40,180,2000,26498.59765625,220.999969482422,7.28000020980835,-5.67758560180664
20181017,12,40,180,2000,26528.2265625,222.300003051758,6.28000497817993,-7.4286789894104
20181017,18,40,180,2000,26524.58203125,222.699996948242,7.99001455307007,-8.69573020935059
20181018,0,40,180,2000,26504.921875,222.899993896484,6.53999996185303,-9.54208946228027
20181018,6,40,180,2000,26447.390625,222.5,7.2400050163269,-12.3359422683716
20181018,12,40,180,2000,26454.876953125,224,7.09000492095947,-15.8780269622803
20181018,18,40,180,2000,26445.40234375,223.899993896484,12.9399995803833,-14.4489011764526
20181019,0,40,180,2000,26430.498046875,224.800003051758,11.8299999237061,-12.9972801208496
20181019,6,40,180,2000,26406.517578125,224.099975585938,12.539999961853,-15.0664310455322
20181019,18,40,180,2000,26444.908203125,224.599975585938,14.1400003433228,-15.1676559448242
20181020,0,40,180,2000,26447.017578125,224.29997253418,13.0407447814941,-15.4279928207397
20181020,6,40,180,2000,26429.70703125,223.872650146484,13.5400075912476,-16.7599315643311
20181020,12,40,180,2000,26450.89453125,224.29997253418,12.5847339630127,-18.2138080596924
20181020,18,40,180,2000,26476.154296875,223.999969482422,15.3400020599365,-16.7477874755859
20181021,0,40,180,2000,26468.529296875,223.699996948242,15.1300172805786,-16.7551860809326
20181021,6,40,180,2000,26440.205078125,223.199996948242,16.6800003051758,-15.7984523773193
20181021,12,40,180,2000,26460.5078125,222.699981689453,16.9800033569336,-16.2168998718262
20181021,18,40,180,2000,26459.033203125,223.100006103516,20.330005645752,-11.6511306762695
20181022,0,40,180,2000,26463.341796875,222.800003051758,17.9300098419189,-10.4379148483276
20181022,6,40,180,2000,26437.01953125,221.399993896484,18.6355667114258,-10.8646755218506
20181022,12,40,180,2000,26459.4453125,221.399993896484,18.5300025939941,-11.6203927993774
20181022,18,40,180,2000,26486.9296875,221.999969482422,19.5300045013428,-6.86074447631836
20181023,0,40,180,2000,26489.130859375,221.199951171875,16.1800003051758,-6.70024919509888
20181023,6,40,180,2000,26482.880859375,220.800003051758,14.2780513763428,-7.49995136260986
20181023,12,40,180,2000,26506.341796875,220.79997253418,11.8716526031494,-9.91083240509033
20181023,18,40,180,2000,26526.431640625,221.300003051758,13.1216506958008,-5.74995136260986
20181024,0,40,180,2000,26533.21484375,221.699996948242,8.38000202178955,-6.58651351928711
20181024,6,40,180,2000,26507.841796875,220.099975585938,9.03000736236572,-8.8397388458252
20181024,12,40,180,2000,26516.4140625,221.300003051758,7.3899974822998,-7.90485095977783
20181024,18,40,180,2000,26530.44921875,221,7.28000497817993,-7.63786125183105
20181025,0,40,180,2000,26519.5546875,220.699996948242,6.93527364730835,-8.04602336883545
20181025,6,40,180,2000,26479.71484375,220.600006103516,6.54000473022461,-8.17662334442139
20181025,12,40,180,2000,26498.025390625,221.199981689453,5.78526878356934,-11.3681592941284
20181025,18,40,180,2000,26501.626953125,221.300003051758,7.8347315788269,-12.1359910964966
20181026,0,40,180,2000,26493.359375,221.399993896484,7.48000478744507,-10.2840185165405
20181026,6,40,180,2000,26469.9921875,221.29997253418,6.6399998664856,-11.9265823364258
20181026,12,40,180,2000,26492.1796875,221.499969482422,6.92999744415283,-13.6740531921387
20181026,18,40,180,2000,26509.16015625,221.399993896484,8.94000720977783,-10.6735153198242
20181027,0,40,180,2000,26498.01953125,221,5.84082984924316,-11.1186180114746
20181027,6,40,180,2000,26471.94921875,220.899978637695,6.44000482559204,-12.5703811645508
20181027,12,40,180,2000,26497.412109375,221.199996948242,7.13999509811401,-14.1795949935913
20181027,18,40,180,2000,26503.2578125,221.399993896484,10.7399978637695,-12.1078834533691
20181028,0,40,180,2000,26495.51171875,221.300003051758,9.830002784729,-10.8565139770508
20181028,6,40,180,2000,26461.5078125,221.100006103516,10.430006980896,-12.7926149368286
20181028,12,40,180,2000,26478.625,221.899993896484,13.2799978256226,-13.7958908081055
20181028,18,40,180,2000,26480.341796875,221.399978637695,17.0300025939941,-8.91848373413086
20181029,0,40,180,2000,26460.1171875,221.199981689453,15.6300077438354,-5.73720216751099
20181029,6,40,180,2000,26440.890625,220.899993896484,15.6300144195557,-4.6986985206604
20181029,12,40,180,2000,26470.1875,221.899993896484,14.7705984115601,-3.58595705032349
20181029,18,40,180,2000,26486.5078125,221.600006103516,16.3799991607666,-0.78302001953125
20181030,0,40,180,2000,26488.7109375,221.199996948242,7.30489015579224,3.77332758903503
20181030,6,40,180,2000,26474.54296875,220.199996948242,2.8031702041626,0.964670419692993
20181030,12,40,180,2000,26499.501953125,220.800003051758,3.01379871368408,0.508017599582672
20181030,18,40,180,2000,26518.4609375,221.100006103516,1.68050289154053,0.614433586597443
20181031,0,40,180,2000,26496.328125,219.599975585938,1.07934331893921,0.409775376319885
20181031,6,40,180,2000,26466.23828125,219.800003051758,0.714667975902557,-2.19486570358276
20181031,12,40,180,2000,26466.759765625,220.199981689453,5.52955055236816,-6.28557109832764
20181031,18,40,180,2000,26447.8203125,220.79997253418,11.0900001525879,-5.77313947677612
20181101,0,40,180,2000,26415.453125,219.899993896484,14.330002784729,-4.34916973114014
20181101,6,40,180,2000,26362.748046875,219.29997253418,16.7000026702881,-6.45261240005493
20181101,12,40,180,2000,26377.689453125,218.399993896484,18.4000034332275,-2.49993896484375
20181101,18,40,180,2000,26382.630859375,217.699996948242,16.4999980926514,6.103515625e-05
20181102,0,40,180,2000,26374.703125,215.999969482422,12.9999971389771,5.29005718231201
20181102,6,40,180,2000,26383.748046875,215.699981689453,7.00000143051147,5.60007953643799
20181102,12,40,180,2000,26431.8515625,216.699996948242,1.94887852668762,5.40009784698486
20181102,18,40,180,2000,26455.3515625,217.100006103516,-0.609995126724243,4.62005376815796
20181103,0,40,180,2000,26470.943359375,218.199996948242,-0.913459479808807,3.63978505134583
20181103,6,40,180,2000,26459.65234375,217.999969482422,-1.06831789016724,1.96557128429413
20181103,12,40,180,2000,26485.494140625,218.699996948242,-1.91665041446686,-2.36411142349243
20181103,18,40,180,2000,26490.296875,219.300003051758,1.24666011333466,-0.877626955509186
20181104,0,40,180,2000,26480.587890625,218.699996948242,-0.779000222682953,-1.94196283817291
20181104,6,40,180,2000,26456.15234375,219,2.54000234603882,-4.68241214752197
20181104,12,40,180,2000,26465.3515625,219.5,5.50473642349243,-5.93486309051514
20181104,18,40,180,2000,26465.8125,219.5,10.8000011444092,-4.49993276596069
20181105,0,40,180,2000,26451.533203125,219.699996948242,12.1947803497314,-3.79995107650757
20181105,6,40,180,2000,26422.61328125,219.600006103516,14.0874967575073,-3.69998788833618
20181105,12,40,180,2000,26440.97265625,220.5,15.0884342193604,-2.49997568130493
20181105,18,40,180,2000,26451.58203125,220.699996948242,14.8068876266479,2.10004878044128
20181106,0,40,180,2000,26432.716796875,219.699996948242,10.7729587554932,4.47087383270264
20181106,6,40,180,2000,26424.8515625,219.899993896484,8.39226055145264,7.00006103515625
20181106,12,40,180,2000,26458.83984375,220.100006103516,4.95587158203125,6.30005502700806
20181106,18,40,180,2000,26493.6875,219.960601806641,3.14870309829712,8.3000545501709
20181107,0,40,180,2000,26509.9453125,219.79997253418,-2.21821284294128,7.42199420928955
20181107,6,40,180,2000,26498.7890625,220.199996948242,-3.91171884536743,5.0000581741333
20181107,12,40,180,2000,26536.35546875,220.699996948242,-6.68078327178955,0.100030519068241
20181107,18,40,180,2000,26563.515625,221.199981689453,-3.44777822494507,0.500018298625946
20181108,0,40,180,2000,26545.197265625,221.399993896484,-8.15098285675049,-0.699954211711884
20181108,6,40,180,2000,26521.3515625,221.600006103516,-5.93497943878174,-5.09996938705444
20181108,12,40,180,2000,26522.7421875,222.300003051758,-4.85788249969482,-6.5999755859375
20181108,18,40,180,2000,26527.966796875,222.300003051758,-2.53016042709351,-6.09998178482056
20181109,0,40,180,2000,26495.3515625,222.29997253418,-2.5506865978241,-6.29998779296875
20181109,6,40,180,2000,26450.0078125,222.199996948242,-0.915661633014679,-8.59998798370361
20181109,12,40,180,2000,26445.1328125,222.399993896484,2.31050729751587,-10.499981880188
20181109,18,40,180,2000,26432.845703125,221.800003051758,6.62545156478882,-8.20001220703125
20181110,0,40,180,2000,26396.77734375,221.699996948242,7.02381610870361,-8.0532283782959
20181110,6,40,180,2000,26360.39453125,221.5,10.5867309570313,-9.49997520446777
20181110,12,40,180,2000,26349.5625,220.892532348633,13.8027315139771,-11.2999753952026
20181110,18,40,180,2000,26341.9140625,222.199996948242,16.1545505523682,-11.5827331542969
20181111,0,40,180,2000,26314.42578125,221.600006103516,17.9100093841553,-12.4999389648438
20181111,6,40,180,2000,26279.0546875,221.5,20.9999904632568,-16.499963760376
20181111,12,40,180,2000,26273.654296875,221.599975585938,25.1000022888184,-19.4999084472656
20181111,18,40,180,2000,26282.626953125,222.999969482422,30.4300022125244,-16.6000919342041
20181112,0,40,180,2000,26268.265625,221.800003051758,30.2194175720215,-15.199987411499
20181112,6,40,180,2000,26251.615234375,222.800003051758,29.5620880126953,-17.6023616790771
20181112,12,40,180,2000,26281.947265625,223.031692504883,30.5100002288818,-20.0211353302002
20181112,18,40,180,2000,26266.609375,224.399993896484,34.0158309936523,-17.5868186950684
20181113,0,40,180,2000,26242.029296875,224.499969482422,33.6385498046875,-19.7748947143555
20181113,6,40,180,2000,26186.474609375,224.100006103516,37.8343162536621,-24.6000022888184
20181113,12,40,180,2000,26182.9296875,225.199981689453,42.1233749389648,-25.319995880127
20181113,18,40,180,2000,26152.306640625,223.5,45.0030288696289,-18.9300003051758
20181114,0,40,180,2000,26109.974609375,221.999969482422,41.2963409423828,-10.0393257141113
20181114,6,40,180,2000,26087.515625,218.699996948242,33.1477928161621,-9.85532188415527
20181114,12,40,180,2000,26120.33984375,217.199981689453,32.6885414123535,-5.68842792510986
20181114,18,40,180,2000,26153.830078125,214.600006103516,30.1902294158936,1.12998533248901
20181115,0,40,180,2000,26170.08984375,212.29997253418,22.2789974212646,8.46899700164795
20181115,6,40,180,2000,26183.802734375,211.399978637695,18.8816032409668,6.84001970291138
20181115,12,40,180,2000,26231.232421875,212.399993896484,21.3197860717773,3.23000001907349
20181115,18,40,180,2000,26263.2109375,213,23.2901515960693,3.56999015808105
20181116,0,40,180,2000,26249.953125,213,20.0992584228516,4.79994821548462
20181116,6,40,180,2000,26245.77734375,215.099945068359,17.0491943359375,1.71430170536041
20181116,12,40,180,2000,26284.76171875,215.800003051758,17.4468116760254,0.629999995231628
20181116,18,40,180,2000,26315.927734375,216.699981689453,14.7481002807617,6.50923347473145
20181117,0,40,180,2000,26319.1640625,216.999969482422,5.00860834121704,8.77000045776367
20181117,6,40,180,2000,26312.8359375,216.199996948242,4.0760498046875,5.13856935501099
20181117,12,40,180,2000,26347.841796875,217.100006103516,3.30507326126099,5.63429689407349
20181117,18,40,180,2000,26362.984375,215.899978637695,3.48999261856079,6.96213626861572
20181118,0,40,180,2000,26359.517578125,216.006988525391,0.330703139305115,6.8599853515625
20181118,6,40,180,2000,26341.232421875,215.899993896484,1.64351069927216,4.4475998878479
20181118,12,40,180,2000,26357.92578125,215.370407104492,1.05997562408447,3.95327639579773
20181118,18,40,180,2000,26380.359375,216.399993896484,3.04055428504944,4.86417961120605
20181119,0,40,180,2000,26367.296875,216,0.0623388662934303,3.5221483707428
20181119,6,40,180,2000,26340.544921875,216.100006103516,1.44292974472046,4.06436014175415
20181119,12,40,180,2000,26366.267578125,217.399993896484,2.07541251182556,2.96055674552917
20181119,18,40,180,2000,26377.341796875,218.300003051758,3.2443163394928,6.46001720428467
20181120,0,40,180,2000,26378.23046875,218.699996948242,0.304721683263779,7.94050788879395
20181120,6,40,180,2000,26377.890625,219.300003051758,1.38815188407898,9.25042724609375
20181120,12,40,180,2000,26418.4765625,220.399993896484,-0.156904295086861,9.61801052093506
20181120,18,40,180,2000,26449.63671875,220,-1.47001707553864,12.386435508728
20181121,0,40,180,2000,26470.453125,219.600006103516,-8.65382099151611,13.6321706771851
20181121,6,40,180,2000,26466.619140625,219.214691162109,-11.1934766769409,11.038613319397
20181121,12,40,180,2000,26506.072265625,220.099975585938,-13.1249971389771,9.56802272796631
20181121,18,40,180,2000,26529.693359375,219.699996948242,-13.842209815979,10.4426126480103
20181122,0,40,180,2000,26514.275390625,219.199996948242,-17.5173950195313,9.68253421783447
20181122,6,40,180,2000,26489.07421875,219.599975585938,-18.3376388549805,7.98122549057007
20181122,12,40,180,2000,26515.814453125,219.100006103516,-17.5512180328369,5.15143060684204
20181122,18,40,180,2000,26515.634765625,219.599975585938,-18.0364933013916,8.54663372039795
20181123,0,40,180,2000,26506.66015625,219.600006103516,-21.1540069580078,5.53800773620605
20181123,6,40,180,2000,26477.53515625,218.499969482422,-20.0160140991211,5.02022457122803
20181123,12,40,180,2000,26482.162109375,219.899993896484,-21.6439990997314,4.24934577941895
20181123,18,40,180,2000,26503.705078125,219.800003051758,-20.9400043487549,2.39135265350342
20181124,0,40,180,2000,26497.5703125,219.899993896484,-20.7939872741699,3.39945793151855
20181124,6,40,180,2000,26477.59765625,220.229156494141,-21.9834213256836,2.53029775619507
20181124,12,40,180,2000,26489.08984375,220.729156494141,-19.3233623504639,0.470703125
20181124,18,40,180,2000,26507.95703125,221,-18.9777412414551,2.7000048160553
20181125,0,40,180,2000,26497.3515625,220.800003051758,-19.5012741088867,2.29518055915833
20181125,6,40,180,2000,26479.306640625,220.800003051758,-19.4725532531738,2.36221194267273
20181125,12,40,180,2000,26500.5625,221.100006103516,-17.3487224578857,1.43001461029053
20181125,18,40,180,2000,26516.57421875,221.29997253418,-16.5539264678955,3.63382577896118
20181126,0,40,180,2000,26491.66796875,220.999969482422,-18.517786026001,3.84332752227783
20181126,6,40,180,2000,26476.2421875,220.099975585938,-17.8331127166748,3.31001949310303
20181126,12,40,180,2000,26477.9375,220.5,-17.5061836242676,3.239990234375
20181126,18,40,180,2000,26490.09765625,220.29997253418,-17.5007991790771,3.70580577850342
20181127,0,40,180,2000,26471.80078125,219.800003051758,-17.7262573242188,3.93907713890076
20181127,6,40,180,2000,26463.77734375,219.699996948242,-17.9799823760986,3.14128422737122
20181127,12,40,180,2000,26473.58203125,219.79997253418,-17.2714328765869,2.1689989566803
20181127,18,40,180,2000,26476.595703125,219.199996948242,-17.2371311187744,3.14102053642273
20181128,0,40,180,2000,26456.623046875,218.199996948242,-16.7593002319336,2.95234870910645
20181128,6,40,180,2000,26419.7265625,217.899993896484,-17.6394805908203,2.40000605583191
20181128,12,40,180,2000,26428.841796875,217.399978637695,-14.3584012985229,0.90000307559967
20181128,18,40,180,2000,26419.66015625,217.800003051758,-14.6410160064697,1.27085566520691
20181129,0,40,180,2000,26392.64453125,217.100006103516,-13.2656307220459,0.499993890523911
20181129,6,40,180,2000,26355.51953125,217.100006103516,-12.4534301757813,0.400000005960464
20181129,12,40,180,2000,26357.509765625,217.300003051758,-9.72001934051514,-3.19999384880066
20181129,18,40,180,2000,26356.640625,218.899978637695,-7.00126361846924,-1.50001215934753
20181130,0,40,180,2000,26327.953125,218.899993896484,-6.67207050323486,-2.80000615119934
20181130,6,40,180,2000,26297.107421875,220.5,-3.70120239257813,-5.40001201629639
20181130,12,40,180,2000,26310.6953125,222.199996948242,0.164678961038589,-7.40001201629639
20181130,18,40,180,2000,26329.34765625,223.999969482422,3.80335998535156,-6.77808856964111
20181201,0,40,180,2000,26317.533203125,224.600006103516,4.10223388671875,-7.80001211166382
20181201,6,40,180,2000,26296.953125,225.800003051758,6.71882343292236,-7.90000629425049
20181201,12,40,180,2000,26312.76171875,226.899993896484,7.57117319107056,-8.5
20181201,18,40,180,2000,26330.2109375,227.600006103516,9.39400005340576,-5.30000591278076
20181202,0,40,180,2000,26316.078125,228.5,8.31088829040527,-7.17085266113281
20181202,6,40,180,2000,26290.7890625,228.699996948242,10.5938768386841,-5.3821873664856
20181202,12,40,180,2000,26324.484375,230.111663818359,9.563307762146,-3.15754389762878
20181202,18,40,180,2000,26328.787109375,230.199996948242,7.4030909538269,-1.08999025821686
20181203,0,40,180,2000,26311.822265625,230.199996948242,4.9556713104248,0.659990251064301
20181203,6,40,180,2000,26297.2734375,229.5,1.77247309684753,1.99000489711761
20181203,12,40,180,2000,26328.01171875,229.100006103516,0.574458003044128,1.27311038970947
20181203,18,40,180,2000,26337.265625,228.100006103516,-1.01987302303314,4.33607912063599
20181204,0,40,180,2000,26338.001953125,227.399993896484,-4.24141597747803,2.65832996368408
20181204,6,40,180,2000,26331.884765625,226.5,-3.41784191131592,1.63365232944489
20181204,12,40,180,2000,26365.515625,227.100006103516,-4.43439960479736,-0.594040513038635
20181204,18,40,180,2000,26396.03515625,226.699996948242,-2.93051505088806,1.3883398771286
20181205,0,40,180,2000,26395.77734375,226.699996948242,-5.9014720916748,0.83349609375
20181205,6,40,180,2000,26391.380859375,226.300003051758,-5.60562133789063,-1.85060429573059
20181205,12,40,180,2000,26434.115234375,227.399978637695,-4.37572765350342,-2.59996342658997
20181205,18,40,180,2000,26468.3359375,227.300003051758,-5.13040447235107,-0.699969470500946
20181206,0,40,180,2000,26469.314453125,226.699996948242,-5.66045236587524,-2.39996957778931
20181206,6,40,180,2000,26456.599609375,227.199996948242,-5.75356912612915,-0.689953625202179
20181206,12,40,180,2000,26493.724609375,226.904418945313,-4.69232654571533,-3.64356684684753
20181206,18,40,180,2000,26505.3203125,226.995559692383,-3.36437368392944,-1.49997556209564
20181207,0,40,180,2000,26498.564453125,226.699981689453,-5.06481027603149,-0.599981665611267
20181207,6,40,180,2000,26474.1953125,226.300003051758,-5.50079965591431,-1.04194331169128
20181207,12,40,180,2000,26483.65234375,226.600006103516,-5.22546100616455,-3.09999394416809
20181207,18,40,180,2000,26507.1640625,226.399993896484,-3.95519113540649,0.643609642982483
20181208,0,40,180,2000,26488.607421875,225.599975585938,-7.12595844268799,-0.599987804889679
20181208,6,40,180,2000,26465.97265625,225.399993896484,-6.11178874969482,-0.999981701374054
20181208,12,40,180,2000,26498.6171875,225.699996948242,-7.04931640625,-2.64359736442566
20181208,18,40,180,2000,26518.755859375,225.300003051758,-5.54595804214478,0.5
20181209,0,40,180,2000,26509.705078125,224.800003051758,-10.4626588821411,0.100012205541134
20181209,6,40,180,2000,26495.01953125,224.600006103516,-8.94019603729248,-1.39999389648438
20181209,12,40,180,2000,26524.373046875,224.899993896484,-8.93172454833984,-1.10000610351563
20181209,18,40,180,2000,26535.23828125,224.300003051758,-9.84477710723877,0.70001220703125
20181210,0,40,180,2000,26513.73828125,224.399993896484,-11.0139179229736,0.400109857320786
20181210,6,40,180,2000,26502.05078125,224.099975585938,-11.1548309326172,-0.400006115436554
20181210,12,40,180,2000,26509.095703125,223.899993896484,-8.77445697784424,-1
20181210,18,40,180,2000,26521.158203125,224.600006103516,-11.1684722900391,1.89999389648438
20181211,0,40,180,2000,26510.404296875,223.999969482422,-10.3816146850586,0.29998779296875
20181211,6,40,180,2000,26473.9609375,224.399978637695,-9.77540016174316,2.49999380111694
20181211,12,40,180,2000,26482.3125,223.899993896484,-9.10756874084473,-6.10351571594947e-06
20181211,18,40,180,2000,26489.755859375,225.099975585938,-8.8462495803833,2.09999990463257
20181212,0,40,180,2000,26479.6953125,224.399993896484,-9.13302326202393,0.899993896484375
20181212,6,40,180,2000,26452.966796875,224.29997253418,-8.89999675750732,2.09999084472656
20181212,12,40,180,2000,26470.158203125,224,-8.84645843505859,-0.79998779296875
20181212,18,40,180,2000,26477.224609375,223.999969482422,-7.01149892807007,1.99999392032623
20181213,0,40,180,2000,26463.1328125,223.800003051758,-9.80620861053467,1.30000615119934
20181213,6,40,180,2000,26454.177734375,223.800003051758,-7.81896352767944,0.400006115436554
20181213,12,40,180,2000,26467.5859375,223.699996948242,-7.90978384017944,-0.400000005960464
20181213,18,40,180,2000,26483.447265625,223.79997253418,-7.43608999252319,1.80136716365814
20181214,0,40,180,2000,26482.96484375,223.800003051758,-9.39531517028809,0.600006103515625
20181214,6,40,180,2000,26468.16796875,223.899993896484,-8.19609642028809,0.849176049232483
20181214,12,40,180,2000,26494.6796875,223.699996948242,-7.400146484375,-1.40001225471497
20181214,18,40,180,2000,26499.337890625,223.600006103516,-7.63110637664795,1.20001220703125
20181215,0,40,180,2000,26507.0625,224.399993896484,-9.00292015075684,-0.699999988079071
20181215,6,40,180,2000,26474.8671875,224.600006103516,-7.78735971450806,-1.40000605583191
20181215,12,40,180,2000,26506.294921875,223.399978637695,-7.35444641113281,-1.89143681526184
20181215,18,40,180,2000,26520.408203125,224.800003051758,-6.14113473892212,0.899987816810608
20181216,0,40,180,2000,26514.41015625,224.399993896484,-7.70415353775024,-0.800012230873108
20181216,6,40,180,2000,26487.609375,224.5,-5.13120126724243,0.903283715248108
20181216,12,40,180,2000,26502.1171875,224.100006103516,-6.45864582061768,-1.20000910758972
20181216,18,40,180,2000,26514.529296875,225.399993896484,-4.98751211166382,2.09999394416809
20181217,0,40,180,2000,26502.0078125,224.302780151367,-6.39063739776611,0.100000001490116
20181217,6,40,180,2000,26478.171875,224.199996948242,-5.45168447494507,0.800000011920929
20181217,12,40,180,2000,26498.44921875,224.600006103516,-6.22180795669556,-0.416113287210464
20181217,18,40,180,2000,26514.01171875,225,-4.95451068878174,1.19996333122253
20181218,0,40,180,2000,26509.779296875,224.5,-6.32687997817993,0.399951159954071
20181218,6,40,180,2000,26489.28515625,224.399993896484,-6.00879526138306,1.59998774528503
20181218,12,40,180,2000,26507.537109375,224.600006103516,-6.20419931411743,-1.30001831054688
