20180720,0,-45,42,2000,26963.837890625,227.917236328125,-10.5975875854492,0.548134744167328
20180720,6,-45,42,2000,26964.658203125,227.600006103516,-11.8999805450439,-0.542412102222443
20180720,12,-45,42,2000,26930.779296875,227.399993896484,-11.9952707290649,-0.836645483970642
20180720,18,-45,42,2000,26938.88671875,227.599975585938,-13.1351127624512,1.40386724472046
20180721,0,-45,42,2000,26961.314453125,227.79997253418,-11.3999929428101,1.33011722564697
20180721,6,-45,42,2000,26977.685546875,227.896270751953,-12.3339872360229,0.631418466567993
20180721,12,-45,42,2000,26954.705078125,227.5,-12.1999950408936,0.696708977222443
20180721,18,-45,42,2000,26974.625,227.800003051758,-12.1399955749512,2.52396965026855
20180722,0,-45,42,2000,27003.0234375,228.300003051758,-10.4999952316284,1.37996089458466
20180722,6,-45,42,2000,27016.919921875,228.300003051758,-13.3033590316772,0.868793964385986
20180722,12,-45,42,2000,26986.91015625,227.699996948242,-11.6357669830322,0.271433115005493
20180722,18,-45,42,2000,27006.01953125,227.999969482422,-13.8399906158447,1.26538324356079
20180723,0,-45,42,2000,27021.109375,227.999969482422,-11.3399877548218,1.39630615711212
20180723,6,-45,42,2000,27034.8203125,228.099975585938,-13.6899976730347,-0.766303718090057
20180723,12,-45,42,2000,27007.162109375,227.300003051758,-12.0999927520752,0.715355217456818
20180723,18,-45,42,2000,27015.1640625,227.5,-12.8333320617676,-0.0887817367911339
20180724,0,-45,42,2000,27024.654296875,227.279693603516,-11.7395439147949,0.261347651481628
20180724,6,-45,42,2000,27029.66015625,227.29997253418,-12.0399951934814,-1.14877438545227
20180724,12,-45,42,2000,26987.400390625,226.5,-11.9399995803833,-1.18961668014526
20180724,18,-45,42,2000,26995.5,226.399993896484,-12.199914932251,0.270493149757385
20180725,0,-45,42,2000,27009.072265625,226.800003051758,-10.7999973297119,-0.100429683923721
20180725,6,-45,42,2000,27019.4609375,226.5,-10.6048269271851,-0.586896955966949
20180725,12,-45,42,2000,26979.654296875,225.800003051758,-11.4000024795532,-1.64519774913788
20180725,18,-45,42,2000,26979.734375,225.600006103516,-11.8999996185303,0.151408687233925
20180726,0,-45,42,2000,26992.1640625,226.099975585938,-10.2994117736816,-1.32617676258087
20180726,6,-45,42,2000,26997.474609375,225.800003051758,-11.4000024795532,-0.83612060546875
20180726,12,-45,42,2000,26955.876953125,225.199996948242,-11.3999996185303,-2.40391612052917
20180726,18,-45,42,2000,26955.8671875,224.999969482422,-12.4397115707397,0.378764659166336
20180727,0,-45,42,2000,26969.205078125,225.79997253418,-10.9033079147339,-0.247854009270668
20180727,6,-45,42,2000,26972.390625,225.800003051758,-11.5332984924316,-1.81452631950378
20180727,12,-45,42,2000,26926.20703125,225,-10.5999975204468,-1.57442140579224
20180727,18,-45,42,2000,26931.259765625,225.199981689453,-11.4033250808716,-0.676301240921021
20180728,0,-45,42,2000,26941.783203125,226,-10.7999954223633,-0.176298826932907
20180728,6,-45,42,2000,26952.11328125,226.100006103516,-10.3003053665161,-1.180419921875
20180728,12,-45,42,2000,26914.275390625,225.800003051758,-10.8030471801758,-1.44025027751923
20180728,18,-45,42,2000,26923.837890625,226.300003051758,-12.2975826263428,0.578986823558807
20180729,0,-45,42,2000,26948.70703125,227.100006103516,-8.99999523162842,0.614815652370453
20180729,6,-45,42,2000,26968.001953125,227.399978637695,-12.1000003814697,-0.939870595932007
20180729,12,-45,42,2000,26932.755859375,226.79997253418,-10.2399950027466,0.529191911220551
20180729,18,-45,42,2000,26951.421875,227.699996948242,-12.0332612991333,0.313319087028503
20180730,0,-45,42,2000,26966.6953125,227.29997253418,-10.1398439407349,0.756562471389771
20180730,6,-45,42,2000,26986.42578125,228.206985473633,-11.7399950027466,-0.708027362823486
20180730,12,-45,42,2000,26946.9296875,226.999969482422,-10.4419021606445,0.163408204913139
20180730,18,-45,42,2000,26957.55078125,227.600006103516,-12.539999961853,0.393648684024811
20180731,0,-45,42,2000,26979.552734375,227.79997253418,-9.94220924377441,1.1038122177124
20180731,6,-45,42,2000,26986.369140625,228.099975585938,-11.4396629333496,-0.883430182933807
20180731,12,-45,42,2000,26951.6171875,227,-10.6033420562744,-0.836354970932007
20180731,18,-45,42,2000,26959.09765625,227.79997253418,-11.1796970367432,0.177578121423721
20180801,0,-45,42,2000,26965.447265625,227.599975585938,-9.97999286651611,-0.329299330711365
20180801,6,-45,42,2000,26972.158203125,227.899993896484,-11.2966794967651,-1.07372558116913
20180801,12,-45,42,2000,26933.54296875,227.100006103516,-10.4399976730347,-1.27240228652954
20180801,18,-45,42,2000,26941.349609375,227.199981689453,-10.8394384384155,0.2855224609375
20180802,0,-45,42,2000,26953.48828125,227.800003051758,-10.2405958175659,0.855092763900757
20180802,6,-45,42,2000,26965.107421875,227.599975585938,-10.1413259506226,-0.179909661412239
20180802,12,-45,42,2000,26927.5546875,226.999969482422,-9.83999729156494,-1.13795650005341
20180802,18,-45,42,2000,26942.64453125,227.100006103516,-10.8399829864502,1.59009766578674
20180803,0,-45,42,2000,26964.0625,227.899993896484,-8.64000034332275,0.724074721336365
20180803,6,-45,42,2000,26978.873046875,227.5,-10.0766086578369,-0.565380871295929
20180803,12,-45,42,2000,26944.16015625,227.032135009766,-9.86999988555908,-0.210131838917732
20180803,18,-45,42,2000,26954.71484375,227,-10.7797365188599,0.589565455913544
20180804,0,-45,42,2000,26981.6796875,227.600006103516,-8.97000217437744,1.15475583076477
20180804,6,-45,42,2000,26995.453125,227.599975585938,-10.6699953079224,-0.487233877182007
20180804,12,-45,42,2000,26960.375,226.999969482422,-9.83984851837158,-0.256354987621307
20180804,18,-45,42,2000,26973.046875,226.699996948242,-10.0400047302246,-0.218671873211861
20180805,0,-45,42,2000,26978.072265625,227.399993896484,-10.5335474014282,-0.792534172534943
20180805,6,-45,42,2000,26991.7421875,227.399993896484,-10.6372165679932,-0.1800537109375
20180805,12,-45,42,2000,26957.69921875,226.600006103516,-9.73999309539795,-1.73328852653503
20180805,18,-45,42,2000,26961.72265625,226.100006103516,-12.0342216491699,0.0927868634462357
20180806,0,-45,42,2000,26980.681640625,226.5,-8.94021701812744,0.550433337688446
20180806,6,-45,42,2000,26984.712890625,225.699996948242,-11.544228553772,-1.21520018577576
20180806,12,-45,42,2000,26950.001953125,225.600006103516,-10.4202146530151,-1.28306758403778
20180806,18,-45,42,2000,26956.7890625,224.79997253418,-11.2382326126099,0.394465327262878
20180807,0,-45,42,2000,26976.53515625,225.399993896484,-9.13658714294434,0.1550402790308
20180807,6,-45,42,2000,26983.619140625,224.899993896484,-11.0031986236572,-1.32937133312225
20180807,12,-45,42,2000,26940.375,224.999969482422,-10.0387668609619,-0.612782001495361
20180807,18,-45,42,2000,26946.984375,224.600006103516,-10.7369117736816,0.395759284496307
20180808,0,-45,42,2000,26958.38671875,225.199981689453,-8.73273468017578,0.548618137836456
20180808,6,-45,42,2000,26963.990234375,225.399978637695,-10.139518737793,-0.408632814884186
20180808,12,-45,42,2000,26930.16796875,224.899993896484,-8.63998985290527,0.101560056209564
20180808,18,-45,42,2000,26941.302734375,224.800003051758,-8.43999290466309,0.392065435647964
20180809,0,-45,42,2000,26954.02734375,225.550735473633,-8.73999786376953,0.507377922534943
20180809,6,-45,42,2000,26968.578125,225.5,-7.94134283065796,0.0578979477286339
20180809,12,-45,42,2000,26929.599609375,224.699981689453,-8.52997779846191,-1.68716061115265
20180809,18,-45,42,2000,26931.39453125,225.100006103516,-9.27167224884033,0.446152329444885
20180810,0,-45,42,2000,26953.806640625,225.29997253418,-7.43999004364014,-0.0200634766370058
20180810,6,-45,42,2000,26963.3203125,225.399978637695,-9.53999042510986,-1.36248052120209
20180810,12,-45,42,2000,26926.6875,224.728607177734,-8.82999515533447,-1.22560548782349
20180810,18,-45,42,2000,26927.8046875,224.600006103516,-9.99999523162842,-1.16525876522064
20180811,0,-45,42,2000,26937.30078125,225.599365234375,-9.23998546600342,-1.09217524528503
20180811,6,-45,42,2000,26941.734375,224.29997253418,-9.83996295928955,-1.68374752998352
20180811,12,-45,42,2000,26906.91015625,224.79997253418,-10.4899950027466,-1.62561273574829
20180811,18,-45,42,2000,26921.197265625,224.5,-10.1399831771851,-0.536181628704071
20180812,0,-45,42,2000,26930.60546875,225.300003051758,-10.1399927139282,-0.907595217227936
20180812,6,-45,42,2000,26950.892578125,225.899978637695,-10.7399950027466,-0.32411253452301
20180812,12,-45,42,2000,26927.07421875,225.100006103516,-9.59951686859131,-0.460085451602936
20180812,18,-45,42,2000,26944.625,225.699996948242,-10.3417749404907,0.449921876192093
20180813,0,-45,42,2000,26961.392578125,226.399978637695,-8.99999237060547,1.22723507881165
20180813,6,-45,42,2000,26979.5546875,226.399978637695,-8.69998741149902,0.355230718851089
20180813,12,-45,42,2000,26954.640625,226.300003051758,-8.78976535797119,-0.285646975040436
20180813,18,-45,42,2000,26958.345703125,226.099975585938,-8.19693565368652,1.53680419921875
20180814,0,-45,42,2000,26970.33203125,226.899993896484,-6.89656734466553,0.137668460607529
20180814,6,-45,42,2000,26972.72265625,226.908081054688,-6.99998760223389,-0.297985851764679
20180814,12,-45,42,2000,26926.189453125,226.100006103516,-6.09999513626099,-0.768317878246307
20180814,18,-45,42,2000,26920.384765625,226.600006103516,-7.26999998092651,0.500568866729736
20180815,0,-45,42,2000,26930.873046875,226.800003051758,-4.87994146347046,1.10656499862671
20180815,6,-45,42,2000,26925.716796875,226.699996948242,-5.9699878692627,-0.280534654855728
20180815,12,-45,42,2000,26885.84765625,225.999969482422,-4.56999492645264,0.346916496753693
20180815,18,-45,42,2000,26885.716796875,226,-7.16999244689941,0.870488286018372
20180816,0,-45,42,2000,26905.880859375,226.5,-4.06998538970947,2.30148935317993
20180816,6,-45,42,2000,26918.419921875,226.5,-5.7401270866394,0.0878417938947678
20180816,12,-45,42,2000,26892.55078125,225.29997253418,-4.96999502182007,1.50400876998901
20180816,18,-45,42,2000,26912.23828125,226,-6.76999282836914,1.80000734329224
20180817,0,-45,42,2000,26937.966796875,226.199996948242,-4.1399998664856,2.26321291923523
20180817,6,-45,42,2000,26964.16015625,226.300003051758,-6.239990234375,0.199331060051918
20180817,12,-45,42,2000,26937.6328125,225.300003051758,-4.43416023254395,0.828015148639679
20180817,18,-45,42,2000,26941.720703125,225.399993896484,-6.62999248504639,-0.304284662008286
20180818,0,-45,42,2000,26965.849609375,225.599975585938,-5.56999254226685,0.366040050983429
20180818,6,-45,42,2000,26969.935546875,225.120513916016,-6.13351583480835,-1.34163820743561
20180818,12,-45,42,2000,26939.181640625,224.5,-6.84000015258789,-3.14113283157349
20180818,18,-45,42,2000,26938.177734375,224.300003051758,-7.33746576309204,0.195310056209564
20180819,0,-45,42,2000,26944.55078125,224.5,-6.33765602111816,-2.41390132904053
20180819,6,-45,42,2000,26945.595703125,224.199996948242,-8.23999977111816,-2.16296625137329
20180819,12,-45,42,2000,26903.529296875,223.29997253418,-6.79999732971191,-2.86757802963257
20180819,18,-45,42,2000,26894.76953125,223,-8.64000225067139,-2.29724597930908
20180820,0,-45,42,2000,26899.509765625,223.399978637695,-7.90019273757935,-1.42962884902954
20180820,6,-45,42,2000,26906.6875,223.5,-7.69951677322388,-2.35958981513977
20180820,12,-45,42,2000,26877.1328125,222.699981689453,-7.83995628356934,-3.3808057308197
20180820,18,-45,42,2000,26876.01171875,223.29997253418,-8.33999729156494,-1.33786618709564
20180821,0,-45,42,2000,26885.130859375,223.79997253418,-6.50302743911743,-1.64007329940796
20180821,6,-45,42,2000,26888.380859375,223.499969482422,-8.23999309539795,-2.65569090843201
20180821,12,-45,42,2000,26857.29296875,223.600006103516,-7.30326652526855,-1.70339357852936
20180821,18,-45,42,2000,26860.765625,223.699996948242,-7.30428218841553,-0.510793447494507
20180822,0,-45,42,2000,26876.751953125,224.699996948242,-5.90999031066895,-0.702666044235229
20180822,6,-45,42,2000,26888.380859375,225.199996948242,-6.44222640991211,-0.930290520191193
20180822,12,-45,42,2000,26848.75,224.699996948242,-5.03582525253296,-0.813557147979736
20180822,18,-45,42,2000,26859.814453125,224.600006103516,-5.53999757766724,0.0438720695674419
20180823,0,-45,42,2000,26855.69921875,225.199996948242,-4.24999046325684,0.166547849774361
20180823,6,-45,42,2000,26869.76953125,225.399978637695,-5.44535160064697,-0.129936516284943
20180823,12,-45,42,2000,26831.783203125,224.699981689453,-3.33326411247253,0.235502928495407
20180823,18,-45,42,2000,26842.640625,224.706985473633,-5.03659200668335,1.02034664154053
20180824,0,-45,42,2000,26839.517578125,225.600006103516,-3.84230947494507,1.21607172489166
20180824,6,-45,42,2000,26853.669921875,225.699981689453,-3.33668947219849,0.888090848922729
20180824,12,-45,42,2000,26822.7265625,225.100006103516,-3.73998785018921,-0.0964294448494911
20180824,18,-45,42,2000,26834.185546875,225.599975585938,-4.54776382446289,1.83029663562775
20180825,0,-45,42,2000,26848.640625,226,-1.44895756244659,1.25114011764526
20180825,6,-45,42,2000,26869.087890625,226.399993896484,-4.03998756408691,0.987434089183807
20180825,12,-45,42,2000,26851.609375,226,-1.33999264240265,1.5025976896286
20180825,18,-45,42,2000,26869.1328125,225.899993896484,-2.66999506950378,0.563400864601135
20180826,0,-45,42,2000,26888,225.899993896484,-1.46998775005341,1.37676513195038
20180826,6,-45,42,2000,26900.41796875,226.399993896484,-1.64138913154602,-0.500861823558807
20180826,12,-45,42,2000,26871.0859375,225.399993896484,-1.73999750614166,-0.790407717227936
20180826,18,-45,42,2000,26876.29296875,225.293014526367,-1.53999757766724,-0.888010263442993
20180827,0,-45,42,2000,26886.92578125,225.600006103516,-1.03739500045776,-0.755573749542236
20180827,6,-45,42,2000,26888.265625,225.600006103516,-1.79999995231628,-0.861540555953979
20180827,12,-45,42,2000,26852.59765625,224.899978637695,-0.739990234375,-1.82550776004791
20180827,18,-45,42,2000,26859.40234375,225,-2.83883786201477,-0.792612314224243
20180828,0,-45,42,2000,26856.63671875,225.699996948242,-0.839987814426422,0.194494634866714
20180828,6,-45,42,2000,26858.056640625,225.5,-2.46998524665833,-1.05244386196136
20180828,12,-45,42,2000,26818.72265625,224.899993896484,-1.53999996185303,-0.628571748733521
20180828,18,-45,42,2000,26828.453125,225.399993896484,-2.34000253677368,0.506879866123199
20180829,0,-45,42,2000,26845.45703125,225.599975585938,-0.637775897979736,1.13005495071411
20180829,6,-45,42,2000,26849.2265625,225.499969482422,-1.24000489711761,-0.316347658634186
20180829,12,-45,42,2000,26811.642578125,225.100006103516,-0.642224133014679,0.0907226577401161
20180829,18,-45,42,2000,26818.240234375,225.100006103516,-0.979997575283051,0.42779541015625
20180830,0,-45,42,2000,26825.197265625,225.699981689453,0.960002422332764,0.390010982751846
20180830,6,-45,42,2000,26830.98828125,225,-0.339985340833664,0.0430737286806107
20180830,12,-45,42,2000,26790.345703125,225.199981689453,1.42805910110474,-0.0124169923365116
20180830,18,-45,42,2000,26797.875,224.29997253418,-0.0367749035358429,0.710483372211456
20180831,0,-45,42,2000,26798.158203125,225.199996948242,2.16000986099243,1.11728763580322
20180831,6,-45,42,2000,26805.126953125,224.499969482422,1.26500487327576,-0.31684935092926
20180831,12,-45,42,2000,26766.125,224.29997253418,1.96001708507538,0.21772338449955
20180831,18,-45,42,2000,26774.267578125,224,1.33000242710114,1.37102055549622
20180901,0,-45,42,2000,26776.95703125,224.699996948242,2.52316641807556,1.53905272483826
20180901,6,-45,42,2000,26799.25,225.199996948242,1.22978270053864,1.95398557186127
20180901,12,-45,42,2000,26766.294921875,224.399978637695,2.62861323356628,0.929519057273865
20180901,18,-45,42,2000,26785.998046875,224.667877197266,0.675390601158142,2.78995108604431
20180902,0,-45,42,2000,26792.568359375,225.199981689453,2.42172122001648,2.16979742050171
20180902,6,-45,42,2000,26816.34765625,225.199493408203,0.967607438564301,1.97211420536041
20180902,12,-45,42,2000,26789.10546875,224.899978637695,2.02999758720398,1.1097412109375
20180902,18,-45,42,2000,26799.533203125,224.800003051758,0.828618168830872,2.80746102333069
20180903,0,-45,42,2000,26821.7734375,225.599975585938,1.43001461029053,1.806396484375
20180903,6,-45,42,2000,26840.66015625,225.79997253418,0.230012208223343,1.94748532772064
20180903,12,-45,42,2000,26809.328125,225.199996948242,1.42778813838959,0.45589354634285
20180903,18,-45,42,2000,26823.41796875,225,0.0300024412572384,2.26419425010681
20180904,0,-45,42,2000,26834.55078125,225.699996948242,0.730009794235229,1.10146486759186
20180904,6,-45,42,2000,26853.794921875,225.100006103516,-0.509997546672821,1.20982420444489
20180904,12,-45,42,2000,26818.25,224.79997253418,0.0332592763006687,0.0954272449016571
20180904,18,-45,42,2000,26835.77734375,224.699981689453,-1.6737060546875,1.46982669830322
20180905,0,-45,42,2000,26834.453125,225.199996948242,0.030004883185029,0.859169900417328
20180905,6,-45,42,2000,26842.5546875,224.899993896484,-2.07333993911743,0.105214841663837
20180905,12,-45,42,2000,26807.732421875,224.399993896484,-0.970000028610229,-0.239943847060204
20180905,18,-45,42,2000,26817.880859375,224.5,-2.14000010490417,1.46377193927765
20180906,0,-45,42,2000,26823.009765625,224.399978637695,-1.33999514579773,0.510112285614014
20180906,6,-45,42,2000,26836.1953125,225,-2.92000007629395,0.318583995103836
20180906,12,-45,42,2000,26795.439453125,223.600006103516,-1.13999509811401,0.331896960735321
20180906,18,-45,42,2000,26811.5546875,223.763641357422,-2.93589854240417,0.948417961597443
20180907,0,-45,42,2000,26815.1015625,224.310012817383,-0.939997553825378,1.48966550827026
20180907,6,-45,42,2000,26829.6171875,223.800003051758,-1.33499026298523,0.00456542987376451
20180907,12,-45,42,2000,26785.484375,223.5,-1.72999513149261,-0.283393561840057
20180907,18,-45,42,2000,26793.064453125,223.399993896484,-1.73906981945038,1.28847658634186
20180908,0,-45,42,2000,26797.552734375,223.899978637695,-0.219995111227036,-0.307268053293228
20180908,6,-45,42,2000,26807.814453125,223.199996948242,-1.30221438407898,-0.0587646476924419
20180908,12,-45,42,2000,26758.83984375,222.899993896484,-0.529999971389771,-1.86658203601837
20180908,18,-45,42,2000,26755.859375,222.499969482422,-1.66138911247253,-0.299890130758286
20180909,0,-45,42,2000,26751.310546875,222.899978637695,-1.3999969959259,-0.799902319908142
20180909,6,-45,42,2000,26751.7734375,222.399978637695,-1.31098330020905,-0.799902319908142
20180909,12,-45,42,2000,26708.380859375,222,-2.09999990463257,-1.49990236759186
20180909,18,-45,42,2000,26710.55078125,221.800003051758,-2.09999990463257,1.09992063045502
20180910,0,-45,42,2000,26720.775390625,222.999969482422,-1.10000002384186,-0.100079342722893
20180910,6,-45,42,2000,26733.14453125,222.099975585938,-2.19998478889465,0.700097680091858
20180910,12,-45,42,2000,26698.599609375,222.399978637695,-1.09999692440033,-0.307757556438446
20180910,18,-45,42,2000,26711.67578125,222.399993896484,-2.59999990463257,1.10006713867188
20180911,0,-45,42,2000,26718.75,223.099975585938,-0.430883795022964,0.86004638671875
20180911,6,-45,42,2000,26742.498046875,223.199996948242,-1.23999261856079,-0.200058594346046
20180911,12,-45,42,2000,26710.86328125,223.199981689453,-0.629995107650757,-0.286000967025757
20180911,18,-45,42,2000,26722.392578125,223.5,-1.03329348564148,0.685991227626801
20180912,0,-45,42,2000,26725.5,224.100006103516,1.12999510765076,0.320263683795929
20180912,6,-45,42,2000,26735.318359375,224.399993896484,-0.769999980926514,-1.06254398822784
20180912,12,-45,42,2000,26701.908203125,224,1.83000004291534,0.00527832051739097
20180912,18,-45,42,2000,26710.322265625,224.499969482422,0.0649707019329071,0.0381298810243607
20180913,0,-45,42,2000,26707.4453125,225,1.90842890739441,0.900109887123108
20180913,6,-45,42,2000,26719.296875,225.199630737305,1.70000302791595,0.213122561573982
20180913,12,-45,42,2000,26686.7734375,224.5,2.99189448356628,0.866748034954071
20180913,18,-45,42,2000,26699.0625,224.899993896484,1.79999995231628,1.94066166877747
20180914,12,-45,42,2000,26686.98046875,224.800003051758,5.20000457763672,2.81143188476563
20180914,18,-45,42,2000,26690.712890625,224.79997253418,4.52222156524658,2.61054682731628
20180915,0,-45,42,2000,26702.6875,225.100006103516,6.31500244140625,3.7000732421875
20180915,6,-45,42,2000,26717.59765625,225.600006103516,5.40000295639038,2.60012817382813
20180915,12,-45,42,2000,26685.953125,224.600006103516,7.703857421875,2.21903681755066
20180915,18,-45,42,2000,26694.32421875,224.599975585938,5.69999694824219,2.69985342025757
20180916,0,-45,42,2000,26694.341796875,224.79997253418,8.41197490692139,3.63963866233826
20180916,12,-45,42,2000,26671.681640625,223.600006103516,8.36000442504883,2.47737050056458
20180916,18,-45,42,2000,26685.310546875,224.099975585938,7.89659929275513,3.25054693222046
20180917,0,-45,42,2000,26685.96484375,223.899993896484,8.60000228881836,3.32696056365967
20180917,6,-45,42,2000,26701.28515625,224,8.76000022888184,2.19556140899658
20180917,12,-45,42,2000,26666.302734375,222.899322509766,9.3600025177002,1.85489499568939
20180917,18,-45,42,2000,26679.97265625,223.100006103516,8.0649995803833,2.87823009490967
20180918,0,-45,42,2000,26673.98046875,223.199996948242,9.56000709533691,2.50371098518372
20180918,6,-45,42,2000,26695.537109375,223.199996948242,8.82861804962158,1.69138669967651
20180918,12,-45,42,2000,26648.974609375,222.599975585938,9.66000270843506,1.84502446651459
20180918,18,-45,42,2000,26654.453125,222.399993896484,9.73000526428223,2.28378415107727
20180919,0,-45,42,2000,26655.1171875,223.099975585938,10.7700052261353,1.49260747432709
20180919,6,-45,42,2000,26653.61328125,222.599975585938,10.0300025939941,1.54112303256989
20180919,12,-45,42,2000,26613.935546875,222.399993896484,12.2300024032593,0.760278344154358
20180919,18,-45,42,2000,26614.0234375,222.399978637695,10.6734056472778,1.80618894100189
20180920,0,-45,42,2000,26599.796875,222.699981689453,11.959997177124,2.2889940738678
20180920,6,-45,42,2000,26610.9765625,222.79997253418,11.4500045776367,1.50076413154602
20180920,12,-45,42,2000,26577.681640625,222.29997253418,12.1600027084351,1.23603510856628
20180920,18,-45,42,2000,26581.1875,222.699996948242,11.1658935546875,1.55360102653503
20180921,0,-45,42,2000,26582.9296875,222.899993896484,12.5500068664551,3.21792960166931
20180921,6,-45,42,2000,26597.609375,223.100006103516,12.0399646759033,1.02756953239441
20180921,12,-45,42,2000,26560.595703125,222.199996948242,12.3047313690186,1.60010373592377
20180921,18,-45,42,2000,26573.392578125,222.736358642578,11.8000001907349,2.56016230583191
20180922,0,-45,42,2000,26580.205078125,223.199996948242,13.3000001907349,2.32473134994507
20180922,6,-45,42,2000,26598.1640625,223.100006103516,12.7686176300049,1.96672368049622
20180922,12,-45,42,2000,26567.21484375,222.810028076172,13.8000001907349,1.59998774528503
20180922,18,-45,42,2000,26573.66015625,222.600006103516,12.8999996185303,2.60004281997681
20180923,0,-45,42,2000,26582.408203125,223.399993896484,14.4000062942505,2.4276123046875
20180923,6,-45,42,2000,26595.927734375,223,14.100001335144,0.945013403892517
20180923,12,-45,42,2000,26562.82421875,222.800003051758,14.6999969482422,1.20000612735748
20180923,18,-45,42,2000,26572.109375,222.899978637695,13.8000001907349,1.31892085075378
20180924,0,-45,42,2000,26576.8203125,223.199996948242,15.3000030517578,1.11893916130066
20180924,6,-45,42,2000,26594.9140625,223.399993896484,13.151123046875,-0.19244384765625
20180924,12,-45,42,2000,26565.76953125,222.399993896484,14.3999996185303,0.0811889618635178
20180924,18,-45,42,2000,26575.935546875,222.800003051758,11.7999973297119,-1.16614985466003
20180925,0,-45,42,2000,26583.115234375,222.800003051758,13.2000026702881,-0.399981677532196
20180925,6,-45,42,2000,26596.599609375,222.5,11.1000261306763,-1.99996948242188
20180925,12,-45,42,2000,26565.939453125,221.899993896484,10.3532657623291,-2.19991445541382
20180925,18,-45,42,2000,26583.52734375,222.199981689453,9.60001182556152,-1.43785154819489
20180926,0,-45,42,2000,26592.322265625,222,9.63195514678955,-2.33312010765076
20180926,6,-45,42,2000,26602.85546875,221.79997253418,7.3899998664856,-3.74744129180908
20180926,12,-45,42,2000,26572.7109375,220.600006103516,7.0899977684021,-3.46226572990417
20180926,18,-45,42,2000,26580.3359375,220.600006103516,6.23000717163086,-4.03879642486572
20180927,0,-45,42,2000,26583.185546875,220.100006103516,6.00207042694092,-3.5283031463623
20180927,6,-45,42,2000,26584.794921875,219.791625976563,4.80000495910645,-4.00280523300171
20180927,12,-45,42,2000,26544.794921875,218.800003051758,5.10000467300415,-4.31286382675171
20180927,18,-45,42,2000,26544.876953125,218.300003051758,4,-3.22222661972046
20180928,0,-45,42,2000,26536.072265625,218.199996948242,5.19878196716309,-4.12992906570435
20180928,6,-45,42,2000,26540.1796875,218.099975585938,3.40000247955322,-3.11866450309753
20180928,12,-45,42,2000,26497.23046875,216.899993896484,5.23222398757935,-3.87802004814148
20180928,18,-45,42,2000,26495.0859375,217.100006103516,3.84139394760132,-2.7112352848053
20180929,0,-45,42,2000,26491.427734375,217.300003051758,5.50374746322632,-2.29271984100342
20180929,6,-45,42,2000,26493.703125,217.499969482422,4.80000257492065,-2.55539798736572
20180929,12,-45,42,2000,26460,216.699996948242,5.8899998664856,-3.17164063453674
20180929,18,-45,42,2000,26457.84765625,217.29997253418,4.63000011444092,-2.16420412063599
20180930,0,-45,42,2000,26463.345703125,217.399993896484,6.79367685317993,-2.17416024208069
20180930,6,-45,42,2000,26466.892578125,217.599975585938,5.52249002456665,-3.90489268302917
20180930,12,-45,42,2000,26436.40234375,217.100006103516,5.59000015258789,-3.32815909385681
20180930,18,-45,42,2000,26436.80078125,217.699981689453,5.09000015258789,-3.40964841842651
20181001,0,-45,42,2000,26452.234375,218.199996948242,5.69000005722046,-3.74005365371704
20181001,6,-45,42,2000,26461.51953125,218.5,6.28999996185303,-3.04397463798523
20181001,12,-45,42,2000,26437.3125,218.199996948242,6.55000257492065,-4.79715824127197
20181001,18,-45,42,2000,26447.119140625,218.300003051758,7.0200023651123,-1.90441167354584
20181002,0,-45,42,2000,26449.435546875,218.399993896484,8.72000217437744,-3.50169920921326
20181002,6,-45,42,2000,26464.658203125,218.5,7.21000957489014,-2.227783203125
20181002,12,-45,42,2000,26430.751953125,217.699981689453,9.66000270843506,-3.00259757041931
20181002,18,-45,42,2000,26438.412109375,218.511627197266,8.8200044631958,-1.73683345317841
20181003,0,-45,42,2000,26441.150390625,218.100006103516,11.2500028610229,-2.82560539245605
20181003,6,-45,42,2000,26449.431640625,218.636032104492,9.85000228881836,-2.56934571266174
20181003,12,-45,42,2000,26414.814453125,218,10.8500003814697,-4.07470464706421
20181003,18,-45,42,2000,26422.2578125,218.023040771484,9.44999980926514,-1.89004397392273
20181004,0,-45,42,2000,26422.931640625,218.300003051758,11.5600023269653,-2.77256345748901
20181004,6,-45,42,2000,26431.212890625,218.297241210938,8.85001754760742,-2.07184314727783
20181004,12,-45,42,2000,26404.330078125,217.600006103516,11.7447462081909,-1.93933832645416
20181004,18,-45,42,2000,26420.453125,218.100006103516,10.7500028610229,-0.380402833223343
20181005,0,-45,42,2000,26431.419921875,218.184814453125,11.1599979400635,-1.04031002521515
20181005,6,-45,42,2000,26458.974609375,218.399978637695,10.4900093078613,-1.56577396392822
20181005,12,-45,42,2000,26437.357421875,217.699996948242,10.5900077819824,-2.09768557548523
20181005,18,-45,42,2000,26453.162109375,217.600006103516,9.1899995803833,-2.75973391532898
20181006,0,-45,42,2000,26458.0703125,217.999969482422,9.19751739501953,-2.54695558547974
20181006,6,-45,42,2000,26470.02734375,216.788909912109,6.69971418380737,-3.75307607650757
20181006,12,-45,42,2000,26448.857421875,216.813522338867,7.9000072479248,-4.05053234100342
20181006,18,-45,42,2000,26468.921875,216.100006103516,4.3899998664856,-4.56806659698486
20181007,0,-45,42,2000,26477.392578125,216.699996948242,6.28999996185303,-3.30114269256592
20181007,6,-45,42,2000,26487.79296875,216.199996948242,4.06000471115112,-5.3399510383606
20181007,12,-45,42,2000,26462.025390625,215.399993896484,4.55000257492065,-5.60574722290039
20181007,18,-45,42,2000,26471.47265625,215.5,2.55999994277954,-4.86677265167236
20181008,0,-45,42,2000,26479.734375,215.600006103516,4.15000486373901,-5.57760763168335
20181008,6,-45,42,2000,26487.080078125,215.600006103516,1.75999760627747,-5.9157567024231
20181008,12,-45,42,2000,26457.681640625,215,2.49000239372253,-5.11727046966553
20181008,18,-45,42,2000,26464.546875,214.8466796875,1.69000005722046,-5.29437017440796
20181009,0,-45,42,2000,26459.015625,215.50456237793,2.49751210212708,-4.08979988098145
20181009,6,-45,42,2000,26477.615234375,215.899993896484,2.09999990463257,-5.45283699035645
20181009,12,-45,42,2000,26445.64453125,214.899993896484,2.89000010490417,-5.60718727111816
20181009,18,-45,42,2000,26445.7421875,215,0.890002429485321,-5.61099100112915
20181010,0,-45,42,2000,26446.35546875,215.099975585938,1.83000242710114,-5.27155256271362
20181010,6,-45,42,2000,26455.337890625,215.499969482422,0.590002417564392,-6.64687490463257
20181010,12,-45,42,2000,26417.205078125,214.600006103516,0.820002436637878,-6.54740715026855
20181010,18,-45,42,2000,26419.73828125,214.5,-0.0799999982118607,-5.98854494094849
20181011,0,-45,42,2000,26414.23828125,215,0.270009756088257,-5.72794675827026
20181011,6,-45,42,2000,26421.517578125,215.199996948242,-0.829999983310699,-4.99442863464355
20181011,12,-45,42,2000,26390.658203125,214.600006103516,0.119997560977936,-5.34822511672974
20181011,18,-45,42,2000,26396.90234375,215.099975585938,-1.08000004291534,-4.15967750549316
20181012,0,-45,42,2000,26395.984375,215.199981689453,0.0200048834085464,-3.66454100608826
20181012,6,-45,42,2000,26403.052734375,215.899978637695,-0.129995122551918,-4.0347752571106
20181012,12,-45,42,2000,26382.75,215.199996948242,-0.272490233182907,-3.60258793830872
20181012,18,-45,42,2000,26395.9140625,215.800003051758,-1.05999517440796,-3.23042488098145
20181013,0,-45,42,2000,26406.078125,216.399978637695,-0.0699951201677322,-3.07377433776855
20181013,6,-45,42,2000,26421.41015625,216.699981689453,-0.660085439682007,-3.73893070220947
20181013,12,-45,42,2000,26401.919921875,216.199996948242,-0.862397432327271,-2.87147951126099
20181013,18,-45,42,2000,26415.90234375,216.5,-1.89999997615814,-2.86720705032349
20181014,0,-45,42,2000,26426.98828125,217.099975585938,-0.200002446770668,-2.70612788200378
20181014,6,-45,42,2000,26439.357421875,217.199981689453,-0.603242158889771,-2.75998544692993
20181014,12,-45,42,2000,26409.294921875,216.800003051758,-0.0899975597858429,-2.15477538108826
20181014,18,-45,42,2000,26420.328125,216.5,-0.540002465248108,-1.31593751907349
20181015,0,-45,42,2000,26418.69921875,217.300003051758,0.960004866123199,-0.0100170895457268
20181015,6,-45,42,2000,26432.8046875,216.892532348633,0.666643083095551,-0.685908198356628
20181015,12,-45,42,2000,26398.1953125,215.999969482422,1.5,0.834011256694794
20181015,18,-45,42,2000,26407.29296875,216.199996948242,0.910002470016479,0.977480471134186
20181016,0,-45,42,2000,26405.150390625,215.800003051758,3.05999994277954,2.75132822990417
20181016,6,-45,42,2000,26414.900390625,216,2.37000727653503,1.23895990848541
20181016,12,-45,42,2000,26383.662109375,215.100006103516,4.05999994277954,2.66386485099792
20181016,18,-45,42,2000,26385.234375,215.199996948242,3.80999517440796,1.92334961891174
20181017,0,-45,42,2000,26378.515625,215.099975585938,5.40000009536743,2.33332514762878
20181017,6,-45,42,2000,26388.517578125,215.099975585938,5.46999979019165,1.20241451263428
20181017,12,-45,42,2000,26355.66796875,214.399993896484,6.60000467300415,1.30132079124451
20181017,18,-45,42,2000,26360.662109375,214.600006103516,5.40001487731934,1.51427006721497
20181018,0,-45,42,2000,26355.322265625,215,7.19999980926514,1.10791015625
20181018,6,-45,42,2000,26366.029296875,215,6.30000495910645,0.134057611227036
20181018,12,-45,42,2000,26340.796875,214.399993896484,7.30000495910645,0.221972659230232
20181018,18,-45,42,2000,26353.5625,214.800003051758,6.01000022888184,-0.268901377916336
20181019,0,-45,42,2000,26356.9765625,215.199996948242,7.09999990463257,-0.547280251979828
20181019,6,-45,42,2000,26365.158203125,215.699981689453,5.8600001335144,-1.15643072128296
20181019,18,-45,42,2000,26350.908203125,214.899978637695,6.17000007629395,-1.29765629768372
20181020,0,-45,42,2000,26349.498046875,214.899978637695,8.16074466705322,-0.707993149757385
20181020,6,-45,42,2000,26355.8671875,214.772659301758,7.46000719070435,-1.73993158340454
20181020,12,-45,42,2000,26316.4140625,213.399978637695,9.274733543396,-0.883808612823486
20181020,18,-45,42,2000,26322.234375,213.29997253418,7.4700026512146,-2.22778797149658
20181021,0,-45,42,2000,26310.529296875,212.800003051758,9.76001739501953,-1.64518558979034
20181021,6,-45,42,2000,26316.125,212.800003051758,7.8600001335144,-3.07845211029053
20181021,12,-45,42,2000,26285.787109375,212.399978637695,7.80000257492065,-3.92689943313599
20181021,18,-45,42,2000,26291.11328125,212.399993896484,4.55000495910645,-5.29113054275513
20181022,0,-45,42,2000,26293.982421875,213.100006103516,3.89000988006592,-6.19791507720947
20181022,6,-45,42,2000,26311.66015625,213.699996948242,0.435566395521164,-7.64467525482178
20181022,12,-45,42,2000,26300.404296875,213.800003051758,-0.509997546672821,-8.1703929901123
20181022,18,-45,42,2000,26330.529296875,214.899978637695,-3.84999513626099,-8.80074501037598
20181023,0,-45,42,2000,26348.169921875,215.999954223633,-3.44000005722046,-7.05024909973145
20181023,6,-45,42,2000,26382.880859375,217.199996948242,-4.66194820404053,-7.88995122909546
20181023,12,-45,42,2000,26373.462890625,216.899978637695,-3.76834726333618,-6.45083236694336
20181023,18,-45,42,2000,26404.2734375,217.399993896484,-5.35834980010986,-4.91995096206665
20181024,0,-45,42,2000,26420.974609375,217.600006103516,-3.35999751091003,-3.58651375770569
20181024,6,-45,42,2000,26451.36328125,217.699981689453,-5.53999280929565,-4.65973854064941
20181024,12,-45,42,2000,26451.935546875,217.100006103516,-3.94000244140625,-1.69485104084015
20181024,18,-45,42,2000,26471.810546875,217.600006103516,-7.03999519348145,-3.46786141395569
20181025,0,-45,42,2000,26471.474609375,217.899993896484,-7.40472650527954,-0.226022943854332
20181025,6,-45,42,2000,26499.474609375,218.5,-7.59999513626099,-1.66662359237671
20181025,12,-45,42,2000,26472.5859375,218.199981689453,-8.20473098754883,-0.898159205913544
20181025,18,-45,42,2000,26474.1875,218.899993896484,-9.85526847839355,0.104008786380291
20181026,0,-45,42,2000,26460.400390625,219.100006103516,-8.0599946975708,0.565981447696686
20181026,6,-45,42,2000,26467.671875,219.79997253418,-8.80000019073486,-0.936582028865814
20181026,12,-45,42,2000,26435.859375,219.099975585938,-8.70000267028809,0.525947272777557
20181026,18,-45,42,2000,26431.240234375,219.399993896484,-8.39999294281006,-0.743515610694885
20181027,0,-45,42,2000,26418.419921875,219.600006103516,-7.99916982650757,0.301381826400757
20181027,6,-45,42,2000,26418.91015625,219.699981689453,-7.39999532699585,-1.54038083553314
20181027,12,-45,42,2000,26386.533203125,219.800003051758,-8.40000534057617,-0.589594721794128
20181027,18,-45,42,2000,26385.658203125,220.100006103516,-8.70000267028809,-0.787883281707764
20181028,0,-45,42,2000,26374.392578125,220.399993896484,-7.09999752044678,-0.786513686180115
20181028,6,-45,42,2000,26387.107421875,220.5,-7.29999256134033,-1.12261474132538
20181028,12,-45,42,2000,26359.82421875,220.399993896484,-6.23000240325928,-1.18589115142822
20181028,18,-45,42,2000,26373.0625,219.79997253418,-6.98999738693237,-1.05848383903503
20181029,0,-45,42,2000,26373.23828125,220.199981689453,-5.29999256134033,-0.637202143669128
20181029,6,-45,42,2000,26392.650390625,219.899993896484,-6.4999852180481,-2.07869863510132
20181029,12,-45,42,2000,26369.947265625,218.899993896484,-5.13940191268921,-0.60595703125
20181029,18,-45,42,2000,26387.908203125,219,-6.59999990463257,-0.713020026683807
20181030,0,-45,42,2000,26388.55078125,218.399993896484,-4.49511003494263,0.00332763674668968
20181030,6,-45,42,2000,26402.22265625,218.600006103516,-5.11682987213135,-0.645329594612122
20181030,12,-45,42,2000,26375.7421875,217.600006103516,-3.55620121955872,0.118017576634884
20181030,18,-45,42,2000,26384.4609375,217.699996948242,-3.73949718475342,-0.555566430091858
20181031,0,-45,42,2000,26379.046875,217.199981689453,-2.31065678596497,0.679775416851044
20181031,6,-45,42,2000,26385.4375,217,-1.28533208370209,-1.14486575126648
20181031,12,-45,42,2000,26359.560546875,216.099975585938,-1.50044918060303,-0.415571302175522
20181031,18,-45,42,2000,26371.1796875,215.899978637695,-0.469999998807907,-0.173139646649361
20181101,0,-45,42,2000,26370.892578125,215.800003051758,-0.569997549057007,-1.70916986465454
20181101,6,-45,42,2000,26388.587890625,215.499969482422,-0.899996936321259,-1.35261225700378
20181101,12,-45,42,2000,26358.08984375,214.899993896484,0.800003051757813,-2.49993896484375
20181101,18,-45,42,2000,26367.91015625,215,-1.50000154972076,-2.29993891716003
20181102,0,-45,42,2000,26375.501953125,214.79997253418,0.299996942281723,-1.10994267463684
20181102,6,-45,42,2000,26388.2265625,214.79997253418,-0.0999984741210938,-3.89992070198059
20181102,12,-45,42,2000,26360.251953125,213.899993896484,0.748878479003906,-2.89990234375
20181102,18,-45,42,2000,26382.193359375,214.100006103516,-0.339995115995407,-3.2499463558197
20181103,0,-45,42,2000,26375.822265625,213.899993896484,1.72654056549072,-3.37021493911743
20181103,6,-45,42,2000,26394.8515625,213.399978637695,-0.648317873477936,-5.0544285774231
20181103,12,-45,42,2000,26373.654296875,213,1.06334960460663,-4.80411148071289
20181103,18,-45,42,2000,26397.056640625,213.100006103516,0.616660177707672,-4.84762716293335
20181104,0,-45,42,2000,26387.626953125,212.600006103516,1.58099973201752,-4.91196298599243
20181104,6,-45,42,2000,26401.2734375,212.899993896484,0.520002424716949,-5.85241222381592
20181104,12,-45,42,2000,26379.392578125,212,2.01473641395569,-5.21486330032349
20181104,18,-45,42,2000,26388.61328125,211.5,-0.299998462200165,-5.79993295669556
20181105,0,-45,42,2000,26378.171875,212.100006103516,2.19477987289429,-5.89995098114014
20181105,6,-45,42,2000,26393.453125,211.399993896484,-0.812503039836884,-6.09998798370361
20181105,12,-45,42,2000,26361.892578125,211.199996948242,1.18843388557434,-6.39997577667236
20181105,18,-45,42,2000,26374.3828125,211.199996948242,-2.69311213493347,-6.59995126724243
20181106,0,-45,42,2000,26368.23828125,211.899993896484,-0.527041614055634,-4.92912578582764
20181106,6,-45,42,2000,26387.61328125,212.399993896484,-3.10773921012878,-6.29993915557861
20181106,12,-45,42,2000,26360.720703125,212.5,-3.24412846565247,-5.29994487762451
20181106,18,-45,42,2000,26372.88671875,213.160598754883,-4.25129699707031,-4.99994516372681
20181107,0,-45,42,2000,26375.224609375,213.499969482422,-3.31821298599243,-5.57800579071045
20181107,6,-45,42,2000,26394.630859375,214.5,-5.31171894073486,-5.29994201660156
20181107,12,-45,42,2000,26368.515625,214.399993896484,-4.78078317642212,-5.79996967315674
20181107,18,-45,42,2000,26387.875,215.199981689453,-6.3477783203125,-5.39998149871826
20181108,0,-45,42,2000,26386.27734375,215.600006103516,-5.25098276138306,-6.19995403289795
20181108,6,-45,42,2000,26401.431640625,215.300003051758,-6.03497934341431,-6.69996929168701
20181108,12,-45,42,2000,26380.0625,215.699996948242,-6.45788288116455,-7.29997539520264
20181108,18,-45,42,2000,26392.966796875,215.699996948242,-7.13016033172607,-7.39998149871826
20181109,0,-45,42,2000,26397.232421875,216.599975585938,-6.95068645477295,-7.59998798370361
20181109,6,-45,42,2000,26403.568359375,217.100006103516,-10.015661239624,-7.39998769760132
20181109,12,-45,42,2000,26394.65234375,217.699996948242,-10.7894926071167,-6.59998178482056
20181109,18,-45,42,2000,26412.0859375,218.899993896484,-12.5745487213135,-5.10001230239868
20181110,0,-45,42,2000,26422.77734375,219.899993896484,-14.1761837005615,-3.95322871208191
20181110,6,-45,42,2000,26451.634765625,221.399993896484,-17.1132698059082,-1.49997556209564
20181110,12,-45,42,2000,26460.6015625,223.192535400391,-17.7972679138184,2.10002446174622
20181110,18,-45,42,2000,26484.8359375,224.399993896484,-18.0454502105713,2.71726679801941
20181111,0,-45,42,2000,26494.064453125,224.300003051758,-15.8899898529053,3.00006103515625
20181111,6,-45,42,2000,26506.814453125,223.899993896484,-14.3000087738037,2.30003666877747
20181111,12,-45,42,2000,26494.89453125,223.499969482422,-11.5999965667725,1.50009155273438
20181111,18,-45,42,2000,26499.828125,223.29997253418,-12.0699977874756,1.99990844726563
20181112,0,-45,42,2000,26500.6640625,223.800003051758,-7.38058185577393,1.20001220703125
20181112,6,-45,42,2000,26498.89453125,223.5,-6.23791217803955,-0.902362048625946
20181112,12,-45,42,2000,26469.02734375,222.831695556641,-3.19000005722046,-1.50113523006439
20181112,18,-45,42,2000,26469.650390625,221.699996948242,-1.38416743278503,-3.88681888580322
20181113,0,-45,42,2000,26462.109375,222.29997253418,1.7985497713089,-4.20489501953125
20181113,6,-45,42,2000,26464.5546875,221.300003051758,3.03431701660156,-6.10000324249268
20181113,12,-45,42,2000,26426.810546875,220.399978637695,5.40337419509888,-7.16999530792236
20181113,18,-45,42,2000,26428.587890625,220.199996948242,6.69302988052368,-7.94999980926514
20181114,0,-45,42,2000,26409.494140625,219.499969482422,8.57634258270264,-8.53932571411133
20181114,6,-45,42,2000,26411.794921875,219.100006103516,7.22779273986816,-10.1353225708008
20181114,12,-45,42,2000,26375.98046875,218.599975585938,8.49853992462158,-9.83842754364014
20181114,18,-45,42,2000,26376.390625,217.899993896484,5.3602294921875,-9.32001495361328
20181115,0,-45,42,2000,26357.76953125,217.999969482422,6.40899658203125,-9.31100368499756
20181115,6,-45,42,2000,26375.322265625,218.099975585938,2.01160407066345,-11.3799800872803
20181115,12,-45,42,2000,26348.072265625,217.699996948242,2.22978520393372,-12.3199996948242
20181115,18,-45,42,2000,26359.2109375,217.800003051758,-2.30984854698181,-12.4800100326538
20181116,0,-45,42,2000,26367.431640625,217.100006103516,-1.10074162483215,-12.4000520706177
20181116,6,-45,42,2000,26378.8984375,217.399948120117,-4.27080583572388,-12.8856983184814
20181116,12,-45,42,2000,26367.5625,216.5,-1.8031884431839,-11.0200004577637
20181116,18,-45,42,2000,26377.806640625,216.399978637695,-0.251899421215057,-11.1107664108276
20181117,0,-45,42,2000,26361.60546875,216.399978637695,3.21860837936401,-11.3699998855591
20181117,6,-45,42,2000,26363.67578125,216.399993896484,2.97604990005493,-10.5614309310913
20181117,12,-45,42,2000,26327.08203125,216.300003051758,3.59507322311401,-10.3257026672363
20181117,18,-45,42,2000,26330.9453125,215.79997253418,3.33999276161194,-10.8178634643555
20181118,0,-45,42,2000,26315.63671875,216.306976318359,3.53070306777954,-11.4500150680542
20181118,6,-45,42,2000,26318.2734375,215.800003051758,1.79351079463959,-10.1823997497559
20181118,12,-45,42,2000,26294.564453125,215.570404052734,2.62997555732727,-11.0467233657837
20181118,18,-45,42,2000,26287.9609375,215.300003051758,-0.139445796608925,-10.8858203887939
20181119,0,-45,42,2000,26284.498046875,215.5,0.652338862419128,-9.96785163879395
20181119,6,-45,42,2000,26298.904296875,216,-2.13707041740417,-8.79563999176025
20181119,12,-45,42,2000,26282.828125,215.899993896484,-1.71458745002747,-8.7394437789917
20181119,18,-45,42,2000,26290.3828125,216.399993896484,-5.13568353652954,-7.62998294830322
20181120,0,-45,42,2000,26292.75,217.199996948242,-3.3552782535553,-4.84949207305908
20181120,6,-45,42,2000,26300.5703125,217.600006103516,-3.49184823036194,-4.87957286834717
20181120,12,-45,42,2000,26273.716796875,217.600006103516,-0.696904301643372,-3.85198974609375
20181120,18,-45,42,2000,26279.27734375,217.399993896484,0.819982886314392,-3.89356446266174
20181121,0,-45,42,2000,26269.29296875,217.300003051758,2.42617917060852,-3.90782952308655
20181121,6,-45,42,2000,26279.099609375,217.514694213867,2.09652352333069,-3.93138670921326
20181121,12,-45,42,2000,26252.47265625,216.499969482422,2.92500233650208,-2.75197744369507
20181121,18,-45,42,2000,26249.4921875,216.600006103516,1.64779055118561,-3.38738775253296
20181122,0,-45,42,2000,26250.9140625,216.300003051758,2.93260502815247,-1.96746587753296
20181122,6,-45,42,2000,26258.314453125,216.29997253418,1.14236080646515,-3.31877446174622
20181122,12,-45,42,2000,26252.0546875,215.699996948242,1.24878168106079,-4.5185694694519
20181122,18,-45,42,2000,26259.955078125,215.099975585938,-0.526494145393372,-6.57336664199829
20181123,0,-45,42,2000,26271.1796875,215.100006103516,-0.314006358385086,-8.19199180603027
20181123,6,-45,42,2000,26286.6953125,213.79997253418,-2.62601327896118,-11.5497751235962
20181123,12,-45,42,2000,26290.8828125,213.600006103516,-2.35399913787842,-11.6506538391113
20181123,18,-45,42,2000,26287.3046875,212.699996948242,-2.34000492095947,-14.6486473083496
20181124,0,-45,42,2000,26297.609375,214.399993896484,-4.4939866065979,-12.5305423736572
20181124,6,-45,42,2000,26304.3984375,214.229156494141,-7.2234206199646,-13.2897024154663
20181124,12,-45,42,2000,26295.490234375,213.829147338867,-9.2133617401123,-11.3992967605591
20181124,18,-45,42,2000,26318.27734375,213.800003051758,-9.94774150848389,-12.3499946594238
20181125,0,-45,42,2000,26320.552734375,214.5,-8.45127487182617,-8.59481906890869
20181125,6,-45,42,2000,26342.068359375,215,-9.29255390167236,-8.78778839111328
20181125,12,-45,42,2000,26329.921875,215.300003051758,-8.96872329711914,-5.83998537063599
20181125,18,-45,42,2000,26349.255859375,215.999969482422,-7.30392599105835,-5.51617431640625
20181126,0,-45,42,2000,26352.587890625,215.79997253418,-5.4477858543396,-4.96667242050171
20181126,6,-45,42,2000,26379.8828125,216.699981689453,-6.23311281204224,-5.05998039245605
20181126,12,-45,42,2000,26361.376953125,216.399993896484,-5.22618389129639,-3.98000979423523
20181126,18,-45,42,2000,26375.017578125,217.699981689453,-6.83079814910889,-5.86419439315796
20181127,0,-45,42,2000,26375.240234375,217.899993896484,-6.33625745773315,-3.84092283248901
20181127,6,-45,42,2000,26379.818359375,218.199996948242,-7.6399827003479,-5.17871570587158
20181127,12,-45,42,2000,26361.822265625,218.699981689453,-8.28143310546875,-5.33100080490112
20181127,18,-45,42,2000,26360.39453125,219.199996948242,-9.00713157653809,-5.05897951126099
20181128,0,-45,42,2000,26354.783203125,219.600006103516,-8.05929946899414,-5.72765159606934
20181128,6,-45,42,2000,26350.52734375,220.199996948242,-10.0394802093506,-5.39999389648438
20181128,12,-45,42,2000,26336.283203125,220.29997253418,-9.05840110778809,-5.39999675750732
20181128,18,-45,42,2000,26329.619140625,220,-10.541015625,-5.62914419174194
20181129,0,-45,42,2000,26326.845703125,220.5,-10.1656312942505,-5.60000610351563
20181129,6,-45,42,2000,26345.439453125,220.600006103516,-10.8534297943115,-5.19999980926514
20181129,12,-45,42,2000,26334.23046875,220.199996948242,-10.4200191497803,-5.79999399185181
20181129,18,-45,42,2000,26349.759765625,220.29997253418,-12.1012630462646,-4.90001201629639
20181130,0,-45,42,2000,26345.953125,220.5,-10.6720705032349,-3.80000615119934
20181130,6,-45,42,2000,26368.98828125,220.800003051758,-12.3012027740479,-4.20001220703125
20181130,12,-45,42,2000,26356.734375,220.300003051758,-11.3353214263916,-3.50001215934753
20181130,18,-45,42,2000,26387.068359375,221.399978637695,-13.2966403961182,-4.17808818817139
20181201,0,-45,42,2000,26378.892578125,221.100006103516,-11.3977661132813,-3.10001230239868
20181201,6,-45,42,2000,26398.671875,221.399993896484,-13.7811765670776,-5.20000600814819
20181201,12,-45,42,2000,26391.162109375,220.800003051758,-12.4288272857666,-3.20000004768372
20181201,18,-45,42,2000,26404.169921875,221.600006103516,-14.2059993743896,-4.60000610351563
20181202,0,-45,42,2000,26391.037109375,221.300003051758,-12.089111328125,-3.17085266113281
20181202,6,-45,42,2000,26409.7109375,221.100006103516,-14.1961231231689,-3.58218741416931
20181202,12,-45,42,2000,26389.005859375,220.011672973633,-10.9166917800903,-4.16754388809204
20181202,18,-45,42,2000,26396.068359375,219.800003051758,-14.1769094467163,-3.59999012947083
20181203,0,-45,42,2000,26387.982421875,219.199996948242,-11.8543281555176,-4.510009765625
20181203,6,-45,42,2000,26404.712890625,218.899993896484,-12.9475269317627,-4.64999532699585
20181203,12,-45,42,2000,26385.33203125,218.5,-11.4355421066284,-4.92688941955566
20181203,18,-45,42,2000,26396.10546875,217.699996948242,-13.0498733520508,-5.01392078399658
20181204,0,-45,42,2000,26381.36328125,218.600006103516,-11.6114158630371,-5.11167001724243
20181204,6,-45,42,2000,26389.4453125,218,-13.0078420639038,-5.33634757995605
20181204,12,-45,42,2000,26376.634765625,218.100006103516,-11.9443998336792,-5.2840404510498
20181204,18,-45,42,2000,26388.474609375,218.899993896484,-13.2305154800415,-5.65165996551514
20181205,0,-45,42,2000,26376.2578125,219.300003051758,-11.4114723205566,-4.96650409698486
20181205,6,-45,42,2000,26396.380859375,219.699996948242,-12.6056213378906,-4.85060405731201
20181205,12,-45,42,2000,26375.234375,220.699981689453,-11.6757278442383,-4.19996356964111
20181205,18,-45,42,2000,26386.654296875,220.800003051758,-11.7304048538208,-3.49996948242188
20181206,0,-45,42,2000,26375.515625,222.399993896484,-9.46045207977295,-3.39996957778931
20181206,6,-45,42,2000,26389.240234375,222.100006103516,-9.95356941223145,-2.88995361328125
20181206,12,-45,42,2000,26357.8046875,222.604415893555,-7.7923264503479,-3.14356684684753
20181206,18,-45,42,2000,26359.16015625,222.595550537109,-9.56437397003174,-2.69997549057007
20181207,0,-45,42,2000,26355.92578125,222.999969482422,-6.16481018066406,-2.49998164176941
20181207,6,-45,42,2000,26355.1953125,222.5,-8.10079956054688,-3.54194331169128
20181207,12,-45,42,2000,26335.7734375,222.5,-7.32546091079712,-2.39999389648438
20181207,18,-45,42,2000,26332.884765625,222.100006103516,-8.55519104003906,-1.85639035701752
20181208,0,-45,42,2000,26333.607421875,222.699981689453,-8.82595825195313,-1.89998781681061
20181208,6,-45,42,2000,26333.171875,221.5,-8.41178894042969,-1.59998166561127
20181208,12,-45,42,2000,26327.6171875,221.5,-8.44931602478027,-3.04359745979309
20181208,18,-45,42,2000,26327.1953125,221,-8.44595813751221,-1.5
20181209,0,-45,42,2000,26318.82421875,220.800003051758,-6.56265878677368,-2.59998774528503
20181209,6,-45,42,2000,26330.1796875,220.300003051758,-9.04019641876221,-2.69999384880066
20181209,12,-45,42,2000,26312.412109375,220,-6.63172435760498,-2.60000610351563
20181209,18,-45,42,2000,26318.4375,219.5,-7.44477701187134,-4.09998798370361
20181210,0,-45,42,2000,26311.8984375,219.300003051758,-6.41391754150391,-3.09989023208618
20181210,6,-45,42,2000,26320.810546875,218.999969482422,-6.95483112335205,-4.70000600814819
20181210,12,-45,42,2000,26315.4140625,218.800003051758,-6.07445669174194,-3.09999990463257
20181210,18,-45,42,2000,26318.078125,218.600006103516,-7.16847229003906,-4.60000610351563
20181211,0,-45,42,2000,26310.28515625,218.79997253418,-6.88161468505859,-2.80001211166382
20181211,6,-45,42,2000,26315.720703125,218.79997253418,-6.87539958953857,-3.70000600814819
20181211,12,-45,42,2000,26301.3515625,218.600006103516,-6.90756845474243,-2.90000605583191
20181211,18,-45,42,2000,26304.994140625,219.099975585938,-7.64624929428101,-3.20000004768372
20181212,0,-45,42,2000,26299.494140625,220.100006103516,-7.43302297592163,-3.40000605583191
20181212,6,-45,42,2000,26308.287109375,220.79997253418,-9.39999675750732,-2.90000915527344
20181212,12,-45,42,2000,26311.677734375,221.899993896484,-8.94645881652832,-1.29998779296875
20181212,18,-45,42,2000,26325.744140625,223.199981689453,-10.3114986419678,-1.80000615119934
20181213,0,-45,42,2000,26341.01171875,224.699996948242,-10.8062086105347,6.10351571594947e-06
20181213,6,-45,42,2000,26358.337890625,225.5,-9.71896362304688,-1.39999389648438
20181213,12,-45,42,2000,26365.10546875,226.300003051758,-10.1097841262817,-0.200000002980232
20181213,18,-45,42,2000,26382.126953125,227.29997253418,-9.7360897064209,-0.898632824420929
20181214,0,-45,42,2000,26386.765625,227.199996948242,-7.99531555175781,0.200006097555161
20181214,6,-45,42,2000,26400.16796875,226.800003051758,-7.79609680175781,-0.150823980569839
20181214,12,-45,42,2000,26384.80078125,226.600006103516,-7.60014629364014,0.499987781047821
20181214,18,-45,42,2000,26394.056640625,226.199996948242,-8.43110656738281,0.900012195110321
20181215,0,-45,42,2000,26387.783203125,226.600006103516,-6.8029203414917,1.70000004768372
20181215,6,-45,42,2000,26398.587890625,225.899993896484,-7.78735971450806,0.999993920326233
20181215,12,-45,42,2000,26385.21484375,225.699981689453,-7.15444660186768,2.00856328010559
20181215,18,-45,42,2000,26399.568359375,225.399993896484,-9.64113426208496,2.59998774528503
20181216,0,-45,42,2000,26402.970703125,225.600006103516,-8.40415382385254,2.69998788833618
20181216,6,-45,42,2000,26425.2109375,225.199996948242,-8.43120098114014,2.00328373908997
20181216,12,-45,42,2000,26413.556640625,224.399993896484,-9.55864524841309,2.39999079704285
20181216,18,-45,42,2000,26435.41015625,224.199996948242,-10.1875123977661,1.09999394416809
20181217,0,-45,42,2000,26431.48828125,223.702789306641,-9.29063701629639,2
20181217,6,-45,42,2000,26454.97265625,222.899993896484,-11.9516849517822,1
20181217,12,-45,42,2000,26443.2109375,222.399993896484,-11.121808052063,2.18388676643372
20181217,18,-45,42,2000,26461.212890625,222.300003051758,-12.7545108795166,1.59996342658997
20181218,0,-45,42,2000,26452.01953125,222,-13.1268796920776,3.199951171875
20181218,6,-45,42,2000,26468.845703125,222.5,-13.3087949752808,2.19998788833618
20181218,12,-45,42,2000,26465.09765625,222.399993896484,-13.7041988372803,2.69998168945313
