20180720,0,45,-80,2000,25549.837890625,203.217239379883,64.5124130249023,10.1381349563599
20180720,6,45,-80,2000,25672.818359375,207.899993896484,63.9000205993652,7.777587890625
20180720,12,45,-80,2000,25752.4609375,211.899993896484,62.7647247314453,4.76335430145264
20180720,18,45,-80,2000,25805.046875,213.599975585938,59.4148864746094,-0.32613280415535
20180721,0,45,-80,2000,25785.794921875,215.099975585938,61.1300086975098,-2.60988283157349
20180721,6,45,-80,2000,25781.044921875,216.896270751953,62.1460151672363,-4.14858150482178
20180721,12,45,-80,2000,25770.865234375,216.699996948242,63.1500053405762,-2.07329106330872
20180721,18,45,-80,2000,25782.3046875,215.399993896484,62.3000030517578,2.46396970748901
20180722,0,45,-80,2000,25791.822265625,213.899993896484,58.6900062561035,4.22996091842651
20180722,6,45,-80,2000,25840.51953125,213.600006103516,56.2866401672363,5.26879405975342
20180722,12,45,-80,2000,25871.0703125,212.600006103516,54.0442352294922,2.84143304824829
20180722,18,45,-80,2000,25898.099609375,211.79997253418,53.450008392334,1.56538331508636
20180723,0,45,-80,2000,25891.990234375,211.399978637695,53.3300094604492,-1.59369385242462
20180723,6,45,-80,2000,25921.939453125,212.199981689453,54.4199981689453,-3.22630381584167
20180723,12,45,-80,2000,25946.841796875,212.5,64.1000061035156,-4.18464469909668
20180723,18,45,-80,2000,25940.044921875,212.5,67.2866668701172,-10.4787817001343
20180724,0,45,-80,2000,25910.89453125,214.779693603516,69.970458984375,-14.8586521148682
20180724,6,45,-80,2000,25931.099609375,216.499969482422,71.1000061035156,-20.9687747955322
20180724,12,45,-80,2000,25923,215.699996948242,74.0599975585938,-19.8396167755127
20180724,18,45,-80,2000,25906.939453125,213.600006103516,74.0400848388672,-19.7195072174072
20180725,0,45,-80,2000,25896.671875,214.300003051758,73.4800033569336,-25.0504302978516
20180725,6,45,-80,2000,25851.619140625,214.100006103516,75.3351745605469,-25.3368968963623
20180725,12,45,-80,2000,25829.255859375,215.100006103516,76.7300033569336,-25.7051982879639
20180725,18,45,-80,2000,25782.455078125,216.600006103516,78.1100006103516,-28.3485908508301
20180726,0,45,-80,2000,25720.64453125,218.29997253418,77.1105880737305,-25.9361763000488
20180726,6,45,-80,2000,25740.595703125,219.100006103516,71,-18.4561214447021
20180726,12,45,-80,2000,25773.4765625,218.199996948242,66.7699966430664,-12.4839162826538
20180726,18,45,-80,2000,25823.70703125,215.199981689453,64.660285949707,-11.8312349319458
20180727,0,45,-80,2000,25826.1640625,212.999969482422,62.166690826416,-11.4578542709351
20180727,6,45,-80,2000,25848.470703125,215.100006103516,59.9666976928711,-14.9845266342163
20180727,12,45,-80,2000,25810.6875,215.199996948242,64.7799987792969,-19.8044204711914
20180727,18,45,-80,2000,25751.419921875,215.199981689453,69.1266784667969,-21.4763011932373
20180728,0,45,-80,2000,25682.90234375,214.600006103516,69.3400039672852,-18.8662986755371
20180728,6,45,-80,2000,25695.232421875,214.300003051758,66.4496994018555,-14.5204200744629
20180728,12,45,-80,2000,25711.154296875,212.5,63.9769515991211,-4.96025037765503
20180728,18,45,-80,2000,25769.837890625,210.800003051758,56.0424156188965,1.13898682594299
20180729,0,45,-80,2000,25807.02734375,210,51.3900032043457,1.71481561660767
20180729,6,45,-80,2000,25849.283203125,209.899978637695,52.0800018310547,1.52012944221497
20180729,12,45,-80,2000,25892.35546875,212.29997253418,49.5500030517578,6.19919204711914
20180729,18,45,-80,2000,25939.58203125,213.5,47.1967391967773,4.31331920623779
20180730,0,45,-80,2000,25961.57421875,215.29997253418,48.1301574707031,2.48656249046326
20180730,6,45,-80,2000,26034.42578125,218.106979370117,47.1100044250488,4.19197273254395
20180730,12,45,-80,2000,26090.76953125,220.699981689453,42.858097076416,5.39340829849243
20180730,18,45,-80,2000,26154.509765625,221.5,37.75,-0.616351306438446
20180731,0,45,-80,2000,26150.51171875,220.899978637695,34.3477897644043,-6.3961877822876
20180731,6,45,-80,2000,26148.2109375,220.499969482422,33.4603385925293,-10.5034303665161
20180731,12,45,-80,2000,26127.056640625,219.399993896484,35.5466575622559,-9.60635471343994
20180731,18,45,-80,2000,26102.6171875,218.599975585938,36.870304107666,-8.40242195129395
20180801,0,45,-80,2000,26064.7265625,218.199981689453,37.080005645752,-6.5492992401123
20180801,6,45,-80,2000,26079.037109375,218.699996948242,36.5733184814453,-9.7537260055542
20180801,12,45,-80,2000,26078.7421875,217.699996948242,39.7500038146973,-9.33240222930908
20180801,18,45,-80,2000,26085.830078125,218.199981689453,40.1905632019043,-7.83447742462158
20180802,0,45,-80,2000,26046.3671875,217.5,40.7594032287598,-12.3549070358276
20180802,6,45,-80,2000,26010.947265625,218.599975585938,44.9986724853516,-17.0199089050293
20180802,12,45,-80,2000,25967.314453125,218.79997253418,54.3499984741211,-15.2979564666748
20180802,18,45,-80,2000,25924.005859375,218.699996948242,56.3900184631348,-16.1199016571045
20180803,0,45,-80,2000,25841.181640625,219.399993896484,62.4300003051758,-16.455924987793
20180803,6,45,-80,2000,25830.392578125,219.800003051758,65.473388671875,-15.9253807067871
20180803,12,45,-80,2000,25798,217.632125854492,69.1699981689453,-11.1601314544678
20180803,18,45,-80,2000,25794.39453125,214.399993896484,67.0902633666992,-8.72043418884277
20180804,0,45,-80,2000,25800.560546875,213.699996948242,65.870002746582,-5.85524415969849
20180804,6,45,-80,2000,25855.533203125,214.499969482422,62.1700057983398,-7.83723402023315
20180804,12,45,-80,2000,25880.6953125,213.399978637695,61.2701530456543,-6.0463547706604
20180804,18,45,-80,2000,25905.287109375,212.699996948242,59.4599952697754,-4.31867170333862
20180805,0,45,-80,2000,25909.11328125,211.899993896484,58.1064567565918,-5.69253396987915
20180805,6,45,-80,2000,25934.86328125,212.800003051758,55.2827835083008,-8.1200532913208
20180805,12,45,-80,2000,25947.5390625,212,55.5500106811523,-3.31328868865967
20180805,18,45,-80,2000,25983.2421875,212.399993896484,55.7957801818848,3.91278696060181
20180806,0,45,-80,2000,26029.162109375,214.100006103516,52.7897834777832,4.51043319702148
20180806,6,45,-80,2000,26073.912109375,215.399993896484,50.0957717895508,2.05479979515076
20180806,12,45,-80,2000,26090.8828125,217,52.3097839355469,0.99693238735199
20180806,18,45,-80,2000,26094.55078125,217.79997253418,52.9317665100098,0.284465342760086
20180807,0,45,-80,2000,26055.814453125,218.5,53.7734146118164,-2.0849597454071
20180807,6,45,-80,2000,26044.900390625,218.600006103516,56.9968032836914,-7.22937154769897
20180807,12,45,-80,2000,26009.4140625,218.29997253418,59.9612312316895,-8.05278205871582
20180807,18,45,-80,2000,25963.224609375,217.600006103516,61.0830841064453,-8.12424087524414
20180808,0,45,-80,2000,25899.908203125,217.399978637695,62.5972671508789,-5.85138177871704
20180808,6,45,-80,2000,25891.509765625,217.499969482422,62.3604774475098,-4.8486328125
20180808,12,45,-80,2000,25907.126953125,217.699996948242,60.6800079345703,0.191560059785843
20180808,18,45,-80,2000,25933.703125,216.600006103516,58.070011138916,5.1020655632019
20180809,0,45,-80,2000,25963.70703125,216.550735473633,55.2599983215332,7.11737775802612
20180809,6,45,-80,2000,26046.818359375,217.199996948242,48.5386581420898,5.09789800643921
20180809,12,45,-80,2000,26098.3203125,217.499969482422,44.7600212097168,3.6428394317627
20180809,18,45,-80,2000,26141.5546875,215.800003051758,44.5083312988281,3.18615245819092
20180810,0,45,-80,2000,26150.046875,215.599975585938,41.7100105285645,2.06993651390076
20180810,6,45,-80,2000,26192.919921875,216.699981689453,39.950008392334,-0.772480487823486
20180810,12,45,-80,2000,26209.88671875,216.32861328125,40.8500061035156,-0.115605466067791
20180810,18,45,-80,2000,26216.92578125,216.800003051758,39.3500061035156,1.68474125862122
20180811,0,45,-80,2000,26227.060546875,217.199371337891,38.090015411377,2.14782476425171
20180811,6,45,-80,2000,26266.85546875,218.399978637695,37.6900367736816,-0.173747554421425
20180811,12,45,-80,2000,26293.869140625,219.29997253418,38.4800033569336,2.30438709259033
20180811,18,45,-80,2000,26316.23828125,221.100006103516,36.7600173950195,5.15381813049316
20180812,0,45,-80,2000,26311.564453125,220.399993896484,36.3100090026855,0.612404763698578
20180812,6,45,-80,2000,26329.052734375,219.699981689453,38.9100036621094,-0.0941125452518463
20180812,12,45,-80,2000,26322.67578125,220.300003051758,41.2904815673828,-2.29008555412292
20180812,18,45,-80,2000,26321.82421875,219.600006103516,43.4782218933105,-4.03007793426514
20180813,0,45,-80,2000,26268.83203125,219.499969482422,47.6800079345703,-3.05276489257813
20180813,6,45,-80,2000,26260.515625,220.29997253418,50.4800109863281,-2.38476920127869
20180813,12,45,-80,2000,26257.439453125,220.100006103516,50.2602348327637,2.28435301780701
20180813,18,45,-80,2000,26274.984375,219.899978637695,47.9730682373047,6.97680425643921
20180814,0,45,-80,2000,26283.052734375,220.899993896484,44.4234313964844,12.0976686477661
20180814,6,45,-80,2000,26335.76171875,220.10807800293,40.9100112915039,9.73201370239258
20180814,12,45,-80,2000,26388.349609375,220,36.8600044250488,9.91168212890625
20180814,18,45,-80,2000,26407.10546875,219.699996948242,33.7799987792969,6.9905686378479
20180815,0,45,-80,2000,26389.033203125,220.5,33.81005859375,3.04656505584717
20180815,6,45,-80,2000,26403.796875,221.100006103516,33.4100112915039,0.689465343952179
20180815,12,45,-80,2000,26402.7265625,221.599975585938,33.2000045776367,1.47691655158997
20180815,18,45,-80,2000,26395.4765625,221.300003051758,34.3700065612793,2.40048837661743
20180816,0,45,-80,2000,26378.919921875,221.600006103516,34.2500152587891,1.27148926258087
20180816,6,45,-80,2000,26396.740234375,221.399993896484,35.7598724365234,0.137841790914536
20180816,12,45,-80,2000,26399.349609375,222.099975585938,34.3000030517578,3.93400883674622
20180816,18,45,-80,2000,26414.95703125,222.399993896484,30.890007019043,1.67000734806061
20180817,0,45,-80,2000,26407.328125,223.300003051758,30.1000003814697,-0.896787106990814
20180817,6,45,-80,2000,26424.640625,224.199996948242,29.2700099945068,-2.9906690120697
20180817,12,45,-80,2000,26448.11328125,225.800003051758,29.4458389282227,-3.45198488235474
20180817,18,45,-80,2000,26467.80078125,226.600006103516,29.8500080108643,-4.81428480148315
20180818,0,45,-80,2000,26452.73046875,227.399978637695,29.8300075531006,-4.6839599609375
20180818,6,45,-80,2000,26489.0546875,229.720504760742,27.8664836883545,-7.19163799285889
20180818,12,45,-80,2000,26510.142578125,230.5,29.3099994659424,-8.52113246917725
20180818,18,45,-80,2000,26512.09765625,231,28.0925350189209,-9.98468971252441
20180819,0,45,-80,2000,26500.7890625,230.5,28.6623439788818,-10.8039016723633
20180819,6,45,-80,2000,26497.67578125,230.600006103516,29.2299995422363,-16.1329669952393
20180819,12,45,-80,2000,26483.05078125,230.499969482422,32.0300025939941,-16.267578125
20180819,18,45,-80,2000,26439.169921875,229.699996948242,34.0299987792969,-14.2872457504272
20180820,0,45,-80,2000,26380.94921875,229.699981689453,35.8998069763184,-14.3396291732788
20180820,6,45,-80,2000,26355.966796875,229.5,40.3904838562012,-16.2895889282227
20180820,12,45,-80,2000,26307.373046875,229.099975585938,47.1600456237793,-11.6908054351807
20180820,18,45,-80,2000,26284.892578125,228.29997253418,45.3499984741211,-5.5478663444519
20180821,0,45,-80,2000,26278.810546875,226.999969482422,42.3469734191895,-1.96007323265076
20180821,6,45,-80,2000,26301.419921875,225.499969482422,38.8800086975098,0.484309077262878
20180821,12,45,-80,2000,26326.171875,224.699996948242,35.2467346191406,3.8966064453125
20180821,18,45,-80,2000,26363.564453125,225.100006103516,31.1457176208496,2.81920647621155
20180822,0,45,-80,2000,26367.232421875,225.5,29.2400093078613,2.61733388900757
20180822,6,45,-80,2000,26420.69921875,226.600006103516,26.7477741241455,0.369709461927414
20180822,12,45,-80,2000,26453.0703125,225.899993896484,24.454174041748,-1.72355711460114
20180822,18,45,-80,2000,26454.21484375,226,24.5200023651123,-3.13612794876099
20180823,0,45,-80,2000,26448.099609375,226.399993896484,24.8200092315674,-4.58345222473145
20180823,6,45,-80,2000,26468.73046875,227.499969482422,25.0146484375,-8.09993648529053
20180823,12,45,-80,2000,26472.982421875,228.899978637695,27.1667366027832,-6.2344970703125
20180823,18,45,-80,2000,26468.16015625,229.706985473633,25.5534076690674,-4.58965349197388
20180824,0,45,-80,2000,26462.23828125,229.899993896484,25.3476905822754,-4.20392799377441
20180824,6,45,-80,2000,26475.91015625,230.099975585938,26.4633102416992,-5.90190935134888
20180824,12,45,-80,2000,26468.88671875,229.800003051758,29.5300121307373,-4.84642934799194
20180824,18,45,-80,2000,26447.625,228.999969482422,31.1322364807129,-4.91970348358154
20180825,0,45,-80,2000,26402.48046875,227.199996948242,32.4210433959961,-6.91885995864868
20180825,6,45,-80,2000,26379.0078125,226.600006103516,36.7000122070313,-8.3325662612915
20180825,12,45,-80,2000,26354.650390625,226,39.6500091552734,-4.60740232467651
20180825,18,45,-80,2000,26334.01171875,225.100006103516,40.1100044250488,-2.77659916877747
20180826,0,45,-80,2000,26288,222.899993896484,40.4500122070313,-3.06323480606079
20180826,6,45,-80,2000,26291.376953125,223.800003051758,40.7486114501953,-3.23086190223694
20180826,12,45,-80,2000,26282.044921875,223.399993896484,41.1500015258789,-1.10040771961212
20180826,18,45,-80,2000,26287.892578125,220.993011474609,39.6100006103516,1.25198972225189
20180827,0,45,-80,2000,26268.125,220.100006103516,39.5926055908203,2.66442632675171
20180827,6,45,-80,2000,26298.185546875,220.600006103516,40.4599990844727,3.00845956802368
20180827,12,45,-80,2000,26338.197265625,220.79997253418,39.2100105285645,8.37449264526367
20180827,18,45,-80,2000,26375.40234375,219.699996948242,36.9711608886719,9.28738784790039
20180828,0,45,-80,2000,26391.357421875,219,36.9800109863281,9.184494972229
20180828,6,45,-80,2000,26432.45703125,219.300003051758,36.840015411377,3.45755624771118
20180828,12,45,-80,2000,26447.203125,216.699996948242,39.0800018310547,4.8714280128479
20180828,18,45,-80,2000,26427.732421875,215.399993896484,39.4999961853027,0.776879906654358
20180829,0,45,-80,2000,26380.498046875,216.199981689453,44.3122253417969,-5.93994522094727
20180829,6,45,-80,2000,26356.02734375,216.29997253418,46.5999946594238,-9.80634784698486
20180829,12,45,-80,2000,26297.2421875,215.5,48.9777717590332,-8.05927753448486
20180829,18,45,-80,2000,26246.880859375,214.600006103516,49.7400016784668,-5.76220464706421
20180830,0,45,-80,2000,26194.4765625,213.099975585938,47.2400016784668,-0.819989025592804
20180830,6,45,-80,2000,26211.787109375,212.899993896484,43.1500129699707,1.02307367324829
20180830,12,45,-80,2000,26220.505859375,213.499969482422,42.9080581665039,4.09758281707764
20180830,18,45,-80,2000,26237.07421875,213.79997253418,40.0532264709473,4.0104832649231
20180831,0,45,-80,2000,26236.318359375,213.800003051758,38.7500114440918,2.15728759765625
20180831,6,45,-80,2000,26254.0078125,215.099975585938,38.4150047302246,-0.966849386692047
20180831,12,45,-80,2000,26256.28515625,216.199981689453,41.080020904541,-0.762276589870453
20180831,18,45,-80,2000,26252.02734375,216.399993896484,40.930004119873,0.871020495891571
20180901,0,45,-80,2000,26238.318359375,217.699996948242,38.3831672668457,-1.32094728946686
20180901,6,45,-80,2000,26265.08984375,219.199996948242,38.6497840881348,-3.77601432800293
20180901,12,45,-80,2000,26259.015625,221.29997253418,42.1586151123047,-1.26048099994659
20180901,18,45,-80,2000,26245.517578125,223.767868041992,41.8953895568848,-2.11004877090454
20180902,0,45,-80,2000,26213.126953125,225.099975585938,44.2417182922363,-7.06020259857178
20180902,6,45,-80,2000,26190.587890625,226.399490356445,49.2776069641113,-10.7378854751587
20180902,12,45,-80,2000,26172.064453125,226.999969482422,52.4799995422363,-9.01025867462158
20180902,18,45,-80,2000,26153.693359375,227.899993896484,53.158618927002,-9.1625394821167
20180903,0,45,-80,2000,26119.052734375,227.899978637695,53.5000152587891,-9.87360382080078
20180903,6,45,-80,2000,26125.140625,228.399978637695,53.0000114440918,-12.6525144577026
20180903,12,45,-80,2000,26135.6484375,228.199996948242,53.6777877807617,-9.91410636901855
20180903,18,45,-80,2000,26123.2578125,226.5,53,-7.56580543518066
20180904,0,45,-80,2000,26083.990234375,224.100006103516,53.0800094604492,-8.71853542327881
20180904,6,45,-80,2000,26076.435546875,222.800003051758,54.7000007629395,-12.0401754379272
20180904,12,45,-80,2000,26033.130859375,220.699981689453,59.09326171875,-12.6645727157593
20180904,18,45,-80,2000,25953.296875,216.79997253418,65.316291809082,-13.7401733398438
20180905,0,45,-80,2000,25860.61328125,215.600006103516,66.1500015258789,-11.7008304595947
20180905,6,45,-80,2000,25821.755859375,216.300003051758,64.1466598510742,-13.1447849273682
20180905,12,45,-80,2000,25809.4921875,219.100006103516,60.1699981689453,-0.0999438464641571
20180905,18,45,-80,2000,25869.240234375,222.800003051758,56.5299987792969,13.6837720870972
20180906,0,45,-80,2000,25965.970703125,222.399978637695,51.430004119873,21.4301128387451
20180906,6,45,-80,2000,26082.03515625,222.5,46.1500015258789,12.4885835647583
20180906,12,45,-80,2000,26163.0390625,223.5,42.3600044250488,12.1518974304199
20180906,18,45,-80,2000,26214.03515625,224.663650512695,37.9041023254395,8.53841781616211
20180907,0,45,-80,2000,26246.623046875,225.410003662109,35.180004119873,4.57966566085815
20180907,6,45,-80,2000,26299.45703125,227,32.7550086975098,0.104565426707268
20180907,12,45,-80,2000,26312.60546875,226.600006103516,31.910005569458,-1.9433935880661
20180907,18,45,-80,2000,26282.904296875,227.800003051758,30.4109306335449,-8.15152359008789
20180908,0,45,-80,2000,26234.912109375,228.099975585938,35.2200050354004,-10.067268371582
20180908,6,45,-80,2000,26206.775390625,229.899993896484,36.2677841186523,-12.6587648391724
20180908,12,45,-80,2000,26183,229,40.1699981689453,-12.74658203125
20180908,18,45,-80,2000,26135.5390625,228.79997253418,41.0386123657227,-13.2998905181885
20180909,0,45,-80,2000,26104.830078125,228.79997253418,43.2000045776367,-13.7999019622803
20180909,6,45,-80,2000,26110.251953125,228.29997253418,44.9890174865723,-15.7999019622803
20180909,12,45,-80,2000,26100.220703125,227.399993896484,48.5,-14.4999027252197
20180909,18,45,-80,2000,26082.470703125,227.300003051758,49.9000015258789,-15.4000797271729
20180910,0,45,-80,2000,26048.615234375,227.099975585938,53.0999984741211,-14.600079536438
20180910,6,45,-80,2000,26058.505859375,226.29997253418,55.4000129699707,-13.89990234375
20180910,12,45,-80,2000,26072.759765625,224.79997253418,56.4000015258789,-10.4077577590942
20180910,18,45,-80,2000,26088.71484375,222.5,54,-9.49993324279785
20180911,0,45,-80,2000,26083.23046875,220.999969482422,51.9691162109375,-11.6399536132813
20180911,6,45,-80,2000,26078.498046875,219.300003051758,52.700008392334,-17.9300594329834
20180911,12,45,-80,2000,26023.341796875,218.79997253418,57.8200035095215,-22.1460018157959
20180911,18,45,-80,2000,25918.3125,216,63.1667098999023,-25.2940082550049
20180912,0,45,-80,2000,25803.33984375,212.600006103516,63.819995880127,-19.1697368621826
20180912,6,45,-80,2000,25765.078125,213.300003051758,65.7200012207031,-9.09254360198975
20180912,12,45,-80,2000,25798.38671875,215.899993896484,65.5,6.40527820587158
20180912,18,45,-80,2000,25861.681640625,217.199981689453,62.9149703979492,8.22813034057617
20180913,0,45,-80,2000,25889.365234375,216.100006103516,60.1084289550781,8.10011005401611
20180913,6,45,-80,2000,25943.697265625,215.499633789063,57.9000015258789,4.11312246322632
20180913,12,45,-80,2000,25968.8515625,215,58.5918960571289,5.26674795150757
20180913,18,45,-80,2000,25979.462890625,213.5,58.5999984741211,7.64066171646118
20180914,12,45,-80,2000,26257.779296875,218.100006103516,37.3000068664551,19.4114322662354
20180914,18,45,-80,2000,26343.83203125,217.699981689453,32.4222221374512,10.1105470657349
20180915,0,45,-80,2000,26380.52734375,219.399993896484,30.7150020599365,7.80007314682007
20180915,6,45,-80,2000,26431.91796875,220,27.1000022888184,2.90012812614441
20180915,12,45,-80,2000,26453.3125,220.399993896484,25.8038578033447,1.41903686523438
20180915,18,45,-80,2000,26454.244140625,220.499969482422,24.8999977111816,-0.400146484375
20180916,0,45,-80,2000,26440.501953125,220.499969482422,25.6519756317139,-2.5503613948822
20180916,12,45,-80,2000,26435.36328125,220.699996948242,27.160005569458,-4.25262928009033
20180916,18,45,-80,2000,26427.7109375,220.099975585938,26.8666000366211,-5.55945301055908
20180917,0,45,-80,2000,26411.1640625,220,28.9100017547607,-4.41303968429565
20180917,6,45,-80,2000,26451.92578125,221.199996948242,26.7299995422363,-4.94443845748901
20180917,12,45,-80,2000,26475.90234375,221.099319458008,25.4500026702881,-3.90510487556458
20180917,18,45,-80,2000,26490.8515625,221.399993896484,21.875,-3.87176990509033
20180918,0,45,-80,2000,26487.740234375,221.800003051758,22.3200073242188,-5.5862889289856
20180918,6,45,-80,2000,26513.45703125,223.300003051758,21.8486175537109,-6.60861349105835
20180918,12,45,-80,2000,26542.814453125,224.499969482422,21.3500022888184,-2.56497550010681
20180918,18,45,-80,2000,26559.572265625,225.399993896484,16.5900039672852,-1.85621583461761
20180919,0,45,-80,2000,26560.556640625,226.099975585938,15.0300045013428,-1.26739263534546
20180919,6,45,-80,2000,26594.171875,226.999969482422,11.9300022125244,-4.00887680053711
20180919,12,45,-80,2000,26596.654296875,226.5,12.9300022125244,-4.41972160339355
20180919,18,45,-80,2000,26573.22265625,226.499969482422,12.1834058761597,-7.71381092071533
20180920,0,45,-80,2000,26529.556640625,225.999969482422,15.5699977874756,-9.99100589752197
20180920,6,45,-80,2000,26510.658203125,226.099975585938,17.5700054168701,-12.3392362594604
20180920,12,45,-80,2000,26475.841796875,225.899978637695,20.370002746582,-12.4439649581909
20180920,18,45,-80,2000,26432.38671875,225,23.7658939361572,-13.0363988876343
20180921,0,45,-80,2000,26401.169921875,225,28.8500080108643,-10.2520704269409
20180921,6,45,-80,2000,26415.369140625,224.800003051758,30.539966583252,-6.77243041992188
20180921,12,45,-80,2000,26463.474609375,224.899993896484,26.1047306060791,-1.49989628791809
20180921,18,45,-80,2000,26504.3515625,223.636352539063,19.5,0.160162359476089
20180922,0,45,-80,2000,26554.845703125,224,12.5,0.424731433391571
20180922,6,45,-80,2000,26605.845703125,223.399993896484,10.0686168670654,-3.33327627182007
20180922,12,45,-80,2000,26652.974609375,224.510040283203,7.40000009536743,-3.10001230239868
20180922,18,45,-80,2000,26654.4609375,224.600006103516,7.40000009536743,-6.09995746612549
20180923,0,45,-80,2000,26659.126953125,225.300003051758,7.70000600814819,-6.87238788604736
20180923,6,45,-80,2000,26670.6484375,225.5,8.90000152587891,-9.45498657226563
20180923,12,45,-80,2000,26685.78515625,226,8.79999732971191,-7.49999380111694
20180923,18,45,-80,2000,26672.349609375,225.399978637695,6.40000009536743,-8.9810791015625
20180924,0,45,-80,2000,26663.30078125,225.199996948242,5.50000286102295,-9.68106079101563
20180924,6,45,-80,2000,26664.35546875,225.300003051758,6.75112295150757,-12.1924438476563
20180924,12,45,-80,2000,26658.890625,224.899993896484,7.69999980926514,-10.818811416626
20180924,18,45,-80,2000,26646.89453125,225.199996948242,7.29999685287476,-12.766149520874
20180925,0,45,-80,2000,26621.8359375,225.199996948242,10.2000026702881,-13.0999813079834
20180925,6,45,-80,2000,26609.080078125,225.399993896484,10.9000263214111,-13.699969291687
20180925,12,45,-80,2000,26598.5,225.100006103516,12.9532651901245,-12.9999141693115
20180925,18,45,-80,2000,26568.7265625,225.399978637695,15.6700124740601,-11.5578517913818
20180926,0,45,-80,2000,26539.36328125,224.899993896484,17.4719562530518,-11.6631202697754
20180926,6,45,-80,2000,26537.89453125,225.099975585938,20.1700000762939,-10.587441444397
20180926,12,45,-80,2000,26536.0703125,224.699996948242,22.2199974060059,-6.04226541519165
20180926,18,45,-80,2000,26523.615234375,224.199996948242,23.1800079345703,-4.47879648208618
20180927,0,45,-80,2000,26520.224609375,224.300003051758,24.0120697021484,-0.478303223848343
20180927,6,45,-80,2000,26555.8359375,223.391632080078,20.4800052642822,1.37719488143921
20180927,12,45,-80,2000,26587.1953125,223.199996948242,16.2800045013428,1.46713626384735
20180927,18,45,-80,2000,26579.998046875,223.100006103516,14.0799999237061,-4.09222650527954
20180928,0,45,-80,2000,26549.51171875,222.399993896484,17.9687824249268,-7.57992935180664
20180928,6,45,-80,2000,26549.859375,221.899978637695,21.8500022888184,-7.06866455078125
20180928,12,45,-80,2000,26539.23046875,221.899993896484,24.3222236633301,-3.08802008628845
20180928,18,45,-80,2000,26520.525390625,222.399993896484,24.6213932037354,-0.961235344409943
20180929,0,45,-80,2000,26510.8671875,221.800003051758,27.6137466430664,2.18728017807007
20180929,6,45,-80,2000,26562.501953125,222.499969482422,21.2000026702881,8.544602394104
20180929,12,45,-80,2000,26631.439453125,223.199996948242,17.9899997711182,12.4683589935303
20180929,18,45,-80,2000,26663.84765625,224.29997253418,15.789999961853,10.1057958602905
20180930,0,45,-80,2000,26684.224609375,225,14.7436771392822,4.70583963394165
20180930,6,45,-80,2000,26735.533203125,225.999969482422,15.3724899291992,3.37510752677917
20180930,12,45,-80,2000,26770.482421875,228,12.75,4.29184103012085
20180930,18,45,-80,2000,26775.439453125,228.099975585938,11.0799999237061,1.33035159111023
20181001,0,45,-80,2000,26781.35546875,228.899993896484,10.7799997329712,1.51994633674622
20181001,6,45,-80,2000,26813.279296875,230.300003051758,8.68000030517578,-0.803974628448486
20181001,12,45,-80,2000,26827.712890625,232,6.81000232696533,-0.857158184051514
20181001,18,45,-80,2000,26821.759765625,232.300003051758,4.31000232696533,-2.44441151618958
20181002,0,45,-80,2000,26821.595703125,232.399993896484,4.31000232696533,-3.4216992855072
20181002,6,45,-80,2000,26824.8984375,233.399993896484,3.16000986099243,-6.93778324127197
20181002,12,45,-80,2000,26817.873046875,234.199981689453,1.11000239849091,-6.92259788513184
20181002,18,45,-80,2000,26781.29296875,233.41162109375,1.42000484466553,-12.1168336868286
20181003,0,45,-80,2000,26743.390625,233.899993896484,4.43000221252441,-12.7756052017212
20181003,6,45,-80,2000,26719.83203125,233.736038208008,5.7700023651123,-13.289345741272
20181003,12,45,-80,2000,26707.134765625,232.300003051758,7.96999979019165,-11.7547044754028
20181003,18,45,-80,2000,26650.498046875,230.023040771484,8.27000045776367,-11.1400442123413
20181004,0,45,-80,2000,26629.33203125,229.300003051758,10.5500020980835,-8.88256359100342
20181004,6,45,-80,2000,26611.453125,228.297241210938,10.0500173568726,-9.94184303283691
20181004,12,45,-80,2000,26624.25,226.899993896484,12.5547456741333,-5.0393385887146
20181004,18,45,-80,2000,26600.931640625,225.699996948242,10.4000024795532,-3.47040271759033
20181005,0,45,-80,2000,26608.939453125,225.184814453125,7.98999738693237,-2.82031011581421
20181005,6,45,-80,2000,26630.654296875,225.099975585938,7.74000978469849,-5.91577386856079
20181005,12,45,-80,2000,26659.517578125,224.800003051758,6.69000720977783,-2.14768552780151
20181005,18,45,-80,2000,26642.6015625,224.199996948242,3.40000009536743,-3.90973377227783
20181006,0,45,-80,2000,26654.630859375,224.29997253418,2.83751702308655,-4.90695571899414
20181006,6,45,-80,2000,26666.828125,224.088912963867,1.82971429824829,-7.27307605743408
20181006,12,45,-80,2000,26690.056640625,223.813522338867,2.00000739097595,-5.87053203582764
20181006,18,45,-80,2000,26666.04296875,222.899993896484,1.29999995231628,-8.61806678771973
20181007,0,45,-80,2000,26644.193359375,222.800003051758,2.33999991416931,-9.2311429977417
20181007,6,45,-80,2000,26648.3515625,222.899993896484,3.7000048160553,-11.7599515914917
20181007,12,45,-80,2000,26654.82421875,222.899993896484,4.40000247955322,-10.1957473754883
20181007,18,45,-80,2000,26622.751953125,222.300003051758,5.01000022888184,-11.9067726135254
20181008,0,45,-80,2000,26610.455078125,222.199996948242,6.41000509262085,-11.0776071548462
20181008,6,45,-80,2000,26608.51953125,222.300003051758,7.80999755859375,-12.7057571411133
20181008,12,45,-80,2000,26611.681640625,222.699996948242,8.09000205993652,-9.78727054595947
20181008,18,45,-80,2000,26584.70703125,222.8466796875,8.60999965667725,-12.2843704223633
20181009,0,45,-80,2000,26569.17578125,223.304565429688,11.0075120925903,-11.0998001098633
20181009,6,45,-80,2000,26566.255859375,223.699996948242,11.289999961853,-12.7728366851807
20181009,12,45,-80,2000,26561.564453125,224,12.6000003814697,-12.0871877670288
20181009,18,45,-80,2000,26522.302734375,224,15.0600023269653,-13.1209907531738
20181010,0,45,-80,2000,26501.5546875,223.79997253418,17.0700016021729,-13.0215530395508
20181010,6,45,-80,2000,26485.41796875,223.79997253418,19.5200023651123,-14.5568752288818
20181010,12,45,-80,2000,26485.845703125,223.600006103516,24.0300025939941,-10.5174074172974
20181010,18,45,-80,2000,26462.6171875,222.800003051758,24,-9.72854518890381
20181011,0,45,-80,2000,26457.27734375,222.199996948242,27.2000102996826,-7.55794668197632
20181011,6,45,-80,2000,26499.837890625,222.100006103516,25.9300003051758,-3.22442865371704
20181011,12,45,-80,2000,26549.056640625,222.300003051758,15.9399976730347,4.48177480697632
20181011,18,45,-80,2000,26571.943359375,222.499969482422,6.57000017166138,3.12032222747803
20181012,0,45,-80,2000,26597.82421875,222.599975585938,4.04000473022461,1.345458984375
20181012,6,45,-80,2000,26637.61328125,223.79997253418,1.23000490665436,-2.93477535247803
20181012,12,45,-80,2000,26662.830078125,223.399993896484,3.22750973701477,-4.17258787155151
20181012,18,45,-80,2000,26650.39453125,224.100006103516,6.66000509262085,-6.79042482376099
20181013,0,45,-80,2000,26644.95703125,224.899978637695,8.56000518798828,-6.8837742805481
20181013,6,45,-80,2000,26664.2109375,225.099975585938,10.0599145889282,-8.90893077850342
20181013,12,45,-80,2000,26685.759765625,226,9.39760208129883,-5.3914794921875
20181013,18,45,-80,2000,26676.142578125,226.600006103516,7.69000005722046,-6.34720706939697
20181014,0,45,-80,2000,26684.34765625,226.999969482422,8.15999794006348,-7.35612773895264
20181014,6,45,-80,2000,26705.4375,228.199981689453,7.49675798416138,-6.79998540878296
20181014,12,45,-80,2000,26739.615234375,228.199996948242,6.30000257492065,-4.90477561950684
20181014,18,45,-80,2000,26736.248046875,228.800003051758,2.44999766349792,-5.27593755722046
20181015,0,45,-80,2000,26745.8203125,228.5,2.36000490188599,-5.01001691818237
20181015,6,45,-80,2000,26768.005859375,229.192535400391,0.386643052101135,-5.77590799331665
20181015,12,45,-80,2000,26783.474609375,228.699981689453,-0.109999999403954,-5.11598873138428
20181015,18,45,-80,2000,26760.171875,228.899993896484,-0.529997587203979,-4.07251930236816
20181016,0,45,-80,2000,26756.029296875,228.300003051758,-1.24000000953674,-4.36867189407349
20181016,6,45,-80,2000,26761.30078125,228,-0.409992665052414,-5.17104005813599
20181016,12,45,-80,2000,26767.421875,228.100006103516,0.589999973773956,-2.62613534927368
20181016,18,45,-80,2000,26741.634765625,227.100006103516,1.28999507427216,-2.76665043830872
20181017,0,45,-80,2000,26727.314453125,227.399978637695,2.10999989509583,-1.99667477607727
20181017,6,45,-80,2000,26731.078125,226.199981689453,3.09999990463257,-1.89758539199829
20181017,12,45,-80,2000,26712.1484375,226.199996948242,4.06000471115112,-0.788679182529449
20181017,18,45,-80,2000,26687.302734375,225.5,4.26001453399658,-0.865729987621307
20181018,0,45,-80,2000,26669.40234375,225.800003051758,5.25,-0.122089840471745
20181018,6,45,-80,2000,26667.310546875,225.699996948242,6.65000486373901,-1.0559424161911
20181018,12,45,-80,2000,26662.556640625,226,7.62000465393066,2.12197256088257
20181018,18,45,-80,2000,26632.443359375,226.100006103516,7.25,1.69109869003296
20181019,0,45,-80,2000,26623.216796875,226.100006103516,8.19999980926514,2.06271982192993
20181019,6,45,-80,2000,26629.4765625,225.79997253418,9.60000038146973,2.04356932640076
20181019,18,45,-80,2000,26624.748046875,225.499969482422,5.63000011444092,7.18234395980835
20181020,0,45,-80,2000,26640.537109375,224.699981689453,1.81074464321136,7.06200695037842
20181020,6,45,-80,2000,26668.66796875,224.872650146484,-0.169992670416832,6.35006856918335
20181020,12,45,-80,2000,26714.494140625,225.199981689453,-2.01526618003845,6.31619119644165
20181020,18,45,-80,2000,26706.39453125,225.099975585938,-3.04999756813049,5.73221206665039
20181021,0,45,-80,2000,26724.369140625,225.899993896484,-3.94998288154602,3.98481440544128
20181021,6,45,-80,2000,26741.32421875,226.100006103516,-3.21000003814697,3.23154783248901
20181021,12,45,-80,2000,26773.626953125,226.599975585938,-4.60999774932861,4.65310049057007
20181021,18,45,-80,2000,26761.431640625,226.800003051758,-7.30999517440796,3.43886971473694
20181022,0,45,-80,2000,26783.1015625,227.100006103516,-7.99999046325684,2.8320848941803
20181022,6,45,-80,2000,26797.98046875,227.100006103516,-9.07443332672119,1.84532475471497
20181022,12,45,-80,2000,26822.884765625,226.899993896484,-10.3099975585938,0.389606922864914
20181022,18,45,-80,2000,26790.05078125,226.099975585938,-10.4699954986572,-0.510744631290436
20181023,0,45,-80,2000,26786.169921875,225.699951171875,-11.460000038147,-2.87024903297424
20181023,6,45,-80,2000,26784.48046875,225.199996948242,-9.8719482421875,-5.3099513053894
20181023,12,45,-80,2000,26786.26171875,225.29997253418,-8.82834720611572,-4.61083269119263
20181023,18,45,-80,2000,26744.11328125,224.699996948242,-6.97834968566895,-7.52995109558105
20181024,0,45,-80,2000,26738.255859375,225.399993896484,-5.16999769210815,-8.85651397705078
20181024,6,45,-80,2000,26744.162109375,225.29997253418,-2.15999269485474,-10.4797391891479
20181024,12,45,-80,2000,26760.974609375,226.100006103516,-2.41000247001648,-8.26485061645508
20181024,18,45,-80,2000,26737.009765625,226,-1.75999510288239,-8.68786144256592
20181025,0,45,-80,2000,26735.955078125,226.100006103516,-1.81472659111023,-6.5160231590271
20181025,6,45,-80,2000,26749.5546875,226.100006103516,-3.1899950504303,-6.85662364959717
20181025,12,45,-80,2000,26753.705078125,226.099975585938,-3.2947313785553,-5.52815914154053
20181025,18,45,-80,2000,26724.66796875,226.100006103516,-4.30526876449585,-4.58599138259888
20181026,0,45,-80,2000,26709.6796875,225.399993896484,-3.81999516487122,-5.46401834487915
20181026,6,45,-80,2000,26709.033203125,225.899978637695,-1.87000000476837,-5.81658220291138
20181026,12,45,-80,2000,26716.900390625,225.79997253418,-2.07000255584717,-4.47405290603638
20181026,18,45,-80,2000,26681.880859375,225.600006103516,-1.36999273300171,-5.17351579666138
20181027,0,45,-80,2000,26666.5,225.399993896484,-0.879169940948486,-3.58861827850342
20181027,6,45,-80,2000,26667.7109375,225.399978637695,-0.0699951201677322,-5.93038082122803
20181027,12,45,-80,2000,26674.373046875,226.300003051758,0.829995095729828,-2.19959473609924
20181027,18,45,-80,2000,26643.177734375,225.699996948242,0.279997557401657,-2.9378833770752
20181028,0,45,-80,2000,26625.83203125,226.100006103516,1.33000242710114,-1.74651372432709
20181028,6,45,-80,2000,26639.107421875,225.699996948242,1.03000736236572,-2.60261464118958
20181028,12,45,-80,2000,26654.865234375,226.300003051758,2.32999753952026,-1.00589108467102
20181028,18,45,-80,2000,26635.302734375,225.899978637695,1.53000247478485,-0.548483908176422
20181029,0,45,-80,2000,26634.91796875,225.599975585938,0.730007350444794,-1.19720220565796
20181029,6,45,-80,2000,26640.890625,225.800003051758,1.34001469612122,-2.60869884490967
20181029,12,45,-80,2000,26665.38671875,226.600006103516,0.840598165988922,-1.58595705032349
20181029,18,45,-80,2000,26639.466796875,225.800003051758,1.73000001907349,-3.14301991462708
20181030,0,45,-80,2000,26630.869140625,226.100006103516,0.944890141487122,-1.72667241096497
20181030,6,45,-80,2000,26648.943359375,226.300003051758,1.75317013263702,-4.75532960891724
20181030,12,45,-80,2000,26660.703125,227.100006103516,2.7137987613678,-3.58198237419128
20181030,18,45,-80,2000,26623.779296875,226.199996948242,3.81050300598145,-2.80556631088257
20181031,0,45,-80,2000,26605.927734375,225.999969482422,3.93934321403503,-3.94022464752197
20181031,6,45,-80,2000,26607.4375,226.399993896484,6.9246678352356,-6.06486558914185
20181031,12,45,-80,2000,26612.359375,226.29997253418,9.87955093383789,-2.61557126045227
20181031,18,45,-80,2000,26571.259765625,225.899978637695,9.78999996185303,-2.46313953399658
20181101,0,45,-80,2000,26563.29296875,225.600006103516,11.1900024414063,-1.13916993141174
20181101,6,45,-80,2000,26573.8671875,224.899978637695,11.3000030517578,0.847387671470642
20181101,12,45,-80,2000,26607.689453125,225.100006103516,9.40000343322754,2.90006113052368
20181101,18,45,-80,2000,26609.990234375,224,7.59999847412109,2.40006113052368
20181102,0,45,-80,2000,26628.54296875,224.099975585938,5.09999704360962,2.19005727767944
20181102,6,45,-80,2000,26664.546875,224.29997253418,4.40000152587891,-1.99992060661316
20181102,12,45,-80,2000,26682.171875,224.199996948242,3.84887838363647,-0.0999023467302322
20181102,18,45,-80,2000,26659.232421875,223.899993896484,2.2000048160553,-3.78994631767273
20181103,0,45,-80,2000,26652.623046875,224.600006103516,2.58654046058655,-5.00021505355835
20181103,6,45,-80,2000,26644.533203125,225.099975585938,4.48168230056763,-9.15442848205566
20181103,12,45,-80,2000,26631.17578125,226,7.26334953308105,-7.43411111831665
20181103,18,45,-80,2000,26561.376953125,226.800003051758,8.92666053771973,-8.39762687683105
20181104,0,45,-80,2000,26524.306640625,226.699996948242,12.8210000991821,-7.07196283340454
20181104,6,45,-80,2000,26499.11328125,227.100006103516,16.1000022888184,-6.98241233825684
20181104,12,45,-80,2000,26485.193359375,227.800003051758,18.7747364044189,-0.794863283634186
20181104,18,45,-80,2000,26457.091796875,227.399993896484,17.0000019073486,0.400067150592804
20181105,0,45,-80,2000,26459.732421875,226.5,16.1947803497314,1.70004880428314
20181105,6,45,-80,2000,26492.533203125,225.5,11.9874973297119,3.00001215934753
20181105,12,45,-80,2000,26529.931640625,225.199996948242,7.18843364715576,4.60002422332764
20181105,18,45,-80,2000,26537.783203125,223.800003051758,4.80688762664795,1.10004878044128
20181106,0,45,-80,2000,26567.7578125,224.100006103516,3.77295827865601,0.7708740234375
20181106,6,45,-80,2000,26595.373046875,224,3.29226064682007,-1.69993901252747
20181106,12,45,-80,2000,26639.16015625,223.899993896484,4.65587139129639,-0.899945080280304
20181106,18,45,-80,2000,26618.767578125,223.560592651367,2.04870295524597,-1.89994502067566
20181107,0,45,-80,2000,26627.82421875,223.599975585938,3.28178715705872,-3.97800588607788
20181107,6,45,-80,2000,26641.94921875,224.5,3.68828129768372,-5.09994220733643
20181107,12,45,-80,2000,26649.474609375,225.399993896484,4.21921682357788,-5.19996929168701
20181107,18,45,-80,2000,26598.314453125,224.999969482422,4.35222148895264,-7.29998159408569
20181108,0,45,-80,2000,26570.796875,225.199996948242,5.84901714324951,-9.79995441436768
20181108,6,45,-80,2000,26542.6328125,225.5,10.0650205612183,-13.2999696731567
20181108,12,45,-80,2000,26520.7421875,225.5,13.1421175003052,-11.7999753952026
20181108,18,45,-80,2000,26448.6484375,224.800003051758,16.9698390960693,-13.6999816894531
20181109,0,45,-80,2000,26410.072265625,223.899978637695,21.2493133544922,-13.2999877929688
20181109,6,45,-80,2000,26399.126953125,223.100006103516,25.6843376159668,-12.3999881744385
20181109,12,45,-80,2000,26398.931640625,222.800003051758,27.4105072021484,-6.29998159408569
20181109,18,45,-80,2000,26386.92578125,220.100006103516,23.125452041626,-1.70001220703125
20181110,0,45,-80,2000,26419.9765625,219.899993896484,16.2238159179688,2.54677128791809
20181110,6,45,-80,2000,26478.71484375,220.100006103516,11.9867305755615,2.4000244140625
20181110,12,45,-80,2000,26539.162109375,221.192535400391,6.60273122787476,5.50002431869507
20181110,18,45,-80,2000,26563.955078125,221.600006103516,0.554550170898438,2.61726689338684
20181111,0,45,-80,2000,26602.42578125,222,-1.28999018669128,1.50006103515625
20181111,6,45,-80,2000,26643.4140625,222.600006103516,-3.80000925064087,-2.09996342658997
20181111,12,45,-80,2000,26673.615234375,223.399978637695,-4.39999675750732,-2.09990835189819
20181111,18,45,-80,2000,26656.1875,223.199981689453,-4.86999797821045,-3.90009164810181
20181112,0,45,-80,2000,26657.14453125,224.100006103516,-2.98058176040649,-5.09998798370361
20181112,6,45,-80,2000,26666.654296875,224.899993896484,0.262088000774384,-6.40236186981201
20181112,12,45,-80,2000,26679.107421875,226.031692504883,-0.119999997317791,-4.53113508224487
20181112,18,45,-80,2000,26652.609375,225.5,-0.134167477488518,-4.2568187713623
20181113,0,45,-80,2000,26642.830078125,225.79997253418,-1.28145015239716,-3.81489491462708
20181113,6,45,-80,2000,26641.955078125,226,-1.0656830072403,-4.80000305175781
20181113,12,45,-80,2000,26655.25,226.099975585938,-1.5766259431839,-3.44999504089355
20181113,18,45,-80,2000,26617.02734375,226.100006103516,-1.68697023391724,-3.30999994277954
20181114,0,45,-80,2000,26620.375,226.29997253418,-2.3736572265625,-3.92932605743408
20181114,6,45,-80,2000,26633.35546875,226,-1.37220704555511,-3.33532238006592
20181114,12,45,-80,2000,26653.060546875,226.699981689453,-4.05145978927612,-2.10842776298523
20181114,18,45,-80,2000,26622.0703125,225.600006103516,-3.47977042198181,-4.07001447677612
20181115,0,45,-80,2000,26627.76953125,225.899978637695,-4.59100341796875,-4.02100324630737
20181115,6,45,-80,2000,26622.6015625,225.399978637695,-3.78839588165283,-6.23998069763184
20181115,12,45,-80,2000,26636.033203125,225.800003051758,-2.71021485328674,-5.8600001335144
20181115,18,45,-80,2000,26587.490234375,225.300003051758,-3.07984852790833,-6.63000965118408
20181116,0,45,-80,2000,26566.072265625,225.5,-1.80074155330658,-7.20005178451538
20181116,6,45,-80,2000,26551.216796875,225.199951171875,-0.070805661380291,-10.1456985473633
20181116,12,45,-80,2000,26543.642578125,225.699996948242,3.1068115234375,-8.39999961853027
20181116,18,45,-80,2000,26486.447265625,225.199981689453,2.51810050010681,-8.36076641082764
20181117,0,45,-80,2000,26455.92578125,224.699981689453,5.43860816955566,-9
20181117,6,45,-80,2000,26449.115234375,224.699996948242,7.61604976654053,-8.2814302444458
20181117,12,45,-80,2000,26450.8828125,225.5,9.09507369995117,-7.7057032585144
20181117,18,45,-80,2000,26410.42578125,225.29997253418,10.2099924087524,-5.76786375045776
20181118,0,45,-80,2000,26411.7578125,225.406982421875,11.0207033157349,-4.34001445770264
20181118,6,45,-80,2000,26427.3125,225.5,11.5835103988647,-3.75239992141724
20181118,12,45,-80,2000,26456.044921875,225.770416259766,11.7799758911133,-0.426723629236221
20181118,18,45,-80,2000,26452.560546875,224.800003051758,8.37055397033691,0.454179674386978
20181119,0,45,-80,2000,26472.578125,223.899993896484,6.24233865737915,-1.24785161018372
20181119,6,45,-80,2000,26515.6640625,224.199996948242,4.97292947769165,-2.89563965797424
20181119,12,45,-80,2000,26549.38671875,223.600006103516,3.32541251182556,-3.7494432926178
20181119,18,45,-80,2000,26518.462890625,222.899993896484,2.80431652069092,-5.98998308181763
20181120,0,45,-80,2000,26515.55078125,222.600006103516,6.33472156524658,-6.4794921875
20181120,6,45,-80,2000,26502.73046875,223,7.27815198898315,-5.94957256317139
20181120,12,45,-80,2000,26511.837890625,223.199996948242,9.28309535980225,-4.97198963165283
20181120,18,45,-80,2000,26482.4375,222.800003051758,9.94998264312744,-2.45356440544128
20181121,0,45,-80,2000,26481.212890625,223.100006103516,7.50617933273315,-3.03782963752747
20181121,6,45,-80,2000,26496.099609375,222.914703369141,7.06652355194092,-4.77138662338257
20181121,12,45,-80,2000,26510.11328125,223.29997253418,6.56500244140625,-4.22197771072388
20181121,18,45,-80,2000,26489.1328125,223.699996948242,4.38779067993164,-6.75738763809204
20181122,0,45,-80,2000,26482.39453125,223.300003051758,6.32260513305664,-7.20746564865112
20181122,6,45,-80,2000,26495.9140625,224.79997253418,4.17236089706421,-8.34877395629883
20181122,12,45,-80,2000,26495.57421875,224.600006103516,5.12878179550171,-8.92856979370117
20181122,18,45,-80,2000,26463.67578125,225.79997253418,4.35350608825684,-8.77336692810059
20181123,0,45,-80,2000,26446.1796875,225.300003051758,2.25599360466003,-10.5119924545288
20181123,6,45,-80,2000,26441.85546875,226.999969482422,3.50398683547974,-12.1497755050659
20181123,12,45,-80,2000,26437.76171875,228.100006103516,3.68600106239319,-10.3906545639038
20181123,18,45,-80,2000,26395.224609375,228,4.56999492645264,-11.5686473846436
20181124,0,45,-80,2000,26367.25,228.899993896484,3.75601315498352,-9.4305419921875
20181124,6,45,-80,2000,26366.796875,229.129150390625,5.39657974243164,-12.2197017669678
20181124,12,45,-80,2000,26358.169921875,230.429153442383,6.21663808822632,-8.13929653167725
20181124,18,45,-80,2000,26331.677734375,229.600006103516,4.6722583770752,-8.43999481201172
20181125,0,45,-80,2000,26316.3515625,230,5.37872552871704,-7.57481956481934
20181125,6,45,-80,2000,26328.66796875,230.300003051758,4.60744619369507,-7.76778793334961
20181125,12,45,-80,2000,26339.921875,230.399993896484,4.58127689361572,-5.64998531341553
20181125,18,45,-80,2000,26326.21484375,229.999969482422,4.18607425689697,-4.78617429733276
20181126,0,45,-80,2000,26328.66796875,229.79997253418,2.37221431732178,-3.07667231559753
20181126,6,45,-80,2000,26367.2421875,229.899978637695,2.40688729286194,-4.31998062133789
20181126,12,45,-80,2000,26398.13671875,229.800003051758,2.19381594657898,-0.900009751319885
20181126,18,45,-80,2000,26392.177734375,228.999969482422,0.36920166015625,-0.624194324016571
20181127,0,45,-80,2000,26402.83984375,228.600006103516,-0.646257340908051,0.299077153205872
20181127,6,45,-80,2000,26426.697265625,228.600006103516,-0.239982903003693,-1.42871582508087
20181127,12,45,-80,2000,26453.302734375,228.79997253418,-1.04143309593201,0.0389990247786045
20181127,18,45,-80,2000,26447.8359375,228,-1.80713129043579,-0.0989794954657555
20181128,0,45,-80,2000,26456.0625,228.199996948242,-2.65929937362671,-0.447651356458664
20181128,6,45,-80,2000,26486.046875,228.300003051758,-1.83948063850403,-1.39999389648438
20181128,12,45,-80,2000,26509.72265625,228.199981689453,-2.75840139389038,1.20000302791595
20181128,18,45,-80,2000,26503.8203125,227.699996948242,-4.14101552963257,1.17085576057434
20181129,0,45,-80,2000,26501.365234375,227.399993896484,-4.66563129425049,1.79999387264252
20181129,6,45,-80,2000,26520.51953125,227.300003051758,-5.05343008041382,0.200000002980232
20181129,12,45,-80,2000,26536.150390625,227.5,-4.72001934051514,2.50000619888306
20181129,18,45,-80,2000,26513.640625,226.699981689453,-6.50126361846924,2.69998788833618
20181130,0,45,-80,2000,26504.11328125,226.100006103516,-6.67207050323486,2.89999389648438
20181130,6,45,-80,2000,26525.427734375,226.300003051758,-7.00120258331299,1.59998774528503
20181130,12,45,-80,2000,26544.615234375,225.899993896484,-6.83532094955444,3.19998788833618
20181130,18,45,-80,2000,26515.02734375,225.399978637695,-8.59663963317871,3.62191152572632
20181201,0,45,-80,2000,26517.251953125,225.199996948242,-9.19776630401611,2.89998769760132
20181201,6,45,-80,2000,26537.6328125,225.100006103516,-8.88117694854736,1.29999387264252
20181201,12,45,-80,2000,26549.36328125,225.300003051758,-9.72882652282715,3.5
20181201,18,45,-80,2000,26533.73046875,224.699996948242,-10.8059997558594,0.999993920326233
20181202,0,45,-80,2000,26531.4375,225,-10.1891117095947,1.5291473865509
20181202,6,45,-80,2000,26542.58984375,224.600006103516,-9.97612285614014,-0.552187502384186
20181202,12,45,-80,2000,26557.92578125,225.411666870117,-10.6366920471191,1.29245603084564
20181202,18,45,-80,2000,26532.34765625,224.699996948242,-10.7369089126587,-0.0599902346730232
20181203,0,45,-80,2000,26526.982421875,225,-11.3943290710449,0.00999023392796516
20181203,6,45,-80,2000,26541.591796875,225.300003051758,-10.4475269317627,-1.4599951505661
20181203,12,45,-80,2000,26555.251953125,225.699996948242,-9.8655424118042,0.893110334873199
20181203,18,45,-80,2000,26536.505859375,225.199996948242,-10.3498725891113,0.546079099178314
20181204,0,45,-80,2000,26532.642578125,225.699996948242,-11.2214164733887,0.0583300776779652
20181204,6,45,-80,2000,26554.484375,225.699996948242,-10.1078414916992,-0.706347644329071
20181204,12,45,-80,2000,26580.435546875,226.199996948242,-10.8643989562988,1.11595952510834
20181204,18,45,-80,2000,26563.474609375,225.699996948242,-10.7805147171021,-0.181660160422325
20181205,0,45,-80,2000,26567.537109375,225.699996948242,-11.5914726257324,1.18349611759186
20181205,6,45,-80,2000,26573.099609375,225.399993896484,-10.8056211471558,-0.850604236125946
20181205,12,45,-80,2000,26591.755859375,225.999969482422,-11.1757278442383,0.900036633014679
20181205,18,45,-80,2000,26560.134765625,225.300003051758,-11.9304046630859,0.400030523538589
20181206,0,45,-80,2000,26554.994140625,225.399993896484,-11.4604520797729,-1.29996943473816
20181206,6,45,-80,2000,26563.080078125,225.5,-11.0535688400269,-1.68995356559753
20181206,12,45,-80,2000,26581.28515625,226.004425048828,-10.4923267364502,-0.943566918373108
20181206,18,45,-80,2000,26546.83984375,225.295562744141,-10.2643737792969,-0.399975597858429
20181207,0,45,-80,2000,26541.64453125,224.899978637695,-10.9648103713989,-1.59998166561127
20181207,6,45,-80,2000,26538.755859375,225,-8.50079917907715,-2.241943359375
20181207,12,45,-80,2000,26548.33203125,225.199996948242,-9.52546119689941,-0.399993896484375
20181207,18,45,-80,2000,26517.884765625,225,-8.15519142150879,-2.15639042854309
20181208,0,45,-80,2000,26505.6875,225.199981689453,-8.52595806121826,-0.29998779296875
20181208,6,45,-80,2000,26512.373046875,225.699996948242,-7.01178884506226,-2.59998178482056
20181208,12,45,-80,2000,26513.337890625,225.800003051758,-7.14931631088257,-0.643597424030304
20181208,18,45,-80,2000,26493.03515625,225.699996948242,-7.24595785140991,-1.39999997615814
20181209,0,45,-80,2000,26474.6640625,226,-7.66265869140625,-1.79998779296875
20181209,6,45,-80,2000,26484.69921875,226.300003051758,-6.84019613265991,-1.99999392032623
20181209,12,45,-80,2000,26502.732421875,227,-6.73172473907471,-0.900006115436554
20181209,18,45,-80,2000,26471.95703125,226.899993896484,-6.74477672576904,0.400012195110321
20181210,0,45,-80,2000,26463.45703125,226.800003051758,-8.11391735076904,-0.799890160560608
20181210,6,45,-80,2000,26477.5703125,227.29997253418,-6.45483112335205,-0.800006091594696
20181210,12,45,-80,2000,26496.21484375,227.300003051758,-7.07445669174194,0.699999988079071
20181210,18,45,-80,2000,26466.158203125,226.899993896484,-7.46847248077393,-0.500006079673767
20181211,0,45,-80,2000,26474.96484375,226.499969482422,-7.48161458969116,-0.100012205541134
20181211,6,45,-80,2000,26487.080078125,226.79997253418,-7.27539968490601,-1.80000615119934
20181211,12,45,-80,2000,26513.47265625,226.300003051758,-6.507568359375,-0.400006115436554
20181211,18,45,-80,2000,26496.8359375,226.29997253418,-7.54624938964844,-0.800000011920929
20181212,0,45,-80,2000,26494.17578125,225.899993896484,-8.73302268981934,-1.00000607967377
20181212,6,45,-80,2000,26509.607421875,226.199981689453,-6.49999713897705,-2.70000910758972
20181212,12,45,-80,2000,26531.3984375,226.699996948242,-8.34645843505859,0.100012205541134
20181212,18,45,-80,2000,26511.984375,225.899978637695,-7.31149911880493,-1.60000610351563
20181213,0,45,-80,2000,26502.732421875,226.399993896484,-8.60620880126953,0.100006103515625
20181213,6,45,-80,2000,26529.537109375,226.100006103516,-7.31896352767944,-2.59999394416809
20181213,12,45,-80,2000,26547.505859375,227,-7.50978374481201,0.800000011920929
20181213,18,45,-80,2000,26526.6484375,225.899978637695,-8.7360897064209,0.201367184519768
20181214,0,45,-80,2000,26521.8046875,226.199996948242,-9.49531555175781,1.50000607967377
20181214,6,45,-80,2000,26547.607421875,225.699996948242,-8.59609699249268,0.249176025390625
20181214,12,45,-80,2000,26567.240234375,226.300003051758,-9.30014610290527,2.09998774528503
20181214,18,45,-80,2000,26542.9765625,225.100006103516,-10.0311069488525,1.30001223087311
20181215,0,45,-80,2000,26551.1015625,225.100006103516,-10.0029201507568,1.20000004768372
20181215,6,45,-80,2000,26563.267578125,224.899993896484,-9.7873592376709,-0.300006091594696
20181215,12,45,-80,2000,26583.89453125,224.79997253418,-9.85444641113281,1.60856318473816
20181215,18,45,-80,2000,26560.88671875,224,-9.84113502502441,-0.100012205541134
20181216,0,45,-80,2000,26557.76953125,224.300003051758,-10.6041536331177,0.399987787008286
20181216,6,45,-80,2000,26564.609375,224.300003051758,-9.33120155334473,-1.79671633243561
20181216,12,45,-80,2000,26582.63671875,225.300003051758,-10.4586458206177,0.199990838766098
20181216,18,45,-80,2000,26559.130859375,224.800003051758,-9.58751201629639,-1.20000612735748
20181217,0,45,-80,2000,26559.88671875,225.702789306641,-11.190637588501,-1
20181217,6,45,-80,2000,26566.892578125,225.800003051758,-9.75168418884277,-2.5
20181217,12,45,-80,2000,26586.970703125,226.699996948242,-10.8218078613281,-0.416113287210464
20181217,18,45,-80,2000,26558.7734375,226.399993896484,-10.4545106887817,-1.70003664493561
20181218,0,45,-80,2000,26557.30078125,227,-11.4268798828125,-0.400048822164536
20181218,6,45,-80,2000,26572.484375,227.399993896484,-10.4087953567505,-3.20001220703125
20181218,12,45,-80,2000,26591.857421875,227.699996948242,-9.20419883728027,-1.83105476025958e-05
