20180720,0,40,-110,2000,26147.677734375,213.817230224609,37.972412109375,11.628134727478
20180720,6,40,-110,2000,26184.09765625,214.800003051758,33.9800186157227,8.37758827209473
20180720,12,40,-110,2000,26191.099609375,215.199996948242,35.4547271728516,3.18335437774658
20180720,18,40,-110,2000,26205.607421875,214.899978637695,37.6648864746094,4.33386707305908
20180721,0,40,-110,2000,26187.71484375,213.79997253418,36.1800079345703,6.97011709213257
20180721,6,40,-110,2000,26205.205078125,212.796264648438,31.0560131072998,6.1114182472229
20180721,12,40,-110,2000,26207.82421875,213,32.3800048828125,5.67670917510986
20180721,18,40,-110,2000,26223.185546875,213.699996948242,31.3600044250488,7.27396965026855
20180722,0,40,-110,2000,26231.1015625,212.699996948242,30.4800052642822,8.11996078491211
20180722,6,40,-110,2000,26240.6796875,212.899993896484,31.0966415405273,4.86879396438599
20180722,12,40,-110,2000,26238.4296875,212.5,35.4742317199707,8.87143325805664
20180722,18,40,-110,2000,26249.30078125,211.999969482422,37.8800086975098,11.6553831100464
20180723,0,40,-110,2000,26222.7109375,212.79997253418,43.9600105285645,2.05630612373352
20180723,6,40,-110,2000,26194.01953125,213.199981689453,48.1800003051758,-2.96630382537842
20180723,12,40,-110,2000,26150.76171875,214.899993896484,54.4700088500977,-5.0646448135376
20180723,18,40,-110,2000,26129.404296875,215.100006103516,57.7866706848145,-5.36878156661987
20180724,0,40,-110,2000,26080.17578125,213.979690551758,61.6704597473145,-8.1786527633667
20180724,6,40,-110,2000,26026.939453125,213.29997253418,64.9700012207031,-13.4587745666504
20180724,12,40,-110,2000,25955.720703125,214,70.5899963378906,-13.4296169281006
20180724,18,40,-110,2000,25934.30078125,215.100006103516,69.5700912475586,-11.4795064926147
20180725,0,40,-110,2000,25871.15234375,213.399993896484,73.1699981689453,-13.3804292678833
20180725,6,40,-110,2000,25822.5,213.800003051758,73.9851760864258,-14.7768974304199
20180725,12,40,-110,2000,25792.294921875,215.600006103516,73.0899963378906,-9.53519821166992
20180725,18,40,-110,2000,25834.0546875,216.5,66.8899993896484,-2.92859125137329
20180726,0,40,-110,2000,25868.564453125,215.599975585938,60.1905860900879,-1.7061767578125
20180726,6,40,-110,2000,25907.5546875,213.899993896484,55.7599983215332,-7.13612079620361
20180726,12,40,-110,2000,25898.037109375,213.300003051758,56.9799995422363,-8.89391613006592
20180726,18,40,-110,2000,25898.587890625,214.999969482422,59.8802871704102,-8.75123500823975
20180727,0,40,-110,2000,25872.96484375,215.199981689453,62.8066902160645,-11.2178535461426
20180727,6,40,-110,2000,25838.310546875,214.699996948242,61.2866973876953,-11.1345262527466
20180727,12,40,-110,2000,25840.126953125,213.5,59.560001373291,-5.96442127227783
20180727,18,40,-110,2000,25905.419921875,213.099975585938,51.4666748046875,3.7736988067627
20180728,0,40,-110,2000,25953.462890625,212,43.580005645752,7.67370128631592
20180728,6,40,-110,2000,26028.751953125,211.5,36.8896942138672,4.2095799446106
20180728,12,40,-110,2000,26076.8359375,212.199996948242,37.7869529724121,2.82974982261658
20180728,18,40,-110,2000,26108.556640625,213.100006103516,36.1924171447754,5.08898687362671
20180729,0,40,-110,2000,26131.107421875,216.100006103516,32.8800048828125,7.03481578826904
20180729,6,40,-110,2000,26178.642578125,217.699981689453,28.7800006866455,3.34012937545776
20180729,12,40,-110,2000,26191.5546875,219.199981689453,30.5000057220459,3.29919195175171
20180729,18,40,-110,2000,26222.3828125,220.800003051758,29.0767383575439,4.91331911087036
20180730,0,40,-110,2000,26231.17578125,221.899978637695,23.7801570892334,2.69656252861023
20180730,6,40,-110,2000,26244.265625,220.906982421875,21.6900043487549,-1.90802729129791
20180730,12,40,-110,2000,26230.849609375,220.699981689453,23.7780990600586,-4.3965916633606
20180730,18,40,-110,2000,26218.75,219.800003051758,24.7800006866455,-6.17635154724121
20180731,0,40,-110,2000,26180.193359375,218.29997253418,27.5077896118164,-6.09618759155273
20180731,6,40,-110,2000,26174.529296875,217.099975585938,28.7803363800049,-5.18343019485474
20180731,12,40,-110,2000,26151.296875,217.699996948242,32.8866577148438,-5.2963547706604
20180731,18,40,-110,2000,26148.45703125,218.099975585938,33.9003028869629,-5.64242172241211
20180801,0,40,-110,2000,26115.607421875,217.29997253418,35.8000068664551,-7.22929954528809
20180801,6,40,-110,2000,26095.517578125,216.899993896484,36.6933212280273,-11.1437253952026
20180801,12,40,-110,2000,26067.703125,217.600006103516,42.7799987792969,-13.1124019622803
20180801,18,40,-110,2000,26055.58984375,218.29997253418,48.900562286377,-11.6544771194458
20180802,0,40,-110,2000,26015.7265625,217.199996948242,52.6694030761719,-10.8849067687988
20180802,6,40,-110,2000,25980.546875,215.899978637695,55.1686706542969,-13.5999097824097
20180802,12,40,-110,2000,25958.595703125,216.099975585938,58.3800010681152,-12.9979562759399
20180802,18,40,-110,2000,25945.365234375,216.699996948242,61.1900177001953,-8.06990242004395
20180803,0,40,-110,2000,25930.623046875,214.399993896484,58.6800003051758,-7.78592538833618
20180803,6,40,-110,2000,25937.193359375,214.100006103516,55.5733871459961,-10.9053812026978
20180803,12,40,-110,2000,25935.51953125,213.93212890625,56.3699989318848,-12.2601318359375
20180803,18,40,-110,2000,25951.1953125,214.199996948242,56.7802619934082,-7.50043439865112
20180804,0,40,-110,2000,25955.0390625,213.699996948242,55.0999984741211,-6.84524393081665
20180804,6,40,-110,2000,25977.453125,213.399978637695,52.0900039672852,-7.82723379135132
20180804,12,40,-110,2000,26004.775390625,213.29997253418,52.0701522827148,-9.03635501861572
20180804,18,40,-110,2000,26040.328125,214.5,50.4599952697754,-3.9586718082428
20180805,0,40,-110,2000,26084.552734375,213.899993896484,45.8864555358887,2.03746581077576
20180805,6,40,-110,2000,26149.58203125,215.100006103516,42.3727836608887,4.61994647979736
20180805,12,40,-110,2000,26206.5,217.5,42.070011138916,0.866711437702179
20180805,18,40,-110,2000,26259.962890625,219.5,40.7957801818848,0.412786871194839
20180806,0,40,-110,2000,26283.08203125,219,39.5797843933105,1.06043338775635
20180806,6,40,-110,2000,26284.15234375,219.199996948242,38.5957717895508,-1.46520018577576
20180806,12,40,-110,2000,26308.482421875,219.899993896484,40.6697845458984,-3.03306770324707
20180806,18,40,-110,2000,26300.470703125,219.599975585938,40.4917678833008,-5.3155345916748
20180807,0,40,-110,2000,26249.89453125,217.600006103516,41.7734146118164,-2.98495960235596
20180807,6,40,-110,2000,26236.33984375,217.100006103516,40.9668006896973,-2.20937132835388
20180807,12,40,-110,2000,26214.375,217.099975585938,43.0612297058105,-1.96278202533722
20180807,18,40,-110,2000,26215.625,217.300003051758,40.9830856323242,2.5457592010498
20180808,0,40,-110,2000,26198.466796875,217.199981689453,39.0772666931152,2.55861806869507
20180808,6,40,-110,2000,26214.55078125,216.599975585938,35.3804817199707,2.73136711120605
20180808,12,40,-110,2000,26232.16796875,217.100006103516,33.2800102233887,1.20156002044678
20180808,18,40,-110,2000,26252.0234375,217.5,32.080005645752,0.132065430283546
20180809,0,40,-110,2000,26252.5078125,216.350738525391,31.6000022888184,-0.232622072100639
20180809,6,40,-110,2000,26262.498046875,217.399993896484,30.0786571502686,-2.64210200309753
20180809,12,40,-110,2000,26284.560546875,218.79997253418,31.7000217437744,-4.88716077804565
20180809,18,40,-110,2000,26299.71484375,219.399993896484,33.1783294677734,-3.14384770393372
20180810,0,40,-110,2000,26297.16796875,219.29997253418,33.0800094604492,-2.5100634098053
20180810,6,40,-110,2000,26329.240234375,220.099975585938,29.7800102233887,-3.27248048782349
20180810,12,40,-110,2000,26360.046875,221.32861328125,30.580005645752,-3.36560535430908
20180810,18,40,-110,2000,26397.0859375,222.100006103516,30.3800048828125,-0.685258805751801
20180811,0,40,-110,2000,26393.30078125,221.299362182617,27.8000144958496,-1.45217525959015
20180811,6,40,-110,2000,26428.21484375,220.699981689453,25.4000358581543,-3.52374744415283
20180811,12,40,-110,2000,26423.310546875,220.499969482422,26.1700057983398,-5.74561262130737
20180811,18,40,-110,2000,26437.7578125,220.600006103516,28.2700176239014,-7.36618185043335
20180812,0,40,-110,2000,26417.8046875,219.199996948242,28.1900081634521,-7.8175950050354
20180812,6,40,-110,2000,26421.212890625,219.999969482422,29.4900054931641,-10.69411277771
20180812,12,40,-110,2000,26408.435546875,221.100006103516,33.0904846191406,-8.47008514404297
20180812,18,40,-110,2000,26425.345703125,220.899993896484,32.5682258605957,-5.75007820129395
20180813,0,40,-110,2000,26420.751953125,221.699981689453,32.8700065612793,-3.31276488304138
20180813,6,40,-110,2000,26453.71484375,222.499969482422,27.800012588501,-1.95476925373077
20180813,12,40,-110,2000,26473.6796875,222.399993896484,25.3602352142334,-1.87564694881439
20180813,18,40,-110,2000,26508.744140625,223.199981689453,23.2030639648438,-1.93319582939148
20180814,0,40,-110,2000,26502.412109375,222.800003051758,20.5834331512451,-1.41233158111572
20180814,6,40,-110,2000,26526.642578125,223.508087158203,18.4900131225586,-6.45798587799072
20180814,12,40,-110,2000,26526.58984375,223.899993896484,22.4800052642822,-7.07831764221191
20180814,18,40,-110,2000,26534.384765625,224.899993896484,23.8799991607666,-6.01943111419678
20180815,0,40,-110,2000,26507.671875,224.300003051758,23.2800579071045,-5.57343482971191
20180815,6,40,-110,2000,26495.318359375,223.899993896484,22.800012588501,-7.32053470611572
20180815,12,40,-110,2000,26486.568359375,225.599975585938,24.7900047302246,-7.79308366775513
20180815,18,40,-110,2000,26499.4765625,226,24.7000064849854,-6.20951175689697
20180816,0,40,-110,2000,26477.9609375,225.199996948242,24.7800140380859,-4.21851062774658
20180816,6,40,-110,2000,26488.66015625,225.399993896484,21.8798732757568,-6.83215808868408
20180816,12,40,-110,2000,26474.150390625,226.29997253418,24.080005645752,-7.69599103927612
20180816,18,40,-110,2000,26479.1171875,227.100006103516,24.8800067901611,-5.41999244689941
20180817,0,40,-110,2000,26452.927734375,226.800003051758,24.6800003051758,-6.78678703308105
20180817,6,40,-110,2000,26438.80078125,227,23.2900104522705,-10.7106685638428
20180817,12,40,-110,2000,26438.671875,229.600006103516,26.2958393096924,-12.6619844436646
20180817,18,40,-110,2000,26436.19921875,229.5,28.2900066375732,-10.7842845916748
20180818,0,40,-110,2000,26427.44921875,229.399978637695,27.0900077819824,-9.98396015167236
20180818,6,40,-110,2000,26421.615234375,228.320510864258,26.0964851379395,-15.4716377258301
20180818,12,40,-110,2000,26408.142578125,229.300003051758,29.2900009155273,-15.5911331176758
20180818,18,40,-110,2000,26412.177734375,230.300003051758,31.1125335693359,-13.9746894836426
20180819,0,40,-110,2000,26394.310546875,228.5,31.3923435211182,-12.1939010620117
20180819,6,40,-110,2000,26386.634765625,227.300003051758,30.4899997711182,-14.7229661941528
20180819,12,40,-110,2000,26378.330078125,227.79997253418,35.2900009155273,-15.3475780487061
20180819,18,40,-110,2000,26375.25,227.5,39.9099960327148,-11.9372463226318
20180820,0,40,-110,2000,26368.470703125,225.599975585938,39.5798072814941,-5.83962869644165
20180820,6,40,-110,2000,26387.7265625,224.100006103516,34.1604843139648,-2.66958975791931
20180820,12,40,-110,2000,26400.892578125,224.699981689453,30.5800437927246,-2.0208055973053
20180820,18,40,-110,2000,26443.693359375,224.599975585938,26.6800022125244,0.152133792638779
20180821,0,40,-110,2000,26444.08984375,223.499969482422,23.9869728088379,0.909926772117615
20180821,6,40,-110,2000,26463.01953125,223.599975585938,20.1800079345703,-0.0556909181177616
20180821,12,40,-110,2000,26475.931640625,224.300003051758,19.1867332458496,-1.12339353561401
20180821,18,40,-110,2000,26502.205078125,224.800003051758,18.4757175445557,-1.63079345226288
20180822,0,40,-110,2000,26477.47265625,223.5,17.9800090789795,-3.09266591072083
20180822,6,40,-110,2000,26469.900390625,223.600006103516,17.3877735137939,-5.85029029846191
20180822,12,40,-110,2000,26466.509765625,225.800003051758,18.704174041748,-8.09355735778809
20180822,18,40,-110,2000,26475.89453125,226.800003051758,23.0800018310547,-7.17612791061401
20180823,0,40,-110,2000,26452.099609375,226.600006103516,25.0000095367432,-4.81345224380493
20180823,6,40,-110,2000,26471.849609375,227.599975585938,21.2746486663818,-3.4899365901947
20180823,12,40,-110,2000,26465.54296875,228.199981689453,22.0767364501953,-7.64449691772461
20180823,18,40,-110,2000,26485.919921875,226.206985473633,23.4734077453613,-7.2696533203125
20180824,0,40,-110,2000,26464.95703125,224.600006103516,23.4876899719238,-5.15392827987671
20180824,6,40,-110,2000,26469.26953125,222.999969482422,22.6833114624023,-8.0219087600708
20180824,12,40,-110,2000,26463.126953125,223.199996948242,25.2900123596191,-7.60642957687378
20180824,18,40,-110,2000,26480.10546875,222.999969482422,25.8922367095947,-5.26970338821411
20180825,0,40,-110,2000,26456.400390625,220.899993896484,27.3910427093506,-2.44885993003845
20180825,6,40,-110,2000,26473.087890625,221.399993896484,25.9900131225586,-4.1125659942627
20180825,12,40,-110,2000,26472.970703125,221.5,28.0000076293945,-2.11740231513977
20180825,18,40,-110,2000,26473.61328125,221.300003051758,27.6700057983398,0.123400881886482
20180826,0,40,-110,2000,26453.0390625,220.5,25.880012512207,1.88676512241364
20180826,6,40,-110,2000,26476.177734375,220.199996948242,25.1786117553711,0.419138193130493
20180826,12,40,-110,2000,26474.845703125,219.699996948242,29.1900024414063,4.37959241867065
20180826,18,40,-110,2000,26514.7734375,219.393020629883,25.370002746582,6.0219898223877
20180827,0,40,-110,2000,26515.005859375,217.399993896484,23.3926048278809,2.61442637443542
20180827,6,40,-110,2000,26522.904296875,216.5,22.6700000762939,-2.33154058456421
20180827,12,40,-110,2000,26524.59765625,216.699981689453,23.4700088500977,-5.26550769805908
20180827,18,40,-110,2000,26546.04296875,216.600006103516,22.2811622619629,-6.45261240005493
20180828,0,40,-110,2000,26530.078125,216.899993896484,21.1900119781494,-13.025505065918
20180828,6,40,-110,2000,26514.296875,217,21.3900146484375,-15.9824438095093
20180828,12,40,-110,2000,26488.40234375,218.199996948242,23.5900001525879,-13.7885713577271
20180828,18,40,-110,2000,26474.693359375,218.199996948242,26.9899978637695,-10.9131202697754
20180829,0,40,-110,2000,26431.13671875,216.899978637695,28.492223739624,-9.17994499206543
20180829,6,40,-110,2000,26432.908203125,217.099975585938,29.669994354248,-5.95634746551514
20180829,12,40,-110,2000,26428.5234375,217.100006103516,29.9677753448486,-3.86927723884583
20180829,18,40,-110,2000,26431.919921875,217.100006103516,27.3600025177002,0.627795398235321
20180830,0,40,-110,2000,26413.837890625,217.599975585938,24.9800033569336,0.400010973215103
20180830,6,40,-110,2000,26424.107421875,217.899993896484,22.4800148010254,-0.126926273107529
20180830,12,40,-110,2000,26422.984375,218.79997253418,23.2780590057373,-2.71241688728333
20180830,18,40,-110,2000,26434.994140625,219.899978637695,25.3832244873047,-0.569516599178314
20180831,0,40,-110,2000,26414.796875,219.800003051758,25.1800098419189,0.0872875973582268
20180831,6,40,-110,2000,26421.927734375,220.399978637695,23.7750053405762,1.00315058231354
20180831,12,40,-110,2000,26435.64453125,222.499969482422,25.1700172424316,-0.312276601791382
20180831,18,40,-110,2000,26454.748046875,223.100006103516,26.1700019836426,1.88102054595947
20180901,0,40,-110,2000,26431.4375,223.399993896484,25.8931655883789,2.12905263900757
20180901,6,40,-110,2000,26435.5703125,224.800003051758,23.8697834014893,-1.27601444721222
20180901,12,40,-110,2000,26426.775390625,225.999969482422,27.7686138153076,-3.56048107147217
20180901,18,40,-110,2000,26410.556640625,225.767868041992,31.0653915405273,-2.01004886627197
20180902,0,40,-110,2000,26366.966796875,224.899978637695,31.3917217254639,0.169797360897064
20180902,6,40,-110,2000,26359.8671875,223.79948425293,29.5676078796387,-2.78788566589355
20180902,12,40,-110,2000,26335.82421875,223.79997253418,33.6699981689453,-2.93025875091553
20180902,18,40,-110,2000,26341.29296875,223.5,35.3686180114746,-0.292539060115814
20180903,0,40,-110,2000,26300.251953125,220.699981689453,35.7700157165527,0.0663964822888374
20180903,6,40,-110,2000,26303.060546875,220.099975585938,34.1700134277344,-2.19251465797424
20180903,12,40,-110,2000,26293.248046875,219.800003051758,36.5677871704102,-3.85410642623901
20180903,18,40,-110,2000,26300.697265625,218.100006103516,37.7700042724609,-4.16580581665039
20180904,0,40,-110,2000,26253.990234375,215,40.7700080871582,-3.07853507995605
20180904,6,40,-110,2000,26244.435546875,214.699996948242,42.8699989318848,-4.37017583847046
20180904,12,40,-110,2000,26232.810546875,215.29997253418,46.2732620239258,-0.974572777748108
20180904,18,40,-110,2000,26236.498046875,215.399978637695,44.3562927246094,3.09982657432556
20180905,0,40,-110,2000,26222.693359375,216.699996948242,40.4600067138672,11.2491703033447
20180905,6,40,-110,2000,26305.595703125,221.600006103516,27.5666599273682,17.0452156066895
20180905,12,40,-110,2000,26376.212890625,222.600006103516,20.2600002288818,14.8500556945801
20180905,18,40,-110,2000,26429.720703125,222,16.6599998474121,10.1337718963623
20180906,0,40,-110,2000,26424.369140625,220.699981689453,17.580005645752,9.36011219024658
20180906,6,40,-110,2000,26461.474609375,222.600006103516,14.9799995422363,6.13858413696289
20180906,12,40,-110,2000,26473.19921875,222.300003051758,15.0800046920776,3.67189693450928
20180906,18,40,-110,2000,26480.755859375,223.163650512695,14.8841018676758,2.81841802597046
20180907,0,40,-110,2000,26454.943359375,222.810012817383,16.9800033569336,0.729665517807007
20180907,6,40,-110,2000,26450.578125,223.5,18.0850105285645,-1.66543459892273
20180907,12,40,-110,2000,26413.564453125,223.300003051758,21.3800048828125,-2.41339349746704
20180907,18,40,-110,2000,26390.904296875,223.199996948242,24.6809310913086,-1.50152349472046
20180908,0,40,-110,2000,26336.3515625,222.199981689453,28.8800048828125,-0.567268073558807
20180908,6,40,-110,2000,26318.6953125,223.199996948242,29.0777854919434,-0.39876464009285
20180908,12,40,-110,2000,26280.359375,222.699996948242,30.9699993133545,-1.20658206939697
20180908,18,40,-110,2000,26280.8203125,221.999969482422,34.1386108398438,-2.49989008903503
20180909,0,40,-110,2000,26228.189453125,220.599975585938,37.4000015258789,-0.299902349710464
20180909,6,40,-110,2000,26216.412109375,219.79997253418,37.2890167236328,-0.89990234375
20180909,12,40,-110,2000,26194.30078125,219,39.9000015258789,-2.59990239143372
20180909,18,40,-110,2000,26204.0703125,218.5,42.4000015258789,-1.60007929801941
20180910,0,40,-110,2000,26175.814453125,216.099975585938,43.5999984741211,-1.60007929801941
20180910,6,40,-110,2000,26186.984375,215.099975585938,41.400016784668,-3.09990239143372
20180910,12,40,-110,2000,26181.560546875,214.999969482422,43.1000022888184,-7.00775766372681
20180910,18,40,-110,2000,26173.9140625,214.199996948242,46.5999984741211,-10.5999326705933
20180911,0,40,-110,2000,26119.23046875,210.79997253418,50.8691177368164,-9.13995361328125
20180911,6,40,-110,2000,26120.9765625,208.600006103516,48.3800086975098,-4.03005838394165
20180911,12,40,-110,2000,26128.54296875,208.79997253418,48.4600067138672,4.38399887084961
20180911,18,40,-110,2000,26199.193359375,213.399993896484,40.6367073059082,14.1559915542603
20180912,0,40,-110,2000,26243.900390625,215.100006103516,35.0599937438965,14.020263671875
20180912,6,40,-110,2000,26300.677734375,215.899993896484,28.8600006103516,10.1174564361572
20180912,12,40,-110,2000,26330.787109375,216.800003051758,26.9599990844727,8.96527862548828
20180912,18,40,-110,2000,26364.2421875,217.899978637695,24.8849716186523,9.91812992095947
20180913,0,40,-110,2000,26356.244140625,217,24.4084281921387,8.60011005401611
20180913,6,40,-110,2000,26382.9765625,217.699630737305,23.4000034332275,7.61312246322632
20180913,12,40,-110,2000,26407.732421875,218.399993896484,21.9918937683105,8.166748046875
20180913,18,40,-110,2000,26448.421875,219.199996948242,19.1000003814697,8.94066143035889
20180914,12,40,-110,2000,26525.4609375,220.600006103516,11.100004196167,1.01143193244934
20180914,18,40,-110,2000,26543.9921875,220.999969482422,11.3222217559814,0.710546851158142
20180915,0,40,-110,2000,26523.806640625,220.100006103516,12.1150026321411,-1.39992678165436
20180915,6,40,-110,2000,26521.517578125,220.600006103516,11.7000026702881,-3.79987192153931
20180915,12,40,-110,2000,26511.79296875,220.899993896484,12.6038570404053,-5.58096313476563
20180915,18,40,-110,2000,26505.4453125,220.699981689453,14.8999967575073,-7.00014638900757
20180916,0,40,-110,2000,26468.822265625,219.899978637695,18.3819751739502,-5.91036128997803
20180916,12,40,-110,2000,26442.802734375,219.600006103516,20.100004196167,-8.42262935638428
20180916,18,40,-110,2000,26441.390625,220.099975585938,21.3065986633301,-4.52945327758789
20180917,0,40,-110,2000,26428.525390625,220.300003051758,18.3800029754639,-3.61303949356079
20180917,6,40,-110,2000,26452.005859375,220.800003051758,16.6800003051758,-6.0644383430481
20180917,12,40,-110,2000,26460.783203125,221.899322509766,16.9100017547607,-6.19510507583618
20180917,18,40,-110,2000,26487.171875,222.699996948242,15.585000038147,-3.86176991462708
20180918,0,40,-110,2000,26476.69921875,222.699996948242,13.1900072097778,-2.02628898620605
20180918,6,40,-110,2000,26505.537109375,222.800003051758,8.17861843109131,-2.07861328125
20180918,12,40,-110,2000,26536.814453125,224.29997253418,7.18000221252441,-2.45497560501099
20180918,18,40,-110,2000,26568.29296875,224,5.59000492095947,-2.7462158203125
20180919,0,40,-110,2000,26540.158203125,222.899978637695,5.29000473022461,-4.11739253997803
20180919,6,40,-110,2000,26535.29296875,222.29997253418,6.31000232696533,-9.48887729644775
20180919,12,40,-110,2000,26507.294921875,221.899993896484,11.7800025939941,-12.5497217178345
20180919,18,40,-110,2000,26493.22265625,222.099975585938,17.203405380249,-9.77381134033203
20180920,0,40,-110,2000,26440.037109375,220.79997253418,20.1799983978271,-9.06100559234619
20180920,6,40,-110,2000,26421.13671875,220.499969482422,21.680004119873,-8.30923557281494
20180920,12,40,-110,2000,26408.962890625,220.79997253418,24.7700023651123,-4.18396472930908
20180920,18,40,-110,2000,26429.587890625,221.600006103516,24.8958930969238,0.943601071834564
20180921,0,40,-110,2000,26428.2109375,221,17.6000080108643,2.6979296207428
20180921,6,40,-110,2000,26480.5703125,220.600006103516,11.2399644851685,-0.772430419921875
20180921,12,40,-110,2000,26501.71484375,222,10.504732131958,-1.79989624023438
20180921,18,40,-110,2000,26541.072265625,222.636352539063,7.90000009536743,-2.63983774185181
20180922,0,40,-110,2000,26520.044921875,223.100006103516,8.30000019073486,-4.67526865005493
20180922,6,40,-110,2000,26540.0859375,223.5,7.26861715316772,-8.2332763671875
20180922,12,40,-110,2000,26546.3359375,224.210037231445,12.3999996185303,-8.90001201629639
20180922,18,40,-110,2000,26556.380859375,224.199996948242,11.6999998092651,-8.1999568939209
20180923,0,40,-110,2000,26522.568359375,223.899993896484,11.7000064849854,-8.5723876953125
20180923,6,40,-110,2000,26531.126953125,224,9.70000171661377,-10.7549867630005
20180923,12,40,-110,2000,26522.42578125,224.699996948242,11.2999973297119,-11.2999935150146
20180923,18,40,-110,2000,26521.94921875,225.199981689453,12.3999996185303,-10.4810791015625
20180924,0,40,-110,2000,26486.66015625,224,14.7000026702881,-10.6810607910156
20180924,6,40,-110,2000,26484.35546875,224.699996948242,14.2511234283447,-10.4924440383911
20180924,12,40,-110,2000,26486.970703125,225.600006103516,14.6999998092651,-10.5188112258911
20180924,18,40,-110,2000,26504.3359375,225.600006103516,16.3999977111816,-9.36614990234375
20180925,0,40,-110,2000,26472.154296875,224.300003051758,18.7000026702881,-7.79998159408569
20180925,6,40,-110,2000,26472.119140625,224,19.4000263214111,-7.69996929168701
20180925,12,40,-110,2000,26491.5390625,224.600006103516,20.3532657623291,-7.79991436004639
20180925,18,40,-110,2000,26516.48828125,223.999969482422,20.7000122070313,-5.82785177230835
20180926,0,40,-110,2000,26502.001953125,222.399993896484,20.2619552612305,-3.33312010765076
20180926,6,40,-110,2000,26533.4140625,222.29997253418,16.9099998474121,-2.66744136810303
20180926,12,40,-110,2000,26559.990234375,222,14.0899972915649,0.577734351158142
20180926,18,40,-110,2000,26588.974609375,222.399993896484,8.78000736236572,-0.608796358108521
20180927,0,40,-110,2000,26576.544921875,221.699996948242,10.2920703887939,-2.78830313682556
20180927,6,40,-110,2000,26587.9140625,221.891632080078,9.98000526428223,-3.31280517578125
20180927,12,40,-110,2000,26593.595703125,222,10.4800052642822,-2.84286379814148
20180927,18,40,-110,2000,26607.517578125,223.100006103516,10.9799995422363,-1.2822265625
20180928,0,40,-110,2000,26593.671875,223.800003051758,11.3787813186646,3.40007090568542
20180928,6,40,-110,2000,26626.259765625,224.099975585938,7.28000259399414,5.41133546829224
20180928,12,40,-110,2000,26653.869140625,225.899993896484,2.78222417831421,8.57197952270508
20180928,18,40,-110,2000,26700.765625,226.600006103516,-0.828605949878693,8.67876434326172
20180929,0,40,-110,2000,26708.466796875,226.300003051758,-1.32625246047974,6.5872802734375
20180929,6,40,-110,2000,26732.822265625,226.399978637695,-3.42999744415283,2.35460209846497
20180929,12,40,-110,2000,26741.359375,227.899993896484,-3.02999997138977,0.698359370231628
20180929,18,40,-110,2000,26771.607421875,229.599975585938,-3.32999992370605,-0.214204102754593
20180930,0,40,-110,2000,26740.78515625,228.800003051758,-3.4263231754303,-3.40416026115417
20180930,6,40,-110,2000,26753.533203125,229.79997253418,-3.42750978469849,-5.00489234924316
20180930,12,40,-110,2000,26759.443359375,230.800003051758,-4.03000020980835,-4.99815940856934
20180930,18,40,-110,2000,26779.599609375,231.79997253418,-5.90000009536743,-5.07964849472046
20181001,0,40,-110,2000,26748.634765625,231.100006103516,-5.53000020980835,-5.34005355834961
20181001,6,40,-110,2000,26751.119140625,231,-7.32000017166138,-8.29397487640381
20181001,12,40,-110,2000,26731.712890625,231.300003051758,-6.89999771118164,-9.43715858459473
20181001,18,40,-110,2000,26725.19921875,231.300003051758,-7.8899974822998,-9.90441131591797
20181002,0,40,-110,2000,26683.03515625,228.899993896484,-2.80999755859375,-10.0216989517212
20181002,6,40,-110,2000,26645.45703125,227.399993896484,-1.08999025821686,-11.517783164978
20181002,12,40,-110,2000,26629.712890625,228.099975585938,2.98000240325928,-11.9325981140137
20181002,18,40,-110,2000,26628.572265625,226.711624145508,4.58000469207764,-9.28683376312256
20181003,0,40,-110,2000,26575.310546875,225.199996948242,6.00000238418579,-7.51560544967651
20181003,6,40,-110,2000,26566.953125,225.036041259766,5.58000230789185,-9.08934593200684
20181003,12,40,-110,2000,26570.015625,224.699996948242,8.07999992370605,-5.00470447540283
20181003,18,40,-110,2000,26577.697265625,224.523040771484,6.28000020980835,-3.62004399299622
20181004,0,40,-110,2000,26546.61328125,223.100006103516,6.78000259399414,-2.24256348609924
20181004,6,40,-110,2000,26561.8515625,223.197235107422,4.78001689910889,-2.7818431854248
20181004,12,40,-110,2000,26573.9296875,222.899993896484,4.58474588394165,-2.01933836936951
20181004,18,40,-110,2000,26583.892578125,223,2.21000242233276,-1.47040283679962
20181005,0,40,-110,2000,26562.5390625,221.984817504883,3.40999746322632,-1.62031006813049
20181005,6,40,-110,2000,26583.455078125,222.499969482422,1.18000972270966,-3.08577394485474
20181005,12,40,-110,2000,26588.876953125,223,1.98000729084015,-3.29768562316895
20181005,18,40,-110,2000,26592.443359375,223,1.17999994754791,-3.13973379135132
20181006,0,40,-110,2000,26559.4296875,221.79997253418,1.18751704692841,-4.02695560455322
20181006,6,40,-110,2000,26556.5078125,221.488922119141,1.07971429824829,-7.48307609558105
20181006,12,40,-110,2000,26563.8984375,222.113525390625,4.38000726699829,-7.44053220748901
20181006,18,40,-110,2000,26552.443359375,221.699996948242,4.48000001907349,-5.46806621551514
20181007,0,40,-110,2000,26503.79296875,220.399993896484,6.69000005722046,-7.38114261627197
20181007,6,40,-110,2000,26506.591796875,220.600006103516,7.20000505447388,-8.89995098114014
20181007,12,40,-110,2000,26507.544921875,221.300003051758,10.9800024032593,-7.41574716567993
20181007,18,40,-110,2000,26513.3125,221,10.1000003814697,-4.96677255630493
20181008,0,40,-110,2000,26480.0546875,220.199996948242,10.8800048828125,-5.39760732650757
20181008,6,40,-110,2000,26490.0390625,220.699996948242,10.0999975204468,-6.94575691223145
20181008,12,40,-110,2000,26496.802734375,221.5,12.580002784729,-5.35727071762085
20181008,18,40,-110,2000,26502.947265625,221.546676635742,12.1999998092651,-3.06437015533447
20181009,0,40,-110,2000,26476.134765625,220.604568481445,12.4775123596191,-4.98979997634888
20181009,6,40,-110,2000,26479.53515625,220.699996948242,12.4799995422363,-4.62283706665039
20181009,12,40,-110,2000,26489.404296875,221.399993896484,14.8000001907349,-4.05718755722046
20181009,18,40,-110,2000,26499.181640625,220,16.4000015258789,-0.570991218090057
20181010,0,40,-110,2000,26465.71484375,218.699981689453,16.8900032043457,0.888447284698486
20181010,6,40,-110,2000,26495.337890625,218.79997253418,15.9700021743774,0.123125001788139
20181010,12,40,-110,2000,26526.404296875,218.800003051758,16.3800029754639,2.64259266853333
20181010,18,40,-110,2000,26547.177734375,218,11.4700002670288,6.39145517349243
20181011,0,40,-110,2000,26546.556640625,217.399993896484,4.47000980377197,5.10205316543579
20181011,6,40,-110,2000,26589.1171875,218.100006103516,1.19000005722046,2.56557130813599
20181011,12,40,-110,2000,26612.41796875,218.899993896484,0.899997532367706,0.88177490234375
20181011,18,40,-110,2000,26620.421875,219.29997253418,-0.200000002980232,0.550322294235229
20181012,0,40,-110,2000,26585.744140625,218.099975585938,1.2200049161911,-0.374541014432907
20181012,6,40,-110,2000,26593.052734375,218.79997253418,1.89000487327576,-0.664775371551514
20181012,12,40,-110,2000,26608.189453125,219.699996948242,2.71750974655151,0.337412118911743
20181012,18,40,-110,2000,26618.234375,218.800003051758,2.29000496864319,1.4395751953125
20181013,0,40,-110,2000,26593.59765625,219.29997253418,1.19000482559204,2.94622564315796
20181013,6,40,-110,2000,26616.609375,219.599975585938,-1.61008548736572,1.5610693693161
20181013,12,40,-110,2000,26625.359375,220.100006103516,-1.60239744186401,0.748520493507385
20181013,18,40,-110,2000,26641.7421875,220.800003051758,-1.61000001430511,1.64279294013977
20181014,0,40,-110,2000,26612.5078125,220.499969482422,-3.41000247001648,1.73387205600739
20181014,6,40,-110,2000,26637.677734375,220.999969482422,-3.93324208259583,-1.0199853181839
20181014,12,40,-110,2000,26652.734375,222.300003051758,-4.30999755859375,-0.694775402545929
20181014,18,40,-110,2000,26670.248046875,223.399993896484,-3.81000232696533,-2.38593745231628
20181015,0,40,-110,2000,26657.66015625,222.699996948242,-3.80999517440796,-2.5000171661377
20181015,6,40,-110,2000,26678.64453125,223.492523193359,-4.21335697174072,-4.40590810775757
20181015,12,40,-110,2000,26696.67578125,224.099975585938,-3.80999994277954,-2.22598886489868
20181015,18,40,-110,2000,26711.693359375,224.800003051758,-4.51999759674072,-3.73251962661743
20181016,0,40,-110,2000,26684.349609375,223.600006103516,-2.61999988555908,-2.3186719417572
20181016,6,40,-110,2000,26698.98046875,223.800003051758,-4.31999254226685,-1.79104006290436
20181016,12,40,-110,2000,26709.1015625,224,-4.92000007629395,-1.68613529205322
20181016,18,40,-110,2000,26717.474609375,223.800003051758,-4.5200047492981,-1.11665034294128
20181017,0,40,-110,2000,26686.515625,222.79997253418,-4.51999998092651,0.983325183391571
20181017,6,40,-110,2000,26698.037109375,222.699981689453,-6.82000017166138,-1.01758539676666
20181017,12,40,-110,2000,26695.587890625,222.899993896484,-5.91999530792236,0.261320799589157
20181017,18,40,-110,2000,26710.982421875,223.399993896484,-6.2199854850769,0.614270031452179
20181018,0,40,-110,2000,26683.962890625,222.300003051758,-5.61999988555908,1.78791010379791
20181018,6,40,-110,2000,26694.509765625,222.699996948242,-7.41999530792236,0.654057621955872
20181018,12,40,-110,2000,26700.556640625,223.100006103516,-7.21999502182007,2.14197254180908
20181018,18,40,-110,2000,26714.5234375,223.5,-7.42000007629395,2.83109855651855
20181019,0,40,-110,2000,26682.578125,222.699996948242,-7.61999988555908,4.22271966934204
20181019,6,40,-110,2000,26713.078125,222.79997253418,-9.52000045776367,3.39356923103333
20181019,18,40,-110,2000,26738.908203125,223.399978637695,-10.6400003433228,3.94234371185303
20181020,0,40,-110,2000,26706.77734375,222.899978637695,-11.2192554473877,4.88200664520264
20181020,6,40,-110,2000,26733.70703125,222.772659301758,-11.2399930953979,3.18006825447083
20181020,12,40,-110,2000,26729.21484375,223.099975585938,-10.6152658462524,4.61619138717651
20181020,18,40,-110,2000,26739.994140625,222.999969482422,-12.3099975585938,3.9622118473053
20181021,0,40,-110,2000,26711.009765625,222.100006103516,-12.2099828720093,3.63481450080872
20181021,6,40,-110,2000,26715.8046875,221.800003051758,-14.5100002288818,0.771547853946686
20181021,12,40,-110,2000,26720.828125,221.999969482422,-15.1899976730347,0.583100557327271
20181021,18,40,-110,2000,26729.3515625,222.5,-15.4899950027466,-2.24113035202026
20181022,0,40,-110,2000,26698.623046875,221.800003051758,-13.1899900436401,-3.67791509628296
20181022,6,40,-110,2000,26707.740234375,222.100006103516,-13.6144332885742,-5.30467510223389
20181022,12,40,-110,2000,26697.4453125,222.100006103516,-13.2899971008301,-4.08039283752441
20181022,18,40,-110,2000,26691.08984375,222.499969482422,-12.8099946975708,-5.9807448387146
20181023,0,40,-110,2000,26641.369140625,222.399948120117,-9.71000003814697,-5.76024913787842
20181023,6,40,-110,2000,26649.359375,222.100006103516,-8.98194789886475,-5.68995094299316
20181023,12,40,-110,2000,26643.462890625,222.199981689453,-7.60834693908691,-5.04083251953125
20181023,18,40,-110,2000,26635.392578125,223,-6.78834962844849,-4.04995107650757
20181024,0,40,-110,2000,26602.974609375,221.899993896484,-5.60999774932861,-2.1065137386322
20181024,6,40,-110,2000,26620.322265625,222.399978637695,-7.2099928855896,-2.25973868370056
20181024,12,40,-110,2000,26632.3359375,223.300003051758,-5.9100022315979,-3.16485118865967
20181024,18,40,-110,2000,26636.9296875,223.600006103516,-5.70999526977539,-1.83786129951477
20181025,0,40,-110,2000,26611.314453125,223.100006103516,-5.41472673416138,-2.12602305412292
20181025,6,40,-110,2000,26627.634765625,224.199996948242,-5.70999526977539,-3.44662356376648
20181025,12,40,-110,2000,26636.42578125,224.499969482422,-4.31473159790039,-2.76815915107727
20181025,18,40,-110,2000,26641.2265625,224.800003051758,-4.51526832580566,-1.33599126338959
20181026,0,40,-110,2000,26611.359375,224.100006103516,-4.20999526977539,-0.404018551111221
20181026,6,40,-110,2000,26624.072265625,225.099975585938,-4.90999984741211,-0.126582026481628
20181026,12,40,-110,2000,26634.01953125,224.499969482422,-4.4100022315979,0.685947239398956
20181026,18,40,-110,2000,26636.83984375,224.600006103516,-5.40999269485474,2.52648448944092
20181027,0,40,-110,2000,26616.419921875,224,-6.90917015075684,3.45138192176819
20181027,6,40,-110,2000,26634.109375,223.899978637695,-7.2299952507019,2.00961923599243
20181027,12,40,-110,2000,26645.4921875,224.100006103516,-7.31000471115112,4.11040544509888
20181027,18,40,-110,2000,26649.09765625,223.300003051758,-9.31000232696533,3.68211674690247
20181028,0,40,-110,2000,26619.033203125,222.699996948242,-7.50999736785889,3.81348633766174
20181028,6,40,-110,2000,26637.02734375,222.600006103516,-9.0099925994873,3.40738534927368
20181028,12,40,-110,2000,26642.064453125,222.5,-8.93000221252441,1.88410890102386
20181028,18,40,-110,2000,26652.982421875,222.499969482422,-7.40999746322632,2.04151606559753
20181029,0,40,-110,2000,26614.998046875,221.599975585938,-7.40999269485474,3.35279774665833
20181029,6,40,-110,2000,26627.76953125,221.800003051758,-7.92998552322388,-0.468698740005493
20181029,12,40,-110,2000,26632.828125,222.5,-6.70940208435059,0.664042949676514
20181029,18,40,-110,2000,26632.587890625,221.899993896484,-7.03000020980835,0.446979969739914
20181030,0,40,-110,2000,26593.830078125,221.300003051758,-6.08510971069336,-0.0166723635047674
20181030,6,40,-110,2000,26608.302734375,221.399993896484,-6.36682987213135,-2.4453296661377
20181030,12,40,-110,2000,26614.943359375,221.399993896484,-4.23620128631592,-2.17198252677917
20181030,18,40,-110,2000,26615.060546875,221.199996948242,-3.19949698448181,-1.69556641578674
20181031,0,40,-110,2000,26576.48828125,220.499969482422,-2.30065679550171,-1.03022456169128
20181031,6,40,-110,2000,26589.037109375,220.199996948242,-1.93533205986023,-1.99486577510834
20181031,12,40,-110,2000,26604.279296875,220.699981689453,-0.940449237823486,-0.555571317672729
20181031,18,40,-110,2000,26614.140625,220.199981689453,-1.63999998569489,1.32686030864716
20181101,0,40,-110,2000,26576.97265625,219.800003051758,-3.31999754905701,0.170830070972443
20181101,6,40,-110,2000,26604.02734375,219.999969482422,-3.49999690055847,-1.35261225700378
20181101,12,40,-110,2000,26613.44921875,220.199996948242,-3.79999685287476,-1.89993894100189
20181101,18,40,-110,2000,26622.869140625,220.800003051758,-3.70000147819519,-2.89993906021118
20181102,0,40,-110,2000,26584.3828125,219.999969482422,-3.40000295639038,-5.80994272232056
20181102,6,40,-110,2000,26593.587890625,220.999969482422,-2.49999856948853,-6.99992084503174
20181102,12,40,-110,2000,26594.8515625,221.5,-1.05112147331238,-7.49990224838257
20181102,18,40,-110,2000,26577.51171875,221.600006103516,1.98000490665436,-8.03994655609131
20181103,0,40,-110,2000,26533.341796875,220.899993896484,4.40654039382935,-7.07021474838257
20181103,6,40,-110,2000,26549.1328125,221.899978637695,5.51168203353882,-7.89442873001099
20181103,12,40,-110,2000,26542.974609375,221.800003051758,8.42334938049316,-4.12411117553711
20181103,18,40,-110,2000,26549.216796875,221.199996948242,7.31665992736816,-1.20762693881989
20181104,0,40,-110,2000,26522.306640625,220.899993896484,6.63099956512451,0.478037118911743
20181104,6,40,-110,2000,26550.3515625,221.300003051758,4.78000259399414,-0.0224121101200581
20181104,12,40,-110,2000,26558.79296875,221.300003051758,4.26473617553711,1.87513673305511
20181104,18,40,-110,2000,26564.7734375,220.899993896484,1.60000157356262,2.90006709098816
20181105,0,40,-110,2000,26534.693359375,221,1.09477996826172,1.50004887580872
20181105,6,40,-110,2000,26559.61328125,221.5,0.887496948242188,-0.499987781047821
20181105,12,40,-110,2000,26559.1328125,221.100006103516,2.38843393325806,0.600024402141571
20181105,18,40,-110,2000,26566.662109375,221.699996948242,-0.493112176656723,0.500048816204071
20181106,0,40,-110,2000,26540.3984375,221.100006103516,0.472958385944366,-2.2291259765625
20181106,6,40,-110,2000,26567.212890625,221.300003051758,0.792260766029358,-2.89993906021118
20181106,12,40,-110,2000,26577.16015625,222.300003051758,-0.744128406047821,-3.39994502067566
20181106,18,40,-110,2000,26581.16796875,221.660598754883,0.0487030036747456,-4.79994487762451
20181107,0,40,-110,2000,26543.10546875,221.499969482422,0.381787121295929,-5.77800607681274
20181107,6,40,-110,2000,26547.029296875,221.800003051758,1.88828122615814,-10.1999416351318
20181107,12,40,-110,2000,26532.1953125,221.899993896484,7.51921701431274,-9.19996929168701
20181107,18,40,-110,2000,26506.955078125,221.399978637695,9.6522216796875,-8.49998188018799
20181108,0,40,-110,2000,26451.23828125,220.699996948242,12.7490177154541,-8.19995403289795
20181108,6,40,-110,2000,26442.953125,220.199996948242,16.3650207519531,-9.0999698638916
20181108,12,40,-110,2000,26452.783203125,220.600006103516,20.3421173095703,-2.99997568130493
20181108,18,40,-110,2000,26455.6484375,219.399993896484,17.4698390960693,1.00001835823059
20181109,0,40,-110,2000,26435.873046875,218.79997253418,16.3493137359619,2.90001225471497
20181109,6,40,-110,2000,26463.88671875,218.300003051758,7.78433847427368,3.60001230239868
20181109,12,40,-110,2000,26503.61328125,219.199996948242,2.41050720214844,6.00001811981201
20181109,18,40,-110,2000,26521.525390625,218.699996948242,-2.87454843521118,6.29998779296875
20181110,0,40,-110,2000,26517.697265625,219.199996948242,-6.67618417739868,4.54677104949951
20181110,6,40,-110,2000,26539.474609375,219.600006103516,-8.11326885223389,1.00002443790436
20181110,12,40,-110,2000,26560.08203125,220.692535400391,-9.49726867675781,1.00002443790436
20181110,18,40,-110,2000,26569.03515625,220.899993896484,-10.5454502105713,-1.48273313045502
20181111,0,40,-110,2000,26543.14453125,220.600006103516,-9.38998985290527,-2.39993906021118
20181111,6,40,-110,2000,26559.294921875,221.399993896484,-8.80000877380371,-5.39996337890625
20181111,12,40,-110,2000,26565.6953125,221.79997253418,-6.09999704360962,-3.89990854263306
20181111,18,40,-110,2000,26569.34765625,221.899978637695,-4.56999826431274,-4.70009136199951
20181112,0,40,-110,2000,26542.984375,221.800003051758,-0.780581653118134,-4.39998769760132
20181112,6,40,-110,2000,26563.455078125,222.100006103516,-1.53791201114655,-4.70236206054688
20181112,12,40,-110,2000,26576.546875,222.631683349609,-2,-4.46113538742065
20181112,18,40,-110,2000,26588.2890625,222.5,-2.61416745185852,-3.52681875228882
20181113,0,40,-110,2000,26554.869140625,222.499969482422,-2.1114501953125,-2.79489493370056
20181113,6,40,-110,2000,26573.115234375,222.800003051758,-3.06568288803101,-2.80000305175781
20181113,12,40,-110,2000,26582.849609375,223.399978637695,-3.55662608146667,-1.7799950838089
20181113,18,40,-110,2000,26579.02734375,223.100006103516,-3.84697031974792,-1.23000001907349
20181114,0,40,-110,2000,26551.21484375,222.899978637695,-4.0136570930481,-0.449326157569885
20181114,6,40,-110,2000,26563.39453125,222.699996948242,-5.11220693588257,-2.81532216072083
20181114,12,40,-110,2000,26560.1796875,223.699981689453,-3.6914598941803,-3.2084276676178
20181114,18,40,-110,2000,26560.630859375,223.5,-3.8197705745697,-2.58001470565796
20181115,0,40,-110,2000,26516.05078125,222.399978637695,-2.47100353240967,-4.11100339889526
20181115,6,40,-110,2000,26509.04296875,222.999969482422,-1.97839593887329,-5.94998025894165
20181115,12,40,-110,2000,26509.83203125,223.600006103516,-0.0802148431539536,-4.59000015258789
20181115,18,40,-110,2000,26487.330078125,222.800003051758,1.88015139102936,-5.6200098991394
20181116,0,40,-110,2000,26445.193359375,222.199996948242,5.09925842285156,-4.40005207061768
20181116,6,40,-110,2000,26446.537109375,222.799957275391,4.89919424057007,-4.41569805145264
20181116,12,40,-110,2000,26453.36328125,222.600006103516,6.6068115234375,-2.76999998092651
20181116,18,40,-110,2000,26437.6875,222.29997253418,7.98810052871704,-2.05076670646667
20181117,0,40,-110,2000,26401.125,221.199981689453,8.53860855102539,-1.97000002861023
20181117,6,40,-110,2000,26406.154296875,221.399993896484,7.76604986190796,-1.85143065452576
20181117,12,40,-110,2000,26435.8828125,221.699996948242,7.42507314682007,-2.06570315361023
20181117,18,40,-110,2000,26425.10546875,220.79997253418,7.58999252319336,-2.60786366462708
20181118,0,40,-110,2000,26409.197265625,220.406982421875,7.82070302963257,-2.16001462936401
20181118,6,40,-110,2000,26419.83203125,220.699996948242,5.3335108757019,-5.26239967346191
20181118,12,40,-110,2000,26437.005859375,220.970413208008,6.61997556686401,-6.6567234992981
20181118,18,40,-110,2000,26427.279296875,220.399993896484,7.62055397033691,-6.12582015991211
20181119,0,40,-110,2000,26399.017578125,220.800003051758,8.20233917236328,-8.36785125732422
20181119,6,40,-110,2000,26419.064453125,220.600006103516,9.9429292678833,-9.7156400680542
20181119,12,40,-110,2000,26433.267578125,221.300003051758,11.7554130554199,-7.62944316864014
20181119,18,40,-110,2000,26446.822265625,221,11.6143159866333,-5.09998273849487
20181120,0,40,-110,2000,26436.029296875,220.399993896484,10.8147220611572,-2.86949229240417
20181120,6,40,-110,2000,26458.970703125,220.5,9.8381519317627,-3.8295726776123
20181120,12,40,-110,2000,26483.95703125,221.300003051758,9.12309551239014,-0.201989740133286
20181120,18,40,-110,2000,26484.357421875,220.899993896484,6.15998268127441,-0.283564448356628
20181121,0,40,-110,2000,26455.97265625,221.100006103516,7.19617938995361,-2.09782958030701
20181121,6,40,-110,2000,26451.33984375,221.514694213867,6.78652334213257,-2.21138668060303
20181121,12,40,-110,2000,26455.033203125,221.999969482422,6.80500221252441,-2.31197762489319
20181121,18,40,-110,2000,26433.373046875,222,6.90779066085815,-1.82738769054413
20181122,0,40,-110,2000,26403.595703125,222.300003051758,6.98260498046875,-3.5974657535553
20181122,6,40,-110,2000,26392.994140625,222.29997253418,7.98236083984375,-5.53877449035645
20181122,12,40,-110,2000,26391.85546875,224.199996948242,10.578782081604,-4.41856956481934
20181122,18,40,-110,2000,26369.1953125,223.499969482422,10.6735057830811,-5.10336685180664
20181123,0,40,-110,2000,26325.060546875,223.300003051758,14.7259941101074,-5.62199211120605
20181123,6,40,-110,2000,26322.375,224.29997253418,16.2939872741699,-3.50977540016174
20181123,12,40,-110,2000,26333.802734375,225.100006103516,16.4460010528564,-1.73065423965454
20181123,18,40,-110,2000,26318.82421875,224.300003051758,17.9699954986572,-3.61864757537842
20181124,0,40,-110,2000,26279.849609375,224.600006103516,19.9160137176514,-1.14054203033447
20181124,6,40,-110,2000,26287.7578125,224.429153442383,15.9765796661377,-0.169702142477036
20181124,12,40,-110,2000,26303.369140625,224.229156494141,13.7766380310059,0.650703132152557
20181124,18,40,-110,2000,26291.158203125,223.199996948242,10.1322584152222,1.98000490665436
20181125,0,40,-110,2000,26264.953125,222.300003051758,6.90872573852539,3.08518075942993
20181125,6,40,-110,2000,26276.98828125,222.300003051758,4.62744617462158,2.8222119808197
20181125,12,40,-110,2000,26297.2421875,222.899993896484,1.22127687931061,2.1400146484375
20181125,18,40,-110,2000,26297.375,221.999969482422,-0.77392578125,3.23382568359375
20181126,0,40,-110,2000,26280.068359375,222.199981689453,-5.01778554916382,2.59332752227783
20181126,6,40,-110,2000,26302.76171875,223.099975585938,-5.65311288833618,-0.629980444908142
20181126,12,40,-110,2000,26342.056640625,224.600006103516,-5.41618394851685,-0.590009748935699
20181126,18,40,-110,2000,26351.376953125,224.199981689453,-6.8007984161377,-0.294194340705872
20181127,0,40,-110,2000,26348.439453125,225.199996948242,-7.24625730514526,-0.720922827720642
20181127,6,40,-110,2000,26373.498046875,226.5,-6.53998279571533,-2.66871571540833
20181127,12,40,-110,2000,26406.1015625,226.79997253418,-5.85143327713013,-1.23100101947784
20181127,18,40,-110,2000,26408.115234375,226.600006103516,-7.75713157653809,-1.47897946834564
20181128,0,40,-110,2000,26406.181640625,226.199996948242,-7.6392993927002,-0.567651391029358
20181128,6,40,-110,2000,26427.84765625,226.300003051758,-6.93948078155518,-2.09999394416809
20181128,12,40,-110,2000,26467.802734375,226.499969482422,-5.85840129852295,-1.8999969959259
20181128,18,40,-110,2000,26478.619140625,225.600006103516,-6.64101552963257,-1.42914426326752
20181129,0,40,-110,2000,26465.005859375,224.899993896484,-6.06563091278076,-1.00000607967377
20181129,6,40,-110,2000,26482.720703125,225.199996948242,-6.15342998504639,-2.70000004768372
20181129,12,40,-110,2000,26518.029296875,225.300003051758,-4.42001962661743,-0.499993890523911
20181129,18,40,-110,2000,26514.880859375,224.999969482422,-7.20126342773438,-0.20001220703125
20181130,0,40,-110,2000,26498.6328125,224.300003051758,-6.8720703125,0.0999938994646072
20181130,6,40,-110,2000,26511.466796875,224.800003051758,-8.00120258331299,-0.400012195110321
20181130,12,40,-110,2000,26525.775390625,224.5,-7.63532114028931,-0.600012183189392
20181130,18,40,-110,2000,26513.068359375,224.599975585938,-9.09663963317871,1.02191162109375
20181201,0,40,-110,2000,26482.892578125,223.899993896484,-9.49776649475098,0.0999877899885178
20181201,6,40,-110,2000,26482.3125,224.300003051758,-8.88117694854736,-0.900006115436554
20181201,12,40,-110,2000,26485.001953125,224.600006103516,-9.4288272857666,-0.300000011920929
20181201,18,40,-110,2000,26482.650390625,224.699996948242,-9.9060001373291,-0.300006091594696
20181202,0,40,-110,2000,26450.95703125,224.199996948242,-10.4891109466553,-0.370852649211884
20181202,6,40,-110,2000,26452.75,224.399993896484,-9.78612327575684,-1.45218753814697
20181202,12,40,-110,2000,26466.365234375,224.411666870117,-10.3866920471191,-0.987543940544128
20181202,18,40,-110,2000,26463.98828125,224.5,-10.5769090652466,-1.0799902677536
20181203,0,40,-110,2000,26444.302734375,223.899993896484,-11.1243286132813,-1.02000975608826
20181203,6,40,-110,2000,26458.15234375,223.800003051758,-11.2175264358521,-2.0499951839447
20181203,12,40,-110,2000,26490.251953125,224.399993896484,-9.85554218292236,-0.986889660358429
20181203,18,40,-110,2000,26496.5859375,223.600006103516,-10.6398735046387,-0.843920886516571
20181204,0,40,-110,2000,26473.283203125,223.100006103516,-11.0014162063599,-1.3016699552536
20181204,6,40,-110,2000,26497.404296875,223.300003051758,-10.4378414154053,-2.61634755134583
20181204,12,40,-110,2000,26512.515625,223.600006103516,-9.52439975738525,-1.38404047489166
20181204,18,40,-110,2000,26516.07421875,222.699996948242,-10.6205148696899,-0.511660158634186
20181205,0,40,-110,2000,26483.818359375,222.5,-10.2314720153809,-1.11650395393372
20181205,6,40,-110,2000,26491.259765625,223.100006103516,-10.2056217193604,-2.85060429573059
20181205,12,40,-110,2000,26504.755859375,223.499969482422,-9.07572746276855,-0.999963402748108
20181205,18,40,-110,2000,26500.814453125,223.399993896484,-9.7304048538208,-1.59996950626373
20181206,0,40,-110,2000,26464.35546875,223.5,-9.26045227050781,-0.999969482421875
20181206,6,40,-110,2000,26462.080078125,223.899993896484,-9.25356864929199,-3.68995356559753
20181206,12,40,-110,2000,26475.484375,224.20442199707,-7.89232635498047,-2.34356689453125
20181206,18,40,-110,2000,26476.80078125,224.695556640625,-8.26437377929688,-1.99997556209564
20181207,0,40,-110,2000,26448.845703125,223.999969482422,-7.16481018066406,-1.09998166561127
20181207,6,40,-110,2000,26458.595703125,224.399993896484,-7.60079956054688,-1.54194331169128
20181207,12,40,-110,2000,26479.931640625,224.699996948242,-5.92546081542969,-0.399993896484375
20181207,18,40,-110,2000,26481.044921875,223.800003051758,-8.05519104003906,1.54360961914063
20181208,0,40,-110,2000,26465.927734375,223.899978637695,-8.02595806121826,1.70001220703125
20181208,6,40,-110,2000,26481.61328125,223.600006103516,-7.31178903579712,0.900018334388733
20181208,12,40,-110,2000,26498.697265625,224.199996948242,-7.04931640625,2.55640268325806
20181208,18,40,-110,2000,26502.35546875,223.800003051758,-7.84595775604248,2.5
20181209,0,40,-110,2000,26473.505859375,222.600006103516,-9.06265830993652,2.60001230239868
20181209,6,40,-110,2000,26482.099609375,223,-8.34019660949707,1.40000605583191
20181209,12,40,-110,2000,26492.171875,223.199996948242,-8.83172416687012,2.39999389648438
20181209,18,40,-110,2000,26491.3984375,222.800003051758,-9.34477710723877,2.00001215934753
20181210,0,40,-110,2000,26456.2578125,222.100006103516,-9.81391716003418,2.80010986328125
20181210,6,40,-110,2000,26465.44921875,222.599975585938,-9.15483093261719,0.0999938994646072
20181210,12,40,-110,2000,26475.734375,223,-7.77445697784424,1.70000004768372
20181210,18,40,-110,2000,26455.197265625,222.199996948242,-9.56847190856934,1.19999384880066
20181211,0,40,-110,2000,26419.64453125,222.199981689453,-9.48161506652832,0.499987781047821
20181211,6,40,-110,2000,26431.279296875,222.599975585938,-7.87539958953857,-0.700006127357483
20181211,12,40,-110,2000,26451.671875,223.600006103516,-7.60756826400757,0.699993908405304
20181211,18,40,-110,2000,26454.875,223.099975585938,-7.94624948501587,0.899999976158142
20181212,0,40,-110,2000,26430.375,223.300003051758,-8.73302268981934,1.69999384880066
20181212,6,40,-110,2000,26443.927734375,223.499969482422,-8.39999675750732,0.299990832805634
20181212,12,40,-110,2000,26470.357421875,224.100006103516,-8.44645881652832,2.00001215934753
20181212,18,40,-110,2000,26475.10546875,223.599975585938,-9.21149921417236,2.69999384880066
20181213,0,40,-110,2000,26453.01171875,223.300003051758,-11.1062088012695,2.40000605583191
20181213,6,40,-110,2000,26478.6171875,223.199996948242,-9.41896343231201,-0.499993890523911
20181213,12,40,-110,2000,26496.025390625,224.399993896484,-10.1097841262817,2.20000004768372
20181213,18,40,-110,2000,26502.3671875,223.199981689453,-10.8360900878906,0.4013671875
20181214,0,40,-110,2000,26483.884765625,223.399993896484,-10.6953153610229,1.70000612735748
20181214,6,40,-110,2000,26508.88671875,223.800003051758,-9.79609680175781,-1.45082402229309
20181214,12,40,-110,2000,26519.80078125,224.5,-9.80014610290527,0.79998779296875
20181214,18,40,-110,2000,26517.177734375,223.5,-10.1311063766479,-0.0999877899885178
20181215,0,40,-110,2000,26490.22265625,224,-11.1029205322266,0.600000023841858
20181215,6,40,-110,2000,26493.787109375,224.100006103516,-9.88735961914063,-2.20000600814819
20181215,12,40,-110,2000,26518.615234375,224.499969482422,-8.35444641113281,0.408563226461411
20181215,18,40,-110,2000,26511.7265625,224.399993896484,-10.641134262085,-0.400012195110321
20181216,0,40,-110,2000,26484.2890625,223.5,-9.20415306091309,-0.600012183189392
20181216,6,40,-110,2000,26485.490234375,224,-10.1312007904053,-1.09671628475189
20181216,12,40,-110,2000,26509.27734375,224.399993896484,-8.75864601135254,-0.700009167194366
20181216,18,40,-110,2000,26510.689453125,223.899993896484,-8.88751220703125,0.0999938994646072
20181217,0,40,-110,2000,26489.84765625,223.902786254883,-9.69063758850098,0.300000011920929
20181217,6,40,-110,2000,26500.892578125,223.300003051758,-8.95168495178223,-1.20000004768372
20181217,12,40,-110,2000,26518.76953125,224.100006103516,-8.62180805206299,0.48388671875
20181217,18,40,-110,2000,26506.61328125,223.399993896484,-9.95451068878174,0.0999633818864822
20181218,0,40,-110,2000,26480.099609375,223.199996948242,-9.52688026428223,0.199951171875
20181218,6,40,-110,2000,26493.92578125,223.800003051758,-9.0087947845459,-2.30001211166382
20181218,12,40,-110,2000,26514.857421875,224.399993896484,-7.40419912338257,-0.800018310546875
