20180720,0,-40,-35,2000,26908.556640625,225.317230224609,-14.2975883483887,-0.171865239739418
20180720,6,-40,-35,2000,26928.337890625,226.199996948242,-12.0999803543091,0.187587887048721
20180720,12,-40,-35,2000,26929.580078125,225.300003051758,-12.5952711105347,-2.64664554595947
20180720,18,-40,-35,2000,26898.568359375,224.999969482422,-14.3951120376587,-1.32613277435303
20180721,0,-40,-35,2000,26894.03515625,225.599975585938,-13.4999923706055,-0.799882829189301
20180721,6,-40,-35,2000,26909.125,225.49626159668,-12.9039869308472,-1.85858154296875
20180721,12,-40,-35,2000,26901.42578125,225.100006103516,-14.7999954223633,-2.93329095840454
20180721,18,-40,-35,2000,26864.3046875,224.800003051758,-14.3999948501587,-1.51603031158447
20180722,0,-40,-35,2000,26871.501953125,224.899993896484,-15.4199953079224,0.0699609369039536
20180722,6,-40,-35,2000,26888.759765625,225.600006103516,-15.2033596038818,-0.191206052899361
20180722,12,-40,-35,2000,26900.509765625,226.399993896484,-14.8957662582397,0.53143310546875
20180722,18,-40,-35,2000,26877.5390625,225.599975585938,-14.3999900817871,-0.674616694450378
20180723,0,-40,-35,2000,26892.390625,225.79997253418,-15.199987411499,1.42630612850189
20180723,6,-40,-35,2000,26912.900390625,226.899978637695,-13.6999979019165,0.463696300983429
20180723,12,-40,-35,2000,26933.72265625,226.300003051758,-16.8199920654297,0.325355231761932
20180723,18,-40,-35,2000,26909.244140625,226.699996948242,-15.1033325195313,1.98121821880341
20180724,0,-40,-35,2000,26933.134765625,226.479690551758,-16.7095432281494,0.621347665786743
20180724,6,-40,-35,2000,26949.1796875,226.79997253418,-15.1099948883057,1.98122560977936
20180724,12,-40,-35,2000,26966.279296875,226.800003051758,-14.5100002288818,-0.959616720676422
20180724,18,-40,-35,2000,26931.1796875,226.300003051758,-16.1099147796631,-0.439506828784943
20180725,0,-40,-35,2000,26954.11328125,226.399993896484,-14.209997177124,0.159570306539536
20180725,6,-40,-35,2000,26952.1796875,225.699996948242,-15.3048267364502,-1.32689702510834
20180725,12,-40,-35,2000,26961.015625,226.300003051758,-15.3100023269653,-0.815197765827179
20180725,18,-40,-35,2000,26919.734375,225.300003051758,-15.6999998092651,-2.00859141349792
20180726,0,-40,-35,2000,26939.28515625,225.399978637695,-16.3994121551514,0.0038232421502471
20180726,6,-40,-35,2000,26951.474609375,225.600006103516,-14.1100025177002,0.0838793963193893
20180726,12,-40,-35,2000,26961.318359375,225.600006103516,-15.7299995422363,-0.763916015625
20180726,18,-40,-35,2000,26916.66796875,224.79997253418,-15.0097122192383,-0.35123535990715
20180727,0,-40,-35,2000,26941.525390625,225.599975585938,-15.0033082962036,0.4721460044384
20180727,6,-40,-35,2000,26944.0703125,224.699996948242,-13.7032985687256,-0.644526362419128
20180727,12,-40,-35,2000,26954.607421875,225.399993896484,-14.8099975585938,0.15557861328125
20180727,18,-40,-35,2000,26904.4609375,224.399978637695,-14.2033252716064,-1.97630131244659
20180728,0,-40,-35,2000,26924.1015625,224.399993896484,-14.1999950408936,0.943701148033142
20180728,6,-40,-35,2000,26916.431640625,224.699996948242,-14.1103048324585,-0.350419908761978
20180728,12,-40,-35,2000,26933.955078125,224.5,-14.0030469894409,-2.15025019645691
20180728,18,-40,-35,2000,26890.4765625,223.600006103516,-14.1975831985474,-0.651013195514679
20180729,0,-40,-35,2000,26894.306640625,224.199996948242,-14.0999946594238,-0.0551843270659447
20180729,6,-40,-35,2000,26901.443359375,223.899978637695,-14.1099996566772,-0.67987060546875
20180729,12,-40,-35,2000,26908.1953125,224.29997253418,-13.8099946975708,-2.04080820083618
20180729,18,-40,-35,2000,26872.623046875,223.800003051758,-13.5032615661621,-1.62668085098267
20180730,0,-40,-35,2000,26875.57421875,224.199981689453,-14.3998441696167,0.0165624991059303
20180730,6,-40,-35,2000,26893.544921875,225.206985473633,-13.8099946975708,0.681972682476044
20180730,12,-40,-35,2000,26907.650390625,224.999969482422,-13.1019020080566,-1.23659181594849
20180730,18,-40,-35,2000,26866.990234375,224.399993896484,-13.3199996948242,0.333648681640625
20180731,0,-40,-35,2000,26875.072265625,225.599975585938,-12.5022096633911,0.193812251091003
20180731,6,-40,-35,2000,26896.44921875,225.899978637695,-12.3996629714966,0.456569820642471
20180731,12,-40,-35,2000,26905.376953125,225.5,-11.8033418655396,-0.566354990005493
20180731,18,-40,-35,2000,26864.9375,225.29997253418,-13.0096969604492,0.127578124403954
20180801,0,-40,-35,2000,26884.408203125,225.699981689453,-13.8099927902222,1.36070072650909
20180801,6,-40,-35,2000,26894.95703125,226.300003051758,-13.0066795349121,1.17627441883087
20180801,12,-40,-35,2000,26909.703125,225.699996948242,-11.9099979400635,-0.942402362823486
20180801,18,-40,-35,2000,26875.58984375,225.399978637695,-13.3994388580322,0.715522468090057
20180802,0,-40,-35,2000,26897.248046875,225.600006103516,-12.400595664978,0.205092772841454
20180802,6,-40,-35,2000,26903.427734375,225.699981689453,-13.1013259887695,0.410090327262878
20180802,12,-40,-35,2000,26914.435546875,225.399978637695,-11.6099977493286,-1.80795657634735
20180802,18,-40,-35,2000,26881.365234375,224.600006103516,-14.019983291626,-0.979902327060699
20180803,0,-40,-35,2000,26891.26171875,225.5,-13.0100002288818,-0.405925303697586
20180803,6,-40,-35,2000,26900.072265625,224.800003051758,-13.7266092300415,-0.415380865335464
20180803,12,-40,-35,2000,26906.880859375,225.632125854492,-13.3100004196167,-1.98013186454773
20180803,18,-40,-35,2000,26872.71484375,224.800003051758,-13.9997367858887,-0.160434573888779
20180804,0,-40,-35,2000,26885.759765625,225.100006103516,-14.1100025177002,-0.0952441394329071
20180804,6,-40,-35,2000,26897.61328125,225.79997253418,-12.7999954223633,0.832766115665436
20180804,12,-40,-35,2000,26904.775390625,225.599975585938,-12.0998487472534,-1.70635497570038
20180804,18,-40,-35,2000,26873.3671875,224.699996948242,-13.7800045013428,0.121328122913837
20180805,0,-40,-35,2000,26895.3515625,226.100006103516,-12.1035470962524,1.33746576309204
20180805,6,-40,-35,2000,26908.142578125,225.899993896484,-11.397216796875,0.0599462874233723
20180805,12,-40,-35,2000,26917.220703125,225.699996948242,-12.2199926376343,-1.58328855037689
20180805,18,-40,-35,2000,26873.2421875,225.300003051758,-12.5042209625244,0.842786848545074
20180806,0,-40,-35,2000,26894.76171875,225.699996948242,-11.3102169036865,1.10043334960938
20180806,6,-40,-35,2000,26904.47265625,225.800003051758,-12.7042284011841,-0.0552001968026161
20180806,12,-40,-35,2000,26926.962890625,225.5,-12.4102144241333,1.50693237781525
20180806,18,-40,-35,2000,26894.390625,224.899978637695,-12.1082324981689,0.154465332627296
20180807,0,-40,-35,2000,26909.4140625,224.600006103516,-13.0065870285034,0.195040285587311
20180807,6,-40,-35,2000,26919.939453125,225.600006103516,-12.8031978607178,0.870628654956818
20180807,12,-40,-35,2000,26932.375,224.999969482422,-12.6087675094604,-0.0827819854021072
20180807,18,-40,-35,2000,26891.9453125,224.399993896484,-13.506911277771,-1.72424077987671
20180808,0,-40,-35,2000,26910.068359375,225.199981689453,-11.0027341842651,-0.211381837725639
20180808,6,-40,-35,2000,26909.4296875,224.599975585938,-12.0095186233521,-0.738632798194885
20180808,12,-40,-35,2000,26916.087890625,225.100006103516,-11.4999904632568,-2.03843998908997
20180808,18,-40,-35,2000,26870.0234375,224.199996948242,-11.7999925613403,-0.917934596538544
20180809,0,-40,-35,2000,26871.38671875,225.150726318359,-11.3999977111816,-1.35262203216553
20180809,6,-40,-35,2000,26876.73828125,225.5,-11.1013431549072,-0.152102053165436
20180809,12,-40,-35,2000,26880.3203125,225.499969482422,-10.4099779129028,-1.12716066837311
20180809,18,-40,-35,2000,26829.794921875,225.300003051758,-9.40167236328125,-0.213847652077675
20180810,0,-40,-35,2000,26850.6875,225.399978637695,-9.60999011993408,0.909936547279358
20180810,6,-40,-35,2000,26847,225.099975585938,-9.59998989105225,1.62751948833466
20180810,12,-40,-35,2000,26858.126953125,225.928619384766,-8.49999523162842,0.444394528865814
20180810,18,-40,-35,2000,26824.044921875,225.5,-8.89999485015869,1.4847412109375
20180811,0,-40,-35,2000,26852.1796875,225.799362182617,-7.09998512268066,2.13782477378845
20180811,6,-40,-35,2000,26859.015625,225.899978637695,-8.62996292114258,1.22625243663788
20180811,12,-40,-35,2000,26885.7109375,226.29997253418,-8.00999546051025,1.27438724040985
20180811,18,-40,-35,2000,26861.517578125,226.399993896484,-8.309983253479,0.663818359375
20180812,0,-40,-35,2000,26882.685546875,226,-8.60999298095703,2.08240485191345
20180812,6,-40,-35,2000,26889.453125,225.699981689453,-7.02999496459961,1.72588741779327
20180812,12,-40,-35,2000,26912.8359375,226.5,-9.40951633453369,-0.420085459947586
20180812,18,-40,-35,2000,26874.544921875,225.100006103516,-7.51177501678467,0.0699218735098839
20180813,0,-40,-35,2000,26885.15234375,225.499969482422,-9.0099925994873,0.527235090732574
20180813,6,-40,-35,2000,26903.875,225.399978637695,-8.409987449646,0.105230711400509
20180813,12,-40,-35,2000,26906.400390625,225.199996948242,-9.70976543426514,-0.47564697265625
20180813,18,-40,-35,2000,26874.5859375,224.599975585938,-9.80693626403809,-0.613195776939392
20180814,0,-40,-35,2000,26882.97265625,224.5,-10.8065671920776,0.54766845703125
20180814,6,-40,-35,2000,26898.2421875,224.908081054688,-10.4899873733521,-0.467985838651657
20180814,12,-40,-35,2000,26902.029296875,223.899993896484,-11.0099954605103,-0.858317852020264
20180814,18,-40,-35,2000,26860.78515625,223.800003051758,-11.9099998474121,-1.33943116664886
20180815,0,-40,-35,2000,26878.873046875,224.300003051758,-11.899941444397,0.0665649399161339
20180815,6,-40,-35,2000,26881.95703125,224.5,-10.4999876022339,0.359465330839157
20180815,12,-40,-35,2000,26876.48828125,224.599975585938,-11.8099946975708,-2.17308354377747
20180815,18,-40,-35,2000,26842.91796875,224.600006103516,-11.8999929428101,0.700488269329071
20180816,0,-40,-35,2000,26847.880859375,225.300003051758,-10.8999853134155,1.07148921489716
20180816,6,-40,-35,2000,26864.580078125,224.800003051758,-9.42012691497803,-0.842158198356628
20180816,12,-40,-35,2000,26864.630859375,225.199981689453,-11.5999946594238,-0.285991221666336
20180816,18,-40,-35,2000,26826.63671875,224.899993896484,-9.79999256134033,0.180007323622704
20180817,0,-40,-35,2000,26826.3671875,225.199996948242,-11.5100002288818,-0.546787083148956
20180817,6,-40,-35,2000,26836.3203125,224.800003051758,-10.9999904632568,0.47933104634285
20180817,12,-40,-35,2000,26853.953125,225.699996948242,-10.4841604232788,0.378015130758286
20180817,18,-40,-35,2000,26833.400390625,225,-9.70999240875244,0.605715334415436
20180818,0,-40,-35,2000,26857.369140625,225.29997253418,-9.90999221801758,1.44604003429413
20180818,6,-40,-35,2000,26872.015625,225.920501708984,-9.20351600646973,1.68836176395416
20180818,12,-40,-35,2000,26885.662109375,224.800003051758,-8.43000030517578,-1.12113285064697
20180818,18,-40,-35,2000,26852.9765625,225.100006103516,-10.4074659347534,0.965310037136078
20180819,0,-40,-35,2000,26881.4296875,225.300003051758,-8.4076566696167,1.19609868526459
20180819,6,-40,-35,2000,26888.07421875,225.399993896484,-8.40999984741211,0.767033696174622
20180819,12,-40,-35,2000,26904.890625,224.899978637695,-7.69999742507935,-0.00757812522351742
20180819,18,-40,-35,2000,26873.330078125,224.399993896484,-8.8000020980835,-0.207246094942093
20180820,0,-40,-35,2000,26882.7890625,224.899978637695,-8.61019325256348,0.740371108055115
20180820,6,-40,-35,2000,26889.6484375,224.800003051758,-7.29951667785645,0.020410155877471
20180820,12,-40,-35,2000,26889.29296875,224.899978637695,-8.67995643615723,-2.07080554962158
20180820,18,-40,-35,2000,26846.33203125,223.599975585938,-8.60999774932861,-0.237866207957268
20180821,0,-40,-35,2000,26856.08984375,224.79997253418,-8.80302715301514,0.329926759004593
20180821,6,-40,-35,2000,26871.5,224.29997253418,-8.20999240875244,-0.415690928697586
20180821,12,-40,-35,2000,26874.412109375,224.100006103516,-9.10326671600342,-0.113393552601337
20180821,18,-40,-35,2000,26845.884765625,223.5,-7.9042820930481,-0.360793471336365
20180822,0,-40,-35,2000,26856.83203125,223.699996948242,-11.1099901199341,-0.222666010260582
20180822,6,-40,-35,2000,26867.66015625,223.600006103516,-8.20222663879395,2.67970943450928
20180822,12,-40,-35,2000,26879.23046875,224.100006103516,-8.60582542419434,-1.03355717658997
20180822,18,-40,-35,2000,26848.455078125,222.600006103516,-9.60999774932861,-0.586127936840057
20180823,0,-40,-35,2000,26857.939453125,223.600006103516,-9.80998992919922,1.69654786586761
20180823,6,-40,-35,2000,26857.9296875,223.199981689453,-9.41535186767578,-0.919936537742615
20180823,12,-40,-35,2000,26874.7421875,223.699981689453,-9.91326427459717,-1.05449712276459
20180823,18,-40,-35,2000,26833.51953125,223.306976318359,-9.90659141540527,-0.429653316736221
20180824,0,-40,-35,2000,26834.318359375,223.199996948242,-9.13230991363525,-1.69392824172974
20180824,6,-40,-35,2000,26842.869140625,223.599975585938,-9.106689453125,-0.921909153461456
20180824,12,-40,-35,2000,26843.84765625,223.399993896484,-9.80998802185059,-2.11642932891846
20180824,18,-40,-35,2000,26806.185546875,222.79997253418,-8.40776348114014,-2.85970330238342
20180825,0,-40,-35,2000,26798.80078125,222.899993896484,-10.4089574813843,-0.778859853744507
20180825,6,-40,-35,2000,26798.126953125,223,-8.30998802185059,-0.862565934658051
20180825,12,-40,-35,2000,26802.73046875,223.300003051758,-8.79999256134033,-1.08740234375
20180825,18,-40,-35,2000,26760.171875,222.399993896484,-7.20999526977539,-0.616599142551422
20180826,0,-40,-35,2000,26774.560546875,223,-8.70998764038086,0.776765108108521
20180826,6,-40,-35,2000,26787.6171875,223.800003051758,-6.80138921737671,1.36913824081421
20180826,12,-40,-35,2000,26799.244140625,223.699996948242,-6.49999761581421,-0.0304077155888081
20180826,18,-40,-35,2000,26768.931640625,223.793014526367,-7.00999736785889,0.421989738941193
20180827,0,-40,-35,2000,26791.404296875,224.600006103516,-7.39739513397217,2.03442621231079
20180827,6,-40,-35,2000,26810.904296875,225.899993896484,-4.30999994277954,2.96845936775208
20180827,12,-40,-35,2000,26821.158203125,225.399978637695,-3.99999022483826,1.00449216365814
20180827,18,-40,-35,2000,26793.001953125,225.100006103516,-5.39883804321289,1.98738765716553
20180828,0,-40,-35,2000,26811.837890625,226.100006103516,-5.10998773574829,3.18449473381042
20180828,6,-40,-35,2000,26831.73828125,226.300003051758,-2.50998544692993,2.48755621910095
20180828,12,-40,-35,2000,26836.482421875,225.699996948242,-4.57999992370605,-0.618571758270264
20180828,18,-40,-35,2000,26801.892578125,224.899993896484,-4.4100022315979,2.30687999725342
20180829,0,-40,-35,2000,26808.8984375,225.899978637695,-4.00777578353882,0.960054934024811
20180829,6,-40,-35,2000,26823.8671875,225.29997253418,-4.81000471115112,2.1736524105072
20180829,12,-40,-35,2000,26825.162109375,225.300003051758,-4.38222408294678,0.540722668170929
20180829,18,-40,-35,2000,26801.6796875,224.899993896484,-4.90999746322632,1.47779536247253
20180830,0,-40,-35,2000,26817.91796875,225.199981689453,-5.40999746322632,2.33001089096069
20180830,6,-40,-35,2000,26821.787109375,224.600006103516,-5.00998544692993,1.55307376384735
20180830,12,-40,-35,2000,26829.625,224.79997253418,-6.00194072723389,-0.302416980266571
20180830,18,-40,-35,2000,26796.67578125,223.79997253418,-7.10677480697632,1.2104834318161
20180831,0,-40,-35,2000,26820.796875,224.199996948242,-5.70999002456665,0.937287569046021
20180831,6,-40,-35,2000,26826.0078125,224.399978637695,-6.51499509811401,-0.1568493694067
20180831,12,-40,-35,2000,26835.0859375,224.29997253418,-6.80998277664185,-0.0722766146063805
20180831,18,-40,-35,2000,26796.908203125,223,-6.40999746322632,-1.19897949695587
20180901,0,-40,-35,2000,26801.037109375,223.899993896484,-7.90683364868164,-1.01094722747803
20180901,6,-40,-35,2000,26808.2890625,223.199996948242,-5.51021718978882,-0.726014375686646
20180901,12,-40,-35,2000,26809.654296875,223.499969482422,-7.01138687133789,-2.3504810333252
20180901,18,-40,-35,2000,26763.27734375,222.56787109375,-6.21460914611816,-1.93004882335663
20180902,0,-40,-35,2000,26769.046875,222.79997253418,-6.90827894210815,-0.870202660560608
20180902,6,-40,-35,2000,26770.828125,222.999481201172,-5.202392578125,-2.4578857421875
20180902,12,-40,-35,2000,26773.185546875,222.599975585938,-6.4100022315979,-2.91025876998901
20180902,18,-40,-35,2000,26736.4921875,222.5,-5.80138206481934,-1.07253909111023
20180903,0,-40,-35,2000,26744.732421875,222.79997253418,-6.18998527526855,-0.903603494167328
20180903,6,-40,-35,2000,26758.419921875,222.79997253418,-5.00998783111572,-1.00251460075378
20180903,12,-40,-35,2000,26768.447265625,223.100006103516,-6.10221195220947,-1.04410648345947
20180903,18,-40,-35,2000,26730.537109375,222.899993896484,-4.89999771118164,-0.945805668830872
20180904,0,-40,-35,2000,26755.669921875,222.899993896484,-6.42999029159546,-0.0285351555794477
20180904,6,-40,-35,2000,26773.07421875,223.5,-5.10999774932861,0.709824204444885
20180904,12,-40,-35,2000,26788.169921875,224.099975585938,-3.79674077033997,0.675427258014679
20180904,18,-40,-35,2000,26757.13671875,223.29997253418,-5.62370586395264,0.319826662540436
20180905,0,-40,-35,2000,26779.01171875,224.399993896484,-5.41999530792236,2.2191698551178
20180905,6,-40,-35,2000,26792.955078125,224.699996948242,-4.30333995819092,2.07521486282349
20180905,12,-40,-35,2000,26810.453125,224.699996948242,-4.80999994277954,1.18005609512329
20180905,18,-40,-35,2000,26784.279296875,223.899993896484,-5.01000022888184,2.18377208709717
20180906,0,-40,-35,2000,26802.2890625,224.599975585938,-5.20999526977539,2.05011224746704
20180906,6,-40,-35,2000,26806.755859375,224.399993896484,-4.90999984741211,1.87858402729034
20180906,12,-40,-35,2000,26821.759765625,224,-4.5099949836731,-0.018103027716279
20180906,18,-40,-35,2000,26783.234375,223.56364440918,-6.30589866638184,0.888417959213257
20180907,0,-40,-35,2000,26795.181640625,223.510009765625,-5.20999765396118,0.769665539264679
20180907,6,-40,-35,2000,26807.537109375,223.800003051758,-5.71499013900757,-0.115434572100639
20180907,12,-40,-35,2000,26817.64453125,223.399993896484,-5.60999488830566,0.0666064471006393
20180907,18,-40,-35,2000,26778.6640625,222.699996948242,-4.60906982421875,-0.401523441076279
20180908,0,-40,-35,2000,26786.11328125,222.699981689453,-5.90999507904053,-0.157268062233925
20180908,6,-40,-35,2000,26783.095703125,222.5,-5.21221446990967,0.711235344409943
20180908,12,-40,-35,2000,26793.880859375,222.600006103516,-4.51000022888184,-1.71658205986023
20180908,18,-40,-35,2000,26756.5,221.79997253418,-5.46138906478882,0.000109863278339617
20180909,0,-40,-35,2000,26763.630859375,221.79997253418,-5.09999704360962,-0.199902340769768
20180909,6,-40,-35,2000,26763.453125,222.199981689453,-4.11098337173462,-0.799902319908142
20180909,12,-40,-35,2000,26772.859375,221.300003051758,-5.30000019073486,-0.799902319908142
20180909,18,-40,-35,2000,26717.75,221.300003051758,-4.19999980926514,-0.900079369544983
20180910,0,-40,-35,2000,26721.3359375,221.29997253418,-5.30000019073486,-1.00007939338684
20180910,6,-40,-35,2000,26710.904296875,221.499969482422,-3.79998469352722,0.10009765625
20180910,12,-40,-35,2000,26717.400390625,221.79997253418,-3.3999969959259,-1.90775752067566
20180910,18,-40,-35,2000,26675.8359375,220.899993896484,-2.90000009536743,-1.79993283748627
20180911,0,-40,-35,2000,26679.310546875,221.499969482422,-4.73088359832764,-0.239953607320786
20180911,6,-40,-35,2000,26683.45703125,222.399993896484,-2.30999279022217,-0.0800585970282555
20180911,12,-40,-35,2000,26684.0625,222.099975585938,-2.49999523162842,-1.6160010099411
20180911,18,-40,-35,2000,26647.3515625,221.699996948242,-4.10329341888428,0.165991216897964
20180912,0,-40,-35,2000,26677.259765625,222.800003051758,-3.48000478744507,1.95026361942291
20180912,6,-40,-35,2000,26686.998046875,223,-2.40000009536743,1.97745609283447
20180912,12,-40,-35,2000,26705.587890625,223,-3.10999989509583,0.455278307199478
20180912,18,-40,-35,2000,26685.681640625,222.79997253418,-4.22502946853638,2.4581298828125
20180913,0,-40,-35,2000,26715.60546875,223.899993896484,-3.09157109260559,3.60010981559753
20180913,6,-40,-35,2000,26729.537109375,223.599639892578,-1.69999694824219,2.81312251091003
20180913,12,-40,-35,2000,26740.212890625,223.5,-3.60810542106628,0.166748046875
20180913,18,-40,-35,2000,26721.943359375,223.199996948242,-3.40000009536743,3.24066162109375
20180914,12,-40,-35,2000,26752.099609375,223.300003051758,-3.29999542236328,1.01143193244934
20180914,18,-40,-35,2000,26708.232421875,222.999969482422,-2.87777853012085,0.810546875
20180915,0,-40,-35,2000,26715.248046875,222.600006103516,-4.48499774932861,0.500073254108429
20180915,6,-40,-35,2000,26718.318359375,222.899993896484,-1.79999697208405,2.60012817382813
20180915,12,-40,-35,2000,26726.431640625,222.399993896484,-1.89614260196686,-1.48096311092377
20180915,18,-40,-35,2000,26671.92578125,221.499969482422,-4.00000286102295,1.099853515625
20180916,0,-40,-35,2000,26685.86328125,222.399978637695,-2.10802483558655,2.33963871002197
20180916,12,-40,-35,2000,26700.5625,221.600006103516,-1.80999517440796,0.507370591163635
20180916,18,-40,-35,2000,26657.7890625,221.999969482422,-1.71340084075928,0.770546853542328
20180917,0,-40,-35,2000,26666.365234375,221.699996948242,-2.00999760627747,1.79696047306061
20180917,6,-40,-35,2000,26673.205078125,222.600006103516,-0.810000002384186,2.20556163787842
20180917,12,-40,-35,2000,26690.22265625,222.499313354492,0.0900024399161339,0.754895031452179
20180917,18,-40,-35,2000,26650.7734375,222.399993896484,-1.10500001907349,1.59823000431061
20180918,0,-40,-35,2000,26667.01953125,222.399993896484,0.190007328987122,2.8037109375
20180918,6,-40,-35,2000,26666.73828125,222.899993896484,-0.211381837725639,1.55138671398163
20180918,12,-40,-35,2000,26674.654296875,222.79997253418,0.390002429485321,2.61502432823181
20180918,18,-40,-35,2000,26640.1328125,222.600006103516,-0.00999511685222387,1.39378416538239
20180919,0,-40,-35,2000,26658.23828125,222.999969482422,-1.08999514579773,3.00260734558105
20180919,6,-40,-35,2000,26664.732421875,223.29997253418,0.990002453327179,4.28112316131592
20180919,12,-40,-35,2000,26677.294921875,223.199996948242,0.490002453327179,1.15027832984924
20180919,18,-40,-35,2000,26647.86328125,222.999969482422,-0.4065942466259,2.66618895530701
20180920,0,-40,-35,2000,26662.59765625,223.199981689453,-0.310002446174622,3.8989942073822
20180920,6,-40,-35,2000,26673.857421875,223.599975585938,0.910004854202271,2.45076417922974
20180920,12,-40,-35,2000,26693.681640625,222.999969482422,-0.409997552633286,1.63603520393372
20180920,18,-40,-35,2000,26652.947265625,222.5,0.895893573760986,1.89360105991364
20180921,0,-40,-35,2000,26666.76953125,222.100006103516,-0.409992665052414,0.847929716110229
20180921,6,-40,-35,2000,26677.2109375,222.800003051758,0.239964291453362,2.12756967544556
20180921,12,-40,-35,2000,26694.435546875,222.199996948242,1.604731798172,-0.399896234273911
20180921,18,-40,-35,2000,26642.11328125,221.43635559082,-0.600000023841858,-0.839837670326233
20180922,0,-40,-35,2000,26656.845703125,221.5,-0.800000011920929,0.824731469154358
20180922,6,-40,-35,2000,26661.205078125,222,1.16861724853516,0.2667236328125
20180922,12,-40,-35,2000,26662.57421875,220.810028076172,-0.200000002980232,-1.60001218318939
20180922,18,-40,-35,2000,26614.69921875,220.399993896484,-1,-0.399957269430161
20180923,0,-40,-35,2000,26622.806640625,221,-1.99999392032623,0.9276123046875
20180923,6,-40,-35,2000,26632.0078125,220.899993896484,0.800001502037048,0.945013403892517
20180923,12,-40,-35,2000,26630.984375,220.899993896484,-0.400003045797348,-1.39999389648438
20180923,18,-40,-35,2000,26600.509765625,220.499969482422,-1.10000002384186,1.21892094612122
20180924,0,-40,-35,2000,26605.140625,220.5,-0.999996960163116,0.0189392082393169
20180924,6,-40,-35,2000,26613.875,221.300003051758,-0.348876953125,2.00755620002747
20180924,12,-40,-35,2000,26629.9296875,220.899993896484,-0.300000011920929,-1.71881103515625
20180924,18,-40,-35,2000,26602.015625,220.699996948242,-1.30000305175781,1.03385007381439
20180925,0,-40,-35,2000,26613.115234375,220.800003051758,-2.19999694824219,0.600018322467804
20180925,6,-40,-35,2000,26636.119140625,221.699996948242,0.100025936961174,1.20003056526184
20180925,12,-40,-35,2000,26650.33984375,221.600006103516,-2.04673457145691,0.500085473060608
20180925,18,-40,-35,2000,26615.767578125,220.899978637695,-1.52998781204224,0.352148443460464
20180926,0,-40,-35,2000,26638.8828125,221.699996948242,-2.30804443359375,2.36687994003296
20180926,6,-40,-35,2000,26644.294921875,222.199981689453,0.699999988079071,1.05255854129791
20180926,12,-40,-35,2000,26666.94921875,221.600006103516,-1.71000242233276,-0.192265629768372
20180926,18,-40,-35,2000,26621.775390625,222,-1.98999261856079,1.39120364189148
20180927,0,-40,-35,2000,26653.265625,222.300003051758,-1.02792966365814,0.811696767807007
20180927,6,-40,-35,2000,26653.03515625,221.891632080078,-0.809995114803314,0.407194823026657
20180927,12,-40,-35,2000,26675.67578125,222.199996948242,-2.20999503135681,0.287136226892471
20180927,18,-40,-35,2000,26644.796875,221.800003051758,-2.21000003814697,0.927773416042328
20180928,0,-40,-35,2000,26660.392578125,221.800003051758,-1.70121824741364,1.03007078170776
20180928,6,-40,-35,2000,26664.5,222.29997253418,-1.21999752521515,-0.418664544820786
20180928,12,-40,-35,2000,26668.26953125,222.399993896484,-1.29777586460114,0.941980004310608
20180928,18,-40,-35,2000,26625.96484375,222.100006103516,-0.50860595703125,-0.671235322952271
20180929,0,-40,-35,2000,26631.98828125,221.800003051758,-2.20625233650208,-0.932719707489014
20180929,6,-40,-35,2000,26626.501953125,221.79997253418,-0.799997568130493,0.624602079391479
20180929,12,-40,-35,2000,26622.640625,221.699996948242,-1.00999999046326,-1.85164058208466
20180929,18,-40,-35,2000,26584.0078125,220.599975585938,-1.29999995231628,-0.794204115867615
20180930,0,-40,-35,2000,26595.42578125,220.899993896484,-1.07632327079773,-0.394160151481628
20180930,6,-40,-35,2000,26584.171875,220.499969482422,-1.197509765625,-1.61489260196686
20180930,12,-40,-35,2000,26591.681640625,220.199996948242,-1.5,-1.12815916538239
20180930,18,-40,-35,2000,26572.240234375,219.399978637695,-1.79999995231628,-0.619648456573486
20181001,0,-40,-35,2000,26567.994140625,219.199996948242,-3.29999995231628,-0.890053689479828
20181001,6,-40,-35,2000,26579.599609375,219.199996948242,-3.40000009536743,-0.403974622488022
20181001,12,-40,-35,2000,26584.2734375,219.800003051758,-2.99999761581421,0.732841789722443
20181001,18,-40,-35,2000,26564.560546875,218.899993896484,-2.27999758720398,-0.3744116127491
20181002,0,-40,-35,2000,26574.875,219.199996948242,-4.59999752044678,0.0783007815480232
20181002,6,-40,-35,2000,26574.73828125,219.800003051758,-2.67999029159546,1.30221676826477
20181002,12,-40,-35,2000,26592.033203125,219.899978637695,-2.78999757766724,-0.742597639560699
20181002,18,-40,-35,2000,26562.251953125,219.011627197266,-3.2999951839447,-0.866833508014679
20181003,0,-40,-35,2000,26572.58984375,219,-4.0899977684021,-0.335605472326279
20181003,6,-40,-35,2000,26573.751953125,219.536041259766,-3.19999766349792,-0.769345700740814
20181003,12,-40,-35,2000,26581.85546875,219.300003051758,-3.42000007629395,-2.79470467567444
20181003,18,-40,-35,2000,26553.376953125,218.923049926758,-3.99000000953674,-2.12004399299622
20181004,0,-40,-35,2000,26564.8515625,218.600006103516,-3.69999766349792,-2.0725634098053
20181004,6,-40,-35,2000,26560.171875,218.797241210938,-3.48998284339905,-2.77184319496155
20181004,12,-40,-35,2000,26564.970703125,218.800003051758,-4.29525375366211,-3.78933835029602
20181004,18,-40,-35,2000,26528.1328125,218.300003051758,-3.99999761581421,-4.44040298461914
20181005,0,-40,-35,2000,26526.220703125,217.684814453125,-6.20000267028809,-4.95031023025513
20181005,6,-40,-35,2000,26520.494140625,218.399978637695,-5.39999008178711,-4.76577377319336
20181005,12,-40,-35,2000,26523.998046875,218.300003051758,-6.19999265670776,-4.16768550872803
20181005,18,-40,-35,2000,26483.08203125,217.399993896484,-5.5,-4.74973392486572
20181006,0,-40,-35,2000,26497.109375,218.199981689453,-6.60248279571533,-3.36695551872253
20181006,6,-40,-35,2000,26488.908203125,217.688919067383,-4.71028566360474,-2.73307609558105
20181006,12,-40,-35,2000,26502.13671875,218.413528442383,-5.37999248504639,-4.85053205490112
20181006,18,-40,-35,2000,26463.162109375,217.5,-5.03000020980835,-2.72806644439697
20181007,0,-40,-35,2000,26485.953125,218.399993896484,-3.30999994277954,-1.95114254951477
20181007,6,-40,-35,2000,26484.671875,218.5,-4.0099949836731,-2.25995111465454
20181007,12,-40,-35,2000,26491.705078125,218.899993896484,-3.20999765396118,-1.78574705123901
20181007,18,-40,-35,2000,26463.6328125,218.600006103516,-2.50999999046326,-1.80677247047424
20181008,0,-40,-35,2000,26483.654296875,218.899993896484,-3.10999512672424,-1.26760745048523
20181008,6,-40,-35,2000,26477.640625,219.600006103516,-1.81000244617462,0.344243168830872
20181008,12,-40,-35,2000,26503.123046875,219.800003051758,-0.80999755859375,-0.927270531654358
20181008,18,-40,-35,2000,26468.068359375,219.146682739258,-2.10999989509583,-0.344370126724243
20181009,0,-40,-35,2000,26489.654296875,219.804565429688,-2.10248780250549,1.00020015239716
20181009,6,-40,-35,2000,26501.615234375,219.899993896484,0.100000001490116,0.907163083553314
20181009,12,-40,-35,2000,26525.564453125,220.5,-2.09999990463257,-0.1171875
20181009,18,-40,-35,2000,26492.0625,219.699996948242,-1.29999756813049,1.59900879859924
20181010,0,-40,-35,2000,26521.5546875,220.099975585938,-1.31999754905701,0.358447253704071
20181010,6,-40,-35,2000,26528.45703125,220.29997253418,-1.48999750614166,1.14312505722046
20181010,12,-40,-35,2000,26541.28515625,220.5,-1.01999759674072,0.0625927746295929
20181010,18,-40,-35,2000,26509.177734375,219.699996948242,-1.88999998569489,0.0914550796151161
20181011,0,-40,-35,2000,26531.197265625,220.199996948242,-2.58999013900757,0.442053228616714
20181011,6,-40,-35,2000,26532.318359375,220.100006103516,-1.0900000333786,-0.584428727626801
20181011,12,-40,-35,2000,26545.6171875,220.300003051758,-3.10000252723694,-0.86822509765625
20181011,18,-40,-35,2000,26508.501953125,219.599975585938,-3.90000009536743,-1.0096777677536
20181012,0,-40,-35,2000,26523.42578125,219.79997253418,-4.69999504089355,-0.754541039466858
20181012,6,-40,-35,2000,26511.373046875,219.999969482422,-4.27999496459961,-1.58477544784546
20181012,12,-40,-35,2000,26522.4296875,220.199996948242,-5.70249032974243,-1.51258790493011
20181012,18,-40,-35,2000,26481.8359375,219.600006103516,-5.69999504089355,-1.29042482376099
20181013,0,-40,-35,2000,26499.59765625,219.899978637695,-6.09999513626099,-1.64377439022064
20181013,6,-40,-35,2000,26492.44921875,220.199981689453,-5.80008554458618,-0.848930656909943
20181013,12,-40,-35,2000,26498.080078125,220.199996948242,-6.00239753723145,-2.50147938728333
20181013,18,-40,-35,2000,26460.142578125,219.899993896484,-7,-1.00720703601837
20181014,0,-40,-35,2000,26472.587890625,219.699981689453,-6.9100022315979,-2.19612789154053
20181014,6,-40,-35,2000,26476.95703125,220.399978637695,-6.70324230194092,-1.20998537540436
20181014,12,-40,-35,2000,26489.615234375,220.5,-6.79999732971191,-0.544775366783142
20181014,18,-40,-35,2000,26456.0078125,220.199996948242,-7.00000238418579,-1.05593752861023
20181015,0,-40,-35,2000,26466.69921875,220.800003051758,-7.99999523162842,-0.190017089247704
20181015,6,-40,-35,2000,26465.685546875,220.892532348633,-4.60335683822632,0.794091820716858
20181015,12,-40,-35,2000,26484.1953125,221.29997253418,-5.69999980926514,-1.30598878860474
20181015,18,-40,-35,2000,26445.533203125,221.100006103516,-5.79999732971191,0.527480483055115
20181016,0,-40,-35,2000,26468.4296875,221.600006103516,-5.3899998664856,1.69132816791534
20181016,6,-40,-35,2000,26465.4609375,222,-2.68999266624451,0.838959932327271
20181016,12,-40,-35,2000,26485.501953125,222,-2.39000010490417,0.0838647484779358
20181016,18,-40,-35,2000,26451.154296875,221.300003051758,-2.39000487327576,0.863349616527557
20181017,0,-40,-35,2000,26481.234375,222.599975585938,-1.28999996185303,2.08332514762878
20181017,6,-40,-35,2000,26487.95703125,222.499969482422,2.08999991416931,1.06241452693939
20181017,12,-40,-35,2000,26511.267578125,222.5,0.510004878044128,0.321320801973343
20181017,18,-40,-35,2000,26481.462890625,221.5,0.790014624595642,-0.225729987025261
20181018,0,-40,-35,2000,26514.443359375,222.100006103516,0.00999999977648258,0.167910158634186
20181018,6,-40,-35,2000,26524.189453125,222.399993896484,1.43000483512878,-0.0359423831105232
20181018,12,-40,-35,2000,26539.59765625,222,1.1300048828125,-2.02802729606628
20181018,18,-40,-35,2000,26497.642578125,221.199996948242,-1.47000002861023,-1.25890135765076
20181019,0,-40,-35,2000,26511.6171875,221.5,-2.1800000667572,-0.677280247211456
20181019,6,-40,-35,2000,26499.556640625,221.29997253418,-0.469999998807907,-0.25643065571785
20181019,18,-40,-35,2000,26462.02734375,220.599975585938,-2.57999992370605,-0.947656273841858
20181020,0,-40,-35,2000,26469.2578125,221.099975585938,-2.8792552947998,1.07200682163239
20181020,6,-40,-35,2000,26450.908203125,220.672653198242,-0.199992671608925,-0.00993164069950581
20181020,12,-40,-35,2000,26460.095703125,220.899978637695,-2.49526619911194,-1.61380863189697
20181020,18,-40,-35,2000,26421.9140625,219.79997253418,-2.30999755859375,1.56221187114716
20181021,0,-40,-35,2000,26436.369140625,220.100006103516,-1.60998296737671,0.234814450144768
20181021,6,-40,-35,2000,26430.60546875,220.300003051758,-2.19000005722046,1.41154789924622
20181021,12,-40,-35,2000,26439.947265625,219.599975585938,-0.709997534751892,1.66310060024261
20181021,18,-40,-35,2000,26398.232421875,219.300003051758,-0.599995136260986,1.03886961936951
20181022,0,-40,-35,2000,26423.1015625,219.800003051758,-0.899990260601044,2.70208501815796
20181022,6,-40,-35,2000,26417.419921875,219.600006103516,2.3855664730072,2.16532468795776
20181022,12,-40,-35,2000,26426.884765625,219.600006103516,0.820002436637878,0.3696069419384
20181022,18,-40,-35,2000,26386.849609375,218.79997253418,1.30000483989716,0.649255394935608
20181023,0,-40,-35,2000,26400.5703125,219.199951171875,-0.5,1.18975102901459
20181023,6,-40,-35,2000,26403.759765625,219.699996948242,3.29805183410645,1.23004877567291
20181023,12,-40,-35,2000,26416.181640625,218.999969482422,1.19165277481079,-0.900832533836365
20181023,18,-40,-35,2000,26385.072265625,218.399993896484,1.691650390625,0.160048827528954
20181024,0,-40,-35,2000,26405.6953125,219.300003051758,-0.299997568130493,1.12348628044128
20181024,6,-40,-35,2000,26397.921875,219.099975585938,2.22000741958618,0.720261216163635
20181024,12,-40,-35,2000,26413.134765625,219.199996948242,-0.100002437829971,-0.854851067066193
20181024,18,-40,-35,2000,26388.609375,218.600006103516,0.390004873275757,0.712138652801514
20181025,0,-40,-35,2000,26401.875,219.5,-1.10472655296326,0.213977053761482
20181025,6,-40,-35,2000,26404.35546875,218.800003051758,-0.199995115399361,1.24337649345398
20181025,12,-40,-35,2000,26422.345703125,219.699981689453,-2.20473146438599,1.64184081554413
20181025,18,-40,-35,2000,26396.1875,218.699996948242,-0.48526856303215,1.3940087556839
20181026,0,-40,-35,2000,26420.720703125,220.300003051758,-3.97999501228333,1.9159814119339
20181026,6,-40,-35,2000,26417.591796875,218.999969482422,0.790000021457672,1.94341802597046
20181026,12,-40,-35,2000,26432.5,219.29997253418,-2.80000233650208,1.32594728469849
20181026,18,-40,-35,2000,26406.119140625,219.199996948242,-2.20999264717102,3.29648447036743
20181027,0,-40,-35,2000,26435.220703125,219.199996948242,-2.5791699886322,3.45138192176819
20181027,6,-40,-35,2000,26438.58984375,219.29997253418,-2.40999507904053,4.78961896896362
20181027,12,-40,-35,2000,26451.33203125,219.399993896484,-2.08000493049622,2.6104052066803
20181027,18,-40,-35,2000,26433.818359375,219.5,-2.80000233650208,4.58211660385132
20181028,0,-40,-35,2000,26447.83203125,218.699996948242,-1.80999755859375,3.93348622322083
20181028,6,-40,-35,2000,26439.587890625,219.399993896484,-1.57999265193939,3.4273853302002
20181028,12,-40,-35,2000,26464.224609375,219.300003051758,-2.00000238418579,2.79410886764526
20181028,18,-40,-35,2000,26431.22265625,218.499969482422,-0.399997562170029,2.46151614189148
20181029,0,-40,-35,2000,26444.037109375,218.899978637695,-2.57999277114868,2.41279792785645
20181029,6,-40,-35,2000,26439.2890625,219,-0.699985325336456,1.86130130290985
20181029,12,-40,-35,2000,26448.267578125,219.100006103516,0.220598146319389,1.26404297351837
20181029,18,-40,-35,2000,26408.267578125,218.199996948242,-0.920000016689301,-0.253020018339157
20181030,0,-40,-35,2000,26417.4296875,219,-3.22510981559753,1.72332763671875
20181030,6,-40,-35,2000,26412.703125,219.100006103516,0.903170168399811,1.63467037677765
20181030,12,-40,-35,2000,26414.86328125,218.800003051758,-0.106201171875,-0.631982445716858
20181030,18,-40,-35,2000,26380.33984375,218.5,-1.45949709415436,-0.405566394329071
20181031,0,-40,-35,2000,26388.48828125,218.999969482422,-0.630656719207764,2.05977535247803
20181031,6,-40,-35,2000,26387.517578125,219.800003051758,0.484667956829071,-0.484865725040436
20181031,12,-40,-35,2000,26389.16015625,219.399978637695,-0.900449216365814,-0.385571300983429
20181031,18,-40,-35,2000,26363.1796875,219.099975585938,-0.00999999977648258,0.276860356330872
20181101,0,-40,-35,2000,26382.572265625,219.800003051758,0.100002437829971,0.600830078125
20181101,6,-40,-35,2000,26372.587890625,219.999969482422,0.90000307559967,0.847387671470642
20181101,12,-40,-35,2000,26385.76953125,220.199996948242,1.70000302791595,-0.699938952922821
20181101,18,-40,-35,2000,26354.150390625,219.800003051758,1.79999852180481,-0.199938967823982
20181102,0,-40,-35,2000,26375.26171875,220.399978637695,2.49999690055847,0.690057396888733
20181102,6,-40,-35,2000,26358.38671875,220.599975585938,2.80000162124634,-1.29992067813873
20181102,12,-40,-35,2000,26377.892578125,221.300003051758,2.84887838363647,-2.29990243911743
20181102,18,-40,-35,2000,26342.232421875,220.5,2.60000491142273,-3.58994626998901
20181103,0,-40,-35,2000,26359.58203125,221.300003051758,0.786540508270264,-3.06021475791931
20181103,6,-40,-35,2000,26355.212890625,221.399978637695,2.67168211936951,-3.57442879676819
20181103,12,-40,-35,2000,26388.294921875,221.5,3.85334968566895,-3.0341112613678
20181103,18,-40,-35,2000,26357.09765625,221,4.1866602897644,-4.43762683868408
20181104,0,-40,-35,2000,26395.70703125,221.600006103516,2.46099972724915,-1.37196290493011
20181104,6,-40,-35,2000,26394.2734375,220.800003051758,5.8600025177002,-3.61241221427917
20181104,12,-40,-35,2000,26430.193359375,221.100006103516,-0.405263662338257,-6.42486333847046
20181104,18,-40,-35,2000,26412.732421875,219.800003051758,-1.39999842643738,-3.69993281364441
20181105,0,-40,-35,2000,26447.7734375,220.399993896484,-2.30522012710571,-3.49995112419128
20181105,6,-40,-35,2000,26449.572265625,220,-4.41250324249268,-2.99998784065247
20181105,12,-40,-35,2000,26480.4921875,220.399993896484,-6.81156635284424,-1.5999755859375
20181105,18,-40,-35,2000,26455.7421875,219.600006103516,-6.39311218261719,-1.699951171875
20181106,0,-40,-35,2000,26487.037109375,220.100006103516,-9.22704124450684,-1.92912602424622
20181106,6,-40,-35,2000,26466.732421875,220.100006103516,-9.60773944854736,0.100061036646366
20181106,12,-40,-35,2000,26481.439453125,220,-9.74412822723389,-0.899945080280304
20181106,18,-40,-35,2000,26448.16796875,219.160598754883,-10.7512969970703,-0.899945080280304
20181107,0,-40,-35,2000,26456.42578125,219.899978637695,-12.918212890625,0.52199399471283
20181107,6,-40,-35,2000,26436.58984375,220.199996948242,-9.31171894073486,0.60005795955658
20181107,12,-40,-35,2000,26441.794921875,220.300003051758,-10.8807830810547,-1.19996953010559
20181107,18,-40,-35,2000,26405.755859375,220.29997253418,-8.8477783203125,2.90001821517944
20181108,0,-40,-35,2000,26422.716796875,220.5,-7.45098257064819,1.90004575252533
20181108,6,-40,-35,2000,26406.912109375,220.5,-7.13497924804688,3.10003042221069
20181108,12,-40,-35,2000,26416.623046875,220.399993896484,-6.25788259506226,2.70002436637878
20181108,18,-40,-35,2000,26389.767578125,220.199996948242,-5.93016052246094,3.70001840591431
20181109,0,-40,-35,2000,26408.51171875,219.79997253418,-6.05068683624268,2.90001225471497
20181109,6,-40,-35,2000,26405.248046875,220.300003051758,-5.01566171646118,4.20001220703125
20181109,12,-40,-35,2000,26429.4921875,219.899993896484,-3.88949275016785,2.30001831054688
20181109,18,-40,-35,2000,26397.724609375,219.5,-4.67454814910889,2.19998788833618
20181110,0,-40,-35,2000,26426.09765625,219.600006103516,-5.07618427276611,2.54677128791809
20181110,6,-40,-35,2000,26423.474609375,219.899993896484,-3.41326904296875,2.50002431869507
20181110,12,-40,-35,2000,26437.8828125,219.692535400391,-4.29726886749268,0.100024417042732
20181110,18,-40,-35,2000,26408.71484375,219.100006103516,-4.74545001983643,0.017266845330596
20181111,0,-40,-35,2000,26418.984375,219,-5.38999032974243,0.900061011314392
20181111,6,-40,-35,2000,26416.734375,219,-3.30000925064087,-0.299963384866714
20181111,12,-40,-35,2000,26417.775390625,218.499969482422,-5.09999704360962,-3.09990835189819
20181111,18,-40,-35,2000,26385.107421875,218.199981689453,-6.46999835968018,-1.10009157657623
20181112,0,-40,-35,2000,26381.865234375,218,-6.18058156967163,-1.89998781681061
20181112,6,-40,-35,2000,26372.53515625,217.699996948242,-6.73791217803955,-1.70236206054688
20181112,12,-40,-35,2000,26373.908203125,217.531692504883,-7.34999990463257,-2.55113530158997
20181112,18,-40,-35,2000,26339.609375,217.399993896484,-7.51416730880737,-0.846818864345551
20181113,0,-40,-35,2000,26350.310546875,217.599975585938,-6.82145023345947,0.325104981660843
20181113,6,-40,-35,2000,26330.234375,217.600006103516,-6.86568307876587,-0.500003039836884
20181113,12,-40,-35,2000,26344.810546875,217.599975585938,-7.28662586212158,-0.389995127916336
20181113,18,-40,-35,2000,26311.1875,217.100006103516,-6.06697034835815,0.509999990463257
20181114,0,-40,-35,2000,26333.095703125,217.199981689453,-6.50365734100342,0.880673825740814
20181114,6,-40,-35,2000,26324.71484375,217.300003051758,-4.67220687866211,1.09467768669128
20181114,12,-40,-35,2000,26341.939453125,217.099975585938,-5.02146005630493,0.781572282314301
20181114,18,-40,-35,2000,26321.630859375,216.699996948242,-4.29977035522461,2.48998546600342
20181115,0,-40,-35,2000,26333.44921875,216.79997253418,-4.46100330352783,1.95899653434753
20181115,6,-40,-35,2000,26326.6015625,217.499969482422,-1.88839602470398,2.91001963615417
20181115,12,-40,-35,2000,26344.072265625,216.899993896484,-0.670214831829071,2.0699999332428
20181115,18,-40,-35,2000,26313.130859375,216.699996948242,-1.09984862804413,2.24999022483826
20181116,0,-40,-35,2000,26318.671875,217.300003051758,-1.30074155330658,3.79994821548462
20181116,6,-40,-35,2000,26311.578125,217.399948120117,2.39919424057007,3.36430168151855
20181116,12,-40,-35,2000,26323.08203125,217.399993896484,0.0368115231394768,0.810000002384186
20181116,18,-40,-35,2000,26293.126953125,216.999969482422,1.47810053825378,4.21923351287842
20181117,0,-40,-35,2000,26314.044921875,217.499969482422,2.09860849380493,2.25
20181117,6,-40,-35,2000,26312.154296875,217.5,2.1460497379303,2.92856931686401
20181117,12,-40,-35,2000,26316.76171875,217.100006103516,3.84507322311401,2.77429676055908
20181117,18,-40,-35,2000,26295.9453125,216.899978637695,2.40999269485474,1.11213624477386
20181118,0,-40,-35,2000,26317.4375,217.006988525391,3.11070322990417,4.27998542785645
20181118,6,-40,-35,2000,26320.2734375,217.800003051758,4.89351081848145,2.36760020256042
20181118,12,-40,-35,2000,26343.4453125,217.17041015625,2.92997550964355,1.20327639579773
20181118,18,-40,-35,2000,26310.3203125,217,2.78055429458618,3.65417957305908
20181119,0,-40,-35,2000,26344.056640625,217.699996948242,2.28233885765076,2.0221483707428
20181119,6,-40,-35,2000,26347.224609375,217.5,3.90292978286743,3.8443603515625
20181119,12,-40,-35,2000,26370.70703125,218.199996948242,3.33541250228882,0.890556633472443
20181119,18,-40,-35,2000,26348.822265625,217.5,1.99431645870209,2.77001714706421
20181120,0,-40,-35,2000,26370.26953125,218.800003051758,2.00472164154053,2.73050785064697
20181120,6,-40,-35,2000,26373.08984375,218.699996948242,2.68815183639526,1.84042727947235
20181120,12,-40,-35,2000,26383.1171875,219.100006103516,1.13309574127197,-0.10198974609375
20181120,18,-40,-35,2000,26349.4765625,219.100006103516,-0.100017093122005,2.0264356136322
20181121,0,-40,-35,2000,26372.01171875,219.600006103516,-0.973820805549622,2.36217045783997
20181121,6,-40,-35,2000,26361.33984375,219.814697265625,-0.193476557731628,2.1486132144928
20181121,12,-40,-35,2000,26381.873046875,220.599975585938,-1.87499761581421,0.128022462129593
20181121,18,-40,-35,2000,26343.29296875,220,-2.82220935821533,3.3726122379303
20181122,0,-40,-35,2000,26370.275390625,221,-0.597395002841949,3.32253408432007
20181122,6,-40,-35,2000,26355.314453125,220.79997253418,-1.59763920307159,0.531225562095642
20181122,12,-40,-35,2000,26367.935546875,220.600006103516,-4.18121814727783,2.96143054962158
20181122,18,-40,-35,2000,26341.9140625,221.099975585938,-2.16649413108826,3.19663333892822
20181123,0,-40,-35,2000,26352.1796875,220.699996948242,-4.70400619506836,1.65800786018372
20181123,6,-40,-35,2000,26334.134765625,221.099975585938,-2.94601321220398,4.88022470474243
20181123,12,-40,-35,2000,26348.001953125,221.699996948242,-3.36399912834167,3.38934564590454
20181123,18,-40,-35,2000,26307.224609375,220.800003051758,-2.4500048160553,3.97135257720947
20181124,0,-40,-35,2000,26326.970703125,221.699996948242,-2.97398686408997,3.1394579410553
20181124,6,-40,-35,2000,26301.63671875,221.429153442383,-0.433420419692993,3.69029784202576
20181124,12,-40,-35,2000,26317.849609375,221.629150390625,-1.95336186885834,2.51070308685303
20181124,18,-40,-35,2000,26285.1171875,220.399993896484,0.552258312702179,2.47000479698181
20181125,0,-40,-35,2000,26298.83203125,220.899993896484,-3.32127451896667,1.86518061161041
20181125,6,-40,-35,2000,26289.828125,220.5,1.01744627952576,4.09221172332764
20181125,12,-40,-35,2000,26306.5234375,220.399993896484,-0.348723143339157,1.27001464366913
20181125,18,-40,-35,2000,26276.134765625,219.899978637695,-1.72392582893372,3.45382571220398
20181126,0,-40,-35,2000,26291.5078125,220.599975585938,-1.84778559207916,2.41332769393921
20181126,6,-40,-35,2000,26286.443359375,220.79997253418,-0.993112802505493,3.64001941680908
20181126,12,-40,-35,2000,26289.857421875,220.699996948242,-0.686184108257294,3.20999026298523
20181126,18,-40,-35,2000,26274.2578125,220.199981689453,-0.820798337459564,3.15580558776855
20181127,0,-40,-35,2000,26286.83984375,220.300003051758,-1.44625735282898,3.3590772151947
20181127,6,-40,-35,2000,26280.578125,220.5,-1.65998291969299,3.92128419876099
20181127,12,-40,-35,2000,26285.943359375,219.899978637695,0.348566889762878,3.31899905204773
20181127,18,-40,-35,2000,26254.794921875,219.800003051758,-0.257131338119507,2.14102053642273
20181128,0,-40,-35,2000,26255.1015625,218.300003051758,-1.32929933071136,4.94234848022461
20181128,6,-40,-35,2000,26236.966796875,219.199996948242,3.46051931381226,5.80000591278076
20181128,12,-40,-35,2000,26256.962890625,218.29997253418,2.5415985584259,3.40000295639038
20181128,18,-40,-35,2000,26220.01953125,217.399993896484,5.65898418426514,4.77085590362549
20181129,0,-40,-35,2000,26237.244140625,219.100006103516,4.63436889648438,5.59999370574951
20181129,6,-40,-35,2000,26231.51953125,218.699996948242,9.64657020568848,5.5
20181129,12,-40,-35,2000,26241.109375,219.100006103516,5.77998065948486,4.70000600814819
20181129,18,-40,-35,2000,26219,219.099975585938,7.79873657226563,7.69998788833618
20181130,0,-40,-35,2000,26232.83203125,220.5,7.52792978286743,5.19999408721924
20181130,6,-40,-35,2000,26233.947265625,220.899993896484,7.19879770278931,5.89998769760132
20181130,12,-40,-35,2000,26247.6953125,220.399993896484,6.16467905044556,6.19998788833618
20181130,18,-40,-35,2000,26216.828125,220.999969482422,8.90336036682129,7.82191181182861
20181201,0,-40,-35,2000,26239.171875,222.899993896484,7.70223379135132,2.79998779296875
20181201,6,-40,-35,2000,26237.873046875,222.199996948242,4.81882333755493,6.39999389648438
20181201,12,-40,-35,2000,26252.2421875,221.300003051758,7.17117309570313,6.59999990463257
20181201,18,-40,-35,2000,26237.609375,222.600006103516,8.79400062561035,4.09999370574951
20181202,0,-40,-35,2000,26265.716796875,223.399993896484,3.31088876724243,3.32914733886719
20181202,6,-40,-35,2000,26269.310546875,223.100006103516,4.92387676239014,3.77781248092651
20181202,12,-40,-35,2000,26289.724609375,222.711669921875,4.43330812454224,1.63245606422424
20181202,18,-40,-35,2000,26267.787109375,222.699996948242,2.00309085845947,0.490009754896164
20181203,0,-40,-35,2000,26291.943359375,223.300003051758,-1.16432857513428,0.369990229606628
20181203,6,-40,-35,2000,26284.3125,222.600006103516,-0.837526857852936,1.81000483036041
20181203,12,-40,-35,2000,26298.052734375,222.399993896484,-2.68554210662842,-0.606889665126801
20181203,18,-40,-35,2000,26276.5859375,222.199996948242,-4.23987293243408,-0.263920903205872
20181204,0,-40,-35,2000,26286.642578125,222.100006103516,-5.50141620635986,1.72833013534546
20181204,6,-40,-35,2000,26268.1640625,221.699996948242,-4.93784189224243,0.963652372360229
20181204,12,-40,-35,2000,26283.67578125,221.399993896484,-6.14439964294434,1.40595948696136
20181204,18,-40,-35,2000,26251.39453125,221,-5.24051523208618,2.59833979606628
20181205,0,-40,-35,2000,26264.498046875,221.199996948242,-6.55147218704224,3.22349619865417
20181205,6,-40,-35,2000,26239.8203125,221.100006103516,-5.60562133789063,3.74939584732056
20181205,12,-40,-35,2000,26256.71484375,220.79997253418,-3.875727891922,3.50003671646118
20181205,18,-40,-35,2000,26227.17578125,220.5,-3.73040461540222,2.80003046989441
20181206,0,-40,-35,2000,26249.955078125,220.800003051758,-5.36045217514038,4.10003042221069
20181206,6,-40,-35,2000,26229.16015625,220.800003051758,-1.45356905460358,5.31004619598389
20181206,12,-40,-35,2000,26261.525390625,220.804412841797,-2.09232640266418,1.85643315315247
20181206,18,-40,-35,2000,26234.359375,220.195556640625,-4.26437377929688,4.20002460479736
20181207,0,-40,-35,2000,26267.92578125,221.499969482422,-3.56481027603149,6.80001831054688
20181207,6,-40,-35,2000,26262.115234375,221.5,-2.20079946517944,4.258056640625
20181207,12,-40,-35,2000,26284.251953125,221.199996948242,-4.52546072006226,4.40000629425049
20181207,18,-40,-35,2000,26249.404296875,220.800003051758,-2.75519108772278,5.64360952377319
20181208,0,-40,-35,2000,26270.248046875,222.099975585938,-3.32595825195313,3.90001225471497
20181208,6,-40,-35,2000,26241.65234375,221.600006103516,-2.01178884506226,6.10001850128174
20181208,12,-40,-35,2000,26264.45703125,222.300003051758,0.0506835952401161,4.75640249252319
20181208,18,-40,-35,2000,26224.5546875,221.600006103516,-0.0459579452872276,3.5
20181209,0,-40,-35,2000,26245.10546875,221.899993896484,-1.56265866756439,5.40001201629639
20181209,6,-40,-35,2000,26223.380859375,223.5,2.35980367660522,3.60000610351563
20181209,12,-40,-35,2000,26238.171875,222.800003051758,-0.0317245498299599,0.0999938994646072
20181209,18,-40,-35,2000,26207.716796875,222.899993896484,-0.0447769165039063,0.900012195110321
20181210,0,-40,-35,2000,26238.658203125,223.600006103516,-2.01391744613647,-0.999890148639679
20181210,6,-40,-35,2000,26226.41015625,222.599975585938,0.14516906440258,-0.800006091594696
20181210,12,-40,-35,2000,26252.21484375,222.5,-3.27445673942566,-2.59999990463257
20181210,18,-40,-35,2000,26234.556640625,221.300003051758,-2.36847233772278,-2.40000605583191
20181211,0,-40,-35,2000,26246.64453125,221.499969482422,-6.58161449432373,1.29998779296875
20181211,6,-40,-35,2000,26234.759765625,220.899978637695,-0.375399768352509,2.59999394416809
20181211,12,-40,-35,2000,26245.431640625,220.600006103516,-2.60756826400757,1.79999387264252
20181211,18,-40,-35,2000,26207.515625,219.79997253418,-1.84624934196472,5.80000019073486
20181212,0,-40,-35,2000,26209.494140625,220.199996948242,1.16697692871094,5.89999389648438
20181212,6,-40,-35,2000,26192.52734375,219.79997253418,3.40000295639038,6.2999906539917
20181212,12,-40,-35,2000,26176.91796875,220.100006103516,4.45354175567627,6.50001239776611
20181212,18,-40,-35,2000,26147.625,218.999969482422,8.18850135803223,7.39999389648438
20181213,0,-40,-35,2000,26156.453125,220.199996948242,7.59379100799561,7.70000600814819
20181213,6,-40,-35,2000,26138.578125,220.199996948242,13.4810361862183,8.90000629425049
20181213,12,-40,-35,2000,26149.064453125,220.399993896484,13.3902158737183,5.30000019073486
20181213,18,-40,-35,2000,26128.6875,220.599975585938,13.5639095306396,7.50136709213257
20181214,0,-40,-35,2000,26139.724609375,220.899993896484,16.0046844482422,8.0000057220459
20181214,6,-40,-35,2000,26128.126953125,221.5,17.3039035797119,3.74917602539063
20181214,12,-40,-35,2000,26145.400390625,221.300003051758,14.599853515625,3.79998779296875
20181214,18,-40,-35,2000,26115.9375,220.600006103516,19.4688930511475,6.60001230239868
20181215,0,-40,-35,2000,26130.0234375,222.100006103516,21.5970802307129,3.70000004768372
20181215,6,-40,-35,2000,26125.787109375,223.199996948242,18.8126411437988,0.599993884563446
20181215,12,-40,-35,2000,26162.53515625,223.999969482422,16.8455543518066,0.708563208580017
20181215,18,-40,-35,2000,26136.607421875,223.399993896484,17.0588645935059,1.79998779296875
20181216,0,-40,-35,2000,26159.650390625,224.600006103516,14.6958465576172,3.79998779296875
20181216,6,-40,-35,2000,26152.970703125,223.5,16.1687984466553,5.40328359603882
20181216,12,-40,-35,2000,26160.716796875,223.199996948242,16.2413539886475,3.19999074935913
20181216,18,-40,-35,2000,26137.009765625,222.800003051758,14.6124877929688,4.79999399185181
20181217,0,-40,-35,2000,26164.6484375,223.102783203125,13.0093631744385,7.19999980926514
20181217,6,-40,-35,2000,26160.412109375,222.5,16.2483158111572,6.90000009536743
20181217,12,-40,-35,2000,26187.689453125,222,11.2781925201416,5.88388681411743
20181217,18,-40,-35,2000,26165.052734375,221.199996948242,12.8454895019531,9.59996318817139
20181218,0,-40,-35,2000,26187.1796875,221.399993896484,10.5731201171875,6.699951171875
20181218,6,-40,-35,2000,26173.724609375,221.600006103516,11.0912046432495,7.59998798370361
20181218,12,-40,-35,2000,26204.056640625,221.5,5.69580078125,5.89998149871826
