20180720,0,-40,-75,40000,7547.2529296875,260.299987792969,9.90262794494629,11.3153324127197
20180720,6,-40,-75,40000,7539.81494140625,261.985290527344,16.1601066589355,18.7772216796875
20180720,12,-40,-75,40000,7548.1337890625,258.100006103516,20.1768379211426,-1.18837285041809
20180720,18,-40,-75,40000,7546.130859375,257.385314941406,18.5757999420166,6.88886737823486
20180721,0,-40,-75,40000,7537.56640625,255.314697265625,18.7132759094238,8.07933330535889
20180721,6,-40,-75,40000,7541.7060546875,254.199981689453,17.4650936126709,5.9161376953125
20180721,12,-40,-75,40000,7554.10791015625,255.399993896484,19.9826717376709,-5.19548940658569
20180721,18,-40,-75,40000,7555.6982421875,255.300003051758,14.5694217681885,-2.80386352539063
20180722,0,-40,-75,40000,7554.53955078125,255.699996948242,11.5488157272339,7.86137676239014
20180722,6,-40,-75,40000,7560.751953125,257.299987792969,17.5914859771729,12.112774848938
20180722,12,-40,-75,40000,7559.375,257.799987792969,10.1382141113281,7.66423940658569
20180722,18,-40,-75,40000,7549.12060546875,258.799987792969,1.70490109920502,4.83031606674194
20180723,0,-40,-75,40000,7532.08203125,259.099975585938,0.911706566810608,8.19159507751465
20180723,6,-40,-75,40000,7533.0126953125,258.399963378906,12.9332981109619,4.11439228057861
20180723,12,-40,-75,40000,7536.740234375,258.5,15.0525760650635,0.896469116210938
20180723,18,-40,-75,40000,7528.12353515625,256.537750244141,7.92774677276611,-3.66022944450378
20180724,0,-40,-75,40000,7526.87939453125,256.5,11.4121341705322,-0.895666480064392
20180724,6,-40,-75,40000,7534.98486328125,256.100006103516,10.8197326660156,-3.21623539924622
20180724,12,-40,-75,40000,7550.0537109375,256.699981689453,7.84041738510132,-11.8460988998413
20180724,18,-40,-75,40000,7551.359375,256.498474121094,5.28995132446289,-11.7990140914917
20180725,0,-40,-75,40000,7567.8935546875,257.200042724609,1.09941709041595,-5.54782104492188
20180725,6,-40,-75,40000,7580.18505859375,257.299987792969,4.78696298599243,1.46449589729309
20180725,12,-40,-75,40000,7588.59130859375,259.586029052734,3.83601689338684,-4.04141235351563
20180725,18,-40,-75,40000,7586.26708984375,259.5,4.94292974472046,2.0559766292572
20180726,0,-40,-75,40000,7584.84423828125,260.468322753906,9.35509777069092,3.76512694358826
20180726,6,-40,-75,40000,7592.3701171875,259.831695556641,8.55330085754395,4.08741188049316
20180726,12,-40,-75,40000,7593.60302734375,260.799987792969,9.93856906890869,5.02753925323486
20180726,18,-40,-75,40000,7586.546875,261.467864990234,15.1193428039551,3.98069334030151
20180727,0,-40,-75,40000,7588.20361328125,261.799987792969,7.98498296737671,0.579038083553314
20180727,6,-40,-75,40000,7610.99267578125,262.200012207031,9.98453330993652,2.02970218658447
20180727,12,-40,-75,40000,7622.07763671875,262.175201416016,11.3498659133911,2.11715340614319
20180727,18,-40,-75,40000,7617.537109375,262.0771484375,11.8233003616333,2.08415031433105
20180728,0,-40,-75,40000,7620.447265625,263.799987792969,8.95773887634277,2.82240223884583
20180728,6,-40,-75,40000,7633.9345703125,264.299987792969,13.5767478942871,2.64542484283447
20180728,12,-40,-75,40000,7650.498046875,265.100006103516,11.8555908203125,-0.601203620433807
20180728,18,-40,-75,40000,7654.373046875,264.785736083984,6.41632795333862,0.467460930347443
20180729,0,-40,-75,40000,7653.2099609375,264.299987792969,3.5833740234375,2.5658495426178
20180729,6,-40,-75,40000,7663.30126953125,264.5,2.12573719024658,2.94590830802917
20180729,12,-40,-75,40000,7668.18359375,265,-0.632265627384186,0.829765617847443
20180729,18,-40,-75,40000,7664.740234375,264.700012207031,-5.02232933044434,2.4143750667572
20180730,0,-40,-75,40000,7659.7744140625,264.545318603516,-9.82935523986816,2.64953136444092
20180730,6,-40,-75,40000,7659.51123046875,264.336242675781,-4.24408912658691,6.72610330581665
20180730,12,-40,-75,40000,7658.46044921875,264.514709472656,-1.50723576545715,1.60672605037689
20180730,18,-40,-75,40000,7648.8388671875,264.121917724609,-6.66047382354736,1.05934572219849
20180731,0,-40,-75,40000,7641.62353515625,263.792541503906,-7.14499807357788,0.958593726158142
20180731,6,-40,-75,40000,7626.7783203125,263.299987792969,-14.1175107955933,-1.40263676643372
20180731,12,-40,-75,40000,7608.45166015625,261.747253417969,-12.962366104126,2.90554189682007
20180731,18,-40,-75,40000,7594.52001953125,262.000671386719,-6.12790536880493,6.90903329849243
20180801,0,-40,-75,40000,7584.09423828125,262.260589599609,-3.20267939567566,8.14680480957031
20180801,6,-40,-75,40000,7592.42236328125,262.486022949219,-0.649884045124054,11.4580659866333
20180801,12,-40,-75,40000,7595.16015625,262.600250244141,-0.626886010169983,10.3310241699219
20180801,18,-40,-75,40000,7585.1611328125,261.600006103516,-2.77361154556274,7.47500610351563
20180802,0,-40,-75,40000,7573.3662109375,261.200012207031,-1.48886716365814,6.80149555206299
20180802,6,-40,-75,40000,7584.201171875,261.399993896484,0.650479137897491,6.69809579849243
20180802,12,-40,-75,40000,7595.642578125,261.299987792969,0.483071893453598,0.534960925579071
20180802,18,-40,-75,40000,7596.849609375,261.299987792969,-1.5427520275116,2.51801753044128
20180803,0,-40,-75,40000,7596.56884765625,261.292541503906,0.639318823814392,7.79735088348389
20180803,6,-40,-75,40000,7615.57958984375,261.538909912109,4.14434194564819,3.50601816177368
20180803,12,-40,-75,40000,7626.025390625,262.5,0.606387317180634,-2.25324106216431
20180803,18,-40,-75,40000,7628.103515625,261.921936035156,-2.37260437011719,-2.07327890396118
20180804,0,-40,-75,40000,7625.75390625,261.199981689453,-0.717272937297821,2.39893794059753
20180804,6,-40,-75,40000,7639.51123046875,260.799987792969,0.428009033203125,3.46014404296875
20180804,12,-40,-75,40000,7647.1455078125,261.599975585938,-0.129510492086411,2.09992361068726
20180804,18,-40,-75,40000,7635.322265625,261.407470703125,0.704931616783142,2.13211059570313
20180805,0,-40,-75,40000,7629.6669921875,261.299987792969,0.996517956256866,2.34874868392944
20180805,6,-40,-75,40000,7632.87939453125,261.700012207031,4.55613088607788,3.69407343864441
20180805,12,-40,-75,40000,7630.34228515625,260.906982421875,8.06826496124268,0.868643164634705
20180805,18,-40,-75,40000,7614.35009765625,260.453399658203,7.28000497817993,0.905585944652557
20180806,0,-40,-75,40000,7600.8681640625,260,6.27108478546143,4.14680767059326
20180806,6,-40,-75,40000,7602.18994140625,260.151702880859,10.7970161437988,6.31056642532349
20180806,12,-40,-75,40000,7597.234375,260.312438964844,13.6510963439941,3.97204113006592
20180806,18,-40,-75,40000,7584.65869140625,259.885650634766,14.4400978088379,4.4854736328125
20180807,0,-40,-75,40000,7575.26318359375,258.987396240234,12.7841262817383,7.88439464569092
20180807,6,-40,-75,40000,7579.98828125,259.499969482422,15.9431686401367,7.60708999633789
20180807,12,-40,-75,40000,7582.46826171875,259.550811767578,18.1958808898926,4.54975605010986
20180807,18,-40,-75,40000,7577.97119140625,258.799987792969,13.0517358779907,1.22958493232727
20180808,0,-40,-75,40000,7581.81298828125,257.5,10.4300479888916,-0.277807623147964
20180808,6,-40,-75,40000,7598.78857421875,258.070861816406,14.2569675445557,1.35476076602936
20180808,12,-40,-75,40000,7605.4619140625,258.290557861328,9.83638286590576,-0.994104027748108
20180808,18,-40,-75,40000,7598.02294921875,258.210052490234,8.25448322296143,0.361901849508286
20180809,0,-40,-75,40000,7591.19140625,258.257568359375,7.80824565887451,0.633636474609375
20180809,6,-40,-75,40000,7597.84423828125,258.700012207031,7.00967407226563,3.15350341796875
20180809,12,-40,-75,40000,7595.86328125,258.510009765625,5.06608581542969,0.217553704977036
20180809,18,-40,-75,40000,7579.89111328125,257.083557128906,3.06773686408997,1.08985590934753
20180810,0,-40,-75,40000,7572.076171875,258,6.07742595672607,-3.34536123275757
20180810,6,-40,-75,40000,7572.57080078125,257.637603759766,10.2558536529541,-3.06929922103882
20180810,12,-40,-75,40000,7565.9130859375,257.100006103516,11.4999179840088,-5.47223520278931
20180810,18,-40,-75,40000,7554.046875,256.302032470703,10.6117858886719,-1.82208251953125
20180811,0,-40,-75,40000,7539.63232421875,256.643615722656,8.3676700592041,-2.09400629997253
20180811,6,-40,-75,40000,7528.1455078125,256.210021972656,13.3830232620239,1.73267817497253
20180811,12,-40,-75,40000,7522.77880859375,255.899993896484,18.9000129699707,-3.3260498046875
20180811,18,-40,-75,40000,7512.29638671875,256.243591308594,21.3908882141113,0.0555603019893169
20180812,0,-40,-75,40000,7503.388671875,256.399993896484,19.0326080322266,-1.87359929084778
20180812,6,-40,-75,40000,7516.98046875,256.200012207031,13.6043672561646,0.727142333984375
20180812,12,-40,-75,40000,7527.0888671875,256.200012207031,12.8574066162109,-0.0942504853010178
20180812,18,-40,-75,40000,7528.90576171875,256,14.528787612915,1.06700444221497
20180813,0,-40,-75,40000,7529.66357421875,255.711639404297,14.3999996185303,1.69026494026184
20180813,6,-40,-75,40000,7546.98388671875,257.700012207031,10.9017848968506,1.66831660270691
20180813,12,-40,-75,40000,7564.8251953125,258.83642578125,3.56531381607056,-2.62515878677368
20180813,18,-40,-75,40000,7572.544921875,258.982757568359,-0.632604956626892,-4.20989990234375
20180814,0,-40,-75,40000,7582.8193359375,259.170837402344,-2.94525384902954,-2.06186532974243
20180814,6,-40,-75,40000,7601.04052734375,260.522155761719,-0.180571287870407,2.31841802597046
20180814,12,-40,-75,40000,7619.38427734375,261.600006103516,1.95794916152954,3.36550784111023
20180814,18,-40,-75,40000,7633.85009765625,261.899993896484,3.99075937271118,5.70832014083862
20180815,0,-40,-75,40000,7637.068359375,260.299987792969,4.49437761306763,8.16765594482422
20180815,6,-40,-75,40000,7648.6005859375,261.399993896484,5.38592529296875,10.695595741272
20180815,12,-40,-75,40000,7647.4306640625,262.029144287109,7.92261695861816,10.5382719039917
20180815,18,-40,-75,40000,7638.986328125,261.129150390625,9.718674659729,8.03118133544922
20180816,0,-40,-75,40000,7630.13916015625,259.190673828125,9.29283428192139,5.63427257537842
20180816,6,-40,-75,40000,7627.85205078125,260.399993896484,15.1246528625488,9.93885231018066
20180816,12,-40,-75,40000,7626.716796875,259.600006103516,19.5593166351318,5.32137203216553
20180816,18,-40,-75,40000,7602.45703125,258.091979980469,17.1367073059082,1.81729006767273
20180817,0,-40,-75,40000,7585.2744140625,256.600006103516,16.561695098877,1.37394046783447
20180817,6,-40,-75,40000,7578.70751953125,256.304443359375,20.3418045043945,-0.430712878704071
20180817,12,-40,-75,40000,7568.18603515625,257.649169921875,16.70458984375,-3.13905644416809
20180817,18,-40,-75,40000,7553.4931640625,256.899993896484,10.8775939941406,-2.31658029556274
20180818,0,-40,-75,40000,7545.458984375,256.614776611328,10.1627197265625,-1.57086789608002
20180818,6,-40,-75,40000,7547.3017578125,257.200012207031,7.73316669464111,-1.76048278808594
20180818,12,-40,-75,40000,7539.94580078125,257.684204101563,6.80346441268921,-2.31098628044128
20180818,18,-40,-75,40000,7526.578125,257.100006103516,7.9233980178833,-2.34259033203125
20180819,0,-40,-75,40000,7523.833984375,257.799987792969,12.2983694076538,-6.38893556594849
20180819,6,-40,-75,40000,7542.40185546875,258.299987792969,11.5199708938599,-8.44422817230225
20180819,12,-40,-75,40000,7553.080078125,257,10.1723823547363,-1.34174799919128
20180819,18,-40,-75,40000,7548.255859375,256.721923828125,12.4117555618286,-0.553813457489014
20180820,0,-40,-75,40000,7548.45166015625,257.699981689453,14.1625633239746,-1.74370610713959
20180820,6,-40,-75,40000,7553.68505859375,257.746124267578,13.6671895980835,-6.68337869644165
20180820,12,-40,-75,40000,7556.6650390625,257.799987792969,10.0437593460083,-2.22853517532349
20180820,18,-40,-75,40000,7541.0537109375,256.899993896484,11.9983739852905,1.06106448173523
20180821,0,-40,-75,40000,7520.07568359375,257.399963378906,14.7014188766479,9.30978012084961
20180821,6,-40,-75,40000,7506.142578125,254.553863525391,15.1903219223022,0.797607421875
20180821,12,-40,-75,40000,7505.1337890625,254.746124267578,10.5022068023682,-13.3050441741943
20180821,18,-40,-75,40000,7507.4267578125,253.5,10.7878999710083,-10.9431791305542
20180822,0,-40,-75,40000,7505.90185546875,253.5,9.66880512237549,-10.8371706008911
20180822,6,-40,-75,40000,7518.4345703125,253.900238037109,9.61327838897705,-11.1681156158447
20180822,12,-40,-75,40000,7528.18994140625,254.499755859375,11.0304565429688,-13.6953983306885
20180822,18,-40,-75,40000,7528.56396484375,254.646118164063,6.35678100585938,-10.3932495117188
20180823,0,-40,-75,40000,7529.986328125,253.707473754883,7.09288930892944,-2.98671865463257
20180823,6,-40,-75,40000,7523.6923828125,252.807464599609,13.1895475387573,-0.253027349710464
20180823,12,-40,-75,40000,7521.69482421875,255.699996948242,12.3783626556396,-11.9231748580933
20180823,18,-40,-75,40000,7522.5048828125,255.499969482422,11.0096464157104,-10.6139163970947
20180824,0,-40,-75,40000,7524.45556640625,255.5,9.29097270965576,-6.68278789520264
20180824,6,-40,-75,40000,7524.05615234375,256.600006103516,11.6298923492432,2.03269052505493
20180824,12,-40,-75,40000,7526.31005859375,256.685302734375,12.6450595855713,0.778619408607483
20180824,18,-40,-75,40000,7515.0107421875,255.699981689453,16.5254516601563,1.66727292537689
20180825,0,-40,-75,40000,7501.8720703125,254.699981689453,20.0263252258301,3.07692861557007
20180825,6,-40,-75,40000,7517.67822265625,255.100006103516,15.3999271392822,-7.38331317901611
20180825,12,-40,-75,40000,7534.28271484375,254.800003051758,13.9048519134521,-6.57471323013306
20180825,18,-40,-75,40000,7538.59130859375,255.899993896484,14.2063808441162,-4.53863525390625
20180826,0,-40,-75,40000,7535.32666015625,255.800003051758,14.9108333587646,3.53065800666809
20180826,6,-40,-75,40000,7541.728515625,256.799987792969,17.1157722473145,2.61587524414063
20180826,12,-40,-75,40000,7546.25927734375,258.068298339844,12.3533020019531,-0.528985619544983
20180826,18,-40,-75,40000,7546.5048828125,258.600006103516,15.5754365921021,2.49691772460938
20180827,0,-40,-75,40000,7552.673828125,258.599975585938,15.0792722702026,-0.955847144126892
20180827,6,-40,-75,40000,7568.24951171875,258.300018310547,15.4777984619141,-0.755078136920929
20180827,12,-40,-75,40000,7575.50244140625,257.899993896484,13.9180326461792,-7.55057382583618
20180827,18,-40,-75,40000,7580.400390625,258.200012207031,11.4265289306641,-6.12164306640625
20180828,0,-40,-75,40000,7585.16796875,258.299987792969,11.560583114624,-0.125307619571686
20180828,6,-40,-75,40000,7597.4033203125,259.599975585938,14.934645652771,1.38984370231628
20180828,12,-40,-75,40000,7597.68115234375,259.5,14.4197025299072,-0.416347652673721
20180828,18,-40,-75,40000,7585.962890625,258.399993896484,8.84288597106934,1.36812007427216
20180829,0,-40,-75,40000,7574.0986328125,258.038909912109,11.426718711853,-1.4161376953125
20180829,6,-40,-75,40000,7580.12451171875,259.068298339844,12.6615915298462,-0.0113183595240116
20180829,12,-40,-75,40000,7582.43505859375,259.646118164063,12.4751071929932,-1.64503908157349
20180829,18,-40,-75,40000,7575.46728515625,258.399993896484,16.0419673919678,-5.33318853378296
20180830,0,-40,-75,40000,7561.04052734375,257.799987792969,13.467565536499,3.89240121841431
20180830,6,-40,-75,40000,7567.17431640625,259.799987792969,20.941089630127,4.292236328125
20180830,12,-40,-75,40000,7575.26513671875,258.599975585938,12.7629089355469,-2.19044804573059
20180830,18,-40,-75,40000,7570.5087890625,258.799987792969,12.0147218704224,-4.68580341339111
20180831,0,-40,-75,40000,7569.1826171875,258.100036621094,16.6351566314697,-3.81369638442993
20180831,6,-40,-75,40000,7580.88134765625,259.799987792969,13.7575931549072,4.78356313705444
20180831,12,-40,-75,40000,7582.08984375,259.799987792969,9.02659320831299,3.79914546012878
20180831,18,-40,-75,40000,7570.35986328125,260.5,15.6739749908447,5.81232929229736
20180901,0,-40,-75,40000,7560.83740234375,261.399993896484,15.3153629302979,4.30037832260132
20180901,6,-40,-75,40000,7553.494140625,260.5,23.1409912109375,8.80918598175049
20180901,12,-40,-75,40000,7548.90869140625,260.199981689453,32.0880317687988,-0.134503170847893
20180901,18,-40,-75,40000,7535.95947265625,258.100006103516,33.1156730651855,0.396484375
20180902,0,-40,-75,40000,7520.939453125,257.399993896484,29.1871299743652,8.34196758270264
20180902,6,-40,-75,40000,7522.37060546875,259.143615722656,32.3500633239746,-1.88667905330658
20180902,12,-40,-75,40000,7529.06884765625,259.043609619141,26.8897895812988,-14.0319576263428
20180902,18,-40,-75,40000,7534.65625,258.110046386719,22.4338073730469,-17.3133430480957
20180903,0,-40,-75,40000,7551.654296875,256,19.3096618652344,-7.58554983139038
20180903,6,-40,-75,40000,7566.24365234375,257.600006103516,21.2525520324707,-6.95631694793701
20180903,12,-40,-75,40000,7567.8173828125,258.446594238281,19.4036712646484,-8.26675701141357
20180903,18,-40,-75,40000,7557.6748046875,258.406982421875,19.3663063049316,2.66837453842163
20180904,0,-40,-75,40000,7542.322265625,260.499969482422,24.0670127868652,-4.59602355957031
20180904,6,-40,-75,40000,7545.828125,259.899993896484,23.3424186706543,-1.99517822265625
20180904,12,-40,-75,40000,7538.24169921875,260,27.2528305053711,-3.66984367370605
20180904,18,-40,-75,40000,7523.47265625,258.499969482422,26.965425491333,-0.601157248020172
20180905,0,-40,-75,40000,7504.2470703125,256.100006103516,30.449987411499,2.49920892715454
20180905,6,-40,-75,40000,7490.625,256.899963378906,36.0941772460938,0.867755115032196
20180905,12,-40,-75,40000,7474.14990234375,255.706985473633,36.4951210021973,-4.49996328353882
20180905,18,-40,-75,40000,7449.5712890625,253.800003051758,36.9637832641602,-10.202130317688
20180906,0,-40,-75,40000,7438.97314453125,252.699996948242,33.3189353942871,-13.1837844848633
20180906,6,-40,-75,40000,7442.63671875,252,33.2072982788086,-13.2303285598755
20180906,12,-40,-75,40000,7449.26171875,251.300003051758,30.0648307800293,-17.4815006256104
20180906,18,-40,-75,40000,7439.0205078125,250.600006103516,26.2988948822021,-17.2608280181885
20180907,0,-40,-75,40000,7438.70068359375,250.785308837891,24.5989017486572,-20.4373054504395
20180907,6,-40,-75,40000,7459.81298828125,251.899978637695,22.012134552002,-22.0195159912109
20180907,12,-40,-75,40000,7469.07080078125,252.100006103516,22.9378147125244,-18.5770988464355
20180907,18,-40,-75,40000,7462.9873046875,250.992523193359,18.5977058410645,-14.5999755859375
20180908,0,-40,-75,40000,7470.54541015625,249.999969482422,16.1381492614746,-13.8434572219849
20180908,6,-40,-75,40000,7485.8876953125,251.199996948242,18.2354545593262,-12.6063966751099
20180908,12,-40,-75,40000,7487.705078125,252.399978637695,16.3642463684082,-7.99998188018799
20180908,18,-40,-75,40000,7480.45263671875,252.800003051758,18.8367767333984,-9.9300537109375
20180909,0,-40,-75,40000,7466.1826171875,252.800003051758,22.0207767486572,-4.19940805435181
20180909,6,-40,-75,40000,7464.9326171875,252.100006103516,11.6383972167969,-6.48043823242188
20180909,12,-40,-75,40000,7470.3056640625,251.600006103516,12.593542098999,-7.18410634994507
20180909,18,-40,-75,40000,7458.97119140625,251.100006103516,15.2905149459839,-5.15631818771362
20180910,0,-40,-75,40000,7445.36572265625,250.499969482422,16.7024173736572,-4.12579107284546
20180910,6,-40,-75,40000,7438.32080078125,249.199996948242,19.339807510376,-4.4847412109375
20180910,12,-40,-75,40000,7442.2001953125,248,19.6964492797852,-7.63759756088257
20180910,18,-40,-75,40000,7422.2294921875,247.199996948242,32.1651916503906,-1.1379736661911
20180911,0,-40,-75,40000,7406.005859375,246.399993896484,22.8095760345459,-4.20951175689697
20180911,6,-40,-75,40000,7412.50732421875,246.800003051758,25.1494960784912,-5.40071392059326
20180911,12,-40,-75,40000,7426.4248046875,247.699996948242,25.0195255279541,-3.74585580825806
20180911,18,-40,-75,40000,7420.12646484375,248.199996948242,25.9408016204834,5.63701152801514
20180912,0,-40,-75,40000,7409.68798828125,247.185302734375,19.9276180267334,-2.89994502067566
20180912,6,-40,-75,40000,7425.5498046875,247.899993896484,14.9693546295166,-0.322970569133759
20180912,12,-40,-75,40000,7428.64501953125,248.114669799805,15.8304386138916,-2.65177011489868
20180912,18,-40,-75,40000,7430.14306640625,248.771530151367,19.2886905670166,-2.11907958984375
20180913,0,-40,-75,40000,7431.55126953125,248.300003051758,14.9470090866089,-0.134960934519768
20180913,6,-40,-75,40000,7437.802734375,249.400024414063,15.7313051223755,0.289212048053741
20180913,12,-40,-75,40000,7443.04931640625,250.399993896484,12.7554874420166,-1.81746828556061
20180913,18,-40,-75,40000,7452.595703125,250.5,16.8572635650635,11.7572326660156
20180914,12,-40,-75,40000,7453.392578125,249.899978637695,24.1422786712646,6.92528676986694
20180914,18,-40,-75,40000,7450.19384765625,249.899978637695,26.613805770874,0.757611095905304
20180915,0,-40,-75,40000,7442.62451171875,248.899993896484,23.0998477935791,2.70150136947632
20180915,6,-40,-75,40000,7446.21044921875,248.699981689453,24.5553188323975,4.37097787857056
20180915,12,-40,-75,40000,7445.486328125,248.5,26.9492797851563,-0.691015601158142
20180915,18,-40,-75,40000,7444.6181640625,247.699996948242,24.4184379577637,-4.11532592773438
20180916,0,-40,-75,40000,7445.59375,247.699981689453,19.0980567932129,-3.76424551010132
20180916,12,-40,-75,40000,7480.45556640625,251.800003051758,16.9654293060303,4.74612426757813
20180916,18,-40,-75,40000,7481.20458984375,253.699996948242,20.8791961669922,2.39707040786743
20180917,0,-40,-75,40000,7473.60302734375,252.899993896484,18.6000366210938,9.47806358337402
20180917,6,-40,-75,40000,7486.13623046875,253.100006103516,28.5748023986816,6.97969961166382
20180917,12,-40,-75,40000,7496.7587890625,253.899993896484,30.1697959899902,3.21722412109375
20180917,18,-40,-75,40000,7504.54052734375,253.899978637695,25.5256309509277,3.32727670669556
20180918,0,-40,-75,40000,7500.1220703125,253.199996948242,23.9391307830811,3.34889149665833
20180918,6,-40,-75,40000,7500.734375,253.600006103516,20.7860355377197,7.33598613739014
20180918,12,-40,-75,40000,7492.91015625,254.79997253418,24.7275905609131,12.3354635238647
20180918,18,-40,-75,40000,7482.470703125,253,25.7574615478516,3.36563968658447
20180919,0,-40,-75,40000,7461.5361328125,251.899993896484,28.9752807617188,3.473876953125
20180919,6,-40,-75,40000,7446.48046875,249.100006103516,27.0554084777832,2.76997566223145
20180919,12,-40,-75,40000,7436.517578125,247.600006103516,26.4659309387207,1.20018553733826
20180919,18,-40,-75,40000,7417.56689453125,246.099975585938,29.1116371154785,2.32261347770691
20180920,0,-40,-75,40000,7399.56103515625,245.699996948242,28.1937255859375,-3.12967777252197
20180920,6,-40,-75,40000,7394.06982421875,245.199996948242,29.6866550445557,-1.80003666877747
20180920,12,-40,-75,40000,7387.3837890625,244.999969482422,33.4316177368164,-6.45346212387085
20180920,18,-40,-75,40000,7380.8037109375,245.199996948242,32.8196449279785,-9.5089693069458
20180921,0,-40,-75,40000,7375.08544921875,244.931686401367,30.3190670013428,-13.3133687973022
20180921,6,-40,-75,40000,7394.42138671875,244.79997253418,28.9308433532715,-11.3724365234375
20180921,12,-40,-75,40000,7409.99755859375,245.229156494141,24.1246223449707,-15.074254989624
20180921,18,-40,-75,40000,7414.22119140625,245.185760498047,21.2137565612793,-13.5694761276245
20180922,0,-40,-75,40000,7426.68017578125,245.699996948242,19.5648918151855,-15.3975124359131
20180922,6,-40,-75,40000,7439.56103515625,246.5,20.4591484069824,-17.6066551208496
20180922,12,-40,-75,40000,7456.5029296875,247.100006103516,19.2160377502441,-13.9824886322021
20180922,18,-40,-75,40000,7462.97021484375,247.468307495117,14.5742216110229,-12.228777885437
20180923,0,-40,-75,40000,7463.298828125,247.600006103516,15.6889247894287,-12.6572265625
20180923,6,-40,-75,40000,7463.57763671875,248.399993896484,14.4635524749756,-9.98001670837402
20180923,12,-40,-75,40000,7469.16796875,249.199981689453,15.0588684082031,-9.13180541992188
20180923,18,-40,-75,40000,7461.94384765625,248.899993896484,14.8942136764526,-6.33333730697632
20180924,0,-40,-75,40000,7443.27978515625,248.199996948242,15.2662353515625,-5.29625844955444
20180924,6,-40,-75,40000,7445.98876953125,249.399993896484,14.9899415969849,-5.15535879135132
20180924,12,-40,-75,40000,7438.42919921875,249.499969482422,14.2369565963745,-2.69996643066406
20180924,18,-40,-75,40000,7436.38427734375,248.600006103516,14.8860626220703,-4.34558725357056
20180925,0,-40,-75,40000,7433.126953125,248.099975585938,11.644323348999,-7.50611591339111
20180925,6,-40,-75,40000,7443.75927734375,248.800003051758,12.6769008636475,-3.21915292739868
20180925,12,-40,-75,40000,7446.51611328125,249.399993896484,17.0276908874512,-7.20860576629639
20180925,18,-40,-75,40000,7449.13330078125,248.899993896484,16.5672550201416,-6.31652212142944
20180926,0,-40,-75,40000,7447.9501953125,248.339401245117,16.7098999023438,-2.28154611587524
20180926,6,-40,-75,40000,7441.5068359375,249.29997253418,22.3624324798584,0.136676028370857
20180926,12,-40,-75,40000,7438.607421875,248.899993896484,19.2826499938965,3.20711660385132
20180926,18,-40,-75,40000,7409.630859375,250,19.8618049621582,10.7667484283447
20180927,0,-40,-75,40000,7344.3818359375,245.631683349609,31.1274604797363,4.55163860321045
20180927,6,-40,-75,40000,7350.18994140625,242.899993896484,23.8543491363525,-6.48688364028931
20180927,12,-40,-75,40000,7354.66064453125,242.421920776367,26.5817985534668,-10.1412839889526
20180927,18,-40,-75,40000,7341.0361328125,242.685272216797,30.477710723877,-12.3965883255005
20180928,0,-40,-75,40000,7336.7705078125,242.899993896484,20.3925476074219,-15.7174434661865
20180928,6,-40,-75,40000,7370.41796875,245.699996948242,21.867374420166,-15.8267087936401
20180928,12,-40,-75,40000,7387.6318359375,246.600006103516,23.4766578674316,-19.780065536499
20180928,18,-40,-75,40000,7399.2294921875,247.399993896484,24.477466583252,-15.0222902297974
20180929,0,-40,-75,40000,7393.58740234375,246.5,23.1828899383545,-12.873740196228
20180929,6,-40,-75,40000,7402.12255859375,246.699996948242,24.7999820709229,-11.6834163665771
20180929,12,-40,-75,40000,7400.9951171875,246.475540161133,25.9770622253418,-13.5780582427979
20180929,18,-40,-75,40000,7387.8623046875,245.975509643555,25.8556365966797,-12.1366882324219
20180930,0,-40,-75,40000,7381.53515625,244.600006103516,18.7608337402344,-10.3220338821411
20180930,6,-40,-75,40000,7374.64013671875,243.800003051758,16.4427089691162,-9.2435359954834
20180930,12,-40,-75,40000,7371.39208984375,243.199996948242,15.0440979003906,-10.6136417388916
20180930,18,-40,-75,40000,7359.697265625,242.899993896484,15.2939395904541,-13.3439388275146
20181001,0,-40,-75,40000,7353.46240234375,241.699996948242,10.1211338043213,-8.00002479553223
20181001,6,-40,-75,40000,7353.09619140625,240.910003662109,2.06767892837524,-4.55626201629639
20181001,12,-40,-75,40000,7358.50390625,240.5,-4.65340900421143,-0.538708508014679
20181001,18,-40,-75,40000,7366.32763671875,240.899993896484,-6.86071157455444,0.604803442955017
20181002,0,-40,-75,40000,7369.07861328125,241.282760620117,-7.59230947494507,-0.438189685344696
20181002,6,-40,-75,40000,7380.810546875,242.282760620117,-5.08040761947632,-0.0871032699942589
20181002,12,-40,-75,40000,7385.0283203125,242.5,-0.59503173828125,0.876708984375
20181002,18,-40,-75,40000,7377.5712890625,243,-0.188079833984375,2.83122563362122
20181003,0,-40,-75,40000,7366.23388671875,244.300003051758,5.14232158660889,0.600677490234375
20181003,6,-40,-75,40000,7369.0048828125,244.817230224609,9.96515655517578,-0.558291018009186
20181003,12,-40,-75,40000,7371.31689453125,244.5,13.9101467132568,-4.09102153778076
20181003,18,-40,-75,40000,7370.96435546875,243.5,16.3920097351074,-4.47267580032349
20181004,0,-40,-75,40000,7367.43505859375,242.800003051758,16.4587287902832,-0.500018298625946
20181004,6,-40,-75,40000,7368.365234375,243.499969482422,19.3464012145996,1.00995790958405
20181004,12,-40,-75,40000,7372.650390625,242.79997253418,24.6059818267822,1.05588984489441
20181004,18,-40,-75,40000,7365.1181640625,242.400024414063,24.1438579559326,5.11064958572388
20181005,0,-40,-75,40000,7356.18994140625,242.70832824707,21.8522796630859,0.367934584617615
20181005,6,-40,-75,40000,7350.85107421875,242.800003051758,24.285436630249,1.90005803108215
20181005,12,-40,-75,40000,7352.51318359375,243.199981689453,24.639087677002,-4.53229999542236
20181005,18,-40,-75,40000,7349.10986328125,243.42268371582,25.6037349700928,-2.42916250228882
20181006,0,-40,-75,40000,7337.04736328125,243,23.6193904876709,-5.28244018554688
20181006,6,-40,-75,40000,7341.78515625,242.800003051758,24.1151351928711,-6.21881818771362
20181006,12,-40,-75,40000,7341.458984375,242.43180847168,24.5796051025391,-8.07918739318848
20181006,18,-40,-75,40000,7333.89111328125,241.899993896484,25.7792110443115,-9.46428203582764
20181007,0,-40,-75,40000,7335.18798828125,241.199996948242,13.9699096679688,-8.16360473632813
20181007,6,-40,-75,40000,7336.11376953125,242,14.9145994186401,-4.41434335708618
20181007,12,-40,-75,40000,7326.27734375,242.378082275391,19.6457061767578,-6.05607891082764
20181007,18,-40,-75,40000,7306.642578125,241.624435424805,25.3248291015625,-5.64129638671875
20181008,0,-40,-75,40000,7289.37451171875,240.800003051758,23.2705497741699,-15.09521484375
20181008,6,-40,-75,40000,7301.818359375,240.382766723633,22.8622817993164,-16.9134902954102
20181008,12,-40,-75,40000,7307.5869140625,239.800003051758,18.9088230133057,-20.4277782440186
20181008,18,-40,-75,40000,7302.83935546875,239.699996948242,17.0581226348877,-22.16552734375
20181009,0,-40,-75,40000,7311.09521484375,240,2.49469304084778,-21.0249519348145
20181009,6,-40,-75,40000,7342.6142578125,240.899993896484,-0.379867553710938,-13.1366453170776
20181009,12,-40,-75,40000,7349.26171875,241.199996948242,5.86081838607788,-8.9127197265625
20181009,18,-40,-75,40000,7339.751953125,241.301177978516,9.6259765625,-7.92568349838257
20181010,0,-40,-75,40000,7330.541015625,241.34196472168,6.23779916763306,-7.38601684570313
20181010,6,-40,-75,40000,7334.37353515625,241.199996948242,3.88770437240601,-5.96790170669556
20181010,12,-40,-75,40000,7341.30859375,241.197219848633,6.09776020050049,-4.76529836654663
20181010,18,-40,-75,40000,7334.91259765625,241.300003051758,8.08603191375732,-4.23250722885132
20181011,0,-40,-75,40000,7325.33056640625,240.84358215332,10.5847196578979,-6.74892568588257
20181011,6,-40,-75,40000,7324.9775390625,240.800003051758,17.8211936950684,-8.15947246551514
20181011,12,-40,-75,40000,7329.720703125,242.682769775391,12.2278871536255,-10.4946775436401
20181011,18,-40,-75,40000,7332.66552734375,243.300003051758,9.8623685836792,-8.4310359954834
20181012,0,-40,-75,40000,7329.02734375,243.553375244141,8.49790000915527,-7.69998788833618
20181012,6,-40,-75,40000,7337.77490234375,243.699996948242,10.6041717529297,-1.55989992618561
20181012,12,-40,-75,40000,7333.7587890625,242.899993896484,14.5895843505859,-3.46167612075806
20181012,18,-40,-75,40000,7330.4013671875,243.399993896484,14.7854251861572,-8.57025146484375
20181013,0,-40,-75,40000,7331.8720703125,244.100006103516,14.5650272369385,-8.26754760742188
20181013,6,-40,-75,40000,7334.580078125,243.524459838867,11.5591526031494,-2.02666020393372
20181013,12,-40,-75,40000,7332.2607421875,243.853851318359,10.4153718948364,0.1212158203125
20181013,18,-40,-75,40000,7321.14208984375,243.292526245117,11.8369903564453,2.51111459732056
20181014,0,-40,-75,40000,7307.18701171875,241.629150390625,18.2907066345215,1.28762817382813
20181014,6,-40,-75,40000,7298.9287109375,240,15.8468322753906,0.682885766029358
20181014,12,-40,-75,40000,7310.56982421875,240.300003051758,12.7543029785156,-4.90216684341431
20181014,18,-40,-75,40000,7305.42138671875,241.300003051758,15.8419828414917,-5.83673095703125
20181015,0,-40,-75,40000,7300.078125,241.999969482422,17.3814086914063,-7.37279653549194
20181015,6,-40,-75,40000,7305.88671875,241.699996948242,13.3160152435303,-6.42675161361694
20181015,12,-40,-75,40000,7315.46435546875,241.199996948242,14.2163209915161,-7.94136953353882
20181015,18,-40,-75,40000,7315.81494140625,241.100006103516,14.6768341064453,-6.50656127929688
20181016,0,-40,-75,40000,7304.763671875,240.699981689453,12.4768371582031,-4.99982309341431
20181016,6,-40,-75,40000,7307.52880859375,241.899978637695,12.1580533981323,-3.51286625862122
20181016,12,-40,-75,40000,7316.76611328125,242.699996948242,13.6575527191162,-8.33638954162598
20181016,18,-40,-75,40000,7308.337890625,242.94612121582,13.2756290435791,-6.51165771484375
20181017,0,-40,-75,40000,7285.7236328125,241.199996948242,16.0184993743896,-1.43855595588684
20181017,6,-40,-75,40000,7272.36181640625,240.399993896484,11.7737913131714,2.60203242301941
20181017,12,-40,-75,40000,7279.90380859375,241.199981689453,10.33154296875,-8.1583194732666
20181017,18,-40,-75,40000,7292.6533203125,242.5,12.6746463775635,-14.3055295944214
20181018,0,-40,-75,40000,7320.21142578125,244.399993896484,11.8796901702881,-16.0012760162354
20181018,6,-40,-75,40000,7339.650390625,244.600006103516,10.8104915618896,-6.14716815948486
20181018,12,-40,-75,40000,7352.14013671875,244.199981689453,8.85682392120361,0.336938470602036
20181018,18,-40,-75,40000,7350.42333984375,244.800003051758,9.54851722717285,-3.24051523208618
20181019,0,-40,-75,40000,7345.02880859375,245.199996948242,9.7065372467041,1.66219484806061
20181019,6,-40,-75,40000,7337.3232421875,245,7.5295991897583,4.69304800033569
20181019,18,-40,-75,40000,7327.93505859375,242.399978637695,14.0693416595459,-2.07985234260559
20181020,0,-40,-75,40000,7328.29443359375,243.699981689453,14.8225650787354,-3.23455810546875
20181020,6,-40,-75,40000,7329.103515625,243.367874145508,13.7937831878662,1.12247312068939
20181020,12,-40,-75,40000,7326.76123046875,242.660598754883,19.4339561462402,4.28696298599243
20181020,18,-40,-75,40000,7309.703125,240.800003051758,23.1829624176025,3.3935546875
20181021,0,-40,-75,40000,7275.34130859375,239.395584106445,25.7274055480957,-1.04915773868561
20181021,6,-40,-75,40000,7271.095703125,240.092529296875,29.4078578948975,-0.31951904296875
20181021,12,-40,-75,40000,7267.818359375,239.085296630859,31.489917755127,-1.94704592227936
20181021,18,-40,-75,40000,7248.76806640625,239,30.4337520599365,-3.8367645740509
20181022,0,-40,-75,40000,7235.93701171875,237.5,26.0763740539551,-12.2994785308838
20181022,6,-40,-75,40000,7273.3876953125,238.600006103516,16.8340816497803,-12.744122505188
20181022,12,-40,-75,40000,7289.89453125,239.875534057617,17.6945896148682,-6.95195293426514
20181022,18,-40,-75,40000,7294.03515625,241.478103637695,16.491491317749,-6.19751596450806
20181023,0,-40,-75,40000,7290.244140625,241.94384765625,16.7561454772949,-4.17784404754639
20181023,6,-40,-75,40000,7293.25439453125,241.785308837891,17.9689273834229,-4.56513071060181
20181023,12,-40,-75,40000,7308.125,242.238922119141,14.7476501464844,-6.85080575942993
20181023,18,-40,-75,40000,7306.52294921875,242.500030517578,14.39040184021,0.108441159129143
20181024,0,-40,-75,40000,7286.9375,241.692535400391,15.0515623092651,7.09996318817139
20181024,6,-40,-75,40000,7275.4482421875,241.600006103516,22.0124092102051,3.39002680778503
20181024,12,-40,-75,40000,7269.078125,241.899993896484,24.9559993743896,8.32246112823486
20181024,18,-40,-75,40000,7238.74755859375,239.999969482422,35.2440490722656,8.9762020111084
20181025,0,-40,-75,40000,7224.29541015625,238.699996948242,26.5193786621094,-7.44411611557007
20181025,6,-40,-75,40000,7249.2431640625,238.061080932617,16.9863471984863,-13.874249458313
20181025,12,-40,-75,40000,7275.56494140625,238.692504882813,20.7874202728271,-14.1986513137817
20181025,18,-40,-75,40000,7292.0830078125,239.792556762695,15.8753232955933,-18.0038089752197
20181026,0,-40,-75,40000,7309.412109375,240.899993896484,11.980260848999,-15.4143676757813
20181026,6,-40,-75,40000,7325.2412109375,241.599975585938,12.4397706985474,-8.29765605926514
20181026,12,-40,-75,40000,7325.9970703125,240.807464599609,13.958963394165,-6.91420269012451
20181026,18,-40,-75,40000,7319.66552734375,240.600006103516,12.3160152435303,-10.1404905319214
20181027,0,-40,-75,40000,7322.0419921875,240.743453979492,16.1631278991699,-11.8868770599365
20181027,6,-40,-75,40000,7328.9248046875,240.482376098633,19.9418544769287,-10.7999753952026
20181027,12,-40,-75,40000,7342.8076171875,240.143478393555,7.79532766342163,-9.67062377929688
20181027,18,-40,-75,40000,7362.3701171875,240.29997253418,-7.45344829559326,-1.92635500431061
20181028,0,-40,-75,40000,7363.81982421875,240.368316650391,-2.45736694335938,-0.1776123046875
20181028,6,-40,-75,40000,7361.8544921875,240.600006103516,-0.324844360351563,-3.04202890396118
20181028,12,-40,-75,40000,7365.685546875,240.920318603516,1.71662294864655,-7.23299551010132
20181028,18,-40,-75,40000,7364.47705078125,240.997436523438,5.49317646026611,-6.11660146713257
20181029,0,-40,-75,40000,7364.01123046875,240.633331298828,7.61788654327393,-8.77188110351563
20181029,6,-40,-75,40000,7360.47119140625,240.223052978516,6.89688110351563,-2.9984130859375
20181029,12,-40,-75,40000,7355.5654296875,240.341949462891,8.50401020050049,-3.53461313247681
20181029,18,-40,-75,40000,7344.0126953125,240.199996948242,8.20120239257813,-4.33030414581299
20181030,0,-40,-75,40000,7339.064453125,241.100006103516,9.69226360321045,-7.40463256835938
20181030,6,-40,-75,40000,7344.79443359375,239.600006103516,11.8857021331787,-11.348840713501
20181030,12,-40,-75,40000,7342.90869140625,239.999969482422,20.7008934020996,-16.9332332611084
20181030,18,-40,-75,40000,7328.72607421875,242.399993896484,15.9319152832031,-29.0908317565918
20181031,0,-40,-75,40000,7366.55126953125,241.613067626953,6.90182781219482,-22.0999946594238
20181031,6,-40,-75,40000,7386.11669921875,242.20002746582,4.18842458724976,-10.9033079147339
20181031,12,-40,-75,40000,7394.546875,243.199996948242,8.07076740264893,-6.20073223114014
20181031,18,-40,-75,40000,7382.873046875,244.21305847168,10.9265565872192,-1.30296635627747
20181101,0,-40,-75,40000,7380.64501953125,245.04052734375,12.6153564453125,-11.9333744049072
20181101,6,-40,-75,40000,7395.56884765625,246.399993896484,9.7073974609375,-11.002911567688
20181101,12,-40,-75,40000,7409.87646484375,247.300003051758,8.13642311096191,-1.17974615097046
20181101,18,-40,-75,40000,7403.45068359375,247.237258911133,9.51535034179688,3.54988408088684
20181102,0,-40,-75,40000,7390.82421875,246.899993896484,8.28516864776611,6.28497934341431
20181102,6,-40,-75,40000,7367.6962890625,246.599975585938,7.70086669921875,10.685583114624
20181102,12,-40,-75,40000,7351.849609375,246.618865966797,6.27991628646851,8.13748741149902
20181102,18,-40,-75,40000,7329.638671875,246.049224853516,14.9467010498047,10.0325498580933
20181103,0,-40,-75,40000,7306.53515625,246.484527587891,12.7269592285156,13.3023681640625
20181103,6,-40,-75,40000,7290.18994140625,244.800003051758,13.1377077102661,1.24294435977936
20181103,12,-40,-75,40000,7292.796875,243.411697387695,20.3149147033691,4.3958740234375
20181103,18,-40,-75,40000,7285.240234375,242.5,21.3252201080322,4.12513446807861
20181104,0,-40,-75,40000,7264.70068359375,240.899993896484,21.6550140380859,2.30112314224243
20181104,6,-40,-75,40000,7258.2236328125,239.636383056641,20.9145565032959,3.02647089958191
20181104,12,-40,-75,40000,7265.3349609375,240.600006103516,25.6141262054443,2.21121835708618
20181104,18,-40,-75,40000,7267.1611328125,240.79997253418,21.5073432922363,0.95819091796875
20181105,0,-40,-75,40000,7256.56884765625,240.999969482422,16.2556419372559,1.10557866096497
20181105,6,-40,-75,40000,7254.12548828125,240.100006103516,12.5060367584229,5.10550546646118
20181105,12,-40,-75,40000,7262.1513671875,240.224456787109,11.7523012161255,0.800164818763733
20181105,18,-40,-75,40000,7256.8955078125,239.199996948242,10.7803525924683,4.87108135223389
20181106,0,-40,-75,40000,7239.9619140625,237.800003051758,11.0212802886963,5.15478515625
20181106,6,-40,-75,40000,7237.25927734375,237.908401489258,14.7037353515625,2.13429570198059
20181106,12,-40,-75,40000,7244.78125,238.856536865234,16.578914642334,-6.86898803710938
20181106,18,-40,-75,40000,7239.267578125,238.300582885742,11.9817810058594,3.80015873908997
20181107,0,-40,-75,40000,7219.4287109375,237.049194335938,12.9420042037964,5.82686758041382
20181107,6,-40,-75,40000,7193.8779296875,237.76953125,15.8306636810303,-1.75228273868561
20181107,12,-40,-75,40000,7212,240.032318115234,15.4335145950317,-9.08940410614014
20181107,18,-40,-75,40000,7192.9931640625,240.305023193359,26.5894737243652,-6.75673818588257
20181108,0,-40,-75,40000,7157.51123046875,238.025924682617,36.2734985351563,-14.3191165924072
20181108,6,-40,-75,40000,7183.72802734375,240.937774658203,30.2815361022949,-11.2545900344849
20181108,12,-40,-75,40000,7203.001953125,240.308792114258,26.6465911865234,-8.87985801696777
20181108,18,-40,-75,40000,7228.23876953125,240,24.5457210540771,-13.5440006256104
20181109,0,-40,-75,40000,7252.08447265625,240.863616943359,19.334924697876,-7.03984355926514
20181109,6,-40,-75,40000,7255.21875,240.899993896484,17.9061698913574,2.87110590934753
20181109,12,-40,-75,40000,7260.94921875,242.600006103516,20.1732425689697,6.51564645767212
20181109,18,-40,-75,40000,7242.302734375,241.827560424805,16.50461769104,11.8292665481567
20181110,0,-40,-75,40000,7208.99853515625,240,19.4981079101563,6.7603759765625
20181110,6,-40,-75,40000,7219.08935546875,238.899993896484,10.4427242279053,-6.04614877700806
20181110,12,-40,-75,40000,7237.23486328125,238.800003051758,11.6884431838989,-3.89999389648438
20181110,18,-40,-75,40000,7237.4091796875,239.182250976563,13.1305236816406,-1.99922490119934
20181111,0,-40,-75,40000,7228.294921875,237.999969482422,18.6625938415527,-3.23231816291809
20181111,6,-40,-75,40000,7236.25732421875,237.5,19.6924629211426,-5.10631084442139
20181111,12,-40,-75,40000,7247.52734375,238.214721679688,20.6633205413818,-6.58103656768799
20181111,18,-40,-75,40000,7241.013671875,238.100006103516,17.8302974700928,-5.17940664291382
20181112,0,-40,-75,40000,7235.0751953125,238.399993896484,23.3928413391113,-10.5643367767334
20181112,6,-40,-75,40000,7234.76953125,238.344970703125,19.9974479675293,-1.22656857967377
20181112,12,-40,-75,40000,7230.88818359375,238.499969482422,15.9505710601807,1.9415283203125
20181112,18,-40,-75,40000,7213.60791015625,238.30696105957,11.091796875,3.65223383903503
20181113,0,-40,-75,40000,7186.68603515625,237.699996948242,13.1649656295776,-2.04891061782837
20181113,6,-40,-75,40000,7197.744140625,238.399993896484,12.5391483306885,-7.59611797332764
20181113,12,-40,-75,40000,7221.216796875,239.878051757813,11.7732515335083,0.8138427734375
20181113,18,-40,-75,40000,7212.5869140625,239.724456787109,21.5542850494385,10.1923522949219
20181114,0,-40,-75,40000,7206.92431640625,239.29997253418,26.2642059326172,4.37637948989868
20181114,6,-40,-75,40000,7198.03857421875,238.199996948242,28.6295433044434,5.52646493911743
20181114,12,-40,-75,40000,7195.9423828125,237.007354736328,32.8555335998535,0.870922863483429
20181114,18,-40,-75,40000,7183.49267578125,237.100006103516,36.6444320678711,3.08348703384399
20181115,0,-40,-75,40000,7170.56982421875,235.800003051758,31.2682304382324,4.32663583755493
20181115,6,-40,-75,40000,7169.0068359375,235.79997253418,30.0853328704834,1.75235903263092
20181115,12,-40,-75,40000,7178.55615234375,236.800003051758,30.2137298583984,-5.29274606704712
20181115,18,-40,-75,40000,7186.099609375,237.765258789063,30.7539939880371,-2.53205561637878
20181116,0,-40,-75,40000,7187.57763671875,238.046142578125,23.6355171203613,3.07536315917969
20181116,6,-40,-75,40000,7170.99755859375,237.800003051758,14.2220706939697,9.57706928253174
20181116,12,-40,-75,40000,7145.69580078125,234.977813720703,12.2028045654297,0.65960693359375
20181116,18,-40,-75,40000,7119.9638671875,233,17.3167476654053,-0.291378796100616
20181117,0,-40,-75,40000,7098.33203125,231.29997253418,20.7917175292969,-1.02292788028717
20181117,6,-40,-75,40000,7095.4462890625,231.199996948242,30.7999076843262,-0.164416506886482
20181117,12,-40,-75,40000,7087.7392578125,230.754028320313,29.5538883209229,0.584631323814392
20181117,18,-40,-75,40000,7075.78271484375,232.399993896484,18.6697483062744,-7.04781484603882
20181118,0,-40,-75,40000,7099.00830078125,234.459838867188,14.4907073974609,-11.3400144577026
20181118,6,-40,-75,40000,7103.6162109375,235.211639404297,23.0487270355225,1.4588623046875
20181118,12,-40,-75,40000,7100.71875,234.5,26.361780166626,-2.86511850357056
20181118,18,-40,-75,40000,7088.53955078125,233.699996948242,29.9347476959229,-7.49993276596069
20181119,0,-40,-75,40000,7091.46142578125,234,30.8364200592041,-8.21961688995361
20181119,6,-40,-75,40000,7106.93017578125,234.699996948242,37.3921279907227,-10.3043699264526
20181119,12,-40,-75,40000,7110.59521484375,233.79997253418,35.6116638183594,-7.99799823760986
20181119,18,-40,-75,40000,7099.8544921875,233.800003051758,37.1299133300781,-6.53494882583618
20181120,0,-40,-75,40000,7080.87744140625,233.101959228516,37.8387985229492,-2.99996948242188
20181120,6,-40,-75,40000,7061.341796875,229.999969482422,36.7372970581055,-0.598547339439392
20181120,12,-40,-75,40000,7048.89111328125,229.800003051758,26.5222663879395,-5.73171377182007
20181120,18,-40,-75,40000,7087.0654296875,231.300003051758,20.0797538757324,-21.4041805267334
20181121,0,-40,-75,40000,7130.39990234375,233.699996948242,21.7056159973145,-14.1000185012817
20181121,6,-40,-75,40000,7158.61669921875,234,18.5808620452881,-16.7308597564697
20181121,12,-40,-75,40000,7179.3564453125,234.300003051758,20.269962310791,-10.4988765716553
20181121,18,-40,-75,40000,7175.625,234.600006103516,17.9864101409912,-7.65330791473389
20181122,0,-40,-75,40000,7177.6201171875,235,14.1886196136475,-6.17042827606201
20181122,6,-40,-75,40000,7154.39111328125,235.399993896484,25.391918182373,-12.3044681549072
20181122,12,-40,-75,40000,7189.876953125,238.002655029297,24.8967323303223,-22.0403022766113
20181122,18,-40,-75,40000,7203.9306640625,239.628707885742,28.1531562805176,-15.8869504928589
20181123,0,-40,-75,40000,7203.0830078125,239.50537109375,25.6008796691895,-16.5000553131104
20181123,6,-40,-75,40000,7235.63916015625,240.033325195313,21.0915832519531,-13.000018119812
20181123,12,-40,-75,40000,7268.48046875,239.947784423828,18.6172065734863,-9.57880878448486
20181123,18,-40,-75,40000,7267.7099609375,239.459442138672,20.446475982666,-2.75393056869507
20181124,0,-40,-75,40000,7246.845703125,237.87385559082,23.1485538482666,-1.64426267147064
20181124,6,-40,-75,40000,7242.8076171875,236.862274169922,17.8897590637207,-8.05340003967285
20181124,12,-40,-75,40000,7259.29443359375,236.979736328125,11.6618776321411,-14.6586971282959
20181124,18,-40,-75,40000,7253.1982421875,237.060668945313,9.12174034118652,-13.8974151611328
20181125,0,-40,-75,40000,7261.78564453125,238.772491455078,1.49769902229309,-14.3069667816162
20181125,6,-40,-75,40000,7279.85888671875,241.600006103516,11.9547729492188,-8.12912273406982
20181125,12,-40,-75,40000,7280.693359375,243.072463989258,21.1333694458008,0.902783215045929
20181125,18,-40,-75,40000,7258.43603515625,240.572479248047,27.9981155395508,2.23844718933105
20181126,0,-40,-75,40000,7228.263671875,238.699996948242,29.9845962524414,-2.45116710662842
20181126,6,-40,-75,40000,7230.7470703125,239.040557861328,27.9132881164551,-2.39679574966431
20181126,12,-40,-75,40000,7224.7998046875,238.300003051758,24.2174320220947,-2.22419929504395
20181126,18,-40,-75,40000,7199.365234375,236.800003051758,26.7383365631104,-2.23598027229309
20181127,0,-40,-75,40000,7177.85693359375,236.699996948242,22.8467903137207,-3.41951894760132
20181127,6,-40,-75,40000,7195.9091796875,239.600006103516,21.6595764160156,-20.2177925109863
20181127,12,-40,-75,40000,7217.97802734375,240.872512817383,26.8237056732178,-15.6870994567871
20181127,18,-40,-75,40000,7229.75390625,241.399993896484,29.5694065093994,-18.3685741424561
20181128,0,-40,-75,40000,7238.5283203125,240.678680419922,27.1885318756104,-12.628867149353
20181128,6,-40,-75,40000,7249.61865234375,240.300018310547,27.4051132202148,-15.8847608566284
20181128,12,-40,-75,40000,7269.85498046875,239.720901489258,22.7067928314209,-10.8477296829224
20181128,18,-40,-75,40000,7260.87353515625,239.300003051758,28.980863571167,-8.00019550323486
20181129,0,-40,-75,40000,7266.66552734375,239.489654541016,26.1167850494385,-10.3982849121094
20181129,6,-40,-75,40000,7269.6748046875,239.603881835938,23.3991432189941,-5.61837148666382
20181129,12,-40,-75,40000,7283.63916015625,240.100006103516,26.0287742614746,-6.89995098114014
20181129,18,-40,-75,40000,7276.81640625,240,27.8743438720703,-5.09039545059204
20181130,0,-40,-75,40000,7261.92041015625,239.199996948242,28.4184017181396,-3.17774415016174
20181130,6,-40,-75,40000,7251.6123046875,239.100006103516,21.2914371490479,-5.13165998458862
20181130,12,-40,-75,40000,7247.13232421875,238.521026611328,15.2122116088867,-2.96614742279053
20181130,18,-40,-75,40000,7216.6787109375,237.83349609375,14.2246017456055,-2.35113286972046
20181201,0,-40,-75,40000,7180.5751953125,237.384643554688,11.4613618850708,-1.36870729923248
20181201,6,-40,-75,40000,7159.2880859375,237.818771362305,14.2837343215942,-3.08564448356628
20181201,12,-40,-75,40000,7181.67822265625,240.199996948242,19.2999172210693,-9.89811992645264
20181201,18,-40,-75,40000,7171.03564453125,240.140548706055,22.0776634216309,7.10670185089111
20181202,0,-40,-75,40000,7120.216796875,238.194427490234,25.3147640228271,15.89599609375
20181202,6,-40,-75,40000,7085.28173828125,235.291091918945,30.7041568756104,9.00022602081299
20181202,12,-40,-75,40000,7072.09814453125,233.42610168457,34.2975807189941,9.44672870635986
20181202,18,-40,-75,40000,7037.95703125,231.316207885742,38.2045936584473,1.86920773983002
20181203,0,-40,-75,40000,7006.49853515625,229.327514648438,40.2438926696777,0.313317865133286
20181203,6,-40,-75,40000,6989.42578125,228.712768554688,40.1018676757813,2.5799560546875
20181203,12,-40,-75,40000,7010.9716796875,231,39.858470916748,-5.69319438934326
20181203,18,-40,-75,40000,7016.939453125,232.03369140625,38.9267387390137,-15.4270143508911
20181204,0,-40,-75,40000,7045.02978515625,233.324554443359,39.0098648071289,-8.48970985412598
20181204,6,-40,-75,40000,7049.458984375,233.385375976563,33.5136528015137,0.4400634765625
20181204,12,-40,-75,40000,7045.13427734375,232.013275146484,36.0414810180664,-0.494659423828125
20181204,18,-40,-75,40000,7007.0654296875,230.399932861328,40.1814765930176,1.19973146915436
20181205,0,-40,-75,40000,6966.3701171875,226.999969482422,46.2037162780762,1.09998774528503
20181205,6,-40,-75,40000,6943.919921875,227.414627075195,44.7705421447754,-2.00239253044128
20181205,12,-40,-75,40000,6947.54833984375,228.899993896484,45.8646774291992,-1.98394167423248
20181205,18,-40,-75,40000,6962.04248046875,233.202423095703,53.9267959594727,-14.0393371582031
20181206,0,-40,-75,40000,6973.5556640625,232.600021362305,48.7838554382324,-12.1226930618286
20181206,6,-40,-75,40000,6990.9814453125,233.0107421875,44.6360282897949,-9.29691123962402
20181206,12,-40,-75,40000,7003.10791015625,232.728973388672,42.734001159668,-9.91261005401611
20181206,18,-40,-75,40000,7024.68115234375,234.427978515625,40.3656730651855,-8.62885093688965
20181207,0,-40,-75,40000,7028.21484375,234.261444091797,38.2597732543945,-8.66278648376465
20181207,6,-40,-75,40000,7051.03759765625,235.271774291992,39.2251510620117,-12.5199279785156
20181207,12,-40,-75,40000,7078.67333984375,235.467849731445,36.1974601745605,-11.6835079193115
20181207,18,-40,-75,40000,7083.61181640625,235.000030517578,31.7134990692139,-5.92935037612915
20181208,0,-40,-75,40000,7084.1005859375,233.851348876953,25.6085891723633,-2.27283191680908
20181208,6,-40,-75,40000,7075.81640625,233.013885498047,21.1714553833008,-0.219277337193489
20181208,12,-40,-75,40000,7062.28369140625,231.604461669922,20.7454566955566,1.98573243618011
20181208,18,-40,-75,40000,7046.892578125,232.418365478516,24.8139400482178,-6.83739948272705
20181209,0,-40,-75,40000,7043.71826171875,232.399993896484,27.4399967193604,-3.29323720932007
20181209,6,-40,-75,40000,7033.64892578125,232.003997802734,30.8606052398682,-2.50704336166382
20181209,12,-40,-75,40000,7043.13134765625,232.100006103516,31.1446590423584,-5.43019533157349
20181209,18,-40,-75,40000,7047.49365234375,233.69140625,35.172233581543,-4.55729389190674
20181210,0,-40,-75,40000,7049.6513671875,234.915802001953,36.6749153137207,-3.97518301010132
20181210,6,-40,-75,40000,7041.39013671875,234.588836669922,39.4778861999512,-7.46249389648438
20181210,12,-40,-75,40000,7078.64794921875,232.626754760742,28.2532901763916,-15.730224609375
20181210,18,-40,-75,40000,7102.3662109375,232.699981689453,21.9708404541016,-15.5150327682495
20181211,0,-40,-75,40000,7129.5869140625,234.376953125,17.4999198913574,-13.4245357513428
20181211,6,-40,-75,40000,7148.052734375,235.054977416992,14.5416965484619,-8.78925800323486
20181211,12,-40,-75,40000,7161.4375,234.972442626953,12.2999935150146,-6.62938213348389
20181211,18,-40,-75,40000,7158.2138671875,234.506759643555,10.0810241699219,-4.31550884246826
20181212,0,-40,-75,40000,7159.47802734375,234.28092956543,9.251220703125,-3.74900197982788
20181212,6,-40,-75,40000,7175.294921875,235.199996948242,10.8851289749146,-3.10782766342163
20181212,12,-40,-75,40000,7188.5830078125,235.885589599609,19.2344818115234,-4.19215393066406
20181212,18,-40,-75,40000,7187.0869140625,235.987869262695,21.6866359710693,-0.181475833058357
20181213,0,-40,-75,40000,7179.9501953125,235.2275390625,20.4482688903809,-0.983648657798767
20181213,6,-40,-75,40000,7175.12646484375,234.529144287109,17.3310298919678,-7.32675170898438
20181213,12,-40,-75,40000,7191.154296875,234.899993896484,16.195779800415,-5.62385845184326
20181213,18,-40,-75,40000,7191.0595703125,235.20002746582,13.3444213867188,0.154223635792732
20181214,0,-40,-75,40000,7175.57568359375,235.220260620117,17.9915504455566,0.666467308998108
20181214,6,-40,-75,40000,7173.658203125,234.800003051758,23.5925540924072,2.58089590072632
20181214,12,-40,-75,40000,7176.3720703125,234.52165222168,22.417236328125,5.30086040496826
20181214,18,-40,-75,40000,7151.47314453125,233.600006103516,24.9274654388428,4.82140493392944
20181215,0,-40,-75,40000,7102.62744140625,231.399993896484,29.7714538574219,4.00036001205444
20181215,6,-40,-75,40000,7123.142578125,232.660369873047,19.5041255950928,-15.2706050872803
20181215,12,-40,-75,40000,7156.861328125,232.213088989258,24.9127235412598,-9.22630023956299
20181215,18,-40,-75,40000,7141.20556640625,233.404983520508,28.9002742767334,-12.1710662841797
20181216,0,-40,-75,40000,7121.06103515625,233.599975585938,32.4031448364258,-17.58717918396
20181216,6,-40,-75,40000,7144.8974609375,234.999969482422,22.9503479003906,-15.7658414840698
20181216,12,-40,-75,40000,7160.38916015625,234.500030517578,26.0442867279053,-14.9398708343506
20181216,18,-40,-75,40000,7135.33056640625,233.699996948242,32.2284660339355,-12.1805448532104
20181217,0,-40,-75,40000,7159.38671875,235,23.3321132659912,-18.7430610656738
20181217,6,-40,-75,40000,7168.9892578125,235.699996948242,29.1862487792969,-12.7999572753906
20181217,12,-40,-75,40000,7169.8349609375,234.804397583008,31.62229347229,-11.2552003860474
20181217,18,-40,-75,40000,7159.5029296875,235.541137695313,31.518726348877,-9.8825626373291
20181218,0,-40,-75,40000,7145.79443359375,235.073928833008,33.5045623779297,-8.90676307678223
20181218,6,-40,-75,40000,7131.29052734375,234.434860229492,34.5050392150879,-9.47780132293701
20181218,12,-40,-75,40000,7129.7783203125,233.887741088867,35.6916694641113,-7.889404296875
