20180720,0,35,141,2000,26208.23828125,213.117233276367,28.6024112701416,-2.52186512947083
20180720,6,35,141,2000,26163.296875,212.399993896484,32.1800193786621,-0.712412118911743
20180720,12,35,141,2000,26137.900390625,212.300003051758,34.5047302246094,0.523354470729828
20180720,18,35,141,2000,26121.84765625,210.899978637695,36.0548858642578,-0.936132788658142
20180721,0,35,141,2000,26103.234375,209.199981689453,38.700008392334,1.13011717796326
20180721,6,35,141,2000,26082.32421875,208.396270751953,36.7660140991211,2.03141856193542
20180721,12,35,141,2000,26084.78515625,208.800003051758,34.3800048828125,2.35670900344849
20180721,18,35,141,2000,26102.3046875,208.100006103516,34.0900039672852,1.79396975040436
20180722,0,35,141,2000,26119.7421875,208.399993896484,33.2300033569336,2.92996096611023
20180722,6,35,141,2000,26127.240234375,208.100006103516,32.2266387939453,1.1387939453125
20180722,12,35,141,2000,26128.75,207.899993896484,31.3242340087891,0.0514331050217152
20180722,18,35,141,2000,26144.33984375,208.899978637695,35.0900115966797,-3.23461675643921
20180723,0,35,141,2000,26149.990234375,206.999969482422,34.5200119018555,-0.573693871498108
20180723,6,35,141,2000,26153.69921875,207.29997253418,31.3800029754639,4.59369611740112
20180723,12,35,141,2000,26213.322265625,210.5,15.7400074005127,11.3953552246094
20180723,18,35,141,2000,26271.884765625,211.899993896484,15.1466674804688,8.18121814727783
20180724,0,35,141,2000,26317.53515625,212.879684448242,14.5504570007324,8.66134738922119
20180724,6,35,141,2000,26326.619140625,213.599975585938,14.9500045776367,7.19122552871704
20180724,12,35,141,2000,26351.16015625,213.399993896484,14.25,7.8003830909729
20180724,18,35,141,2000,26366.4609375,213.800003051758,15.3800849914551,7.61049318313599
20180725,0,35,141,2000,26398.671875,214.199996948242,15.580002784729,9.42957019805908
20180725,6,35,141,2000,26382.099609375,213.899993896484,14.7951736450195,8.73310279846191
20180725,12,35,141,2000,26401.494140625,214.699996948242,10.8299980163574,9.52480220794678
20180725,18,35,141,2000,26414.53515625,216,8.63000011444092,6.9614086151123
20180726,0,35,141,2000,26426.8046875,216.199981689453,6.8705883026123,7.6838231086731
20180726,6,35,141,2000,26410.9140625,216.899993896484,5.92999744415283,6.35387945175171
20180726,12,35,141,2000,26417.23828125,216.800003051758,5.34999990463257,5.27608394622803
20180726,18,35,141,2000,26423.2265625,218.199981689453,7.05028820037842,4.7487645149231
20180727,0,35,141,2000,26431.525390625,217.699981689453,5.94669198989868,6.70214605331421
20180727,6,35,141,2000,26415.91015625,217.800003051758,4.49670171737671,5.91547346115112
20180727,12,35,141,2000,26428.126953125,218,2.62000250816345,4.88557863235474
20180727,18,35,141,2000,26428.30078125,218.199981689453,3.29667472839355,3.63369870185852
20180728,0,35,141,2000,26426.181640625,217.5,1.90000486373901,3.26370120048523
20180728,6,35,141,2000,26398.9921875,217,4.12969493865967,-0.890419900417328
20180728,12,35,141,2000,26380.35546875,214.899993896484,8.02695274353027,-2.28025031089783
20180728,18,35,141,2000,26358.3984375,214.800003051758,12.7524166107178,-2.46101307868958
20180729,0,35,141,2000,26347.98828125,213.899993896484,15.3500051498413,-0.715184330940247
20180729,6,35,141,2000,26310.482421875,212.199981689453,18.2800006866455,-1.45987057685852
20180729,12,35,141,2000,26303.314453125,211.999969482422,20.9800052642822,1.34919190406799
20180729,18,35,141,2000,26311.181640625,213,24.7767391204834,0.483319103717804
20180730,0,35,141,2000,26302.134765625,213.599975585938,24.2901554107666,3.50656247138977
20180730,6,35,141,2000,26295.064453125,213.106979370117,25.2500057220459,0.621972680091858
20180730,12,35,141,2000,26278.05078125,213.29997253418,25.3480987548828,1.57340824604034
20180730,18,35,141,2000,26292.029296875,214.600006103516,25.6499996185303,1.55364871025085
20180731,0,35,141,2000,26297.47265625,214.099975585938,24.2477912902832,1.67381227016449
20180731,6,35,141,2000,26288.849609375,214.699981689453,23.9503364562988,2.39656972885132
20180731,12,35,141,2000,26286.498046875,214.100006103516,20.8166580200195,3.97364497184753
20180731,18,35,141,2000,26312.77734375,215.099975585938,21.4403018951416,2.04757809638977
20180801,0,35,141,2000,26321.287109375,214.599975585938,20.9300079345703,4.41070079803467
20180801,6,35,141,2000,26320.95703125,215.300003051758,20.7833194732666,4.81627464294434
20180801,12,35,141,2000,26334.1015625,215.199996948242,21.9100017547607,6.12759780883789
20180801,18,35,141,2000,26372.150390625,215.599975585938,22.5505619049072,6.18552255630493
20180802,0,35,141,2000,26390.046875,215.199996948242,20.0394039154053,6.27509260177612
20180802,6,35,141,2000,26390.546875,215.899978637695,19.1486740112305,4.53009033203125
20180802,12,35,141,2000,26399.794921875,215.999969482422,16.3500022888184,5.42204332351685
20180802,18,35,141,2000,26436.724609375,216.800003051758,14.9300174713135,3.97009754180908
20180803,0,35,141,2000,26446.623046875,216.699996948242,13.25,4.66407489776611
20180803,6,35,141,2000,26445.671875,217.199996948242,11.8533906936646,3.56461906433105
20180803,12,35,141,2000,26463.359375,216.832122802734,10.75,1.60986816883087
20180803,18,35,141,2000,26483.275390625,216.800003051758,13.4502639770508,1.84956538677216
20180804,0,35,141,2000,26484.240234375,216,12.209997177124,3.48475575447083
20180804,6,35,141,2000,26467.533203125,215.099975585938,10.9900045394897,-0.297233879566193
20180804,12,35,141,2000,26459.095703125,215.699981689453,12.4301509857178,-2.85635495185852
20180804,18,35,141,2000,26476.806640625,216.600006103516,16.7399959564209,-3.05867195129395
20180805,0,35,141,2000,26467.033203125,215,15.1864528656006,-0.43253418803215
20180805,6,35,141,2000,26435.90234375,214.5,13.392783164978,-3.46005368232727
20180805,12,35,141,2000,26439.30078125,216,14.140007019043,-6.06328868865967
20180805,18,35,141,2000,26461.5625,216.199996948242,15.9257783889771,-6.15721321105957
20180806,0,35,141,2000,26452.841796875,215.399993896484,15.949782371521,-3.56956672668457
20180806,6,35,141,2000,26437.9921875,215.899993896484,13.6757717132568,-6.75520038604736
20180806,12,35,141,2000,26443.921875,216.300003051758,13.819785118103,-7.53306770324707
20180806,18,35,141,2000,26451.4296875,216.79997253418,15.1517677307129,-5.23553466796875
20180807,0,35,141,2000,26458.375,216.800003051758,12.3834133148193,-3.87495970726013
20180807,6,35,141,2000,26435.220703125,216.399993896484,12.1768016815186,-3.70937132835388
20180807,12,35,141,2000,26446.0546875,217.399978637695,12.881233215332,-2.98278188705444
20180807,18,35,141,2000,26464.744140625,217.399993896484,14.9030885696411,-2.01424074172974
20180808,0,35,141,2000,26462.546875,215.999969482422,13.2272653579712,0.468618154525757
20180808,6,35,141,2000,26435.349609375,216.29997253418,12.280481338501,-1.51863276958466
20180808,12,35,141,2000,26432.48828125,216.399993896484,13.550009727478,-1.74843990802765
20180808,18,35,141,2000,26448.26171875,216.399993896484,15.2500076293945,-0.0679345726966858
20180809,0,35,141,2000,26441.38671875,215.750732421875,14.4300022125244,3.16737794876099
20180809,6,35,141,2000,26424.337890625,215.600006103516,13.2186574935913,1.53789794445038
20180809,12,35,141,2000,26432.640625,216.29997253418,13.9500217437744,4.04283952713013
20180809,18,35,141,2000,26441.5546875,218,13.3483276367188,5.27615213394165
20180810,0,35,141,2000,26457.7265625,217.699981689453,10.3400096893311,5.29993629455566
20180810,6,35,141,2000,26440.6796875,217.999969482422,10.0000095367432,3.92751955986023
20180810,12,35,141,2000,26459.7265625,219.528610229492,8.04000473022461,4.71439456939697
20180810,18,35,141,2000,26474.125,220,8.6300048828125,2.7347412109375
20180811,0,35,141,2000,26468.66015625,218.399368286133,8.63001441955566,2.07782459259033
20180811,6,35,141,2000,26450.134765625,218.79997253418,9.75003623962402,-0.343747556209564
20180811,12,35,141,2000,26452.669921875,219.29997253418,10.7500047683716,0.644387185573578
20180811,18,35,141,2000,26447.1171875,218.800003051758,13.8500175476074,0.563818335533142
20180812,0,35,141,2000,26441.8046875,218.399993896484,13.4500074386597,2.88240480422974
20180812,6,35,141,2000,26431.212890625,217.899978637695,12.8500051498413,3.61588740348816
20180812,12,35,141,2000,26429.794921875,217.600006103516,11.9404830932617,3.24991464614868
20180812,18,35,141,2000,26432.064453125,217.399993896484,18.798225402832,2.43992185592651
20180813,0,35,141,2000,26432.9921875,216.699981689453,23.3400077819824,4.56723499298096
20180813,6,35,141,2000,26395.794921875,216.099975585938,24.7500114440918,3.10523080825806
20180813,12,35,141,2000,26378.80078125,217.100006103516,23.0002346038818,2.15435314178467
20180813,18,35,141,2000,26402.744140625,218.099975585938,24.2230644226074,0.406804203987122
20180814,0,35,141,2000,26404.4921875,216.5,26.1834335327148,0.627668440341949
20180814,6,35,141,2000,26371.123046875,216.308074951172,27.4000129699707,0.902014136314392
20180814,12,35,141,2000,26370.669921875,217.100006103516,27.1300048828125,0.0316821299493313
20180814,18,35,141,2000,26386.14453125,217.399993896484,30.3199996948242,-4.12943124771118
20180815,0,35,141,2000,26396.392578125,215.899993896484,30.9200592041016,-4.84343528747559
20180815,6,35,141,2000,26359.3984375,215.100006103516,29.8400115966797,-3.9405345916748
20180815,12,35,141,2000,26360.48828125,215.79997253418,30.850004196167,-2.86308360099792
20180815,18,35,141,2000,26366.91796875,216.800003051758,31.8100070953369,-3.08951163291931
20180816,0,35,141,2000,26378.0390625,215.399993896484,31.8800144195557,0.0614892579615116
20180816,6,35,141,2000,26350.900390625,214.199996948242,30.6298732757568,-0.632158219814301
20180816,12,35,141,2000,26345.26953125,214.399978637695,31.8200054168701,0.614008784294128
20180816,18,35,141,2000,26363.517578125,214.899993896484,33.2500076293945,1.13000726699829
20180817,0,35,141,2000,26373.16796875,213.899993896484,31.1499996185303,6.00321292877197
20180817,6,35,141,2000,26363.759765625,213.600006103516,26.7000102996826,6.42933082580566
20180817,12,35,141,2000,26373.873046875,214.199996948242,20.5158405303955,5.03801536560059
20180817,18,35,141,2000,26397.3203125,215.800003051758,19.9300079345703,4.35571527481079
20180818,0,35,141,2000,26414.970703125,215.499969482422,16.3500080108643,4.55603981018066
20180818,6,35,141,2000,26387.615234375,215.720504760742,16.3364849090576,0.0483618155121803
20180818,12,35,141,2000,26385.1015625,216,17.9400005340576,-0.131132811307907
20180818,18,35,141,2000,26385.77734375,216.600006103516,19.7325344085693,-0.624689936637878
20180819,0,35,141,2000,26390.390625,215.699996948242,20.5823440551758,0.556098639965057
20180819,6,35,141,2000,26347.435546875,214.600006103516,21.9799995422363,-1.09296631813049
20180819,12,35,141,2000,26345.9296875,215.899978637695,22.8300018310547,1.83242189884186
20180819,18,35,141,2000,26368.130859375,216.5,24.9399967193604,-0.767246067523956
20180820,0,35,141,2000,26376.94921875,215.29997253418,27.2298069000244,1.00037109851837
20180820,6,35,141,2000,26339.48828125,214.800003051758,27.4304828643799,0.980410158634186
20180820,12,35,141,2000,26348.572265625,216.499969482422,26.950044631958,0.229194343090057
20180820,18,35,141,2000,26366.65234375,216.599975585938,30.0500030517578,-1.41786623001099
20180821,0,35,141,2000,26375.2109375,216.099975585938,30.2569732666016,3.17992687225342
20180821,6,35,141,2000,26345.66015625,215.199981689453,26.7300071716309,2.4343090057373
20180821,12,35,141,2000,26354.33203125,215.899993896484,25.9667339324951,2.26660633087158
20180821,18,35,141,2000,26363.96484375,215.699996948242,26.5657176971436,-0.860793471336365
20180822,0,35,141,2000,26378.2734375,214.5,27.5200099945068,2.30733394622803
20180822,6,35,141,2000,26359.8203125,214,25.7577743530273,3.50970935821533
20180822,12,35,141,2000,26382.669921875,216,24.454174041748,2.32644295692444
20180822,18,35,141,2000,26390.134765625,216.199996948242,26.7500019073486,2.15387201309204
20180823,0,35,141,2000,26396.1796875,216.100006103516,27.4800090789795,5.52654790878296
20180823,6,35,141,2000,26364.41015625,216.699981689453,25.1046485900879,4.26006364822388
20180823,12,35,141,2000,26385.22265625,218.099975585938,25.1067352294922,3.7655029296875
20180823,18,35,141,2000,26392.720703125,218.606979370117,28.6834087371826,2.09034657478333
20180824,0,35,141,2000,26392.716796875,217.699996948242,31.9276905059814,2.54607176780701
20180824,6,35,141,2000,26348.94921875,216.899978637695,33.8833122253418,1.71809077262878
20180824,12,35,141,2000,26337.607421875,217,31.8300113677979,1.79357051849365
20180824,18,35,141,2000,26350.904296875,217.199981689453,30.2422370910645,3.51029658317566
20180825,0,35,141,2000,26363.919921875,216.399993896484,28.4810428619385,6.48114013671875
20180825,6,35,141,2000,26351.7265625,216.399993896484,24.2800121307373,6.86743402481079
20180825,12,35,141,2000,26382.5703125,216.699996948242,21.470006942749,6.08259773254395
20180825,18,35,141,2000,26402.412109375,217.399993896484,21.2000045776367,3.16340088844299
20180826,0,35,141,2000,26419.359375,217.600006103516,21.5100116729736,4.39676523208618
20180826,6,35,141,2000,26418.818359375,217.100006103516,19.1986103057861,4.19913816452026
20180826,12,35,141,2000,26425.244140625,217.800003051758,17.0800018310547,2.28959226608276
20180826,18,35,141,2000,26452.931640625,219.193023681641,17.4000015258789,-0.39801025390625
20180827,0,35,141,2000,26473.0859375,218.199996948242,15.7326049804688,0.184426262974739
20180827,6,35,141,2000,26450.82421875,217.300003051758,15,-1.24154055118561
20180827,12,35,141,2000,26450.27734375,218.29997253418,14.0800094604492,-4.3955078125
20180827,18,35,141,2000,26459.5625,218.399993896484,17.5611629486084,-6.47261238098145
20180828,0,35,141,2000,26459.677734375,218.5,18.7100124359131,-5.22550535202026
20180828,6,35,141,2000,26420.296875,217.300003051758,19.3100147247314,-6.49244403839111
20180828,12,35,141,2000,26424.40234375,219.199996948242,20.7800006866455,-5.52857160568237
20180828,18,35,141,2000,26437.892578125,219.899993896484,23.5799980163574,-4.97312021255493
20180829,0,35,141,2000,26444.658203125,218.999969482422,23.7122249603271,-1.73994505405426
20180829,6,35,141,2000,26416.34765625,217.999969482422,24.6799945831299,-1.81634759902954
20180829,12,35,141,2000,26415.802734375,219.699996948242,22.4277763366699,-0.139277338981628
20180829,18,35,141,2000,26446.640625,221.399993896484,21.7500019073486,0.747795403003693
20180830,0,35,141,2000,26459.998046875,219.999969482422,20.3800029754639,1.15001094341278
20180830,6,35,141,2000,26408.427734375,219.600006103516,22.0800151824951,1.73307371139526
20180830,12,35,141,2000,26418.42578125,221.399978637695,22.0780582427979,1.57758295536041
20180830,18,35,141,2000,26441.154296875,222.099975585938,22.5532245635986,1.40048336982727
20180831,0,35,141,2000,26441.357421875,220.199996948242,21.3300094604492,4.4872875213623
20180831,6,35,141,2000,26413.20703125,220.199981689453,19.1750049591064,6.02315044403076
20180831,12,35,141,2000,26442.044921875,221.699981689453,14.9700174331665,3.50772333145142
20180831,18,35,141,2000,26459.38671875,221.100006103516,18.5500030517578,1.85102045536041
20180901,0,35,141,2000,26466.318359375,220.5,16.7431659698486,4.6690526008606
20180901,6,35,141,2000,26444.689453125,221,14.6797828674316,5.81398582458496
20180901,12,35,141,2000,26478.775390625,222.599975585938,12.4486131668091,3.08951902389526
20180901,18,35,141,2000,26504.4765625,222.56787109375,13.9153909683228,2.78995108604431
20180902,0,35,141,2000,26520.16796875,221.899978637695,10.8917207717896,4.76979732513428
20180902,6,35,141,2000,26491.626953125,221.699493408203,8.12760734558105,4.17211437225342
20180902,12,35,141,2000,26513.984375,223.899978637695,6.43999767303467,1.05974125862122
20180902,18,35,141,2000,26540.97265625,223.800003051758,8.12861824035645,-0.712539076805115
20180903,0,35,141,2000,26536.01171875,221.899978637695,7.20001459121704,1.72639644145966
20180903,6,35,141,2000,26504.740234375,222.399978637695,5.65001201629639,0.867485344409943
20180903,12,35,141,2000,26521.16796875,224,4.84778785705566,-1.59410643577576
20180903,18,35,141,2000,26524.376953125,223.100006103516,7.55000257492065,-4.25580549240112
20180904,0,35,141,2000,26505.349609375,222.199996948242,8.25000953674316,-3.01853513717651
20180904,6,35,141,2000,26455.39453125,221.699996948242,9.56000232696533,-5.19017601013184
20180904,12,35,141,2000,26464.25,222.79997253418,10.6132593154907,-8.03457260131836
20180904,18,35,141,2000,26451.296875,223.699981689453,15.5062942504883,-7.23017311096191
20180905,0,35,141,2000,26462.61328125,222.300003051758,16.180004119873,-2.49083018302917
20180905,6,35,141,2000,26419.35546875,220.899993896484,16.8566608428955,-2.70478510856628
20180905,12,35,141,2000,26420.052734375,222.699996948242,17.5900001525879,-3.66994380950928
20180905,18,35,141,2000,26430.51953125,221.800003051758,23.6700000762939,-4.13622808456421
20180906,0,35,141,2000,26436.9296875,220.399978637695,27.9600048065186,-0.229887694120407
20180906,6,35,141,2000,26392.67578125,219.600006103516,28.5699996948242,-1.56141602993011
20180906,12,35,141,2000,26407.6796875,220.300003051758,26.9600048065186,-1.42810297012329
20180906,18,35,141,2000,26410.755859375,219.363647460938,29.0741024017334,-2.78158211708069
20180907,0,35,141,2000,26416.142578125,217.710006713867,27.4700031280518,1.63966548442841
20180907,6,35,141,2000,26392.498046875,216.5,21.0450096130371,2.14456534385681
20180907,12,35,141,2000,26417.8046875,216.600006103516,16.4400043487549,2.24660634994507
20180907,18,35,141,2000,26445.384765625,216.699996948242,13.8709297180176,3.09847664833069
20180908,0,35,141,2000,26461.873046875,216.499969482422,9.34000492095947,4.0827317237854
20180908,6,35,141,2000,26450.294921875,217.199996948242,5.59778547286987,3.94123530387878
20180908,12,35,141,2000,26485.240234375,218.699996948242,2.13000011444092,3.5734179019928
20180908,18,35,141,2000,26503.5390625,219.099975585938,0.438610851764679,2.90010976791382
20180909,0,35,141,2000,26520.669921875,219.999969482422,-2.29999685287476,2.20009756088257
20180909,6,35,141,2000,26509.8515625,219.79997253418,-3.51098322868347,0.500097632408142
20180909,12,35,141,2000,26528.380859375,220.100006103516,-5.09999990463257,-0.299902349710464
20180909,18,35,141,2000,26541.509765625,221,-4.59999990463257,-2.10007929801941
20180910,0,35,141,2000,26551.57421875,220.099975585938,-5.90000009536743,-2.10007929801941
20180910,6,35,141,2000,26508.10546875,219.29997253418,-5.09998464584351,-4.59990215301514
20180910,12,35,141,2000,26516.0390625,219.599975585938,-4.99999713897705,-4.50775766372681
20180910,18,35,141,2000,26510.875,219.100006103516,-2.29999995231628,-7.19993305206299
20180911,0,35,141,2000,26498.4296875,217.599975585938,1.36911618709564,-6.03995370864868
20180911,6,35,141,2000,26442.177734375,217.300003051758,4.03000736236572,-3.56005859375
20180911,12,35,141,2000,26451.982421875,218.099975585938,5.03000497817993,-2.10600090026855
20180911,18,35,141,2000,26468.6328125,219,7.19670677185059,-1.83400881290436
20180912,0,35,141,2000,26472.140625,218.899993896484,6.17999505996704,1.65026366710663
20180912,6,35,141,2000,26430.1171875,219.300003051758,5.92000007629395,0.337456047534943
20180912,12,35,141,2000,26436.626953125,220.699996948242,5.23000001907349,-0.284721672534943
20180912,18,35,141,2000,26437.04296875,221.499969482422,8.20497035980225,-3.10187005996704
20180913,0,35,141,2000,26433.205078125,221.5,11.3084287643433,-1.79989016056061
20180913,6,35,141,2000,26390.8984375,220.79963684082,14.8000030517578,-2.18687748908997
20180913,12,35,141,2000,26388.29296875,221,17.3918952941895,-1.833251953125
20180913,18,35,141,2000,26388.341796875,219.699996948242,21.7000007629395,-3.15933847427368
20180914,12,35,141,2000,26353.859375,219.300003051758,23.4000053405762,-0.0885681137442589
20180914,18,35,141,2000,26392.15234375,221.599975585938,21.622220993042,-2.689453125
20180915,0,35,141,2000,26400.52734375,220.199996948242,20.1150016784668,-3.39992666244507
20180915,6,35,141,2000,26377.1171875,219.5,21.1000022888184,-4.69987201690674
20180915,12,35,141,2000,26395.392578125,220.800003051758,22.4038581848145,-7.18096303939819
20180915,18,35,141,2000,26407.4453125,219.899978637695,25.3999977111816,-6.00014638900757
20180916,0,35,141,2000,26416.822265625,219.599975585938,24.9619750976563,-8.0603609085083
20180916,12,35,141,2000,26370.962890625,218.600006103516,29.6400051116943,-13.0926294326782
20180916,18,35,141,2000,26362.830078125,218.29997253418,33.9165992736816,-11.729453086853
20180917,0,35,141,2000,26333.32421875,216.800003051758,38.9900016784668,-9.27303981781006
20180917,6,35,141,2000,26272.96484375,216.199996948242,44.5099983215332,-4.95443868637085
20180917,12,35,141,2000,26289.421875,217.79931640625,28.9800033569336,7.22489500045776
20180917,18,35,141,2000,26351.4921875,218.699996948242,16.3449993133545,12.1782302856445
20180918,0,35,141,2000,26403.259765625,218.600006103516,11.6500072479248,11.4737110137939
20180918,6,35,141,2000,26403.697265625,218,9.6486177444458,8.16138648986816
20180918,12,35,141,2000,26427.134765625,218.79997253418,7.45000267028809,5.95502424240112
20180918,18,35,141,2000,26460.373046875,220,8.28000450134277,-0.186215817928314
20180919,0,35,141,2000,26466.796875,219.099975585938,7.98000478744507,0.702607393264771
20180919,6,35,141,2000,26422.4921875,219.29997253418,7.08000230789185,-1.598876953125
20180919,12,35,141,2000,26445.935546875,220.399993896484,6.98000240325928,-3.03972172737122
20180919,18,35,141,2000,26452.26171875,221.399978637695,8.08340549468994,-5.28381109237671
20180920,0,35,141,2000,26458.037109375,220.999969482422,6.2299976348877,-4.65100574493408
20180920,6,35,141,2000,26404.8984375,220.29997253418,8.35000514984131,-5.15923595428467
20180920,12,35,141,2000,26390.72265625,220.79997253418,8.53000259399414,-4.9539647102356
20180920,18,35,141,2000,26387.267578125,219.399993896484,14.9358940124512,-2.83639883995056
20180921,0,35,141,2000,26394.2109375,219.300003051758,13.0000076293945,3.98792958259583
20180921,6,35,141,2000,26362.25,218,12.9399642944336,2.82756948471069
20180921,12,35,141,2000,26383.634765625,219.5,15.8047313690186,0.800103783607483
20180921,18,35,141,2000,26402.11328125,219.636352539063,16.7000007629395,0.160162359476089
20180922,0,35,141,2000,26407.64453125,219.199996948242,15.6999998092651,2.12473154067993
20180922,6,35,141,2000,26378.64453125,218.800003051758,15.1686172485352,-1.13327634334564
20180922,12,35,141,2000,26384.654296875,219.11003112793,16.2999992370605,-3.30001211166382
20180922,18,35,141,2000,26399.98046875,219.5,17.7999992370605,-1.09995722770691
20180923,0,35,141,2000,26411.126953125,218.800003051758,16.1000061035156,-1.67238771915436
20180923,6,35,141,2000,26372.7265625,216.800003051758,16.8000011444092,-3.25498652458191
20180923,12,35,141,2000,26377.064453125,218,20.0999965667725,-4.79999399185181
20180923,18,35,141,2000,26398.349609375,219.699981689453,25.2000007629395,-2.18107914924622
20180924,0,35,141,2000,26416.33984375,219.100006103516,27.0000038146973,-1.18106079101563
20180924,6,35,141,2000,26385.474609375,218.199996948242,26.8511238098145,-2.79244375228882
20180924,12,35,141,2000,26381.76953125,218.699996948242,28.7999992370605,-6.71881103515625
20180924,18,35,141,2000,26390.3359375,218.399993896484,33.0999984741211,-11.4661502838135
20180925,0,35,141,2000,26379.1953125,217.800003051758,37.0000038146973,-8.29998207092285
20180925,6,35,141,2000,26336.51953125,217.899993896484,37.4000244140625,-7.49996948242188
20180925,12,35,141,2000,26332.900390625,217.899993896484,38.0532646179199,-8.49991416931152
20180925,18,35,141,2000,26336.408203125,219.599975585938,40.0900115966797,-10.6778516769409
20180926,0,35,141,2000,26348.482421875,218.800003051758,39.5219573974609,-11.7931203842163
20180926,6,35,141,2000,26288.21484375,216.099975585938,39.810001373291,-15.1774415969849
20180926,12,35,141,2000,26261.109375,216.899993896484,42.8199996948242,-17.1022663116455
20180926,18,35,141,2000,26261.615234375,218.899993896484,47.0300102233887,-18.6387958526611
20180927,0,35,141,2000,26263.744140625,218.5,47.5120697021484,-17.3583030700684
20180927,6,35,141,2000,26215.595703125,217.491622924805,45.9900054931641,-17.1228046417236
20180927,12,35,141,2000,26215.03515625,218,45.3100051879883,-13.1428642272949
20180927,18,35,141,2000,26231.91796875,219.800003051758,46.0299987792969,-11.6322269439697
20180928,0,35,141,2000,26257.11328125,219.399993896484,44.058780670166,-9.51992893218994
20180928,6,35,141,2000,26217.4609375,218.29997253418,43.560001373291,-8.58866500854492
20180928,12,35,141,2000,26214.990234375,218.300003051758,42.4322280883789,-9.89801979064941
20180928,18,35,141,2000,26239.484375,219.199996948242,44.2013969421387,-10.3312349319458
20180929,0,35,141,2000,26247.107421875,218.699996948242,43.3137512207031,-6.06271982192993
20180929,6,35,141,2000,26221.86328125,218.399978637695,40.180004119873,-4.72539806365967
20180929,12,35,141,2000,26222.240234375,218.300003051758,39.4300003051758,-4.60164070129395
20180929,18,35,141,2000,26269.287109375,218.699981689453,38.9099998474121,-4.90420389175415
20180930,0,35,141,2000,26295.5859375,218.100006103516,36.4836769104004,-0.964160144329071
20180930,6,35,141,2000,26293.61328125,217.29997253418,32.8824920654297,-1.19489252567291
20180930,12,35,141,2000,26313.76171875,216.899993896484,29.4500007629395,-0.00815917924046516
20180930,18,35,141,2000,26365.0390625,217.899978637695,25.75,-2.27964854240417
20181001,0,35,141,2000,26379.35546875,216.199996948242,24.25,-4.78005361557007
20181001,6,35,141,2000,26338.720703125,216.899993896484,25.4799995422363,-5.49397468566895
20181001,12,35,141,2000,26350.51171875,217.5,24.9000015258789,-7.52715826034546
20181001,18,35,141,2000,26375.359375,217.699996948242,26.3100032806396,-9.64441204071045
20181002,0,35,141,2000,26367.275390625,217.199996948242,29.040002822876,-10.4716987609863
20181002,6,35,141,2000,26321.77734375,216.600006103516,32.510009765625,-9.96778297424316
20181002,12,35,141,2000,26319.47265625,217.199981689453,33.9900016784668,-14.7325973510742
20181002,18,35,141,2000,26340.412109375,218.011627197266,37.0600051879883,-17.1568336486816
20181003,0,35,141,2000,26334.109375,216.399993896484,38.8400039672852,-17.0956058502197
20181003,6,35,141,2000,26277.033203125,215.236038208008,39.5100021362305,-19.2893447875977
20181003,12,35,141,2000,26289.6953125,216.100006103516,41.310001373291,-17.9047050476074
20181003,18,35,141,2000,26304.73828125,216.023040771484,40.4799995422363,-18.7100448608398
20181004,0,35,141,2000,26297.33203125,214.5,39.7800025939941,-16.7125625610352
20181004,6,35,141,2000,26265.052734375,212.99723815918,37.9100189208984,-15.9618434906006
20181004,12,35,141,2000,26262.650390625,211.899993896484,38.1047477722168,-13.6293382644653
20181004,18,35,141,2000,26286.453125,211.699996948242,37.2900009155273,-9.64040279388428
20181005,0,35,141,2000,26294.619140625,209.384811401367,26.2499980926514,-1.09031009674072
20181005,6,35,141,2000,26278.095703125,208.399978637695,16.9800090789795,-0.645773947238922
20181005,12,35,141,2000,26300.318359375,208.699996948242,13.970006942749,0.262314438819885
20181005,18,35,141,2000,26328.681640625,210.399993896484,13.1499996185303,0.530266106128693
20181006,0,35,141,2000,26341.669921875,209.999969482422,12.1775169372559,0.273044437170029
20181006,6,35,141,2000,26304.427734375,210.088912963867,13.879714012146,-1.32307612895966
20181006,12,35,141,2000,26311.337890625,211.113525390625,14.9800071716309,-2.90053224563599
20181006,18,35,141,2000,26326.123046875,212.199996948242,17.5900001525879,-2.76806640625
20181007,0,35,141,2000,26336.193359375,211.699996948242,17.8799991607666,-0.541142582893372
20181007,6,35,141,2000,26300.912109375,211.5,17.2700042724609,0.34004881978035
20181007,12,35,141,2000,26322.025390625,211.600006103516,16.5200023651123,1.41425287723541
20181007,18,35,141,2000,26338.2734375,212.800003051758,14.6000003814697,2.79322743415833
20181008,0,35,141,2000,26375.015625,213.300003051758,7.37000465393066,4.17239236831665
20181008,6,35,141,2000,26353.640625,213.199996948242,6.36999750137329,1.04424321651459
20181008,12,35,141,2000,26372.802734375,214.399993896484,4.20000267028809,-0.547270536422729
20181008,18,35,141,2000,26394.8671875,215.3466796875,6.30000019073486,-3.69437003135681
20181009,0,35,141,2000,26402.375,215.104568481445,7.59751224517822,-2.83979988098145
20181009,6,35,141,2000,26354.89453125,214.899993896484,8.75,-3.24283695220947
20181009,12,35,141,2000,26367.484375,215.399993896484,9.93000030517578,-4.99718761444092
20181009,18,35,141,2000,26376.0625,215.899993896484,13.4500026702881,-6.05099105834961
20181010,0,35,141,2000,26374.994140625,215.399978637695,13.5600023269653,-5.38155269622803
20181010,6,35,141,2000,26332.77734375,214.099975585938,14.2800025939941,-7.296875
20181010,12,35,141,2000,26333.845703125,216.300003051758,15.6900024414063,-8.75740718841553
20181010,18,35,141,2000,26353.177734375,217.399993896484,17.75,-8.78854465484619
20181011,0,35,141,2000,26344.3984375,216.399993896484,19.5300102233887,-7.6279468536377
20181011,6,35,141,2000,26297.197265625,215.899993896484,21.7800006866455,-9.78442859649658
20181011,12,35,141,2000,26292.177734375,216.199996948242,25.879997253418,-12.1882247924805
20181011,18,35,141,2000,26295.623046875,216.79997253418,29.7800006866455,-11.0796775817871
20181012,0,35,141,2000,26282.865234375,215.29997253418,31.080005645752,-6.95454120635986
20181012,6,35,141,2000,26239.533203125,214.999969482422,32.4500045776367,-6.86477518081665
20181012,12,35,141,2000,26244.349609375,214.100006103516,32.757511138916,-2.75258779525757
20181012,18,35,141,2000,26271.9140625,215.699996948242,30.0500049591064,1.36957514286041
20181013,0,35,141,2000,26297.837890625,216.399978637695,26.5700054168701,5.84622573852539
20181013,6,35,141,2000,26281.25,216.199981689453,24.0499153137207,6.70106935501099
20181013,12,35,141,2000,26316.400390625,216.399993896484,19.947603225708,6.73852062225342
20181013,18,35,141,2000,26350.462890625,216.600006103516,18.8199996948242,5.39279317855835
20181014,0,35,141,2000,26376.748046875,216.79997253418,14.919997215271,4.7038722038269
20181014,6,35,141,2000,26343.59765625,216.099975585938,14.5667581558228,4.67001485824585
20181014,12,35,141,2000,26357.935546875,217,11.3200025558472,4.01522445678711
20181014,18,35,141,2000,26388.88671875,218.600006103516,10.7499971389771,1.65406250953674
20181015,0,35,141,2000,26403.900390625,218.899993896484,9.87000465393066,2.54998302459717
20181015,6,35,141,2000,26376.484375,218.692535400391,8.15664291381836,0.764091789722443
20181015,12,35,141,2000,26393.5546875,219.79997253418,7.34999990463257,-0.555988788604736
20181015,18,35,141,2000,26420.732421875,220.5,7.32000255584717,-1.98251950740814
20181016,0,35,141,2000,26433.630859375,220.699996948242,4.59999990463257,-3.02867197990417
20181016,6,35,141,2000,26392.98046875,220.100006103516,7.61000728607178,-6.15104007720947
20181016,12,35,141,2000,26404.0625,221,8.35999965667725,-5.3061351776123
20181016,18,35,141,2000,26430.8359375,221.100006103516,9.94999504089355,-6.4566502571106
20181017,0,35,141,2000,26435.474609375,220.899978637695,10.1599998474121,-6.76667499542236
20181017,6,35,141,2000,26397.63671875,219.899978637695,12.6999998092651,-4.59758567810059
20181017,12,35,141,2000,26407.5078125,221.100006103516,13.1000051498413,-4.64867925643921
20181017,18,35,141,2000,26420.662109375,221.899993896484,15.6000146865845,-2.79572987556458
20181018,0,35,141,2000,26412.443359375,220.699996948242,15.8999996185303,-1.95208978652954
20181018,6,35,141,2000,26343.55078125,219.699996948242,16.4700050354004,0.174057617783546
20181018,12,35,141,2000,26345.4375,221,14.2400045394897,-0.0680273473262787
20181018,18,35,141,2000,26335.08203125,220.5,15.4200000762939,-1.12890136241913
20181019,0,35,141,2000,26319.6171875,220.600006103516,18.1399993896484,-1.76728022098541
20181019,6,35,141,2000,26245.556640625,219.29997253418,21.1200008392334,-3.93643069267273
20181019,18,35,141,2000,26230.02734375,221.999969482422,25.2299995422363,-4.25765609741211
20181020,0,35,141,2000,26224.697265625,221.599975585938,24.4007453918457,-4.78799295425415
20181020,6,35,141,2000,26172.1875,220.97265625,28.3500080108643,-5.18993186950684
20181020,12,35,141,2000,26185.615234375,221.499969482422,28.6447334289551,-2.61380863189697
20181020,18,35,141,2000,26234.875,222.699981689453,25.9200019836426,-3.94778800010681
20181021,0,35,141,2000,26271.73046875,220.800003051758,23.8200168609619,-1.35518550872803
20181021,6,35,141,2000,26258.525390625,220.5,21.6499996185303,-0.108452148735523
20181021,12,35,141,2000,26307.068359375,221.699981689453,18.790002822876,-1.80689942836761
20181021,18,35,141,2000,26354.3125,221.100006103516,20.5900039672852,-2.29113030433655
20181022,0,35,141,2000,26375.7421875,220.399993896484,17.7000102996826,1.53208494186401
20181022,6,35,141,2000,26345.740234375,220.399993896484,14.0955667495728,-1.77467525005341
20181022,12,35,141,2000,26375.60546875,220.600006103516,14.0300025939941,-2.54039311408997
20181022,18,35,141,2000,26405.73046875,221.999969482422,15.2300052642822,-1.91074466705322
20181023,0,35,141,2000,26417.2109375,220.599945068359,14.6800003051758,-2.58024907112122
20181023,6,35,141,2000,26374.080078125,220.100006103516,15.0180521011353,-2.6299512386322
20181023,12,35,141,2000,26382.421875,220.899978637695,14.521653175354,-2.06083250045776
20181023,18,35,141,2000,26413.6328125,221.100006103516,14.8616504669189,-5.14995098114014
20181024,0,35,141,2000,26411.0546875,219.899993896484,18.0900020599365,-3.09651374816895
20181024,6,35,141,2000,26357.36328125,219.699981689453,16.7000064849854,-2.32973885536194
20181024,12,35,141,2000,26372.654296875,220.899993896484,15.5499973297119,-3.82485103607178
20181024,18,35,141,2000,26375.009765625,220.899993896484,18.5000057220459,-6.33786153793335
20181025,0,35,141,2000,26368.115234375,220.5,20.0952739715576,-5.17602300643921
20181025,6,35,141,2000,26311.07421875,219.300003051758,21.9200057983398,-5.17662334442139
20181025,12,35,141,2000,26309.14453125,219.999969482422,20.4152679443359,-4.94815921783447
20181025,18,35,141,2000,26317.2265625,220.199996948242,22.1147308349609,-7.20599126815796
20181026,0,35,141,2000,26307.6796875,219.100006103516,22.3800048828125,-6.37401866912842
20181026,6,35,141,2000,26257.2734375,218.599975585938,24.2299995422363,-7.41658210754395
20181026,12,35,141,2000,26273.619140625,219.999969482422,24.1799983978271,-8.12405300140381
20181026,18,35,141,2000,26297.240234375,220.199996948242,27.890007019043,-9.62351608276367
20181027,0,35,141,2000,26296.580078125,219.5,27.350830078125,-7.24861812591553
20181027,6,35,141,2000,26252.990234375,219.199981689453,28.080005645752,-6.92038106918335
20181027,12,35,141,2000,26281.572265625,220,25.6799945831299,-8.59959506988525
20181027,18,35,141,2000,26316.216796875,219.800003051758,26.5699977874756,-6.75788307189941
20181028,0,35,141,2000,26337.751953125,219.699996948242,19.0000019073486,-1.06651365756989
20181028,6,35,141,2000,26340.38671875,219.100006103516,13.0300073623657,-1.01261472702026
20181028,12,35,141,2000,26393.42578125,219.600006103516,7.93999767303467,-0.765891134738922
20181028,18,35,141,2000,26427.142578125,219.899978637695,5.8600025177002,-1.59848392009735
20181029,0,35,141,2000,26454.517578125,219.79997253418,4.14000749588013,-0.157202154397964
20181029,6,35,141,2000,26434.890625,218.899993896484,3.16001462936401,-2.10869884490967
20181029,12,35,141,2000,26464.1875,220.100006103516,3.18059825897217,-2.45595693588257
20181029,18,35,141,2000,26491.466796875,220.300003051758,6.84000015258789,-3.92302012443542
20181030,0,35,141,2000,26507.669921875,220.199996948242,7.7948899269104,-3.18667244911194
20181030,6,35,141,2000,26470.302734375,219.699996948242,8.25317001342773,-2.15532970428467
20181030,12,35,141,2000,26490.703125,220.699996948242,8.13379859924316,-3.08198237419128
20181030,18,35,141,2000,26514.4609375,220.899993896484,11.5705032348633,-2.70556640625
20181031,0,35,141,2000,26514.966796875,219.899978637695,11.459342956543,-0.120224609971046
20181031,6,35,141,2000,26471.037109375,219.100006103516,9.91466808319092,3.13513422012329
20181031,12,35,141,2000,26477.9609375,219.199981689453,5.03955078125,2.72442865371704
20181031,18,35,141,2000,26499.98046875,220.29997253418,5.05999994277954,2.29686045646667
20181101,0,35,141,2000,26503.8515625,219.5,-1.63999760150909,5.97082996368408
20181101,6,35,141,2000,26468.98828125,220.099975585938,-7.09999704360962,5.64738750457764
20181101,12,35,141,2000,26474.810546875,220.5,-10.4999971389771,3.80006098747253
20181101,18,35,141,2000,26486.0703125,221.199996948242,-8.40000152587891,0.700061023235321
20181102,0,35,141,2000,26498.22265625,220.499969482422,-8.20000267028809,1.39005732536316
20181102,6,35,141,2000,26448.546875,219.899978637695,-9.59999847412109,7.9345700214617e-05
20181102,12,35,141,2000,26454.052734375,221.100006103516,-10.2511215209961,-2.49990224838257
20181102,18,35,141,2000,26459.953125,221.199996948242,-5.09999513626099,-4.66994619369507
20181103,0,35,141,2000,26456.302734375,220.699996948242,-4.30345964431763,-1.77021479606628
20181103,6,35,141,2000,26403.33203125,220.29997253418,-4.5083179473877,-3.42442870140076
20181103,12,35,141,2000,26417.615234375,220.899993896484,-1.30665040016174,-5.5741114616394
20181103,18,35,141,2000,26427.578125,220.5,3.32666015625,-2.68762683868408
20181104,0,35,141,2000,26440.34765625,220.699996948242,2.73099970817566,0.788037121295929
20181104,6,35,141,2000,26403.033203125,220.300003051758,1.29000246524811,0.577587902545929
20181104,12,35,141,2000,26441.47265625,221.100006103516,0.0747363269329071,0.415136724710464
20181104,18,35,141,2000,26458.61328125,221,-1.09999847412109,1.20006716251373
20181105,0,35,141,2000,26475.931640625,220.600006103516,-4.80522012710571,2.300048828125
20181105,6,35,141,2000,26445.212890625,220.5,-6.41250324249268,0.300012201070786
20181105,12,35,141,2000,26471.732421875,220.300003051758,-5.71156597137451,-0.699975609779358
20181105,18,35,141,2000,26497.26171875,220.199996948242,-4.79311227798462,-1.89995121955872
20181106,0,35,141,2000,26506.357421875,219.800003051758,-4.92704153060913,-1.92912602424622
20181106,6,35,141,2000,26461.453125,219.5,-3.60773921012878,-1.89993894100189
20181106,12,35,141,2000,26481.080078125,219.699996948242,-4.64412832260132,-3.89994502067566
20181106,18,35,141,2000,26501.84765625,221.360595703125,0.948702991008759,-5.59994506835938
20181107,0,35,141,2000,26493.6640625,219.499969482422,0.181787103414536,-2.77800607681274
20181107,6,35,141,2000,26444.310546875,219.800003051758,-0.611718773841858,-4.39994192123413
20181107,12,35,141,2000,26448.154296875,220.800003051758,-0.180783078074455,-6.19996929168701
20181107,18,35,141,2000,26455.03515625,221.099975585938,5.25222158432007,-6.59998178482056
20181108,0,35,141,2000,26459.7578125,220.899993896484,5.94901752471924,-4.29995441436768
20181108,6,35,141,2000,26396.83203125,220.199996948242,7.16502094268799,-3.89996957778931
20181108,12,35,141,2000,26401.341796875,221.399993896484,7.44211721420288,-6.19997549057007
20181108,18,35,141,2000,26402.927734375,221.699996948242,13.6698398590088,-6.79998159408569
20181109,0,35,141,2000,26404.79296875,220.699981689453,16.3493137359619,-4.19998788833618
20181109,6,35,141,2000,26337.447265625,220.399993896484,17.8843383789063,-2.49998784065247
20181109,12,35,141,2000,26329.65234375,219.300003051758,17.0105075836182,-4.39998149871826
20181109,18,35,141,2000,26313.28515625,219.100006103516,22.9254512786865,-8.70001220703125
20181110,0,35,141,2000,26283.8984375,219.100006103516,28.3238162994385,-4.25322866439819
20181110,6,35,141,2000,26221.39453125,218.300003051758,30.7867317199707,-1.49997556209564
20181110,12,35,141,2000,26212.40234375,219.292526245117,30.3027305603027,-3.79997563362122
20181110,18,35,141,2000,26225.71484375,218.699996948242,30.0545501708984,-4.58273315429688
20181111,0,35,141,2000,26228.78515625,217.100006103516,23.510009765625,3.80006098747253
20181111,6,35,141,2000,26208.17578125,216.100006103516,8.89999103546143,9.10003662109375
20181111,12,35,141,2000,26242.53515625,218.199981689453,1.20000302791595,7.00009155273438
20181111,18,35,141,2000,26288.427734375,218.499969482422,1.93000185489655,3.89990854263306
20181112,0,35,141,2000,26314.904296875,218.699996948242,3.61941838264465,7.40001201629639
20181112,6,35,141,2000,26292.814453125,218.899993896484,2.76208806037903,9.39763832092285
20181112,12,35,141,2000,26330.546875,219.931686401367,0.46000000834465,7.39886474609375
20181112,18,35,141,2000,26380.5703125,220.100006103516,1.32583248615265,8.13318157196045
20181113,0,35,141,2000,26396.109375,219.399978637695,-0.981450200080872,10.155104637146
20181113,6,35,141,2000,26379.39453125,218.100006103516,-4.36568307876587,11.8999967575073
20181113,12,35,141,2000,26422.9296875,220.099975585938,-6.50662612915039,7.3800048828125
20181113,18,35,141,2000,26458.70703125,219.600006103516,-4.96697044372559,5.42000007629395
20181114,0,35,141,2000,26470.17578125,218.79997253418,-5.42365741729736,6.42067384719849
20181114,6,35,141,2000,26429.39453125,218.199996948242,-6.6522068977356,7.4046778678894
20181114,12,35,141,2000,26437.1796875,218.79997253418,-8.8714599609375,5.57157230377197
20181114,18,35,141,2000,26466.669921875,218.899993896484,-5.69977045059204,1.57998538017273
20181115,0,35,141,2000,26461.130859375,218.199981689453,-5.41100358963013,5.79899644851685
20181115,6,35,141,2000,26427.36328125,217.599975585938,-7.54839611053467,5.6300196647644
20181115,12,35,141,2000,26434.912109375,218.5,-8.94021511077881,2.55999994277954
20181115,18,35,141,2000,26459.130859375,218.600006103516,-5.3598484992981,1.8999902009964
20181116,0,35,141,2000,26456.671875,217.800003051758,-6.80074167251587,6.89994812011719
20181116,6,35,141,2000,26430.537109375,217.399948120117,-9.22080612182617,3.89430165290833
20181116,12,35,141,2000,26430.6015625,218.100006103516,-8.3931884765625,2.0699999332428
20181116,18,35,141,2000,26465.087890625,218.599975585938,-5.60189962387085,2.36923336982727
20181117,0,35,141,2000,26453.32421875,217.499969482422,-7.78139162063599,4.75
20181117,6,35,141,2000,26426.634765625,218.199996948242,-9.26395034790039,2.92856931686401
20181117,12,35,141,2000,26428.681640625,218.5,-9.1149263381958,1.48429691791534
20181117,18,35,141,2000,26454.82421875,219.199981689453,-7.68000745773315,3.07213616371155
20181118,0,35,141,2000,26453.63671875,218.406982421875,-10.0092964172363,5.19998550415039
20181118,6,35,141,2000,26415.15234375,218.600006103516,-11.4064893722534,3.52760004997253
20181118,12,35,141,2000,26423.96484375,218.67041015625,-12.6100244522095,3.39327645301819
20181118,18,35,141,2000,26456.599609375,219.300003051758,-10.3794460296631,3.02417969703674
20181119,0,35,141,2000,26458.41796875,218.600006103516,-13.9776611328125,5.61214828491211
20181119,6,35,141,2000,26427.265625,219.100006103516,-15.6770706176758,4.22436046600342
20181119,12,35,141,2000,26449.267578125,218.699996948242,-16.6845874786377,1.88055658340454
20181119,18,35,141,2000,26475.462890625,219.899993896484,-14.9356832504272,1.94001710414886
20181120,0,35,141,2000,26487.869140625,218.800003051758,-17.6752777099609,2.38050770759583
20181120,6,35,141,2000,26447.810546875,218.699996948242,-18.3818473815918,1.80042719841003
20181120,12,35,141,2000,26468.517578125,219,-19.1769046783447,-0.751989722251892
20181120,18,35,141,2000,26492.7578125,219.699996948242,-16.9600162506104,0.0664355456829071
20181121,0,35,141,2000,26504.7734375,219.800003051758,-18.9138202667236,0.202170416712761
20181121,6,35,141,2000,26470.5390625,219.214691162109,-18.0934772491455,0.218613281846046
20181121,12,35,141,2000,26494.9921875,219.699981689453,-19.1849975585938,-0.771977543830872
20181121,18,35,141,2000,26507.7734375,220.300003051758,-16.6822090148926,-0.887387692928314
20181122,0,35,141,2000,26525.275390625,219.899993896484,-17.7673950195313,-0.247465819120407
20181122,6,35,141,2000,26484.9140625,219.399978637695,-17.9576396942139,0.121225588023663
20181122,12,35,141,2000,26504.134765625,220,-17.2212181091309,-1.28856933116913
20181122,18,35,141,2000,26516.755859375,220.699981689453,-15.616494178772,0.176633298397064
20181123,0,35,141,2000,26521.099609375,219.699996948242,-17.224006652832,0.728007793426514
20181123,6,35,141,2000,26472.17578125,218.79997253418,-17.4760131835938,0.380224615335464
20181123,12,35,141,2000,26481.04296875,219.5,-19.5839996337891,-0.200654298067093
20181123,18,35,141,2000,26495.42578125,219.399993896484,-16.330005645752,-0.978647470474243
20181124,0,35,141,2000,26502.810546875,219.699996948242,-18.8639869689941,1.9094580411911
20181124,6,35,141,2000,26459.63671875,218.829147338867,-18.4034194946289,0.700297832489014
20181124,12,35,141,2000,26477.9296875,218.529144287109,-17.9433612823486,0.240703120827675
20181124,18,35,141,2000,26474.078125,219,-17.7177410125732,1.48000490665436
20181125,0,35,141,2000,26479.11328125,218.600006103516,-17.7412738800049,1.25518071651459
20181125,6,35,141,2000,26434.8671875,217.399993896484,-19.0825538635254,2.66221189498901
20181125,12,35,141,2000,26436.162109375,217.600006103516,-19.2687225341797,0.690014660358429
20181125,18,35,141,2000,26447.6953125,217.399978637695,-17.1939258575439,1.87382566928864
20181126,0,35,141,2000,26440.626953125,216.999969482422,-20.6877861022949,2.17332768440247
20181126,6,35,141,2000,26403.8828125,216.999969482422,-17.6631126403809,-1.0699805021286
20181126,12,35,141,2000,26410.8984375,218,-16.9261837005615,-1.31000971794128
20181126,18,35,141,2000,26427.45703125,219.599975585938,-14.1307983398438,-2.83419442176819
20181127,0,35,141,2000,26432.919921875,220.199996948242,-12.4162569046021,-2.04092288017273
20181127,6,35,141,2000,26394.296875,219.800003051758,-11.2599830627441,-1.23871576786041
20181127,12,35,141,2000,26412.703125,220.79997253418,-9.82143306732178,-2.13100099563599
20181127,18,35,141,2000,26420.39453125,220.800003051758,-6.35713148117065,-1.54897952079773
20181128,0,35,141,2000,26421.22265625,219.899993896484,-8.0792989730835,1.88234865665436
20181128,6,35,141,2000,26375.966796875,218.600006103516,-11.23948097229,1.00000607967377
20181128,12,35,141,2000,26392.04296875,219.79997253418,-10.4584016799927,0.300003051757813
20181128,18,35,141,2000,26399.69921875,219.899993896484,-7.94101572036743,0.870855689048767
20181129,0,35,141,2000,26401.60546875,218.800003051758,-10.5656309127808,4.09999370574951
20181129,6,35,141,2000,26359.599609375,218.699996948242,-11.3534297943115,3
20181129,12,35,141,2000,26377.990234375,219.300003051758,-10.1200199127197,1.90000605583191
20181129,18,35,141,2000,26390.83984375,219.499969482422,-7.20126342773438,3.29998779296875
20181130,0,35,141,2000,26388.51171875,219.100006103516,-10.2720699310303,5.79999399185181
20181130,6,35,141,2000,26340.427734375,218.899993896484,-9.40120220184326,4.59998798370361
20181130,12,35,141,2000,26350.89453125,218.899993896484,-8.8353214263916,4.49998760223389
20181130,18,35,141,2000,26361.38671875,219.499969482422,-6.39663982391357,3.52191162109375
20181201,0,35,141,2000,26360.1328125,219.300003051758,-7.49776601791382,5.89998769760132
20181201,6,35,141,2000,26323.3125,219.100006103516,-5.88117694854736,2.99999380111694
20181201,12,35,141,2000,26336.5625,219.699996948242,-4.52882671356201,3.09999990463257
20181201,18,35,141,2000,26353.5703125,220.399993896484,-1.30599975585938,3.39999389648438
20181202,0,35,141,2000,26357.1171875,219.100006103516,-3.18911123275757,4.52914714813232
20181202,6,35,141,2000,26315.470703125,219.699996948242,-1.80612301826477,2.42781257629395
20181202,12,35,141,2000,26343.28515625,221.111663818359,-1.69669187068939,2.13245606422424
20181202,18,35,141,2000,26364.5078125,221.100006103516,0.0430908203125,0.340009778738022
20181203,0,35,141,2000,26370.58203125,221.899993896484,-1.44432866573334,1.989990234375
20181203,6,35,141,2000,26335.712890625,221.5,-1.64752686023712,1.07000494003296
20181203,12,35,141,2000,26351.533203125,222.800003051758,-3.66554188728333,-0.736889660358429
20181203,18,35,141,2000,26370.78515625,223.5,-1.08987307548523,0.156079098582268
20181204,0,35,141,2000,26371.001953125,223,-4.87141609191895,1.39833009243011
20181204,6,35,141,2000,26328.724609375,222.600006103516,-5.02784156799316,1.48365235328674
20181204,12,35,141,2000,26347.955078125,224.399993896484,-6.97439956665039,-1.75404047966003
20181204,18,35,141,2000,26367.955078125,224.100006103516,-2.32051515579224,-0.431660145521164
20181205,0,35,141,2000,26372.77734375,223.5,-6.87147235870361,1.50349605083466
20181205,6,35,141,2000,26326.580078125,223.199996948242,-6.60562133789063,-0.650604248046875
20181205,12,35,141,2000,26351.35546875,223.999969482422,-8.67572784423828,-0.599963366985321
20181205,18,35,141,2000,26370.0546875,224.300003051758,-4.93040466308594,-1.79996943473816
20181206,0,35,141,2000,26381.67578125,224.300003051758,-7.66045236587524,0.700030505657196
20181206,6,35,141,2000,26348.919921875,224.800003051758,-6.55356884002686,-1.68995356559753
20181206,12,35,141,2000,26373.64453125,225.604415893555,-5.59232616424561,-1.84356689453125
20181206,18,35,141,2000,26397.3203125,226.295562744141,-2.76437377929688,-3.29997563362122
20181207,0,35,141,2000,26402.64453125,225.999969482422,-4.16481018066406,-0.999981701374054
20181207,6,35,141,2000,26363.515625,225.600006103516,-5.20079946517944,-2.54194331169128
20181207,12,35,141,2000,26406.01171875,226.600006103516,-4.62546062469482,-4.39999389648438
20181207,18,35,141,2000,26424.96484375,226.5,-0.65519106388092,-4.35639047622681
20181208,0,35,141,2000,26438.568359375,225.999969482422,-3.82595825195313,0.20001220703125
20181208,6,35,141,2000,26381.01171875,224.800003051758,-5.31178903579712,-2.99998164176941
20181208,12,35,141,2000,26428.6171875,225.800003051758,-4.64931631088257,-4.14359760284424
20181208,18,35,141,2000,26450.435546875,224.899993896484,-2.14595794677734,-3
20181209,0,35,141,2000,26476.6640625,224.199996948242,-4.96265888214111,-0.199987798929214
20181209,6,35,141,2000,26429.5,223.899993896484,-7.04019641876221,-1.39999389648438
20181209,12,35,141,2000,26468.171875,223.899993896484,-7.33172464370728,-3.70000600814819
20181209,18,35,141,2000,26484.517578125,223.699996948242,-3.44477701187134,-0.199987798929214
20181210,0,35,141,2000,26499.9375,222.800003051758,-7.91391754150391,3.60010981559753
20181210,6,35,141,2000,26447.76953125,222.29997253418,-9.95483112335205,0.399993896484375
20181210,12,35,141,2000,26475.53515625,223.100006103516,-9.17445659637451,0.600000023841858
20181210,18,35,141,2000,26484.556640625,223.100006103516,-8.16847229003906,1.59999394416809
20181211,0,35,141,2000,26499.125,222.29997253418,-11.0816144943237,3.79998779296875
20181211,6,35,141,2000,26442.919921875,222.399978637695,-12.1753997802734,1.89999389648438
20181211,12,35,141,2000,26461.033203125,223,-10.507568359375,-0.200006097555161
20181211,18,35,141,2000,26464.8359375,222.79997253418,-9.04624938964844,2.09999990463257
20181212,0,35,141,2000,26467.6953125,222.5,-12.3330230712891,2.09999394416809
20181212,6,35,141,2000,26410.48828125,222.099975585938,-12.3999967575073,-0.200009152293205
20181212,12,35,141,2000,26432.357421875,223.199996948242,-12.0464582443237,-1.09998774528503
20181212,18,35,141,2000,26438.224609375,221.699981689453,-10.4114990234375,-1.10000610351563
20181213,0,35,141,2000,26442.171875,222.199996948242,-14.2062091827393,0.700006127357483
20181213,6,35,141,2000,26399.13671875,221.600006103516,-13.6189632415771,-2.49999380111694
20181213,12,35,141,2000,26430.42578125,222.600006103516,-11.3097839355469,-3
20181213,18,35,141,2000,26431.48828125,221.699981689453,-10.4360904693604,-1.69863283634186
20181214,0,35,141,2000,26455.92578125,221.600006103516,-12.7953157424927,-0.899993896484375
20181214,6,35,141,2000,26426.48828125,221.300003051758,-12.0960969924927,-2.45082402229309
20181214,12,35,141,2000,26446,222.399993896484,-10.6001462936401,-2.90001225471497
20181214,18,35,141,2000,26464.658203125,222.199996948242,-8.43110656738281,-1.39998781681061
20181215,0,35,141,2000,26475.623046875,220.600006103516,-11.6029205322266,0.899999976158142
20181215,6,35,141,2000,26434.5078125,220.600006103516,-10.5873594284058,-1.10000610351563
20181215,12,35,141,2000,26459.6953125,221.699981689453,-10.4544467926025,-1.29143679141998
20181215,18,35,141,2000,26470.126953125,221.300003051758,-9.04113483428955,-1.00001215934753
20181216,0,35,141,2000,26486.76953125,221.600006103516,-11.0041532516479,0.79998779296875
20181216,6,35,141,2000,26443.009765625,221.199996948242,-9.93120098114014,-0.296716302633286
20181216,12,35,141,2000,26473.078125,222.100006103516,-10.0586452484131,-1.20000910758972
20181216,18,35,141,2000,26482.890625,221.5,-8.18751239776611,1.09999394416809
20181217,0,35,141,2000,26479.408203125,222.002777099609,-10.690637588501,1.60000002384186
20181217,6,35,141,2000,26439.572265625,222.100006103516,-10.4516849517822,1.10000002384186
20181217,12,35,141,2000,26461.44921875,222.5,-10.0218076705933,-0.51611328125
20181217,18,35,141,2000,26465.572265625,222.199996948242,-8.05451011657715,0.999963402748108
20181218,0,35,141,2000,26481.98046875,223.300003051758,-11.1268796920776,0.0999511703848839
20181218,6,35,141,2000,26433.125,222.5,-8.5087947845459,0.29998779296875
20181218,12,35,141,2000,26454.77734375,223.5,-9.40419960021973,-0.700018286705017
