20180720,0,50,78,40000,6600.533203125,227.399993896484,31.8026275634766,9.21533203125
20180720,6,50,78,40000,6665.05517578125,227.285278320313,16.4601078033447,21.977222442627
20180720,12,50,78,40000,6792.57373046875,228.800003051758,15.276837348938,32.2116279602051
20180720,18,50,78,40000,6944.21044921875,231.385299682617,15.9757995605469,28.3888664245605
20180721,0,50,78,40000,7030.40625,234.814697265625,17.2132759094238,17.279333114624
20180721,6,50,78,40000,7069.06640625,235.599975585938,20.5650939941406,21.8161373138428
20180721,12,50,78,40000,7082.908203125,237.199996948242,25.4826717376709,0.804510474205017
20180721,18,50,78,40000,7048.01806640625,238.199996948242,28.2694206237793,-14.6038637161255
20180722,0,50,78,40000,6968.69921875,235.5,36.5488166809082,-14.6386232376099
20180722,6,50,78,40000,6896.15185546875,235.199996948242,34.9914855957031,-23.9872245788574
20180722,12,50,78,40000,6836.294921875,231.899993896484,28.3382148742676,-13.135760307312
20180722,18,50,78,40000,6807.24072265625,229.699996948242,22.1049003601074,-9.1696834564209
20180723,0,50,78,40000,6792.841796875,228.899978637695,20.6117057800293,-7.00840473175049
20180723,6,50,78,40000,6791.49267578125,228.29997253418,20.9332981109619,-5.48560810089111
20180723,12,50,78,40000,6825.4599609375,232.899993896484,11.1525754928589,19.2964687347412
20180723,18,50,78,40000,6898.40380859375,234.337738037109,16.6277465820313,22.7397708892822
20180724,0,50,78,40000,6936.599609375,235.899993896484,23.112133026123,7.00433349609375
20180724,6,50,78,40000,6918.5849609375,235.199996948242,31.4197330474854,-5.11623525619507
20180724,12,50,78,40000,6886.2939453125,234.199981689453,34.4504165649414,7.10390138626099
20180724,18,50,78,40000,6920.279296875,232.798492431641,26.0899505615234,3.86098623275757
20180725,0,50,78,40000,6934.333984375,233.600051879883,30.2994174957275,-2.04782104492188
20180725,6,50,78,40000,6940.384765625,233.899993896484,31.386962890625,2.86449575424194
20180725,12,50,78,40000,6963.31103515625,234.886032104492,34.036018371582,2.05858755111694
20180725,18,50,78,40000,6988.06689453125,237.100006103516,30.2529296875,-6.29402351379395
20180726,0,50,78,40000,6982.484375,241.468307495117,32.1050987243652,-15.3948726654053
20180726,6,50,78,40000,6916.2900390625,239.331695556641,29.0932998657227,-19.4625873565674
20180726,12,50,78,40000,6863.283203125,238.100006103516,34.9285697937012,-20.5324611663818
20180726,18,50,78,40000,6782.306640625,236.06787109375,30.789342880249,-33.6093063354492
20180727,0,50,78,40000,6698.20361328125,231.199996948242,25.6849822998047,-6.95096206665039
20180727,6,50,78,40000,6707.87255859375,227.300003051758,19.5745334625244,6.11970233917236
20180727,12,50,78,40000,6762.4375,228.275192260742,20.2098655700684,13.5571537017822
20180727,18,50,78,40000,6875.97705078125,232.977142333984,14.5333003997803,26.0441513061523
20180728,0,50,78,40000,6985.8076171875,236.699981689453,26.4177398681641,20.6124019622803
20180728,6,50,78,40000,7032.494140625,238.600006103516,34.3767471313477,14.6354246139526
20180728,12,50,78,40000,7066.85791015625,239.399993896484,33.7255897521973,13.5187959671021
20180728,18,50,78,40000,7106.73291015625,239.685745239258,31.3063278198242,7.55746078491211
20180729,0,50,78,40000,7128.08984375,239.300003051758,23.113374710083,-0.264150381088257
20180729,6,50,78,40000,7101.701171875,236.600006103516,19.205738067627,-10.2740917205811
20180729,12,50,78,40000,7081.86376953125,235.199996948242,28.1477336883545,0.609765648841858
20180729,18,50,78,40000,7091.14013671875,234.600006103516,32.1176719665527,-2.34562492370605
20180730,0,50,78,40000,7094.734375,234.645309448242,24.8506450653076,-4.00046873092651
20180730,6,50,78,40000,7089.43115234375,234.836227416992,28.1659107208252,-2.76389646530151
20180730,12,50,78,40000,7072.98046875,234.614700317383,27.1927642822266,-6.89327383041382
20180730,18,50,78,40000,7061.15869140625,233.121917724609,26.2495269775391,-3.37065434455872
20180731,0,50,78,40000,7073.18359375,234.292526245117,19.4550018310547,8.25859355926514
20180731,6,50,78,40000,7084.13818359375,235.29997253418,19.4824886322021,3.99736332893372
20180731,12,50,78,40000,7070.1318359375,235.847244262695,20.037633895874,-4.89445781707764
20180731,18,50,78,40000,7053.52001953125,236.20068359375,19.1720943450928,-9.19096660614014
20180801,0,50,78,40000,7011.45458984375,237.460601806641,13.7973203659058,-13.4531955718994
20180801,6,50,78,40000,6959.0224609375,238.086029052734,11.4501161575317,-12.9419345855713
20180801,12,50,78,40000,6892.080078125,236.300247192383,12.673113822937,-18.1689758300781
20180801,18,50,78,40000,6840.1611328125,235.300003051758,22.3263893127441,16.7750053405762
20180802,0,50,78,40000,6856.6064453125,234.300003051758,37.5111312866211,18.7014961242676
20180802,6,50,78,40000,6892.76123046875,237,40.3504791259766,27.298095703125
20180802,12,50,78,40000,6929.642578125,235.199996948242,32.9830703735352,15.8349609375
20180802,18,50,78,40000,6955.44921875,237.5,34.3572463989258,8.51801776885986
20180803,0,50,78,40000,6967.208984375,239.792526245117,28.0393180847168,-4.10264873504639
20180803,6,50,78,40000,6893.37939453125,241.538909912109,9.4443416595459,-10.8939819335938
20180803,12,50,78,40000,6818.1455078125,237.100006103516,4.30638742446899,-5.25324106216431
20180803,18,50,78,40000,6821.82373046875,235.021926879883,16.8273963928223,0.126721188426018
20180804,0,50,78,40000,6838.87353515625,233.79997253418,14.582727432251,-4.90106201171875
20180804,6,50,78,40000,6823.87109375,233.300003051758,12.1280088424683,-7.63985586166382
20180804,12,50,78,40000,6800.86572265625,231.499969482422,12.1704893112183,-7.40007638931274
20180804,18,50,78,40000,6779.20263671875,230.907470703125,16.5049324035645,-13.6678895950317
20180805,0,50,78,40000,6767.7470703125,231.699996948242,20.4965171813965,-8.85125160217285
20180805,6,50,78,40000,6751.71923828125,232,19.6561317443848,-8.30592632293701
20180805,12,50,78,40000,6743.70263671875,230.206985473633,23.9682655334473,4.1686429977417
20180805,18,50,78,40000,6772.7099609375,230.753387451172,26.4500045776367,9.46558570861816
20180806,0,50,78,40000,6818.6279296875,230.300003051758,22.671085357666,9.94680786132813
20180806,6,50,78,40000,6860.509765625,230.851715087891,25.0070171356201,4.49056625366211
20180806,12,50,78,40000,6852.1943359375,231.912445068359,31.5210952758789,-14.7779588699341
20180806,18,50,78,40000,6742.138671875,231.385650634766,34.1800994873047,-39.2345275878906
20180807,0,50,78,40000,6644.26318359375,228.08740234375,16.1441268920898,-6.14560556411743
20180807,6,50,78,40000,6648.46826171875,229.899978637695,18.2131690979004,-8.07291030883789
20180807,12,50,78,40000,6647.0283203125,230.050811767578,17.8458805084229,-3.79024410247803
20180807,18,50,78,40000,6672.53125,229.300003051758,6.78173589706421,0.689584970474243
20180808,0,50,78,40000,6685.4931640625,229.399993896484,4.73004770278931,-0.277807623147964
20180808,6,50,78,40000,6702.5087890625,230.270843505859,6.4569673538208,5.85476064682007
20180808,12,50,78,40000,6727.662109375,231.49055480957,8.33638286590576,3.30589604377747
20180808,18,50,78,40000,6716.98291015625,231.010055541992,14.0544834136963,-4.23809814453125
20180809,0,50,78,40000,6685.43115234375,229.457565307617,22.4082450866699,-11.6663637161255
20180809,6,50,78,40000,6644.484375,228.600006103516,25.4096736907959,-21.3464965820313
20180809,12,50,78,40000,6602.38330078125,226.210006713867,35.2660865783691,-25.4824466705322
20180809,18,50,78,40000,6584.89111328125,225.883544921875,18.8677368164063,-36.0101432800293
20180810,0,50,78,40000,6549.47607421875,225.5,13.4774265289307,-12.0453615188599
20180810,6,50,78,40000,6549.41064453125,223.737594604492,10.7558536529541,-6.16929912567139
20180810,12,50,78,40000,6567.27294921875,223.699996948242,11.7999172210693,4.92776489257813
20180810,18,50,78,40000,6610.32666015625,227.602020263672,18.7117862701416,8.27791786193848
20180811,0,50,78,40000,6634.91259765625,229.243606567383,19.5676689147949,3.10599374771118
20180811,6,50,78,40000,6619.78564453125,229.210037231445,14.3830232620239,-2.96732187271118
20180811,12,50,78,40000,6601.0986328125,227.5,14.1000118255615,3.87395024299622
20180811,18,50,78,40000,6619.29638671875,227.84358215332,17.0908870697021,8.35556030273438
20180812,0,50,78,40000,6670.5087890625,229.199996948242,20.9326076507568,16.7264003753662
20180812,6,50,78,40000,6737.140625,228.399993896484,26.3043670654297,9.12714195251465
20180812,12,50,78,40000,6744.0087890625,228.100006103516,26.6574058532715,7.00574970245361
20180812,18,50,78,40000,6774.10546875,230.600006103516,33.4287872314453,11.467004776001
20180813,0,50,78,40000,6862.90380859375,232.811645507813,24.1000003814697,10.290265083313
20180813,6,50,78,40000,6880.18359375,233,24.9017848968506,3.46831655502319
20180813,12,50,78,40000,6874.06494140625,233.236419677734,22.8653144836426,5.77484130859375
20180813,18,50,78,40000,6893.22509765625,233.782760620117,16.5673942565918,18.1900997161865
20180814,0,50,78,40000,6942.21923828125,235.570846557617,21.6447467803955,5.12813472747803
20180814,6,50,78,40000,6941.880859375,235.922164916992,20.6794281005859,1.14841794967651
20180814,12,50,78,40000,6895.904296875,234.800003051758,25.0579490661621,-7.62449216842651
20180814,18,50,78,40000,6837.41015625,234.600006103516,35.6407585144043,-5.71167945861816
20180815,0,50,78,40000,6769.38818359375,232.300003051758,25.9743766784668,2.38765621185303
20180815,6,50,78,40000,6740.4404296875,232.899993896484,19.9759254455566,0.605595707893372
20180815,12,50,78,40000,6700.87060546875,230.129150390625,26.6726169586182,-0.0117285158485174
20180815,18,50,78,40000,6626.146484375,228.229156494141,39.8586730957031,-10.7988185882568
20180816,0,50,78,40000,6553.01953125,227.690673828125,22.7328338623047,-1.69572758674622
20180816,6,50,78,40000,6616.1318359375,223.699996948242,9.62465286254883,18.2788524627686
20180816,12,50,78,40000,6686.43701171875,226,16.0393161773682,13.6913719177246
20180816,18,50,78,40000,6770.3369140625,228.691986083984,24.9967060089111,31.7472896575928
20180817,0,50,78,40000,6846.39453125,230.600006103516,28.661693572998,32.213939666748
20180817,6,50,78,40000,6938.74755859375,232.004440307617,26.8818035125732,20.8692874908447
20180817,12,50,78,40000,6980.90625,233.449172973633,27.5045890808105,17.5609436035156
20180817,18,50,78,40000,7041.97314453125,237.699996948242,38.1775932312012,15.983419418335
20180818,0,50,78,40000,7093.37890625,239.214767456055,34.2627182006836,1.82913208007813
20180818,6,50,78,40000,7111.02197265625,240,34.5331649780273,-2.16048288345337
20180818,12,50,78,40000,7106.54541015625,241.48420715332,29.5534648895264,-13.6709861755371
20180818,18,50,78,40000,7080.05810546875,241.5,28.0233974456787,-21.3425903320313
20180819,0,50,78,40000,7044.87353515625,242.399978637695,23.5983695983887,-24.1789360046387
20180819,6,50,78,40000,6989.9619140625,242.599975585938,19.8899707794189,-30.4742279052734
20180819,12,50,78,40000,6891.83984375,242,16.4823837280273,-31.1317481994629
20180819,18,50,78,40000,6826.17578125,235.221923828125,19.681755065918,-16.7038135528564
20180820,0,50,78,40000,6760.49169921875,233.29997253418,19.802562713623,-20.203706741333
20180820,6,50,78,40000,6721.125,230.44612121582,14.9971895217896,-2.10337901115417
20180820,12,50,78,40000,6752.5048828125,228.999969482422,15.4737596511841,4.8614649772644
20180820,18,50,78,40000,6793.57373046875,228.100006103516,6.29837417602539,4.091064453125
20180821,0,50,78,40000,6833.11572265625,228.499969482422,2.20141839981079,9.69978046417236
20180821,6,50,78,40000,6847.1826171875,228.753860473633,9.22032260894775,8.34760761260986
20180821,12,50,78,40000,6848.2138671875,228.94612121582,15.3622074127197,5.4549560546875
20180821,18,50,78,40000,6804.90673828125,228.300003051758,21.8178997039795,6.08682107925415
20180822,0,50,78,40000,6788.26171875,228.199996948242,24.4688053131104,17.4628295898438
20180822,6,50,78,40000,6863.51416015625,231.700241088867,21.1132774353027,39.3318862915039
20180822,12,50,78,40000,6973.22998046875,232.099761962891,13.6304569244385,29.7046012878418
20180822,18,50,78,40000,7051.8037109375,233.94612121582,16.4567813873291,11.6067504882813
20180823,0,50,78,40000,7072.38623046875,233.907470703125,20.1928901672363,2.21328115463257
20180823,6,50,78,40000,7054.7724609375,232.707473754883,19.3895473480225,-6.65302753448486
20180823,12,50,78,40000,7009.294921875,236.399993896484,19.2783622741699,-10.523175239563
20180823,18,50,78,40000,6968.18505859375,236.999969482422,16.909646987915,-9.013916015625
20180824,0,50,78,40000,6948.2158203125,236.5,21.5909729003906,-4.88278818130493
20180824,6,50,78,40000,6974.6962890625,237.800003051758,24.4298915863037,3.43269038200378
20180824,12,50,78,40000,7003.990234375,240.285308837891,29.6450595855713,-3.92138051986694
20180824,18,50,78,40000,7016.33056640625,239.899978637695,20.0254516601563,-9.33272743225098
20180825,0,50,78,40000,6966.4716796875,238.499969482422,8.12632465362549,-3.72307133674622
20180825,6,50,78,40000,6937.9580078125,237.5,12.5999269485474,-3.18331289291382
20180825,12,50,78,40000,6915.92236328125,235.300003051758,17.8048515319824,-6.87471294403076
20180825,18,50,78,40000,6891.75146484375,231.600006103516,18.8063812255859,-8.33863544464111
20180826,0,50,78,40000,6868.40673828125,230.600006103516,20.7108345031738,-6.66934204101563
20180826,6,50,78,40000,6837.32861328125,229.899978637695,22.2157707214355,-10.2841243743896
20180826,12,50,78,40000,6775.33935546875,231.468307495117,28.5533027648926,-5.22898578643799
20180826,18,50,78,40000,6739.5048828125,232.199996948242,41.6754379272461,1.29691767692566
20180827,0,50,78,40000,6724.23388671875,232.899978637695,45.579273223877,6.84415292739868
20180827,6,50,78,40000,6731.689453125,233.400024414063,41.0777969360352,8.34492206573486
20180827,12,50,78,40000,6772.982421875,231.699996948242,13.7180328369141,14.2494258880615
20180827,18,50,78,40000,6864.400390625,231.399993896484,2.62652897834778,16.8783569335938
20180828,0,50,78,40000,6931.00830078125,231.600006103516,3.3305835723877,13.2146921157837
20180828,6,50,78,40000,6988.3232421875,231.499969482422,4.70464611053467,10.6198434829712
20180828,12,50,78,40000,7026.4013671875,232.399993896484,7.62970209121704,4.54365253448486
20180828,18,50,78,40000,7050.92333984375,233.100006103516,7.29288578033447,-1.31187987327576
20180829,0,50,78,40000,7053.65869140625,233.538909912109,8.3267183303833,-6.0561375617981
20180829,6,50,78,40000,7047.96435546875,233.868316650391,11.1615915298462,-9.31131839752197
20180829,12,50,78,40000,7020.634765625,235.746124267578,13.0651073455811,-15.3950386047363
20180829,18,50,78,40000,6976.78759765625,234.800003051758,8.41196823120117,-20.1531887054443
20180830,0,50,78,40000,6925.6005859375,234,11.8675661087036,-13.6075992584229
20180830,6,50,78,40000,6902.6943359375,233.699996948242,15.7410888671875,-9.10776329040527
20180830,12,50,78,40000,6909.98486328125,234.499969482422,15.6629085540771,-0.990447998046875
20180830,18,50,78,40000,6921.78857421875,234.5,17.6147212982178,-3.48580312728882
20180831,0,50,78,40000,6927.822265625,235.000030517578,24.8351554870605,-7.51369619369507
20180831,6,50,78,40000,6879.00146484375,234.699996948242,33.7575912475586,-26.3164367675781
20180831,12,50,78,40000,6778.56982421875,230.300003051758,21.9265937805176,-24.700855255127
20180831,18,50,78,40000,6694.47998046875,227.100006103516,20.4739742279053,-10.8876705169678
20180901,0,50,78,40000,6663.99755859375,227,14.9153623580933,2.80037832260132
20180901,6,50,78,40000,6669.29443359375,230.100006103516,24.5409908294678,2.60918569564819
20180901,12,50,78,40000,6703.5087890625,230.099975585938,28.2880306243896,5.46549701690674
20180901,18,50,78,40000,6730.439453125,230.100006103516,23.1156730651855,-4.20351552963257
20180902,0,50,78,40000,6709.17919921875,229.600006103516,22.8871307373047,-12.3580322265625
20180902,6,50,78,40000,6653.6904296875,226.843597412109,15.9500637054443,-20.9866790771484
20180902,12,50,78,40000,6520.78857421875,225.343597412109,2.78978872299194,-24.6319580078125
20180902,18,50,78,40000,6526.93603515625,225.010055541992,0.633807361125946,-2.21334218978882
20180903,0,50,78,40000,6602.33447265625,226.5,-24.2903385162354,17.9144496917725
20180903,6,50,78,40000,6714.12353515625,227.399993896484,-7.34744882583618,16.0436820983887
20180903,12,50,78,40000,6782.09765625,232.046600341797,-11.3963289260864,25.9332427978516
20180903,18,50,78,40000,6915.51513671875,235.506988525391,-9.53369426727295,26.3683738708496
20180904,0,50,78,40000,6982.322265625,235.899978637695,3.36701345443726,12.0039768218994
20180904,6,50,78,40000,6993.34814453125,235.100006103516,9.14241981506348,9.40482139587402
20180904,12,50,78,40000,6982.841796875,234,10.7028293609619,8.19015598297119
20180904,18,50,78,40000,6991.1123046875,235.199981689453,4.27542495727539,8.16884231567383
20180905,0,50,78,40000,7003.046875,237.199996948242,4.10998773574829,6.73920917510986
20180905,6,50,78,40000,7001.6650390625,236.899978637695,9.39417743682861,6.46775531768799
20180905,12,50,78,40000,6989.39013671875,237.806976318359,9.19511985778809,5.50003671646118
20180905,18,50,78,40000,6970.69140625,238.5,16.8637809753418,-3.70213007926941
20180906,0,50,78,40000,6894.4130859375,238.399993896484,26.8289356231689,-19.8237838745117
20180906,6,50,78,40000,6746.037109375,233.800003051758,34.2072982788086,-28.4303283691406
20180906,12,50,78,40000,6719.181640625,229,28.4648323059082,4.81849956512451
20180906,18,50,78,40000,6773.70068359375,228.100006103516,26.7988948822021,7.93917226791382
20180907,0,50,78,40000,6836.140625,230.885299682617,29.3989009857178,5.36269521713257
20180907,6,50,78,40000,6841.97314453125,232.599975585938,32.612133026123,-1.51951599121094
20180907,12,50,78,40000,6814.5908203125,232.399993896484,33.6378135681152,-10.777099609375
20180907,18,50,78,40000,6778.267578125,231.392532348633,40.5977058410645,-6.39997577667236
20180908,0,50,78,40000,6783.98583984375,232.29997253418,42.738151550293,-5.44345712661743
20180908,6,50,78,40000,6782.24755859375,230.600006103516,35.0354537963867,-10.2063961029053
20180908,12,50,78,40000,6767.7451171875,229.999969482422,27.3642463684082,-9.19998168945313
20180908,18,50,78,40000,6751.8525390625,230.300003051758,27.3367767333984,-19.3300533294678
20180909,0,50,78,40000,6716.90234375,229.800003051758,22.3207759857178,-17.2994079589844
20180909,6,50,78,40000,6693.29248046875,230.600006103516,19.7383975982666,-0.280438244342804
20180909,12,50,78,40000,6703.82568359375,229.399993896484,20.7935428619385,-3.88410639762878
20180909,18,50,78,40000,6696.89111328125,231.100006103516,26.910514831543,-9.81631851196289
20180910,0,50,78,40000,6569.24560546875,228.79997253418,33.6124153137207,-20.8857917785645
20180910,6,50,78,40000,6568.04052734375,227.5,25.2398071289063,19.315258026123
20180910,12,50,78,40000,6710.39990234375,230.399993896484,30.6264495849609,14.3724021911621
20180910,18,50,78,40000,6755.349609375,232.800003051758,39.3451919555664,4.97202634811401
20180911,0,50,78,40000,6766.845703125,235.699996948242,49.8995742797852,6.35048818588257
20180911,6,50,78,40000,6781.2275390625,235.199996948242,52.0494995117188,8.19928550720215
20180911,12,50,78,40000,6807.5048828125,236.5,49.1195259094238,13.0541439056396
20180911,18,50,78,40000,6894.166015625,240.300003051758,43.6408004760742,5.43701171875
20180912,0,50,78,40000,6928.5283203125,242.185302734375,46.5276184082031,-4.69994497299194
20180912,6,50,78,40000,6909.58984375,239.699996948242,45.2693557739258,-10.7229709625244
20180912,12,50,78,40000,6888.60498046875,239.114669799805,46.830436706543,-9.05177021026611
20180912,18,50,78,40000,6893.86328125,237.271530151367,52.9886894226074,-11.519079208374
20180913,0,50,78,40000,6902.19140625,236.899993896484,43.2470092773438,-10.9349613189697
20180913,6,50,78,40000,6886.72265625,234.900024414063,38.5313034057617,-8.01078796386719
20180913,12,50,78,40000,6852.44921875,234.199996948242,35.4554862976074,-13.5174684524536
20180913,18,50,78,40000,6803.99560546875,232.699996948242,37.2572631835938,-13.7427673339844
20180914,12,50,78,40000,6903.3525390625,233.29997253418,34.4422798156738,5.12528705596924
20180914,18,50,78,40000,6928.75390625,235.699981689453,33.6138076782227,3.75761103630066
20180915,0,50,78,40000,6923.7841796875,235.899993896484,21.7998466491699,-0.298498541116714
20180915,6,50,78,40000,6914.890625,234.899978637695,16.6553192138672,1.57097780704498
20180915,12,50,78,40000,6897.88623046875,234.399993896484,12.8492794036865,-2.19101572036743
20180915,18,50,78,40000,6883.498046875,233.899993896484,13.7184391021729,0.984674096107483
20180916,0,50,78,40000,6868.19384765625,233.699981689453,11.4980564117432,1.23575437068939
20180916,12,50,78,40000,6859.41552734375,231.800003051758,3.76542973518372,3.64612436294556
20180916,18,50,78,40000,6867.32421875,231.399993896484,1.67919611930847,4.4970703125
20180917,0,50,78,40000,6875.0830078125,230.800003051758,0.700036644935608,3.47806406021118
20180917,6,50,78,40000,6889.17626953125,230.300003051758,-3.62519836425781,2.27969980239868
20180917,12,50,78,40000,6907.15869140625,230.600006103516,-5.13020324707031,0.517224133014679
20180917,18,50,78,40000,6941.9404296875,231.199981689453,1.4256317615509,-1.27272343635559
20180918,0,50,78,40000,6960.24169921875,231.399993896484,7.92913103103638,-0.731108427047729
20180918,6,50,78,40000,6969.13427734375,233.399993896484,16.0760345458984,6.95598649978638
20180918,12,50,78,40000,6954.91015625,233.79997253418,7.41759014129639,-0.914536118507385
20180918,18,50,78,40000,6934.67041015625,234.699996948242,-2.16253900527954,-1.7543603181839
20180919,0,50,78,40000,6906.33642578125,235,-12.0947189331055,7.27387714385986
20180919,6,50,78,40000,6901.16064453125,235.699996948242,-15.2145919799805,10.1799755096436
20180919,12,50,78,40000,6898.59765625,235,-10.4640693664551,12.6701850891113
20180919,18,50,78,40000,6926.88671875,234.599975585938,-8.18836402893066,14.4226131439209
20180920,0,50,78,40000,6943.72119140625,234.800003051758,-8.77627468109131,15.0203218460083
20180920,6,50,78,40000,6951.18994140625,234.899993896484,-7.71334552764893,10.7999629974365
20180920,12,50,78,40000,6952.34375,234.699981689453,-1.69838130474091,8.17653846740723
20180920,18,50,78,40000,6961.32373046875,234.399993896484,0.0396435558795929,5.06103038787842
20180921,0,50,78,40000,6964.60546875,233.731689453125,1.14906740188599,2.71663093566895
20180921,6,50,78,40000,6948.541015625,233.29997253418,6.23084402084351,-4.3724365234375
20180921,12,50,78,40000,6920.517578125,233.329147338867,7.32462167739868,-1.57425534725189
20180921,18,50,78,40000,6900.14111328125,233.185760498047,6.71375751495361,-2.96947622299194
20180922,0,50,78,40000,6875.68017578125,232.5,9.16489219665527,-7.39751291275024
20180922,6,50,78,40000,6844.92138671875,232.899993896484,12.9591493606567,-10.7066555023193
20180922,12,50,78,40000,6763.14306640625,231,20.416036605835,-25.1824893951416
20180922,18,50,78,40000,6659.330078125,229.768310546875,19.2742214202881,-22.2287788391113
20180923,0,50,78,40000,6644.37890625,225.199996948242,18.8889255523682,-8.1572265625
20180923,6,50,78,40000,6652.177734375,224.399993896484,9.36355304718018,-8.98001670837402
20180923,12,50,78,40000,6662.88818359375,227.599975585938,6.15886831283569,2.96819448471069
20180923,18,50,78,40000,6742.50390625,231.5,11.0942134857178,26.866662979126
20180924,0,50,78,40000,6853.43994140625,234.100006103516,25.966236114502,26.1037406921387
20180924,6,50,78,40000,6903.5888671875,234,29.5899410247803,11.8446407318115
20180924,12,50,78,40000,6915.42919921875,234.499969482422,17.8369560241699,5.1000337600708
20180924,18,50,78,40000,6957.38427734375,235,11.3860626220703,7.15441274642944
20180925,0,50,78,40000,7010.1669921875,235.399978637695,0.844323754310608,15.9938840866089
20180925,6,50,78,40000,7078.95947265625,236.699996948242,-6.52309894561768,21.080846786499
20180925,12,50,78,40000,7122.79638671875,238.100006103516,-5.17230844497681,16.891393661499
20180925,18,50,78,40000,7174.212890625,238.899993896484,0.967254638671875,9.48347759246826
20180926,0,50,78,40000,7192.8701171875,239.739410400391,8.00990009307861,5.11845397949219
20180926,6,50,78,40000,7195.3466796875,240.29997253418,13.762433052063,2.53667593002319
20180926,12,50,78,40000,7176.6474609375,240.699996948242,17.1826515197754,1.70711672306061
20180926,18,50,78,40000,7164.03076171875,240.100006103516,18.561803817749,-1.333251953125
20180927,0,50,78,40000,7128.06201171875,238.831695556641,24.7274589538574,-3.04836130142212
20180927,6,50,78,40000,7086.75,236.600006103516,25.6543483734131,-1.18688356876373
20180927,12,50,78,40000,7034.380859375,234.721923828125,26.881799697876,-2.14128422737122
20180927,18,50,78,40000,6972.0361328125,233.185272216797,35.6777114868164,-3.99658823013306
20180928,0,50,78,40000,6921.73046875,232,17.0925483703613,11.9825563430786
20180928,6,50,78,40000,6985.4580078125,233.100006103516,-15.5326261520386,44.4732894897461
20180928,12,50,78,40000,7076.19189453125,233.5,-5.12334299087524,33.3199348449707
20180928,18,50,78,40000,7136.2294921875,234.800003051758,2.97746586799622,28.3777103424072
20180929,0,50,78,40000,7170.90771484375,236.300003051758,6.31289052963257,31.0262603759766
20180929,6,50,78,40000,7199.7626953125,236.5,6.49998188018799,24.0165824890137
20180929,12,50,78,40000,7218.55517578125,236.275543212891,7.77706289291382,19.5219421386719
20180929,18,50,78,40000,7237.22265625,236.775512695313,11.0556364059448,17.9633121490479
20180930,0,50,78,40000,7245.3349609375,237.199996948242,9.16083335876465,18.0779666900635
20180930,6,50,78,40000,7267.68017578125,238.699996948242,6.04270935058594,10.2564640045166
20180930,12,50,78,40000,7273.5517578125,238.600006103516,8.9440975189209,12.1863584518433
20180930,18,50,78,40000,7291.0576171875,239.5,10.1939392089844,12.6560611724854
20181001,0,50,78,40000,7308.46240234375,240.699996948242,15.0211334228516,12.5999755859375
20181001,6,50,78,40000,7318.65625,239.610015869141,14.5676784515381,12.9437379837036
20181001,12,50,78,40000,7324.86376953125,239.800003051758,13.1465911865234,9.36129188537598
20181001,18,50,78,40000,7343.32763671875,240,11.9392881393433,3.10480356216431
20181002,0,50,78,40000,7344.638671875,239.882766723633,14.5076904296875,0.961810290813446
20181002,6,50,78,40000,7340.29052734375,239.582763671875,10.9195919036865,-5.48710346221924
20181002,12,50,78,40000,7316.587890625,240,12.304967880249,-8.22329139709473
20181002,18,50,78,40000,7296.93115234375,240,8.7119197845459,-15.5687742233276
20181003,0,50,78,40000,7251.91357421875,239.800003051758,11.342321395874,-22.0993232727051
20181003,6,50,78,40000,7213.28515625,240.617233276367,13.245156288147,-22.7182903289795
20181003,12,50,78,40000,7157.51708984375,239.699996948242,13.1101474761963,-31.4910221099854
20181003,18,50,78,40000,7094.20458984375,237.300003051758,17.0820083618164,-24.4826755523682
20181004,0,50,78,40000,7053.0751953125,234.5,10.9587278366089,-17.3000183105469
20181004,6,50,78,40000,7005.365234375,232.899978637695,13.7464017868042,-17.1900424957275
20181004,12,50,78,40000,6981.890625,231.699981689453,22.305980682373,-16.2441101074219
20181004,18,50,78,40000,6963.837890625,231.500030517578,21.4738578796387,-15.4393501281738
20181005,0,50,78,40000,6927.14990234375,233.508331298828,13.3122806549072,-23.962064743042
20181005,6,50,78,40000,6871.81103515625,232.100006103516,10.8854370117188,-2.89994192123413
20181005,12,50,78,40000,6860.9130859375,231.099975585938,11.6390867233276,5.96770000457764
20181005,18,50,78,40000,6889.27001953125,235.722686767578,5.90373516082764,17.9708366394043
20181006,0,50,78,40000,6924.7275390625,236.800003051758,17.3193912506104,7.31755971908569
20181006,6,50,78,40000,6904.865234375,235.600006103516,22.9251346588135,10.5811815261841
20181006,12,50,78,40000,6934.0185546875,234.331817626953,21.6796054840088,19.3208122253418
20181006,18,50,78,40000,6990.21142578125,233.399993896484,23.479211807251,19.8357181549072
20181007,0,50,78,40000,7020.7880859375,235.800003051758,31.1699104309082,13.536395072937
20181007,6,50,78,40000,6996.07373046875,235.699996948242,43.214599609375,9.68565654754639
20181007,12,50,78,40000,6948.3173828125,234.078079223633,38.9457054138184,19.6439208984375
20181007,18,50,78,40000,7012.28271484375,235.024444580078,25.9248294830322,24.7587032318115
20181008,0,50,78,40000,7082.17431640625,236.399993896484,18.5705509185791,20.90478515625
20181008,6,50,78,40000,7123.09814453125,236.882766723633,15.2522830963135,7.36650896072388
20181008,12,50,78,40000,7138.22705078125,236.800003051758,15.5488233566284,6.56222152709961
20181008,18,50,78,40000,7159.51953125,237.600006103516,14.0181226730347,4.89447259902954
20181009,0,50,78,40000,7200.134765625,239.600006103516,15.7946929931641,6.37504863739014
20181009,6,50,78,40000,7212.7744140625,239.800003051758,15.6201324462891,-1.63664555549622
20181009,12,50,78,40000,7206.5419921875,240.5,18.860818862915,-5.01271963119507
20181009,18,50,78,40000,7192.07177734375,241.301177978516,19.9259757995605,-13.0256834030151
20181010,0,50,78,40000,7106.42138671875,238.441970825195,20.2377986907959,-23.4860172271729
20181010,6,50,78,40000,7048.09375,235.100006103516,23.4877052307129,-11.4679012298584
20181010,12,50,78,40000,7023.3486328125,233.497222900391,22.4977607727051,0.934701561927795
20181010,18,50,78,40000,7083.3525390625,238.600006103516,31.8860321044922,3.36749267578125
20181011,0,50,78,40000,7073.73046875,239.643585205078,40.2847213745117,-13.64892578125
20181011,6,50,78,40000,6969.33740234375,235.899993896484,31.5211944580078,-0.359472662210464
20181011,12,50,78,40000,7100.48046875,235.882766723633,20.4278869628906,12.4053220748901
20181011,18,50,78,40000,7132.86572265625,237.5,31.4623680114746,5.36896371841431
20181012,0,50,78,40000,7157.46728515625,241.453369140625,37.3978996276855,5.40001201629639
20181012,6,50,78,40000,7171.4951171875,243.100006103516,32.4041709899902,-0.259899914264679
20181012,12,50,78,40000,7150.55859375,244,30.3895835876465,-9.9616756439209
20181012,18,50,78,40000,7100.3212890625,241.100006103516,29.1854248046875,-18.6702518463135
20181013,0,50,78,40000,7047.591796875,240.100006103516,31.2650260925293,-13.967547416687
20181013,6,50,78,40000,6999.6201171875,237.824462890625,18.5591526031494,-9.22665977478027
20181013,12,50,78,40000,6983.50048828125,238.653854370117,17.4153709411621,-5.47878408432007
20181013,18,50,78,40000,6964.421875,239.092529296875,18.6369895935059,-5.18888568878174
20181014,0,50,78,40000,6918.5068359375,238.329147338867,30.2907066345215,-1.01237177848816
20181014,6,50,78,40000,6829.1689453125,236.699996948242,41.5468330383301,10.9828853607178
20181014,12,50,78,40000,6826.009765625,235.5,42.1543045043945,30.1978340148926
20181014,18,50,78,40000,6901.8212890625,235,33.9419822692871,33.6632690429688
20181015,0,50,78,40000,6975.91796875,237.599975585938,38.9814071655273,25.1272029876709
20181015,6,50,78,40000,6981.966796875,237.800003051758,36.7160148620605,33.6732482910156
20181015,12,50,78,40000,7072.50439453125,239.600006103516,23.8163204193115,35.7586288452148
20181015,18,50,78,40000,7142.77490234375,241.800003051758,14.6768341064453,31.2934379577637
20181016,0,50,78,40000,7216.48388671875,244.199981689453,10.4768371582031,25.6001777648926
20181016,6,50,78,40000,7276.96875,245.099975585938,5.35805368423462,21.2871341705322
20181016,12,50,78,40000,7305.00634765625,244.399993896484,4.35755300521851,7.06361103057861
20181016,18,50,78,40000,7318.17822265625,243.046112060547,10.6756286621094,-2.71165776252747
20181017,0,50,78,40000,7321.8837890625,243,11.2185001373291,-7.83855581283569
20181017,6,50,78,40000,7313.841796875,241.5,11.3737916946411,-5.49796772003174
20181017,12,50,78,40000,7319.66357421875,244.499969482422,7.23154306411743,4.54168081283569
20181017,18,50,78,40000,7342.85302734375,245.699996948242,4.07464599609375,1.49447023868561
20181018,0,50,78,40000,7357.611328125,246.399993896484,4.37969064712524,-3.50127553939819
20181018,6,50,78,40000,7362.7705078125,246,1.71049189567566,-7.04716777801514
20181018,12,50,78,40000,7347.740234375,245.79997253418,3.15682363510132,-7.36306142807007
20181018,18,50,78,40000,7335.6630859375,245.699996948242,2.54851675033569,-7.44051504135132
20181019,0,50,78,40000,7306.548828125,245.199996948242,-0.493463128805161,-9.93780517578125
20181019,6,50,78,40000,7263.04296875,243.399993896484,1.3295990228653,-12.0069522857666
20181019,18,50,78,40000,7190.294921875,240.699981689453,3.56934213638306,-18.2798519134521
20181020,0,50,78,40000,7161.7744140625,239.899978637695,5.72256469726563,-13.634557723999
20181020,6,50,78,40000,7130.90380859375,239.56787109375,3.59378361701965,-10.7775268554688
20181020,12,50,78,40000,7113.4814453125,239.360595703125,-1.96604311466217,-9.81303691864014
20181020,18,50,78,40000,7120.42333984375,239.300003051758,-7.41703796386719,-8.80644512176514
20181021,0,50,78,40000,7128.38134765625,239.29557800293,-8.87259483337402,-5.84915781021118
20181021,6,50,78,40000,7133.69580078125,239.192535400391,-10.7921419143677,-7.61951923370361
20181021,12,50,78,40000,7129.41796875,239.185302734375,-7.2100830078125,-9.54704570770264
20181021,18,50,78,40000,7142.76806640625,239.699996948242,-2.66624760627747,-12.9367647171021
20181022,0,50,78,40000,7142.81689453125,239.600006103516,1.27637326717377,-10.3994779586792
20181022,6,50,78,40000,7136.90771484375,239,0.93408203125,-8.3441219329834
20181022,12,50,78,40000,7123.37451171875,238.075531005859,3.49458932876587,-3.55195307731628
20181022,18,50,78,40000,7132.0751953125,237.978103637695,5.19149160385132,-1.09751582145691
20181023,0,50,78,40000,7136.564453125,238.143844604492,6.15614604949951,8.02215576171875
20181023,6,50,78,40000,7148.5341796875,238.985305786133,5.56892681121826,10.0348691940308
20181023,12,50,78,40000,7139.68505859375,239.238922119141,5.94764995574951,4.34919452667236
20181023,18,50,78,40000,7134.4033203125,239.400024414063,2.09040212631226,-2.49155879020691
20181024,0,50,78,40000,7109.857421875,239.092529296875,6.3515625,-8.70003700256348
20181024,6,50,78,40000,7069.68798828125,237.800003051758,3.51240849494934,-17.1099739074707
20181024,12,50,78,40000,7016.318359375,236.899993896484,9.85599994659424,-17.2775382995605
20181024,18,50,78,40000,6980.82763671875,235.699981689453,7.34404897689819,-26.0237979888916
20181025,0,50,78,40000,6932.73583984375,235.100006103516,10.1193790435791,-18.4441165924072
20181025,6,50,78,40000,6878.04296875,233.561080932617,6.78634643554688,-20.9742488861084
20181025,12,50,78,40000,6830.1650390625,231.99250793457,17.6874198913574,-5.49865102767944
20181025,18,50,78,40000,6848.2431640625,231.492553710938,16.5753231048584,-6.10380840301514
20181026,0,50,78,40000,6886.89208984375,236.399993896484,11.0802612304688,22.5856323242188
20181026,6,50,78,40000,6935.521484375,238.599975585938,36.2397689819336,0.00234375009313226
20181026,12,50,78,40000,6936.43701171875,240.307464599609,47.6589622497559,10.3857975006104
20181026,18,50,78,40000,6997.0654296875,241.100006103516,39.8160171508789,7.25950908660889
20181027,0,50,78,40000,7020.44189453125,241.643463134766,37.1631278991699,-3.08687734603882
20181027,6,50,78,40000,6991.96484375,241.482376098633,40.341854095459,-10.4999752044678
20181027,12,50,78,40000,6920.4873046875,241.343475341797,50.4953269958496,-11.870623588562
20181027,18,50,78,40000,6920.2099609375,236.699981689453,35.6465530395508,-4.02635478973389
20181028,0,50,78,40000,6910.93994140625,235.968307495117,36.6426315307617,-2.77761220932007
20181028,6,50,78,40000,6905.17431640625,235,39.1751556396484,5.65797138214111
20181028,12,50,78,40000,6931.36572265625,233.720306396484,38.5166244506836,7.86700439453125
20181028,18,50,78,40000,6931.47705078125,234.297439575195,39.0931777954102,-2.0166015625
20181029,0,50,78,40000,6882.37109375,233.633331298828,42.8178863525391,-0.671881079673767
20181029,6,50,78,40000,6886.271484375,234.923049926758,43.6968803405762,7.20158672332764
20181029,12,50,78,40000,6923.44580078125,233.941940307617,32.9040107727051,17.6653861999512
20181029,18,50,78,40000,6985.29248046875,233.600006103516,25.4012031555176,9.16969585418701
20181030,0,50,78,40000,7018.70458984375,234.300003051758,20.9922637939453,5.49536752700806
20181030,6,50,78,40000,7021.0341796875,235.199996948242,19.4857025146484,-3.64884042739868
20181030,12,50,78,40000,6985.388671875,234.999969482422,24.3008937835693,-10.0332336425781
20181030,18,50,78,40000,6951.2861328125,235.399993896484,22.3319149017334,-18.7908325195313
20181031,0,50,78,40000,6883.8310546875,233.913055419922,28.60182762146,-15.0999937057495
20181031,6,50,78,40000,6879.9169921875,232.70002746582,26.0884246826172,-1.90330815315247
20181031,12,50,78,40000,6862.94677734375,232.399993896484,33.2707672119141,-2.000732421875
20181031,18,50,78,40000,6876.7529296875,233.71305847168,37.2265548706055,9.19703388214111
20181101,0,50,78,40000,6911.72509765625,236.340530395508,31.7153568267822,10.3666257858276
20181101,6,50,78,40000,6925.64892578125,237.100006103516,21.1073970794678,-1.40291142463684
20181101,12,50,78,40000,6870.15625,235,14.6064233779907,-2.83974599838257
20181101,18,50,78,40000,6832.7705078125,234.237258911133,19.5153503417969,-0.650115966796875
20181102,0,50,78,40000,6791.58447265625,235.399993896484,17.4851684570313,-3.01502084732056
20181102,6,50,78,40000,6690.93603515625,236.199981689453,16.8008670806885,-8.31441688537598
20181102,12,50,78,40000,6593.88916015625,234.718872070313,13.5799160003662,0.437487781047821
20181102,18,50,78,40000,6631.03857421875,232.849212646484,0.84670102596283,19.4325504302979
20181103,0,50,78,40000,6708.4951171875,230.884521484375,6.52695941925049,8.60236835479736
20181103,6,50,78,40000,6700.22998046875,229.899993896484,11.1377077102661,12.5429439544678
20181103,12,50,78,40000,6737.5966796875,228.211700439453,6.41491413116455,20.8958740234375
20181103,18,50,78,40000,6791.52001953125,229.899993896484,6.92521953582764,18.725133895874
20181104,0,50,78,40000,6836.74072265625,232.100006103516,8.9550142288208,24.8011226654053
20181104,6,50,78,40000,6879.583984375,234.236373901367,2.51455688476563,23.7264709472656
20181104,12,50,78,40000,6905.05517578125,235.5,7.71412658691406,10.711217880249
20181104,18,50,78,40000,6927.521484375,235.999969482422,6.00734233856201,-1.24180912971497
20181105,0,50,78,40000,6930.888671875,235.399978637695,5.05564260482788,-7.89442157745361
20181105,6,50,78,40000,6935.525390625,234.5,-0.893963634967804,-8.09449481964111
20181105,12,50,78,40000,6936.63134765625,234.624465942383,-1.84769892692566,-9.1998348236084
20181105,18,50,78,40000,6964.73583984375,235.199996948242,-9.11964702606201,-10.428918838501
20181106,0,50,78,40000,6982.9619140625,237,-7.3787202835083,-5.94521474838257
20181106,6,50,78,40000,6998.69921875,237.908401489258,-13.2962646484375,-2.16570425033569
20181106,12,50,78,40000,6996.94140625,238.45654296875,-15.4210844039917,-0.0689880400896072
20181106,18,50,78,40000,6997.0673828125,239.000579833984,-10.1182193756104,9.50015830993652
20181107,0,50,78,40000,6989.06884765625,238.849197387695,-9.45799541473389,13.4268674850464
20181107,6,50,78,40000,6989.9580078125,238.169525146484,-16.0693359375,14.5477170944214
20181107,12,50,78,40000,7023,239.13232421875,-18.1664848327637,14.3105955123901
20181107,18,50,78,40000,7073.55322265625,241.205032348633,-19.7105255126953,16.4432621002197
20181108,0,50,78,40000,7123.55126953125,243.225921630859,-15.626501083374,16.1808834075928
20181108,6,50,78,40000,7161.96826171875,243.03776550293,-8.9184627532959,15.4454097747803
20181108,12,50,78,40000,7186.921875,242.408782958984,-2.95340871810913,15.1201419830322
20181108,18,50,78,40000,7221.798828125,242.699996948242,-0.854278564453125,13.5559997558594
20181109,0,50,78,40000,7251.16455078125,243.463623046875,1.23492431640625,8.06015586853027
20181109,6,50,78,40000,7266.0986328125,243.399993896484,5.50617074966431,1.37110590934753
20181109,12,50,78,40000,7269.70947265625,244.300003051758,10.1732425689697,3.8156464099884
20181109,18,50,78,40000,7286.2626953125,243.827560424805,17.6046180725098,-1.87073361873627
20181110,0,50,78,40000,7276.7587890625,244.399993896484,22.6981086730957,-7.83962392807007
20181110,6,50,78,40000,7251.609375,244.199996948242,25.9427242279053,-14.9461488723755
20181110,12,50,78,40000,7212.39501953125,243.600006103516,30.8884429931641,-17.5999946594238
20181110,18,50,78,40000,7181.8095703125,244.48225402832,34.2305221557617,-19.7992248535156
20181111,0,50,78,40000,7145.89501953125,243.499969482422,40.5625953674316,-24.4323177337646
20181111,6,50,78,40000,7097.1376953125,244.199996948242,44.7924613952637,-25.3063106536865
20181111,12,50,78,40000,7051.08740234375,242.91471862793,51.3633193969727,-18.5810356140137
20181111,18,50,78,40000,7069.49365234375,242.699996948242,49.4302978515625,-13.179407119751
20181112,0,50,78,40000,7075.27490234375,243,41.1928405761719,-14.964337348938
20181112,6,50,78,40000,7060.369140625,242.244964599609,37.4974479675293,-17.0265693664551
20181112,12,50,78,40000,7050.3681640625,242.599975585938,29.0505714416504,-22.4584712982178
20181112,18,50,78,40000,7006.568359375,242.906951904297,21.3917961120605,-24.5477657318115
20181113,0,50,78,40000,6952.3662109375,241.699996948242,19.8649654388428,-19.3489112854004
20181113,6,50,78,40000,6901.8642578125,237.100006103516,18.4391479492188,-4.79611825942993
20181113,12,50,78,40000,6883.4970703125,235.278045654297,21.5732517242432,5.51384258270264
20181113,18,50,78,40000,6928.5869140625,232.624465942383,13.0542850494385,11.4923524856567
20181114,0,50,78,40000,6982.64453125,233.399978637695,12.3642063140869,4.17637920379639
20181114,6,50,78,40000,6992.19873046875,234.300003051758,15.2295436859131,-0.773535132408142
20181114,12,50,78,40000,6986.982421875,234.007354736328,23.2555332183838,-1.32907712459564
20181114,18,50,78,40000,6977.13232421875,234,19.4444332122803,-13.0165128707886
20181115,0,50,78,40000,6946.72998046875,233.699996948242,17.1682319641113,-3.37336421012878
20181115,6,50,78,40000,6946.0068359375,233.499969482422,3.48533320426941,12.3523588180542
20181115,12,50,78,40000,6985.59619140625,234.5,10.9137296676636,9.80725383758545
20181115,18,50,78,40000,7026.099609375,236.465255737305,18.9539947509766,7.06794452667236
20181116,0,50,78,40000,7013.09765625,237.346145629883,30.4355163574219,-4.92463684082031
20181116,6,50,78,40000,6995.677734375,236.399993896484,27.5220699310303,3.57706904411316
20181116,12,50,78,40000,7004.37548828125,238.677810668945,27.5028038024902,-2.54039311408997
20181116,18,50,78,40000,6990.68359375,240.600006103516,35.916748046875,-10.39137840271
20181117,0,50,78,40000,6954.73193359375,242.199981689453,40.4917182922363,-13.9229278564453
20181117,6,50,78,40000,6846.96630859375,241.5,50.9999084472656,-22.1644172668457
20181117,12,50,78,40000,6811.21923828125,239.55403137207,41.6538887023926,7.88463115692139
20181117,18,50,78,40000,6934.58251953125,241.199996948242,46.6697463989258,5.15218496322632
20181118,0,50,78,40000,6960.2080078125,240.15983581543,42.1907081604004,-6.1400146484375
20181118,6,50,78,40000,6902.01611328125,238.911651611328,52.8487319946289,-12.3411378860474
20181118,12,50,78,40000,6841.7587890625,236.300003051758,46.0617790222168,-9.56511878967285
20181118,18,50,78,40000,6804.33935546875,235.199996948242,41.3347473144531,-7.29993295669556
20181119,0,50,78,40000,6802.38134765625,235.600006103516,43.0364189147949,-0.519616723060608
20181119,6,50,78,40000,6780.2900390625,234.800003051758,48.0921249389648,-7.50437021255493
20181119,12,50,78,40000,6753.6748046875,234.599975585938,35.8116645812988,-5.09799814224243
20181119,18,50,78,40000,6715.8544921875,232.300003051758,26.4299125671387,-0.834948718547821
20181120,0,50,78,40000,6742.677734375,229.601959228516,16.6387996673584,3.40003061294556
20181120,6,50,78,40000,6750.3017578125,228.899978637695,15.5372982025146,3.00145268440247
20181120,12,50,78,40000,6752.21142578125,229.300003051758,17.822265625,6.16828632354736
20181120,18,50,78,40000,6810.185546875,231.300003051758,14.1797542572021,15.2958192825317
20181121,0,50,78,40000,6892.8798828125,236.100006103516,26.8056144714355,5.09998178482056
20181121,6,50,78,40000,6867.376953125,235.100006103516,34.2808609008789,-7.23085927963257
20181121,12,50,78,40000,6810.43603515625,235.300003051758,27.5699615478516,9.10112285614014
20181121,18,50,78,40000,6924.26513671875,238.399993896484,29.1864109039307,9.74669170379639
20181122,0,50,78,40000,6943.06005859375,239.899993896484,36.1886215209961,-2.47042846679688
20181122,6,50,78,40000,6884.271484375,238.300003051758,46.5919189453125,-0.504467785358429
20181122,12,50,78,40000,6875.31689453125,239.102661132813,50.6967315673828,0.459698498249054
20181122,18,50,78,40000,6871.6904296875,236.9287109375,48.7531547546387,-2.08695077896118
20181123,0,50,78,40000,6881.72314453125,236.405364990234,46.90087890625,-0.800054907798767
20181123,6,50,78,40000,6875.83935546875,235.633331298828,41.5915832519531,2.39998173713684
20181123,12,50,78,40000,6909.8408203125,237.947784423828,43.4172058105469,3.62119150161743
20181123,18,50,78,40000,6938.39013671875,238.659454345703,38.946475982666,6.04606914520264
20181124,0,50,78,40000,6972.40576171875,241.573852539063,40.3485527038574,7.7557373046875
20181124,6,50,78,40000,7025.40771484375,241.16227722168,34.5897598266602,12.0466003417969
20181124,12,50,78,40000,7071.494140625,242.579742431641,31.8618774414063,3.94130253791809
20181124,18,50,78,40000,7097.67822265625,240.960662841797,26.821741104126,-4.99741506576538
20181125,0,50,78,40000,7103.2255859375,240.272491455078,25.4976997375488,1.69303286075592
20181125,6,50,78,40000,7137.69873046875,240.899993896484,26.4547729492188,1.97087705135345
20181125,12,50,78,40000,7137.5732421875,241.072463989258,24.0933685302734,-6.01721668243408
20181125,18,50,78,40000,7139.49609375,240.172485351563,21.9981155395508,-4.4815526008606
20181126,0,50,78,40000,7143.62353515625,240,16.1445980072021,-8.43116664886475
20181126,6,50,78,40000,7131.6669921875,239.440551757813,12.6132869720459,-15.8967952728271
20181126,12,50,78,40000,7088.83984375,238.800003051758,2.45743155479431,-6.26419925689697
20181126,18,50,78,40000,7156.18505859375,239.399993896484,10.0383358001709,9.06402015686035
20181127,0,50,78,40000,7216.8369140625,242.600006103516,13.5467891693115,3.68048095703125
20181127,6,50,78,40000,7224.50927734375,245.399993896484,18.8595771789551,-9.21779155731201
20181127,12,50,78,40000,7188.09814453125,245.772506713867,11.7237062454224,-12.3970994949341
20181127,18,50,78,40000,7162.1337890625,246.100006103516,19.0994071960449,-9.54857444763184
20181128,0,50,78,40000,7126.4482421875,246.878692626953,26.8085327148438,-15.9088668823242
20181128,6,50,78,40000,7024.478515625,245.900024414063,37.2251129150391,-28.724760055542
20181128,12,50,78,40000,6936.455078125,238.520904541016,28.3167915344238,-6.89772939682007
20181128,18,50,78,40000,6942.853515625,235.699996948242,31.0308647155762,-6.61019515991211
20181129,0,50,78,40000,6963.78564453125,235.3896484375,32.1167831420898,4.30171489715576
20181129,6,50,78,40000,7041.794921875,236.503875732422,36.3991432189941,15.881628036499
20181129,12,50,78,40000,7117.119140625,239.199996948242,25.9287757873535,6.00004863739014
20181129,18,50,78,40000,7155.13623046875,238.5,26.6243438720703,-1.70039546489716
20181130,0,50,78,40000,7183.82080078125,239.699996948242,26.9284000396729,1.45225584506989
20181130,6,50,78,40000,7222.25244140625,243.199996948242,26.1314373016357,0.878339827060699
20181130,12,50,78,40000,7205.17236328125,245.021026611328,23.7622127532959,-11.8661470413208
20181130,18,50,78,40000,7176.89892578125,243.633499145508,26.6146011352539,-12.2611331939697
20181201,0,50,78,40000,7176.77490234375,244.784637451172,35.9613609313965,-2.26870727539063
20181201,6,50,78,40000,7172.22802734375,247.118774414063,41.9837341308594,-10.4856443405151
20181201,12,50,78,40000,7111.51806640625,247.399993896484,40.0999183654785,-21.1981201171875
20181201,18,50,78,40000,7007.6357421875,243.440551757813,44.6776657104492,-24.593297958374
20181202,0,50,78,40000,6929.3369140625,239.494430541992,57.7147636413574,-18.8040046691895
20181202,6,50,78,40000,6892.70166015625,234.591094970703,33.8041572570801,-15.499773979187
20181202,12,50,78,40000,6837.318359375,231.92610168457,22.3975791931152,-7.25327157974243
20181202,18,50,78,40000,6811.6767578125,231.1162109375,23.1045932769775,-6.93079233169556
20181203,0,50,78,40000,6835.638671875,233.52751159668,33.8438949584961,11.3133182525635
20181203,6,50,78,40000,6937.4658203125,236.112762451172,37.5018692016602,6.27995586395264
20181203,12,50,78,40000,6955.73193359375,236.300003051758,38.4584732055664,1.90680539608002
20181203,18,50,78,40000,7006.859375,237.333694458008,31.1267395019531,5.67298603057861
20181204,0,50,78,40000,7069.2099609375,237.224563598633,25.7098636627197,5.71029043197632
20181204,6,50,78,40000,7126.73876953125,240.085372924805,23.6136531829834,0.4400634765625
20181204,12,50,78,40000,7157.734375,244.413284301758,29.041482925415,-5.09465932846069
20181204,18,50,78,40000,7190.8857421875,247.199920654297,26.3814754486084,-14.4002685546875
20181205,0,50,78,40000,7201.97021484375,248.899978637695,32.9037170410156,-29.0000114440918
20181205,6,50,78,40000,7179.580078125,248.81462097168,40.2705421447754,-32.8023910522461
20181205,12,50,78,40000,7165.80810546875,246.800003051758,46.2646789550781,-37.4839401245117
20181205,18,50,78,40000,7154.802734375,246.402420043945,44.026798248291,-40.7393379211426
20181206,0,50,78,40000,7128.7158203125,244.20002746582,44.3838577270508,-40.1226921081543
20181206,6,50,78,40000,7106.68115234375,243.710739135742,45.0360298156738,-45.2969131469727
20181206,12,50,78,40000,7067.9482421875,243.128982543945,47.234001159668,-47.8126106262207
20181206,18,50,78,40000,7061.72119140625,242.727981567383,46.9656753540039,-48.0288505554199
20181207,0,50,78,40000,7069.4150390625,243.461456298828,39.2597732543945,-45.5627861022949
20181207,6,50,78,40000,7015.71728515625,240.471771240234,20.7251529693604,-31.1199283599854
20181207,12,50,78,40000,6977.31298828125,237.86784362793,3.09746098518372,5.11649179458618
20181207,18,50,78,40000,7059.412109375,241.000030517578,-4.43650150299072,21.9406490325928
20181208,0,50,78,40000,7126.1806640625,241.651336669922,13.4285888671875,7.79716777801514
20181208,6,50,78,40000,7159.33642578125,242.41389465332,6.23145484924316,12.7507228851318
20181208,12,50,78,40000,7143.68359375,242.504470825195,10.9954566955566,2.6957323551178
20181208,18,50,78,40000,7099.8525390625,241.918365478516,19.0139408111572,-0.837399303913116
20181209,0,50,78,40000,7011.078125,239.699996948242,29.0499973297119,-4.8332371711731
20181209,6,50,78,40000,6949.80859375,236.204010009766,15.3606052398682,9.49295616149902
20181209,12,50,78,40000,6949.7314453125,237.699996948242,9.89465808868408,24.6198043823242
20181209,18,50,78,40000,7052.2939453125,242.291412353516,1.1722366809845,32.9427070617676
20181210,0,50,78,40000,7116.93115234375,242.815795898438,14.3749141693115,19.0248165130615
20181210,6,50,78,40000,7136.7099609375,243.088836669922,19.8778877258301,12.5375061035156
20181210,12,50,78,40000,7123.84814453125,242.4267578125,21.4532890319824,8.36977577209473
20181210,18,50,78,40000,7114.2861328125,241.899978637695,21.9708404541016,2.88496708869934
20181211,0,50,78,40000,7097.5068359375,241.376953125,29.2999210357666,0.375463873147964
20181211,6,50,78,40000,7055.732421875,239.954986572266,31.6416969299316,-4.68925762176514
20181211,12,50,78,40000,6980.95751953125,238.172439575195,33.1999931335449,-5.52938222885132
20181211,18,50,78,40000,6929.37353515625,235.006759643555,32.7810249328613,-8.11550903320313
20181212,0,50,78,40000,6954.67822265625,236.080932617188,25.3512210845947,15.3509979248047
20181212,6,50,78,40000,7014.2548828125,239,31.8851280212402,32.1921730041504
20181212,12,50,78,40000,7107.7431640625,241.785598754883,26.4344825744629,26.4078464508057
20181212,18,50,78,40000,7190.40673828125,246.487869262695,27.0866355895996,20.1185245513916
20181213,0,50,78,40000,7226.6298828125,247.027542114258,28.8482704162598,16.6163520812988
20181213,6,50,78,40000,7235.92626953125,247.229156494141,27.231029510498,4.27324819564819
20181213,12,50,78,40000,7233.71435546875,245.600006103516,29.195779800415,7.27614116668701
20181213,18,50,78,40000,7244.8994140625,246.70002746582,29.8444213867188,3.05422353744507
20181214,0,50,78,40000,7266.37548828125,247.620269775391,33.3915481567383,8.66646766662598
20181214,6,50,78,40000,7275.4580078125,248.100006103516,34.5925521850586,-3.81910395622253
20181214,12,50,78,40000,7255.251953125,247.621658325195,39.0172348022461,-3.89913940429688
20181214,18,50,78,40000,7201.953125,246.5,48.6274642944336,-7.77859497070313
20181215,0,50,78,40000,7214.62744140625,247.899993896484,53.1714553833008,0.700360119342804
20181215,6,50,78,40000,7180.982421875,246.360382080078,56.304126739502,-4.47060537338257
20181215,12,50,78,40000,7138.94140625,246.4130859375,62.712718963623,-0.726300060749054
20181215,18,50,78,40000,7172.48583984375,246.004974365234,57.1002731323242,1.42893373966217
20181216,0,50,78,40000,7215.9013671875,244.899978637695,39.7031440734863,7.21282052993774
20181216,6,50,78,40000,7278.53759765625,246.599975585938,35.4503479003906,-1.7658417224884
20181216,12,50,78,40000,7294.2294921875,246.300018310547,29.4442863464355,-2.3398711681366
20181216,18,50,78,40000,7327.0908203125,247.600006103516,26.428466796875,-6.18054485321045
20181217,0,50,78,40000,7329.98681640625,247.699996948242,25.2321128845215,-7.64306020736694
20181217,6,50,78,40000,7303.9892578125,247.899993896484,17.0862483978271,-23.5999565124512
20181217,12,50,78,40000,7201.19482421875,244.204391479492,22.0222930908203,-24.755199432373
20181217,18,50,78,40000,7091.42333984375,241.34114074707,25.3187255859375,-17.6825618743896
20181218,0,50,78,40000,7170.75439453125,243.77392578125,30.2045631408691,17.993236541748
20181218,6,50,78,40000,7252.61083984375,243.434860229492,20.105037689209,1.32219851016998
20181218,12,50,78,40000,7284.05810546875,246.987747192383,26.4916687011719,-2.68940424919128
