20180720,0,-30,-121,2000,26751.357421875,223.217239379883,-19.3075885772705,0.0181347653269768
20180720,6,-30,-121,2000,26769.13671875,223.5,-18.7399806976318,2.66758799552917
20180720,12,-30,-121,2000,26779.740234375,223.399993896484,-17.4452705383301,-2.52664542198181
20180720,18,-30,-121,2000,26780.087890625,222.699981689453,-21.5451126098633,-0.726132810115814
20180721,0,-30,-121,2000,26753.5546875,222.29997253418,-20.5399932861328,1.01011717319489
20180721,6,-30,-121,2000,26773.044921875,224.096267700195,-20.7339859008789,3.57141852378845
20180721,12,-30,-121,2000,26798.865234375,223.100006103516,-19.899995803833,-0.663291037082672
20180721,18,-30,-121,2000,26802.544921875,223.300003051758,-22.399995803833,2.03396964073181
20180722,0,-30,-121,2000,26770.86328125,223.100006103516,-19.2499942779541,-0.450039058923721
20180722,6,-30,-121,2000,26774.51953125,223,-19.8833599090576,1.31879389286041
20180722,12,-30,-121,2000,26770.990234375,223,-19.4457664489746,-3.17856693267822
20180722,18,-30,-121,2000,26779.5390625,223.499969482422,-19.8399906158447,-1.29461669921875
20180723,0,-30,-121,2000,26743.189453125,222.599975585938,-17.0399875640869,-1.86369383335114
20180723,6,-30,-121,2000,26735.220703125,222.599975585938,-17.6399974822998,-1.54630374908447
20180723,12,-30,-121,2000,26730.123046875,222.699996948242,-18.9999923706055,-3.48464488983154
20180723,18,-30,-121,2000,26736.4453125,222.699996948242,-21.6333332061768,-0.948781728744507
20180724,0,-30,-121,2000,26700.494140625,222.579681396484,-18.899543762207,1.05134761333466
20180724,6,-30,-121,2000,26723.580078125,223.29997253418,-18.4999942779541,0.241225585341454
20180724,12,-30,-121,2000,26724.919921875,223.300003051758,-20.0400009155273,-2.09961676597595
20180724,18,-30,-121,2000,26745.099609375,223.699996948242,-22.5399150848389,0.320493161678314
20180725,0,-30,-121,2000,26705.6328125,223.899993896484,-20.8399982452393,2.96957039833069
20180725,6,-30,-121,2000,26743.4609375,225.399993896484,-18.8448257446289,1.55310297012329
20180725,12,-30,-121,2000,26768.134765625,224.600006103516,-19.0000019073486,-1.44519770145416
20180725,18,-30,-121,2000,26770.85546875,224.100006103516,-23.0799999237061,-0.828591287136078
20180726,0,-30,-121,2000,26744.0859375,224.29997253418,-20.5394115447998,1.65382325649261
20180726,6,-30,-121,2000,26768.35546875,224.399993896484,-21.6000022888184,0.893879413604736
20180726,12,-30,-121,2000,26774.59765625,225,-21.1399993896484,-0.803916037082672
20180726,18,-30,-121,2000,26780.587890625,224.29997253418,-22.9397125244141,-0.811235368251801
20180727,0,-30,-121,2000,26737.765625,222.999969482422,-23.3433074951172,0.612146019935608
20180727,6,-30,-121,2000,26754.55078125,223.600006103516,-23.9432983398438,0.625473618507385
20180727,12,-30,-121,2000,26764.607421875,224.199996948242,-23.2399978637695,-0.514421403408051
20180727,18,-30,-121,2000,26781.580078125,223.999969482422,-23.3433246612549,-0.886301279067993
20180728,0,-30,-121,2000,26749.623046875,222.899993896484,-21.9499950408936,0.873701155185699
20180728,6,-30,-121,2000,26761.953125,222.699996948242,-21.7003059387207,0.209580078721046
20180728,12,-30,-121,2000,26764.435546875,222.800003051758,-22.8430461883545,-1.59025025367737
20180728,18,-30,-121,2000,26779.4375,222.600006103516,-24.2375831604004,-1.47101318836212
20180729,0,-30,-121,2000,26734.306640625,222.800003051758,-23.339994430542,-0.0151843260973692
20180729,6,-30,-121,2000,26763.443359375,223.199981689453,-22.2000007629395,3.96012949943542
20180729,12,-30,-121,2000,26763.955078125,222.79997253418,-19.399995803833,0.479191899299622
20180729,18,-30,-121,2000,26788.783203125,222.5,-20.5432624816895,-2.36668086051941
20180730,0,-30,-121,2000,26741.3359375,221.599975585938,-23.7498435974121,-1.4334374666214
20180730,6,-30,-121,2000,26764.5859375,223.106979370117,-22.7999954223633,1.33197259902954
20180730,12,-30,-121,2000,26755.890625,223.599975585938,-19.0919017791748,-0.546591818332672
20180730,18,-30,-121,2000,26772.669921875,222.899993896484,-19.5400009155273,-3.57635140419006
20180731,0,-30,-121,2000,26716.751953125,221.399978637695,-21.302209854126,-2.20618772506714
20180731,6,-30,-121,2000,26726.849609375,223.399978637695,-21.3396625518799,0.776569843292236
20180731,12,-30,-121,2000,26733.697265625,222.899993896484,-19.4433422088623,-0.0263549797236919
20180731,18,-30,-121,2000,26753.337890625,222.599975585938,-19.3396968841553,-0.822421848773956
20180801,0,-30,-121,2000,26713.767578125,221.499969482422,-20.1399917602539,-0.809299290180206
20180801,6,-30,-121,2000,26725.7578125,223.199996948242,-20.4966793060303,1.60627436637878
20180801,12,-30,-121,2000,26725.86328125,222.800003051758,-18.9999980926514,-0.46240234375
20180801,18,-30,-121,2000,26742.390625,222.699981689453,-20.4394378662109,-1.57447755336761
20180802,0,-30,-121,2000,26698.607421875,222.399993896484,-20.5405960083008,-0.644907236099243
20180802,6,-30,-121,2000,26728.306640625,224.29997253418,-20.1413249969482,2.08009028434753
20180802,12,-30,-121,2000,26731.71484375,224.499969482422,-17.7399978637695,0.582043468952179
20180802,18,-30,-121,2000,26753.4453125,223.899993896484,-18.7399826049805,-0.839902341365814
20180803,0,-30,-121,2000,26716.623046875,222.5,-18.1499996185303,-0.525925278663635
20180803,6,-30,-121,2000,26730.552734375,222.899993896484,-19.1966094970703,0.694619119167328
20180803,12,-30,-121,2000,26729.919921875,223.232131958008,-18.25,-1.02013182640076
20180803,18,-30,-121,2000,26738.07421875,223.600006103516,-21.3397369384766,-1.13043451309204
20180804,0,-30,-121,2000,26705.51953125,223.600006103516,-19.6400032043457,0.434755861759186
20180804,6,-30,-121,2000,26728.97265625,224.099975585938,-19.0399951934814,1.94276607036591
20180804,12,-30,-121,2000,26741.4140625,223.79997253418,-18.3998489379883,-0.606354951858521
20180804,18,-30,-121,2000,26762.087890625,222.800003051758,-20.3000049591064,-0.738671898841858
20180805,0,-30,-121,2000,26734.6328125,222.899993896484,-20.0435466766357,-0.132534176111221
20180805,6,-30,-121,2000,26769.341796875,222.899993896484,-20.397216796875,1.68994629383087
20180805,12,-30,-121,2000,26764.259765625,222.100006103516,-18.8399925231934,-0.93328857421875
20180805,18,-30,-121,2000,26768.841796875,221.5,-21.9842205047607,-3.74721312522888
20180806,0,-30,-121,2000,26720.283203125,222.100006103516,-23.6002178192139,-0.319566637277603
20180806,6,-30,-121,2000,26753.591796875,223.699996948242,-21.0942287445068,1.68479979038239
20180806,12,-30,-121,2000,26753.76171875,222.800003051758,-18.9502143859863,-1.0730676651001
20180806,18,-30,-121,2000,26765.58984375,222.099975585938,-21.1382331848145,-0.465534657239914
20180807,0,-30,-121,2000,26722.0546875,221.800003051758,-20.2465877532959,-0.864959716796875
20180807,6,-30,-121,2000,26734.5,222.800003051758,-21.6431980133057,0.0906286612153053
20180807,12,-30,-121,2000,26740.455078125,223.199981689453,-21.3487663269043,-0.402781993150711
20180807,18,-30,-121,2000,26759.46484375,222.5,-19.9369125366211,1.31575930118561
20180808,0,-30,-121,2000,26731.748046875,222.79997253418,-18.8427352905273,-0.431381821632385
20180808,6,-30,-121,2000,26748.7890625,222.79997253418,-20.8395195007324,1.88136720657349
20180808,12,-30,-121,2000,26750.0078125,223.300003051758,-20.239990234375,0.16156005859375
20180808,18,-30,-121,2000,26769.623046875,223,-21.5399932861328,-0.397934556007385
20180809,0,-30,-121,2000,26745.1484375,223.350738525391,-20.8399982452393,0.617377936840057
20180809,6,-30,-121,2000,26767.6171875,223.199996948242,-21.3413429260254,0.437897950410843
20180809,12,-30,-121,2000,26766.880859375,222.999969482422,-21.2299785614014,-1.73716068267822
20180809,18,-30,-121,2000,26783.234375,222.600006103516,-22.7416725158691,-0.553847670555115
20180810,0,-30,-121,2000,26739.328125,221.899978637695,-21.5399894714355,-0.460063487291336
20180810,6,-30,-121,2000,26751.48046875,222.499969482422,-22.0399894714355,-0.402480483055115
20180810,12,-30,-121,2000,26741.408203125,222.528610229492,-22.9399948120117,-1.14560544490814
20180810,18,-30,-121,2000,26760.4453125,223.399993896484,-21.339994430542,0.174741208553314
20180811,0,-30,-121,2000,26735.4609375,223.399368286133,-17.9999847412109,-0.932175278663635
20180811,6,-30,-121,2000,26741.57421875,222.499969482422,-17.249963760376,-0.343747556209564
20180811,12,-30,-121,2000,26725.869140625,221.599975585938,-18.0999946594238,-2.09561276435852
20180811,18,-30,-121,2000,26734.876953125,221.5,-19.6399822235107,-3.16618156433105
20180812,0,-30,-121,2000,26686.845703125,221.899993896484,-20.4399929046631,-0.977595210075378
20180812,6,-30,-121,2000,26701.8515625,223.699981689453,-20.1399955749512,0.855887472629547
20180812,12,-30,-121,2000,26719.234375,224.600006103516,-15.2895164489746,2.40991449356079
20180812,18,-30,-121,2000,26736.064453125,222.899993896484,-15.1017751693726,-0.330078125
20180813,0,-30,-121,2000,26705.392578125,223.29997253418,-16.1399917602539,1.27723515033722
20180813,6,-30,-121,2000,26747.07421875,223.399978637695,-16.199987411499,3.05523061752319
20180813,12,-30,-121,2000,26757.759765625,223.100006103516,-14.3397655487061,1.62435305118561
20180813,18,-30,-121,2000,26777.78515625,223.899978637695,-17.4369354248047,-2.06319570541382
20180814,0,-30,-121,2000,26746.97265625,223.300003051758,-17.9465675354004,-0.912331521511078
20180814,6,-30,-121,2000,26759.5234375,223.708084106445,-20.0999870300293,0.792014181613922
20180814,12,-30,-121,2000,26772.669921875,223.899993896484,-17.9399948120117,0.471682131290436
20180814,18,-30,-121,2000,26782.3046875,223.699996948242,-20.2399997711182,-0.419431149959564
20180815,0,-30,-121,2000,26756.552734375,223.300003051758,-18.43994140625,1.65656495094299
20180815,6,-30,-121,2000,26778.677734375,223.300003051758,-19.8399887084961,0.629465341567993
20180815,12,-30,-121,2000,26777.84765625,222.999969482422,-18.339994430542,-0.513083517551422
20180815,18,-30,-121,2000,26782.7578125,222.199996948242,-20.5399932861328,-2.14951181411743
20180816,0,-30,-121,2000,26736.359375,222.899993896484,-19.9799861907959,-0.828510761260986
20180816,6,-30,-121,2000,26756.1796875,222.100006103516,-19.8401260375977,-0.772158205509186
20180816,12,-30,-121,2000,26742.7109375,221.999969482422,-20.2799949645996,-3.02599120140076
20180816,18,-30,-121,2000,26750.63671875,221.699996948242,-22.0399932861328,-1.41999268531799
20180817,0,-30,-121,2000,26699.248046875,221.800003051758,-19.7399997711182,1.12321293354034
20180817,6,-30,-121,2000,26730.640625,222.5,-18.3999900817871,1.64933109283447
20180817,12,-30,-121,2000,26727.232421875,221.800003051758,-17.7441596984863,-2.22198486328125
20180817,18,-30,-121,2000,26728.759765625,222.399993896484,-19.2999935150146,-1.02428472042084
20180818,0,-30,-121,2000,26691.689453125,221.899978637695,-17.8399925231934,0.656040012836456
20180818,6,-30,-121,2000,26713.134765625,222.120513916016,-17.6435165405273,0.0383618175983429
20180818,12,-30,-121,2000,26701.90234375,221.800003051758,-17.6399993896484,-1.08113276958466
20180818,18,-30,-121,2000,26727.13671875,222.600006103516,-19.0374660491943,-1.01468992233276
20180819,0,-30,-121,2000,26696.869140625,221.5,-17.84765625,1.4660986661911
20180819,6,-30,-121,2000,26710.634765625,223.100006103516,-18.2399997711182,0.837033689022064
20180819,12,-30,-121,2000,26722.25,223.599975585938,-17.9399967193604,1.13242185115814
20180819,18,-30,-121,2000,26751.330078125,223,-16.9400024414063,0.742753922939301
20180820,0,-30,-121,2000,26714.310546875,222.599975585938,-16.0501937866211,0.0903710946440697
20180820,6,-30,-121,2000,26742.767578125,222.300003051758,-19.1395168304443,-0.149589836597443
20180820,12,-30,-121,2000,26748.8125,223.399978637695,-17.6399555206299,1.05919432640076
20180820,18,-30,-121,2000,26750.33203125,222.999969482422,-18.2799968719482,-1.01786625385284
20180821,0,-30,-121,2000,26710.890625,222.399978637695,-19.0430278778076,-0.130073249340057
20180821,6,-30,-121,2000,26741.419921875,222.499969482422,-18.6399917602539,3.45430898666382
20180821,12,-30,-121,2000,26740.732421875,222.100006103516,-16.0432662963867,-0.753393530845642
20180821,18,-30,-121,2000,26756.044921875,222,-20.5842819213867,-2.54079341888428
20180822,0,-30,-121,2000,26720.671875,221.899993896484,-18.5799903869629,1.77733397483826
20180822,6,-30,-121,2000,26738.380859375,221,-18.8922271728516,2.53970956802368
20180822,12,-30,-121,2000,26734.029296875,221.199996948242,-17.7758255004883,-3.65355706214905
20180822,18,-30,-121,2000,26752.53515625,221.5,-22.2399978637695,-1.21612787246704
20180823,0,-30,-121,2000,26717.779296875,221.399993896484,-18.8399906158447,1.76654779911041
20180823,6,-30,-121,2000,26733.9296875,221.199981689453,-18.7853507995605,1.37006342411041
20180823,12,-30,-121,2000,26732.662109375,221.29997253418,-18.883264541626,-2.54449701309204
20180823,18,-30,-121,2000,26754.400390625,220.806976318359,-21.4465923309326,-1.24965333938599
20180824,0,-30,-121,2000,26715.837890625,220.800003051758,-19.3423099517822,-0.433928221464157
20180824,6,-30,-121,2000,26726.390625,222.199981689453,-21.7366886138916,-0.661909162998199
20180824,12,-30,-121,2000,26716.248046875,222.5,-20.8299884796143,-0.60642945766449
20180824,18,-30,-121,2000,26737.78515625,222.099975585938,-19.2377643585205,-1.33970332145691
20180825,0,-30,-121,2000,26697.6796875,221.800003051758,-18.9989566802979,-0.838859856128693
20180825,6,-30,-121,2000,26713.6484375,222,-19.0999870300293,1.22743403911591
20180825,12,-30,-121,2000,26709.609375,221.899993896484,-17.7999935150146,-0.607402324676514
20180825,18,-30,-121,2000,26724.97265625,222.199996948242,-19.5999946594238,-2.03659915924072
20180826,0,-30,-121,2000,26677.19921875,220.899993896484,-19.0999870300293,0.586765110492706
20180826,6,-30,-121,2000,26689.857421875,222.300003051758,-18.7413883209229,0.149138182401657
20180826,12,-30,-121,2000,26684.4453125,222.300003051758,-18.0399971008301,-1.78040766716003
20180826,18,-30,-121,2000,26698.931640625,221.493011474609,-18.8999977111816,-1.56801021099091
20180827,0,-30,-121,2000,26665.1640625,221.300003051758,-17.6373958587646,0.124426268041134
20180827,6,-30,-121,2000,26690.42578125,221.699996948242,-19.0400009155273,1.28845942020416
20180827,12,-30,-121,2000,26683.3984375,221.29997253418,-17.4499893188477,-0.475507825613022
20180827,18,-30,-121,2000,26701.962890625,221.399993896484,-19.1988372802734,-1.44261229038239
20180828,0,-30,-121,2000,26676.23828125,221.100006103516,-16.7999877929688,1.29449462890625
20180828,6,-30,-121,2000,26709.498046875,220.800003051758,-16.2399845123291,0.457556158304214
20180828,12,-30,-121,2000,26700.962890625,221.100006103516,-17.0400009155273,-1.82857179641724
20180828,18,-30,-121,2000,26729.091796875,221.600006103516,-18.2400016784668,-0.883120119571686
20180829,0,-30,-121,2000,26691.45703125,221.699981689453,-16.4377765655518,-0.45994508266449
20180829,6,-30,-121,2000,26696.34765625,221.79997253418,-17.5000057220459,0.293652355670929
20180829,12,-30,-121,2000,26707.5625,222.800003051758,-15.5422239303589,-0.909277319908142
20180829,18,-30,-121,2000,26714.560546875,221.399993896484,-16.8399982452393,-1.01220464706421
20180830,0,-30,-121,2000,26670.078125,221.79997253418,-16.7999973297119,0.110010989010334
20180830,6,-30,-121,2000,26695.1484375,222.600006103516,-16.139986038208,1.59307372570038
20180830,12,-30,-121,2000,26697.625,223.499969482422,-14.9019412994385,1.01758301258087
20180830,18,-30,-121,2000,26724.115234375,222.699981689453,-14.3367748260498,-1.17951655387878
20180831,0,-30,-121,2000,26679.517578125,221.199996948242,-14.5399904251099,-0.132712408900261
20180831,6,-30,-121,2000,26696.7265625,222.399978637695,-15.5449953079224,1.3531506061554
20180831,12,-30,-121,2000,26709.005859375,222.399978637695,-13.9399833679199,-0.452276617288589
20180831,18,-30,-121,2000,26720.1875,222.399993896484,-15.7399978637695,-0.888979494571686
20180901,0,-30,-121,2000,26689.197265625,221.600006103516,-14.1868333816528,2.32905268669128
20180901,6,-30,-121,2000,26716.849609375,222.600006103516,-14.2402172088623,0.713985621929169
20180901,12,-30,-121,2000,26722.21484375,222.399978637695,-13.5813865661621,-1.25048100948334
20180901,18,-30,-121,2000,26717.357421875,222.267868041992,-15.6346092224121,-1.38004887104034
20180902,0,-30,-121,2000,26687.447265625,222.29997253418,-13.5382785797119,1.22979736328125
20180902,6,-30,-121,2000,26704.1875,222.899490356445,-14.242392539978,0.412114262580872
20180902,12,-30,-121,2000,26690.625,221.29997253418,-13.8500022888184,-0.800258815288544
20180902,18,-30,-121,2000,26699.7734375,222.100006103516,-16.241382598877,-1.50253903865814
20180903,0,-30,-121,2000,26669.212890625,221.899978637695,-15.9399852752686,1.18639647960663
20180903,6,-30,-121,2000,26689.69921875,222.199981689453,-15.3399877548218,3.34748530387878
20180903,12,-30,-121,2000,26680.126953125,221.800003051758,-12.2422122955322,-0.674106419086456
20180903,18,-30,-121,2000,26699.578125,222.199996948242,-16.0999984741211,-0.795805692672729
20180904,0,-30,-121,2000,26675.26953125,220.899993896484,-13.699990272522,1.72146487236023
20180904,6,-30,-121,2000,26688.03515625,221.800003051758,-13.7399978637695,1.03982424736023
20180904,12,-30,-121,2000,26680.490234375,221.29997253418,-13.8367404937744,-1.37457275390625
20180904,18,-30,-121,2000,26692.818359375,221.29997253418,-14.9437065124512,-2.47017335891724
20180905,0,-30,-121,2000,26662.373046875,221.100006103516,-15.0399951934814,0.659169912338257
20180905,6,-30,-121,2000,26675.67578125,221.5,-14.0433397293091,-0.0947851538658142
20180905,12,-30,-121,2000,26662.931640625,221.600006103516,-14.6400003433228,-2.09994387626648
20180905,18,-30,-121,2000,26675.16015625,221.800003051758,-15.3299999237061,-2.45622801780701
20180906,0,-30,-121,2000,26627.490234375,221.499969482422,-15.2399950027466,-0.749887704849243
20180906,6,-30,-121,2000,26653.39453125,221.800003051758,-13.8400001525879,1.30858397483826
20180906,12,-30,-121,2000,26648.16015625,221.399993896484,-11.5999946594238,-2.22810292243958
20180906,18,-30,-121,2000,26656.9140625,221.463653564453,-17.3458976745605,-3.15158200263977
20180907,0,-30,-121,2000,26623.26171875,221.910003662109,-15.8399972915649,1.81966555118561
20180907,6,-30,-121,2000,26656.09765625,221.899993896484,-14.3449897766113,3.50456547737122
20180907,12,-30,-121,2000,26653.8046875,221.699996948242,-12.7399950027466,-0.703393578529358
20180907,18,-30,-121,2000,26686.42578125,222.300003051758,-18.0390701293945,-0.591523408889771
20180908,0,-30,-121,2000,26637.392578125,222.999969482422,-15.0399951934814,2.79273200035095
20180908,6,-30,-121,2000,26685.974609375,223.600006103516,-13.8422145843506,2.24123525619507
20180908,12,-30,-121,2000,26668.83984375,222.199996948242,-13.6400003433228,-1.98658204078674
20180908,18,-30,-121,2000,26685.4609375,222.199981689453,-18.0613899230957,-1.89989018440247
20180909,0,-30,-121,2000,26648.91015625,222.499969482422,-16.6999969482422,1.90009760856628
20180909,6,-30,-121,2000,26692.572265625,222.399978637695,-15.1109828948975,3.10009765625
20180909,12,-30,-121,2000,26673.740234375,221.399993896484,-15,-0.499902337789536
20180909,18,-30,-121,2000,26695.509765625,222.100006103516,-17.8999996185303,-1.10007929801941
20180910,0,-30,-121,2000,26665.255859375,222.499969482422,-17.3999996185303,1.39992070198059
20180910,6,-30,-121,2000,26705.46484375,222.29997253418,-14.2999849319458,2.90009760856628
20180910,12,-30,-121,2000,26681.3203125,220.099975585938,-12.9999971389771,-2.10775756835938
20180910,18,-30,-121,2000,26702.07421875,221.199996948242,-17.7999992370605,-3.49993276596069
20180911,0,-30,-121,2000,26660.990234375,221.499969482422,-15.2308835983276,0.460046380758286
20180911,6,-30,-121,2000,26678.498046875,221.5,-12.9399929046631,0.309941411018372
20180911,12,-30,-121,2000,26649.58203125,220.699981689453,-11.2799949645996,-2.37600088119507
20180911,18,-30,-121,2000,26661.591796875,221.399993896484,-12.9832935333252,-4.00400876998901
20180912,0,-30,-121,2000,26612.619140625,221.100006103516,-11.2800045013428,-1.73973631858826
20180912,6,-30,-121,2000,26632.677734375,221.399993896484,-9.57999992370605,0.0374560542404652
20180912,12,-30,-121,2000,26594.8671875,220.100006103516,-8.03999996185303,-1.7147216796875
20180912,18,-30,-121,2000,26605.5234375,220.79997253418,-11.9850292205811,-2.99187016487122
20180913,0,-30,-121,2000,26567.205078125,221,-9.89157104492188,0.900109887123108
20180913,6,-30,-121,2000,26597.77734375,221.29963684082,-9.49999713897705,1.91312253475189
20180913,12,-30,-121,2000,26589.171875,222,-8.60810565948486,-0.0332519523799419
20180913,18,-30,-121,2000,26611.943359375,222,-11.1000003814697,-0.659338355064392
20180914,12,-30,-121,2000,26611.380859375,220.699996948242,-10.7999954223633,-1.28856813907623
20180914,18,-30,-121,2000,26640.072265625,222.29997253418,-14.877779006958,0.210546880960464
20180915,0,-30,-121,2000,26609.806640625,222.399993896484,-12.8849973678589,2.60007333755493
20180915,6,-30,-121,2000,26650.4765625,221.800003051758,-12.0999965667725,3.20012807846069
20180915,12,-30,-121,2000,26639.392578125,221.5,-12.9961423873901,-1.08096313476563
20180915,18,-30,-121,2000,26652.96484375,221.099975585938,-16.6000022888184,-1.80014646053314
20180916,0,-30,-121,2000,26619.623046875,222.699981689453,-17.6380252838135,1.55963861942291
20180916,12,-30,-121,2000,26632.2421875,221.399993896484,-12.7399950027466,-0.702629387378693
20180916,18,-30,-121,2000,26650.109375,221.699981689453,-15.2434005737305,-2.52945303916931
20180917,0,-30,-121,2000,26607.96484375,221.399993896484,-14.0399971008301,2.18696045875549
20180917,6,-30,-121,2000,26636.1640625,221.600006103516,-10.7799997329712,0.5755615234375
20180917,12,-30,-121,2000,26624.0625,220.79931640625,-11.3499975204468,-2.63510489463806
20180917,18,-30,-121,2000,26628.1328125,221.300003051758,-13.7849998474121,-1.21177005767822
20180918,0,-30,-121,2000,26598.140625,221.300003051758,-9.77999305725098,0.573710918426514
20180918,6,-30,-121,2000,26626.818359375,221,-10.9413814544678,0.261386722326279
20180918,12,-30,-121,2000,26608.095703125,221.199981689453,-9.83999729156494,-0.404975593090057
20180918,18,-30,-121,2000,26637.732421875,221.899993896484,-10.4399948120117,-1.37621581554413
20180919,0,-30,-121,2000,26604.876953125,221.699981689453,-10.7399950027466,-0.597392559051514
20180919,6,-30,-121,2000,26626.8125,221.399978637695,-9.6399974822998,1.53112304210663
20180919,12,-30,-121,2000,26604.095703125,221.899993896484,-8.6399974822998,-1.90972173213959
20180919,18,-30,-121,2000,26625.943359375,221.79997253418,-10.1465940475464,-2.27381110191345
20180920,0,-30,-121,2000,26578.677734375,221.099975585938,-10.2400026321411,1.3789941072464
20180920,6,-30,-121,2000,26606.498046875,221.499969482422,-8.33999538421631,0.500764131546021
20180920,12,-30,-121,2000,26598.802734375,221.099975585938,-9.89999771118164,-0.153964847326279
20180920,18,-30,-121,2000,26606.546875,221.399993896484,-11.5441064834595,-1.58639895915985
20180921,0,-30,-121,2000,26561.009765625,221.600006103516,-11.9499931335449,2.20792961120605
20180921,6,-30,-121,2000,26612.810546875,222.5,-9.36003589630127,1.42756962776184
20180921,12,-30,-121,2000,26605.314453125,221.300003051758,-8.59526824951172,-0.199896246194839
20180921,18,-30,-121,2000,26620.9921875,221.836349487305,-11.3999996185303,-1.43983769416809
20180922,0,-30,-121,2000,26578.92578125,221.300003051758,-12.3000001907349,0.924731433391571
20180922,6,-30,-121,2000,26631.205078125,222.600006103516,-10.3313827514648,1.46672368049622
20180922,12,-30,-121,2000,26603.6953125,221.410034179688,-9.80000019073486,0.699987769126892
20180922,18,-30,-121,2000,26634.220703125,221.800003051758,-10.5,-0.0999572724103928
20180923,0,-30,-121,2000,26592.087890625,221.300003051758,-9.89999389648438,-0.472387701272964
20180923,6,-30,-121,2000,26622.6484375,221.399993896484,-10.4999980926514,0.745013415813446
20180923,12,-30,-121,2000,26608.345703125,221.600006103516,-7.00000286102295,0.800006091594696
20180923,18,-30,-121,2000,26629.390625,221.399978637695,-7.69999980926514,-3.28107905387878
20180924,0,-30,-121,2000,26570.900390625,220.800003051758,-8.29999732971191,-2.48106074333191
20180924,6,-30,-121,2000,26600.994140625,221.600006103516,-8.54887676239014,0.30755615234375
20180924,12,-30,-121,2000,26578.5703125,221.300003051758,-4,-1.01881098747253
20180924,18,-30,-121,2000,26583.455078125,220.199996948242,-7.10000324249268,-3.36614990234375
20180925,0,-30,-121,2000,26534.234375,221,-7.79999685287476,-1.59998166561127
20180925,6,-30,-121,2000,26571.3203125,221,-6.09997415542603,2.70003056526184
20180925,12,-30,-121,2000,26553.220703125,221,-2.84673452377319,-0.499914556741714
20180925,18,-30,-121,2000,26569.447265625,220.399978637695,-6.49998760223389,-2.12785148620605
20180926,0,-30,-121,2000,26529.5234375,221.100006103516,-7.1380443572998,0.796879887580872
20180926,6,-30,-121,2000,26572.6953125,221.79997253418,-6.23999977111816,2.82255864143372
20180926,12,-30,-121,2000,26565.669921875,221.300003051758,-3.58000254631042,0.307734370231628
20180926,18,-30,-121,2000,26589.134765625,221.699996948242,-6.33999252319336,-2.03879642486572
20180927,0,-30,-121,2000,26547.185546875,221.199996948242,-7.43792963027954,0.901696801185608
20180927,6,-30,-121,2000,26592.634765625,221.691619873047,-6.4799952507019,3.53719472885132
20180927,12,-30,-121,2000,26585.515625,221.5,-4.02999496459961,-0.862863779067993
20180927,18,-30,-121,2000,26597.27734375,220.800003051758,-9.18000030517578,-2.05222654342651
20180928,0,-30,-121,2000,26564.392578125,221.399993896484,-10.8412179946899,2.78007078170776
20180928,6,-30,-121,2000,26607.69921875,221.699981689453,-8.07999801635742,4.28133535385132
20180928,12,-30,-121,2000,26592.509765625,221.399993896484,-7.33777570724487,-1.47802007198334
20180928,18,-30,-121,2000,26616.60546875,220.899993896484,-12.4786062240601,-1.69123530387878
20180929,0,-30,-121,2000,26578.1484375,220.600006103516,-11.1462526321411,2.53728032112122
20180929,6,-30,-121,2000,26617.943359375,220.599975585938,-10.4799976348877,1.96460199356079
20180929,12,-30,-121,2000,26605.83984375,220.300003051758,-10.6800003051758,-1.76164066791534
20180929,18,-30,-121,2000,26619.3671875,220.599975585938,-13.7799997329712,-1.57420408725739
20180930,0,-30,-121,2000,26584.14453125,220.100006103516,-12.0863227844238,-0.0341601558029652
20180930,6,-30,-121,2000,26599.533203125,220.29997253418,-14.1375093460083,1.06510746479034
20180930,12,-30,-121,2000,26590.162109375,220.5,-10.4399995803833,-0.458159178495407
20180930,18,-30,-121,2000,26596.240234375,220.199981689453,-14.289999961853,-3.04964852333069
20181001,0,-30,-121,2000,26568.474609375,220.899993896484,-13.1800003051758,0.969946265220642
20181001,6,-30,-121,2000,26590.16015625,220.699996948242,-10.3900003433228,1.02602541446686
20181001,12,-30,-121,2000,26566.431640625,220.600006103516,-9.08999729156494,-1.88715815544128
20181001,18,-30,-121,2000,26567.83984375,220.800003051758,-10.8899974822998,-4.33441162109375
20181002,0,-30,-121,2000,26535.03515625,220.399993896484,-9.68999767303467,-2.95169925689697
20181002,6,-30,-121,2000,26546.41796875,220.399993896484,-9.13998985290527,-1.57778322696686
20181002,12,-30,-121,2000,26524.193359375,220.899978637695,-6.6399974822998,-2.49259757995605
20181002,18,-30,-121,2000,26527.61328125,220.211624145508,-9.47999477386475,-5.12683343887329
20181003,0,-30,-121,2000,26478.669921875,220.100006103516,-7.73999738693237,-0.805605471134186
20181003,6,-30,-121,2000,26508.79296875,220.736038208008,-6.93999767303467,-0.139345705509186
20181003,12,-30,-121,2000,26495.375,220.199996948242,-4.09999990463257,-0.114704586565495
20181003,18,-30,-121,2000,26510.818359375,219.923049926758,-7.30000019073486,-2.07004404067993
20181004,0,-30,-121,2000,26469.251953125,220.300003051758,-6.6399974822998,2.61743640899658
20181004,6,-30,-121,2000,26495.453125,220.897247314453,-6.27998304367065,1.46815669536591
20181004,12,-30,-121,2000,26497.689453125,220.399993896484,-4.84525394439697,2.78066158294678
20181004,18,-30,-121,2000,26521.412109375,220.199996948242,-6.4799976348877,1.84959721565247
20181005,0,-30,-121,2000,26488.939453125,220.184814453125,-5.85000228881836,2.22968983650208
20181005,6,-30,-121,2000,26528.734375,220.79997253418,-7.57999038696289,3.91422605514526
20181005,12,-30,-121,2000,26513.4375,219.899993896484,-5.23999261856079,4.72231435775757
20181005,18,-30,-121,2000,26549.08203125,220.300003051758,-6.03000020980835,2.09026622772217
20181006,0,-30,-121,2000,26518.7890625,219.899978637695,-6.98248291015625,1.51304447650909
20181006,6,-30,-121,2000,26554.34765625,220.188919067383,-9.08028602600098,4.42692375183105
20181006,12,-30,-121,2000,26535.818359375,220.213531494141,-5.27999258041382,2.85946774482727
20181006,18,-30,-121,2000,26561.40234375,220.800003051758,-7.57999992370605,-0.398066401481628
20181007,0,-30,-121,2000,26519.552734375,220,-7.51999998092651,-0.511142551898956
20181007,6,-30,-121,2000,26546.431640625,220.5,-8.78999519348145,1.04004883766174
20181007,12,-30,-121,2000,26531.46484375,220.800003051758,-5.7799973487854,-0.895747065544128
20181007,18,-30,-121,2000,26541.953125,221,-8.02000045776367,-2.84677243232727
20181008,0,-30,-121,2000,26496.775390625,220.899993896484,-7.01999521255493,-1.55760741233826
20181008,6,-30,-121,2000,26523.3203125,220.699996948242,-6.68000221252441,-1.12575685977936
20181008,12,-30,-121,2000,26501.283203125,221.600006103516,-4.2799973487854,-3.67727041244507
20181008,18,-30,-121,2000,26518.546875,221.446685791016,-6.09000015258789,-3.63437008857727
20181009,0,-30,-121,2000,26468.455078125,221.204559326172,-4.0824875831604,-2.45979976654053
20181009,6,-30,-121,2000,26488.17578125,221,-3.53999996185303,-2.09283685684204
20181009,12,-30,-121,2000,26461.564453125,221.199996948242,-3.03999996185303,-3.32718753814697
20181009,18,-30,-121,2000,26479.58203125,220.800003051758,-4.6399974822998,-2.54099130630493
20181010,0,-30,-121,2000,26436.9140625,220.499969482422,-2.83999752998352,-0.0315527357161045
20181010,6,-30,-121,2000,26465.658203125,220.999969482422,-1.89999759197235,-0.0568750016391277
20181010,12,-30,-121,2000,26446.564453125,220.300003051758,-1.83999752998352,-1.64740717411041
20181010,18,-30,-121,2000,26460.6171875,220.899993896484,-3.33999991416931,-0.118544921278954
20181011,0,-30,-121,2000,26437.1171875,220.800003051758,0.160009771585464,1.71205317974091
20181011,6,-30,-121,2000,26458.876953125,220.199996948242,0.660000026226044,1.72557127475739
20181011,12,-30,-121,2000,26443.056640625,220.100006103516,2.35999751091003,-0.0282250978052616
20181011,18,-30,-121,2000,26458.58203125,220.499969482422,-1.37999999523163,-0.0296777337789536
20181012,0,-30,-121,2000,26435.025390625,220.199981689453,2.0600049495697,5.50545883178711
20181012,6,-30,-121,2000,26460.732421875,219.999969482422,4.72000503540039,3.26522469520569
20181012,12,-30,-121,2000,26448.189453125,220.100006103516,3.42750978469849,-1.50258791446686
20181012,18,-30,-121,2000,26462.955078125,220.399993896484,0.220004886388779,1.70957517623901
20181013,0,-30,-121,2000,26419.677734375,220.099975585938,4.62000465393066,3.94622564315796
20181013,6,-30,-121,2000,26445.650390625,220.79997253418,4.5199146270752,2.18106937408447
20181013,12,-30,-121,2000,26415.759765625,219.800003051758,4.67760276794434,0.148520514369011
20181013,18,-30,-121,2000,26419.982421875,220.600006103516,2.88000011444092,1.66279292106628
20181014,0,-30,-121,2000,26386.267578125,220.999969482422,4.71999740600586,4.38387203216553
20181014,6,-30,-121,2000,26414.318359375,221.199981689453,5.32675790786743,4.94001483917236
20181014,12,-30,-121,2000,26393.455078125,220.199996948242,7.82000255584717,2.12522459030151
20181014,18,-30,-121,2000,26406.806640625,220.600006103516,2.77999758720398,2.3440625667572
20181015,0,-30,-121,2000,26378.220703125,221.699996948242,4.12000465393066,8.03998279571533
20181015,6,-30,-121,2000,26415.845703125,221.292526245117,7.26664304733276,5.97409200668335
20181015,12,-30,-121,2000,26390.115234375,220.999969482422,6.55999994277954,4.63401126861572
20181015,18,-30,-121,2000,26419.931640625,221.300003051758,4.5200023651123,3.70748043060303
20181016,0,-30,-121,2000,26377.55078125,222.199996948242,4.42000007629395,6.04132795333862
20181016,6,-30,-121,2000,26422.259765625,221.699996948242,4.92000722885132,7.4489598274231
20181016,12,-30,-121,2000,26408.22265625,220.199996948242,7.6100001335144,5.51386451721191
20181016,18,-30,-121,2000,26428.67578125,221.5,2.91999506950378,3.40334963798523
20181017,0,-30,-121,2000,26392.115234375,221.699981689453,4.11999988555908,6.91332530975342
20181017,6,-30,-121,2000,26442.998046875,221.599975585938,4.61999988555908,6.16241455078125
20181017,12,-30,-121,2000,26419.427734375,220.800003051758,6.56000471115112,3.59132075309753
20181017,18,-30,-121,2000,26433.3828125,221.300003051758,1.68001461029053,2.50427007675171
20181018,0,-30,-121,2000,26409.72265625,220.300003051758,3.98000001907349,6.56791019439697
20181018,6,-30,-121,2000,26433.630859375,221,3.58000493049622,5.99405765533447
20181018,12,-30,-121,2000,26414.796875,221,4.72000503540039,1.38197267055511
20181018,18,-30,-121,2000,26445.642578125,220.100006103516,-0.519999980926514,3.16109871864319
20181019,0,-30,-121,2000,26405.6171875,220.300003051758,2.8199999332428,6.0527195930481
20181019,6,-30,-121,2000,26449.63671875,221.499969482422,1.67999994754791,3.79356932640076
20181019,18,-30,-121,2000,26474.02734375,220.499969482422,1.08000004291534,3.20234370231628
20181020,0,-30,-121,2000,26432.77734375,220.199981689453,0.680744647979736,3.74200677871704
20181020,6,-30,-121,2000,26467.8671875,220.872650146484,-2.71999263763428,5.14006853103638
20181020,12,-30,-121,2000,26463.294921875,219.999969482422,1.31473386287689,5.54619121551514
20181020,18,-30,-121,2000,26488.875,220.29997253418,-1.31999754905701,2.67221188545227
20181021,0,-30,-121,2000,26452.609375,220.300003051758,-2.27998280525208,4.684814453125
20181021,6,-30,-121,2000,26497.484375,220.5,-2.01999998092651,5.49154806137085
20181021,12,-30,-121,2000,26476.908203125,220.599975585938,-1.21999752521515,3.39310050010681
20181021,18,-30,-121,2000,26509.671875,220.800003051758,-1.6199951171875,3.17886972427368
20181022,0,-30,-121,2000,26474.302734375,219.699996948242,-0.0799902379512787,-0.0279150381684303
20181022,6,-30,-121,2000,26504.140625,220.5,-2.17443370819092,2.48532462120056
20181022,12,-30,-121,2000,26471.525390625,220.399993896484,0.920002460479736,1.10960698127747
20181022,18,-30,-121,2000,26486.05078125,220.499969482422,1.48000490665436,-1.62074458599091
20181023,0,-30,-121,2000,26439.05078125,220.199951171875,2.01999998092651,-2.3102490901947
20181023,6,-30,-121,2000,26455.51953125,219.699996948242,1.7180517911911,0.800048828125
20181023,12,-30,-121,2000,26422.7421875,220.399978637695,4.97165298461914,-1.73083257675171
20181023,18,-30,-121,2000,26431.47265625,220.399993896484,3.52165031433105,-1.99995112419128
20181024,0,-30,-121,2000,26375.455078125,219,5.12000226974487,-1.676513671875
20181024,6,-30,-121,2000,26397.283203125,220.399978637695,5.38000726699829,1.61026120185852
20181024,12,-30,-121,2000,26391.775390625,220.5,9.71999740600586,0.625148952007294
20181024,18,-30,-121,2000,26402.9296875,219.800003051758,7.22000503540039,-1.41786134243011
20181025,0,-30,-121,2000,26364.435546875,219.800003051758,7.0152735710144,1.07397699356079
20181025,6,-30,-121,2000,26403.634765625,219.899993896484,7.12000465393066,1.92337644100189
20181025,12,-30,-121,2000,26393.384765625,220.199981689453,10.2752685546875,0.381840825080872
20181025,18,-30,-121,2000,26414.98828125,219.800003051758,7.17473125457764,-1.31599116325378
20181026,0,-30,-121,2000,26381.599609375,219.199996948242,7.68000507354736,0.985981464385986
20181026,6,-30,-121,2000,26419.912109375,219.599975585938,7.38000011444092,0.813417971134186
20181026,12,-30,-121,2000,26407.619140625,219.999969482422,8.17999744415283,0.095947265625
20181026,18,-30,-121,2000,26430.359375,219.800003051758,6.68000745773315,-1.00351560115814
20181027,0,-30,-121,2000,26396.98046875,219.600006103516,8.27083015441895,-0.0286181643605232
20181027,6,-30,-121,2000,26426.75,219.699981689453,7.04000473022461,0.119619138538837
20181027,12,-30,-121,2000,26410.373046875,220,9.82999515533447,-0.779594719409943
20181027,18,-30,-121,2000,26428.6171875,219.699996948242,8.57999801635742,-2.46788334846497
20181028,0,-30,-121,2000,26391.431640625,219.600006103516,7.92000246047974,-0.646513700485229
20181028,6,-30,-121,2000,26424.068359375,220.100006103516,6.86000728607178,-0.532614767551422
20181028,12,-30,-121,2000,26410.384765625,220.300003051758,10.1199979782104,-2.97589111328125
20181028,18,-30,-121,2000,26433.302734375,220.999969482422,6.98000240325928,-3.95848393440247
20181029,0,-30,-121,2000,26391.3984375,220.099975585938,7.11000728607178,-1.85720217227936
20181029,6,-30,-121,2000,26406.5703125,220.100006103516,7.01001453399658,-1.54869878292084
20181029,12,-30,-121,2000,26383.8671875,221.800003051758,7.57059812545776,-2.77595710754395
20181029,18,-30,-121,2000,26417.427734375,220.899993896484,6.01999998092651,-2.6130199432373
20181030,0,-30,-121,2000,26387.669921875,220.5,8.03489017486572,0.983327627182007
20181030,6,-30,-121,2000,26404.86328125,220.800003051758,8.78316974639893,-0.865329563617706
20181030,12,-30,-121,2000,26390.462890625,221.300003051758,8.17379856109619,-3.17198252677917
20181030,18,-30,-121,2000,26400.220703125,220.5,6.07050275802612,-1.23556637763977
20181031,0,-30,-121,2000,26363.046875,221.899978637695,8.92934322357178,1.269775390625
20181031,6,-30,-121,2000,26395.1171875,220.699996948242,9.32466793060303,1.95513427257538
20181031,12,-30,-121,2000,26374.83984375,221.599975585938,11.1595506668091,-1.12557125091553
20181031,18,-30,-121,2000,26396.380859375,220.399978637695,7.36999988555908,-0.0131396483629942
20181101,0,-30,-121,2000,26352.97265625,221.100006103516,10.4800024032593,2.84083008766174
20181101,6,-30,-121,2000,26399.2265625,221.599975585938,10.3000030517578,3.24738764762878
20181101,12,-30,-121,2000,26370.5703125,220.600006103516,11.2000026702881,0.600061058998108
20181101,18,-30,-121,2000,26390.55078125,220.800003051758,9.29999828338623,0.400061041116714
20181102,0,-30,-121,2000,26354.54296875,221.099975585938,10.1999969482422,0.890057384967804
20181102,6,-30,-121,2000,26389.02734375,220.699981689453,9.80000114440918,2.60007929801941
20181102,12,-30,-121,2000,26366.97265625,221.800003051758,10.3488788604736,0.900097668170929
20181102,18,-30,-121,2000,26387.552734375,221.5,10.1800050735474,0.0400537103414536
20181103,0,-30,-121,2000,26353.58203125,221.100006103516,10.4765405654907,0.709785163402557
20181103,6,-30,-121,2000,26382.8125,221.099975585938,10.6616821289063,2.66557121276855
20181103,12,-30,-121,2000,26344.375,221.5,11.3233499526978,1.56588864326477
20181103,18,-30,-121,2000,26369.73828125,221.699996948242,11.7266597747803,0.342373043298721
20181104,0,-30,-121,2000,26321.626953125,221,13.9109992980957,0.638037085533142
20181104,6,-30,-121,2000,26348.953125,220.899993896484,12.4800024032593,2.41758799552917
20181104,12,-30,-121,2000,26323.591796875,221.100006103516,15.4747362136841,1.69513666629791
20181104,18,-30,-121,2000,26331.572265625,220.399993896484,16.8000011444092,-0.0999328643083572
20181105,0,-30,-121,2000,26270.4921875,220.199996948242,17.0947799682617,0.300048828125
20181105,6,-30,-121,2000,26297.892578125,221.300003051758,16.5874977111816,2.50001215934753
20181105,12,-30,-121,2000,26266.732421875,220.899993896484,19.2884330749512,3.80002450942993
20181105,18,-30,-121,2000,26280.982421875,220.899993896484,20.0068874359131,0.600048840045929
20181106,0,-30,-121,2000,26243.556640625,221.199996948242,19.5729579925537,1.17087399959564
20181106,6,-30,-121,2000,26278.01171875,220.699996948242,19.0922603607178,5.10006093978882
20181106,12,-30,-121,2000,26253.16015625,219.800003051758,21.7558708190918,3.90005493164063
20181106,18,-30,-121,2000,26275.046875,219.560592651367,19.4487037658691,3.00005483627319
20181107,0,-30,-121,2000,26242.705078125,219.399978637695,22.1817874908447,4.62199401855469
20181107,6,-30,-121,2000,26282.349609375,219,20.7882804870605,3.50005793571472
20181107,12,-30,-121,2000,26255.1953125,218.899993896484,20.1192169189453,5.00003051757813
20181107,18,-30,-121,2000,26287.794921875,219.699981689453,20.7522220611572,4.40001821517944
20181108,0,-30,-121,2000,26256.63671875,219.300003051758,23.2490177154541,3.10004568099976
20181108,6,-30,-121,2000,26292.193359375,219.300003051758,19.5650215148926,0.500030517578125
20181108,12,-30,-121,2000,26266.142578125,219.399993896484,18.1421165466309,3.00002431869507
20181108,18,-30,-121,2000,26287.126953125,219.699996948242,19.1698398590088,1.50001835823059
20181109,0,-30,-121,2000,26246.953125,219.099975585938,19.1493129730225,-0.0999877899885178
20181109,6,-30,-121,2000,26282.7265625,220.5,15.5843381881714,1.50001215934753
20181109,12,-30,-121,2000,26267.693359375,220.899993896484,18.4105072021484,4.10001850128174
20181109,18,-30,-121,2000,26292.724609375,221.199996948242,18.5254516601563,-0.20001220703125
20181110,0,-30,-121,2000,26265.09765625,221.199996948242,16.7238159179688,-0.753228783607483
20181110,6,-30,-121,2000,26301.1953125,221,14.186731338501,2.60002446174622
20181110,12,-30,-121,2000,26284.123046875,221.892532348633,18.4027309417725,1.30002439022064
20181110,18,-30,-121,2000,26310.435546875,222.300003051758,15.0545501708984,-1.98273313045502
20181111,0,-30,-121,2000,26276.46484375,221.199996948242,14.8100099563599,-0.399938970804214
20181111,6,-30,-121,2000,26303.53515625,221.899993896484,12.7999906539917,1.30003666877747
20181111,12,-30,-121,2000,26295.974609375,221.899978637695,16.1000022888184,2.20009160041809
20181111,18,-30,-121,2000,26311.1484375,221.79997253418,14.1300020217896,-2.80009150505066
20181112,0,-30,-121,2000,26281.224609375,221.899993896484,12.6194181442261,1.20001220703125
20181112,6,-30,-121,2000,26308.294921875,221.5,13.2620878219604,2.59763789176941
20181112,12,-30,-121,2000,26293.107421875,221.931686401367,16.6299991607666,0.878864765167236
20181112,18,-30,-121,2000,26303.369140625,221.600006103516,13.3558320999146,-1.70681881904602
20181113,0,-30,-121,2000,26258.109375,220.399978637695,13.5085496902466,-0.994895040988922
20181113,6,-30,-121,2000,26288.35546875,221.600006103516,12.0343170166016,1.59999692440033
20181113,12,-30,-121,2000,26261.08984375,221.499969482422,15.8433742523193,2.1300048828125
20181113,18,-30,-121,2000,26278.34765625,221.199996948242,14.7430295944214,-1.19000005722046
20181114,0,-30,-121,2000,26254.4140625,220.999969482422,14.3963432312012,-0.879326164722443
20181114,6,-30,-121,2000,26278.39453125,220.899993896484,12.0577926635742,2.37467765808105
20181114,12,-30,-121,2000,26272.5,221.099975585938,16.3585395812988,3.26157236099243
20181114,18,-30,-121,2000,26297.390625,221.199996948242,15.7002296447754,-0.740014672279358
20181115,0,-30,-121,2000,26282.970703125,220.699981689453,14.2789964675903,-0.661003410816193
20181115,6,-30,-121,2000,26316.76171875,220.79997253418,12.5916042327881,2.9500195980072
20181115,12,-30,-121,2000,26314.552734375,221.699996948242,16.0497856140137,0.239999994635582
20181115,18,-30,-121,2000,26342.44921875,221.300003051758,14.5201511383057,-3.18000984191895
20181116,0,-30,-121,2000,26306.591796875,221.300003051758,12.6992588043213,-4.10005187988281
20181116,6,-30,-121,2000,26329.337890625,220.599945068359,9.7991943359375,-2.60569834709167
20181116,12,-30,-121,2000,26311.6015625,221.100006103516,12.7868118286133,-2.63000011444092
20181116,18,-30,-121,2000,26328.7265625,220.79997253418,12.4281005859375,-6.63076639175415
20181117,0,-30,-121,2000,26282.525390625,220.599975585938,10.3686084747314,-8.48999977111816
20181117,6,-30,-121,2000,26292.154296875,221,9.08605003356934,-5.80143070220947
20181117,12,-30,-121,2000,26247.962890625,220.300003051758,12.7750730514526,-5.26570320129395
20181117,18,-30,-121,2000,26255.865234375,220.199981689453,10.9399929046631,-8.1078634262085
20181118,0,-30,-121,2000,26216.677734375,219.406982421875,11.430703163147,-7.2800145149231
20181118,6,-30,-121,2000,26219.392578125,219.199996948242,9.7835111618042,-4.8523998260498
20181118,12,-30,-121,2000,26186.724609375,219.070404052734,12.7899751663208,-2.57672357559204
20181118,18,-30,-121,2000,26198,219.5,11.8505544662476,-5.87582015991211
20181119,0,-30,-121,2000,26163.9765625,218.100006103516,12.6023387908936,-3.45785164833069
20181119,6,-30,-121,2000,26187.3046875,219.100006103516,13.3329296112061,-1.42563962936401
20181119,12,-30,-121,2000,26162.626953125,218.699996948242,16.3054122924805,-2.06944346427917
20181119,18,-30,-121,2000,26168.7421875,218.800003051758,15.4143161773682,-4.14998292922974
20181120,0,-30,-121,2000,26125.150390625,218.800003051758,16.1947212219238,-2.96949219703674
20181120,6,-30,-121,2000,26152.169921875,218.300003051758,16.5281524658203,1.14042723178864
20181120,12,-30,-121,2000,26118.716796875,218.699996948242,20.4130954742432,-0.981989741325378
20181120,18,-30,-121,2000,26150.4375,219.199996948242,18.3699836730957,-0.903564453125
20181121,0,-30,-121,2000,26092.373046875,218.399993896484,20.1161785125732,3.56217050552368
20181121,6,-30,-121,2000,26139.30078125,218.814697265625,21.9965229034424,3.71861338615417
20181121,12,-30,-121,2000,26113.232421875,218.699981689453,24.3050022125244,2.90802240371704
20181121,18,-30,-121,2000,26153.33203125,219.800003051758,21.5277900695801,1.56261229515076
20181122,0,-30,-121,2000,26116.8359375,218.800003051758,22.9526042938232,2.78253412246704
20181122,6,-30,-121,2000,26154.275390625,219.599975585938,20.6923599243164,4.67122554779053
20181122,12,-30,-121,2000,26136.615234375,219.800003051758,22.1887817382813,5.88143062591553
20181122,18,-30,-121,2000,26184.314453125,219.999969482422,21.8835067749023,4.12663316726685
20181123,0,-30,-121,2000,26168.01953125,219.699996948242,23.2859935760498,3.24800777435303
20181123,6,-30,-121,2000,26215.775390625,220.599975585938,17.6339874267578,4.3402247428894
20181123,12,-30,-121,2000,26208.8828125,220.300003051758,18.076000213623,8.00934600830078
20181123,18,-30,-121,2000,26251.265625,220.399993896484,19.919994354248,5.44135236740112
20181124,0,-30,-121,2000,26234.73046875,219.600006103516,21.2660140991211,2.4994580745697
20181124,6,-30,-121,2000,26280.91796875,219.629150390625,15.9065799713135,2.01029777526855
20181124,12,-30,-121,2000,26257.41015625,220.429153442383,16.8966388702393,3.92070317268372
20181124,18,-30,-121,2000,26296.95703125,220.399993896484,17.2322578430176,0.310004889965057
20181125,0,-30,-121,2000,26247.431640625,218.600006103516,19.3987255096436,-0.284819334745407
20181125,6,-30,-121,2000,26271.908203125,220,14.4274463653564,-3.44778800010681
20181125,12,-30,-121,2000,26247.08203125,219.199996948242,14.0512771606445,-1.18998539447784
20181125,18,-30,-121,2000,26270.654296875,218.699981689453,14.7060737609863,-3.03617429733276
20181126,0,-30,-121,2000,26243.1484375,216.699981689453,14.5522146224976,-6.02667236328125
20181126,6,-30,-121,2000,26258.2421875,217.599975585938,6.19688701629639,-8.11998081207275
20181126,12,-30,-121,2000,26230.9765625,217.300003051758,4.53381586074829,-6.18000984191895
20181126,18,-30,-121,2000,26255.177734375,217.699981689453,0.11920166015625,-6.60419416427612
20181127,0,-30,-121,2000,26238.720703125,217.600006103516,-1.96625733375549,-7.49092292785645
20181127,6,-30,-121,2000,26271.857421875,217.5,-6.25998306274414,-5.00871562957764
20181127,12,-30,-121,2000,26250.181640625,217.499969482422,-5.46143293380737,-2.99100089073181
20181127,18,-30,-121,2000,26283.275390625,218.699996948242,-5.72713136672974,-4.50897932052612
20181128,0,-30,-121,2000,26258.341796875,218.600006103516,-7.1892991065979,-3.50765132904053
20181128,6,-30,-121,2000,26291.7265625,218.600006103516,-7.33948040008545,0.100006103515625
20181128,12,-30,-121,2000,26259.482421875,218.499969482422,-3.85840153694153,-0.899996936321259
20181128,18,-30,-121,2000,26285.900390625,219.100006103516,-6.44101572036743,-2.02914428710938
20181129,0,-30,-121,2000,26264.404296875,218.600006103516,-5.26563119888306,0.599993884563446
20181129,6,-30,-121,2000,26276.51953125,218.300003051758,-4.95343017578125,1.79999995231628
20181129,12,-30,-121,2000,26260.4296875,217.899993896484,-2.02001953125,0.200006097555161
20181129,18,-30,-121,2000,26270,218.599975585938,-4.60126352310181,-0.70001220703125
20181130,0,-30,-121,2000,26251.953125,218.699996948242,-1.77207028865814,1.19999384880066
20181130,6,-30,-121,2000,26270.626953125,217.5,-1.70120239257813,-1.22070314318989e-05
20181130,12,-30,-121,2000,26234.095703125,218.199996948242,-0.935321033000946,0.79998779296875
20181130,18,-30,-121,2000,26261.38671875,218.79997253418,-0.396640002727509,-0.878088355064392
20181201,0,-30,-121,2000,26224.4921875,217.399993896484,1.90223383903503,-1.90001225471497
20181201,6,-30,-121,2000,26239.83203125,217.5,-1.48117673397064,-2.30000615119934
20181201,12,-30,-121,2000,26213.642578125,218,1.47117304801941,1.29999995231628
20181201,18,-30,-121,2000,26231.41015625,217.800003051758,2.49400019645691,-2.10000610351563
20181202,0,-30,-121,2000,26182.197265625,216.800003051758,2.01088857650757,-3.17085266113281
20181202,6,-30,-121,2000,26201.91015625,217.300003051758,-0.0761230438947678,0.287812501192093
20181202,12,-30,-121,2000,26169.564453125,216.211669921875,3.54330801963806,1.34245610237122
20181202,18,-30,-121,2000,26197.107421875,216.800003051758,3.34309077262878,-2.38999032974243
20181203,0,-30,-121,2000,26162.302734375,215.699996948242,2.7056713104248,-1.32000970840454
20181203,6,-30,-121,2000,26190.591796875,216.199996948242,1.78247308731079,0.560004889965057
20181203,12,-30,-121,2000,26166.65234375,216,5.43445777893066,-0.816889643669128
20181203,18,-30,-121,2000,26206.9453125,215.399993896484,2.40012693405151,-4.2539210319519
20181204,0,-30,-121,2000,26173.921875,215.199996948242,2.14858388900757,-3.84167003631592
20181204,6,-30,-121,2000,26230.125,215.899993896484,0.0721582025289536,-1.36634767055511
20181204,12,-30,-121,2000,26208.1953125,215.399993896484,2.85560059547424,-2.64404058456421
20181204,18,-30,-121,2000,26234.955078125,215.899993896484,-0.330515146255493,-5.15165996551514
20181205,0,-30,-121,2000,26200.216796875,216.199996948242,-2.25147223472595,-3.75650382041931
20181205,6,-30,-121,2000,26238.01953125,216.899993896484,-4.20562124252319,-3.25060415267944
20181205,12,-30,-121,2000,26202.794921875,216.899978637695,-3.57572793960571,-3.89996337890625
20181205,18,-30,-121,2000,26220.89453125,216.800003051758,-5.33040475845337,-3.09996938705444
20181206,0,-30,-121,2000,26195.9140625,218,-3.46045231819153,-2.59996938705444
20181206,6,-30,-121,2000,26228.640625,217.699996948242,-4.45356893539429,-0.489953607320786
20181206,12,-30,-121,2000,26188.4453125,217.504425048828,-0.492326349020004,-0.243566900491714
20181206,18,-30,-121,2000,26209.0390625,218.195556640625,-1.86437380313873,-0.699975609779358
20181207,0,-30,-121,2000,26183.92578125,218.79997253418,0.235189825296402,0.800018310546875
20181207,6,-30,-121,2000,26203.435546875,218,-0.400799572467804,4.05805683135986
20181207,12,-30,-121,2000,26162.1328125,218.199996948242,2.67453908920288,3.60000610351563
20181207,18,-30,-121,2000,26187.365234375,219.5,3.04480886459351,2.54360961914063
20181208,0,-30,-121,2000,26154.52734375,218.699981689453,5.47404193878174,3.80001211166382
20181208,6,-30,-121,2000,26188.732421875,218.800003051758,6.68821096420288,6.50001811981201
20181208,12,-30,-121,2000,26152.337890625,218.399993896484,9.95068359375,2.85640263557434
20181208,18,-30,-121,2000,26193.634765625,219.399993896484,7.15404224395752,2.5
20181209,0,-30,-121,2000,26160.3046875,218.699996948242,9.33734130859375,4.30001211166382
20181209,6,-30,-121,2000,26196.5,219.5,9.95980358123779,4.20000600814819
20181209,12,-30,-121,2000,26171.1328125,219.100006103516,12.1682758331299,2.39999389648438
20181209,18,-30,-121,2000,26198.357421875,220.100006103516,9.35522270202637,0.500012218952179
20181210,0,-30,-121,2000,26166.09765625,219.800003051758,10.6860828399658,0.200109869241714
20181210,6,-30,-121,2000,26198.73046875,219.699981689453,9.84516906738281,2.69999384880066
20181210,12,-30,-121,2000,26180.814453125,218.800003051758,12.5255432128906,1.70000004768372
20181210,18,-30,-121,2000,26198.837890625,219.5,10.4315280914307,-1.30000615119934
20181211,0,-30,-121,2000,26172.685546875,218.79997253418,10.4183855056763,0.399987787008286
20181211,6,-30,-121,2000,26198.439453125,218.999969482422,9.22459983825684,1.19999384880066
20181211,12,-30,-121,2000,26178.11328125,218.300003051758,12.3924312591553,0.499993890523911
20181211,18,-30,-121,2000,26198.634765625,218.399978637695,8.95375061035156,-1.79999995231628
20181212,0,-30,-121,2000,26165.85546875,217.600006103516,9.86697673797607,-0.100006103515625
20181212,6,-30,-121,2000,26202.16796875,217.999969482422,7.80000305175781,2.29999089241028
20181212,12,-30,-121,2000,26179.517578125,217.199996948242,12.0535411834717,2.00001215934753
20181212,18,-30,-121,2000,26211.185546875,217.599975585938,9.28850078582764,-0.900006115436554
20181213,0,-30,-121,2000,26189.61328125,216.5,9.39379119873047,0.900006115436554
20181213,6,-30,-121,2000,26206.73828125,215.899993896484,8.98103618621826,2.20000600814819
20181213,12,-30,-121,2000,26197.14453125,216.600006103516,10.0902156829834,1.39999997615814
20181213,18,-30,-121,2000,26226.84765625,216.699981689453,9.06390953063965,-0.5986328125
20181214,0,-30,-121,2000,26202.564453125,216,9.00468444824219,1.10000610351563
20181214,6,-30,-121,2000,26217.52734375,216.5,7.90390300750732,1.64917600154877
20181214,12,-30,-121,2000,26219.359375,217.699996948242,9.79985332489014,3.39998769760132
20181214,18,-30,-121,2000,26249.9375,217.300003051758,10.9688930511475,1.30001223087311
20181215,0,-30,-121,2000,26219.90234375,216.600006103516,11.9970798492432,0
20181215,6,-30,-121,2000,26244.107421875,216.399993896484,8.51263999938965,1.89999389648438
20181215,12,-30,-121,2000,26231.57421875,216.899978637695,12.2455539703369,2.30856323242188
20181215,18,-30,-121,2000,26260.6484375,216.800003051758,12.1588649749756,-1.30001223087311
20181216,0,-30,-121,2000,26233.890625,216,11.3958463668823,-2.70001220703125
20181216,6,-30,-121,2000,26245.369140625,216.199996948242,9.36879920959473,0.403283685445786
20181216,12,-30,-121,2000,26236.318359375,215.699996948242,13.2413539886475,-0.300009161233902
20181216,18,-30,-121,2000,26247.609375,216.199996948242,12.8124876022339,-4.40000629425049
20181217,0,-30,-121,2000,26216.84765625,214.702789306641,11.4093627929688,-4
20181217,6,-30,-121,2000,26230.091796875,214.800003051758,11.4483156204224,-0.899999976158142
20181217,12,-30,-121,2000,26198.890625,214.600006103516,15.378191947937,-2.91611337661743
20181217,18,-30,-121,2000,26218.01171875,215,14.645489692688,-5.80003643035889
20181218,0,-30,-121,2000,26190.099609375,214.800003051758,15.7731199264526,-6.00004863739014
20181218,6,-30,-121,2000,26205.60546875,214.5,13.7912044525146,-6.20001220703125
20181218,12,-30,-121,2000,26176.73828125,214.899993896484,14.0958003997803,-7.60001850128174
