20180720,0,-66,133,15000,13783.7265625,228.514312744141,10.1511135101318,10.2331638336182
20180720,6,-66,133,15000,13744.888671875,229.199996948242,9.04833507537842,8.34500026702881
20180720,12,-66,133,15000,13732.14453125,229.597213745117,7.94194841384888,6.56829595565796
20180720,18,-66,133,15000,13728.1748046875,229.589996337891,8.40889167785645,5.25578355789185
20180721,0,-66,133,15000,13720.955078125,230,6.80000019073486,2.52154779434204
20180721,6,-66,133,15000,13695.701171875,230.017242431641,6.102783203125,1.40260744094849
20180721,12,-66,133,15000,13684.80078125,230.199996948242,5.90999507904053,0.448918461799622
20180721,18,-66,133,15000,13682.6162109375,229.962493896484,7.12444829940796,-1.20246088504791
20180722,0,-66,133,15000,13684.8173828125,229.699996948242,5.9127345085144,-4.26816892623901
20180722,6,-66,133,15000,13669.4677734375,229.199996948242,6.05805683135986,-4.85939931869507
20180722,12,-66,133,15000,13667.802734375,228.624465942383,6.31122064590454,-4.90487813949585
20180722,18,-66,133,15000,13671.5888671875,227.985321044922,7.1031346321106,-4.15938472747803
20180723,0,-66,133,15000,13668.7822265625,227.731689453125,8.75938701629639,-4.86857891082764
20180723,6,-66,133,15000,13640.3408203125,227.499969482422,8.508056640625,-4.77231216430664
20180723,12,-66,133,15000,13624.138671875,228,9.81064414978027,-3.29233145713806
20180723,18,-66,133,15000,13612.9521484375,228.5,9.81557655334473,-3.17355465888977
20180724,0,-66,133,15000,13594.2412109375,229.199996948242,8.87156009674072,-2.82304191589355
20180724,6,-66,133,15000,13560.337890625,230.731689453125,8.63265609741211,-3.42512702941895
20180724,12,-66,133,15000,13547.6337890625,232.178070068359,7.03864479064941,-4.75384759902954
20180724,18,-66,133,15000,13548.90625,232.300003051758,6.42195081710815,-6.66379404067993
20180725,0,-66,133,15000,13558.31640625,231.600006103516,5.32294416427612,-8.87796401977539
20180725,6,-66,133,15000,13559.2626953125,230.199996948242,5.16898441314697,-9.32967281341553
20180725,12,-66,133,15000,13573.41796875,228.912811279297,7.07499980926514,-7.79805421829224
20180725,18,-66,133,15000,13591.46484375,228.682769775391,9.35791492462158,-6.08050775527954
20180726,0,-66,133,15000,13600.01171875,228.463653564453,11.1766939163208,-4.05532455444336
20180726,6,-66,133,15000,13594.4521484375,228.5,11.7280960083008,-2.06271004676819
20180726,12,-66,133,15000,13606.5849609375,227.829147338867,12.6140670776367,-0.876274406909943
20180726,18,-66,133,15000,13638.7158203125,226.758819580078,11.8522481918335,2.47883796691895
20180727,0,-66,133,15000,13651.3759765625,226.324462890625,13.0838918685913,4.45032453536987
20180727,6,-66,133,15000,13634.6279296875,227.699996948242,11.3834180831909,5.94142818450928
20180727,12,-66,133,15000,13630.6015625,229,10.5341548919678,5.94894552230835
20180727,18,-66,133,15000,13629.166015625,229.188568115234,8.80472183227539,7.19313716888428
20180728,0,-66,133,15000,13625.8271484375,229.814697265625,7.084716796875,4.85028553009033
20180728,6,-66,133,15000,13616.3046875,229.485305786133,5.32029056549072,3.66199707984924
20180728,12,-66,133,15000,13630.8896484375,229.600006103516,3.489013671875,2.41616201400757
20180728,18,-66,133,15000,13661.3525390625,228.699996948242,2.47554922103882,1.43815433979034
20180729,0,-66,133,15000,13696.3935546875,227.600006103516,0.279741197824478,-0.231269538402557
20180729,6,-66,133,15000,13710.4296875,226.168304443359,-1.28916263580322,0.591525852680206
20180729,12,-66,133,15000,13742.8203125,224.79997253418,-1.63999021053314,2.27307868003845
20180729,18,-66,133,15000,13769.35546875,224.199981689453,0.462246090173721,4.23349857330322
20180730,0,-66,133,15000,13781.66015625,224.099975585938,1.1964453458786,3.88484382629395
20180730,6,-66,133,15000,13766.4951171875,224.100006103516,0.903593778610229,3.42529296875
20180730,12,-66,133,15000,13753.83984375,224.800003051758,-0.396708995103836,2.69093012809753
20180730,18,-66,133,15000,13749.2763671875,225.5,0.506108403205872,3.43077635765076
20180731,0,-66,133,15000,13738.2861328125,225.948928833008,0.0100048827007413,1.84993898868561
20180731,6,-66,133,15000,13713.447265625,225.899993896484,-0.0863427743315697,2.71136713027954
20180731,12,-66,133,15000,13701.4990234375,226.699996948242,-0.319980472326279,1.97880864143372
20180731,18,-66,133,15000,13695.8251953125,226.899993896484,0.402685552835464,2.85679697990417
20180801,0,-66,133,15000,13688.1552734375,227.361450195313,0.410048842430115,2.09440922737122
20180801,6,-66,133,15000,13665.462890625,227.800003051758,0.222499996423721,3.59823727607727
20180801,12,-66,133,15000,13650.6826171875,228.699996948242,0.626762688159943,4.21683597564697
20180801,18,-66,133,15000,13639.0771484375,229.599975585938,0.935742199420929,5.36219215393066
20180802,0,-66,133,15000,13621.3896484375,230.699996948242,1.31947755813599,3.97525143623352
20180802,6,-66,133,15000,13602.84765625,231,1.22168457508087,3.99941897392273
20180802,12,-66,133,15000,13603.0966796875,230.899993896484,2.2272777557373,3.96763181686401
20180802,18,-66,133,15000,13612.7548828125,230.600006103516,4.42097187042236,3.84545660018921
20180803,0,-66,133,15000,13626.41015625,229.5,5.72223377227783,1.2680321931839
20180803,6,-66,133,15000,13623.7578125,228.600006103516,4.60999488830566,2.21733403205872
20180803,12,-66,133,15000,13631.9013671875,227.800003051758,4.50600576400757,4.17402076721191
20180803,18,-66,133,15000,13641.1884765625,227.899993896484,5.17917013168335,4.62345218658447
20180804,0,-66,133,15000,13637.93359375,227.699996948242,4.90717267990112,4.1900315284729
20180804,6,-66,133,15000,13625,227.899993896484,3.70777821540833,4.71010255813599
20180804,12,-66,133,15000,13623.7978515625,228.100006103516,3.80833506584167,4.2261061668396
20180804,18,-66,133,15000,13631.17578125,228.199996948242,3.80000495910645,2.53657722473145
20180805,0,-66,133,15000,13642.16796875,228.399993896484,2.71461415290833,-0.653774440288544
20180805,6,-66,133,15000,13643.6201171875,228,1.71000981330872,-3.64267826080322
20180805,12,-66,133,15000,13664.478515625,227.607467651367,1.90780758857727,-5.46251726150513
20180805,18,-66,133,15000,13686.8837890625,227.29997253418,1.76892578601837,-7.23415040969849
20180806,0,-66,133,15000,13713.521484375,226.406982421875,2.41000986099243,-9.04479503631592
20180806,6,-66,133,15000,13722.576171875,225,4.36999988555908,-8.5753002166748
20180806,12,-66,133,15000,13745.46875,223.914260864258,6.37002944946289,-10.2399730682373
20180806,18,-66,133,15000,13776.7177734375,223,8.68665027618408,-10.3037796020508
20180807,0,-66,133,15000,13807.107421875,219.821929931641,10.010537147522,-10.7860765457153
20180807,6,-66,133,15000,13814.9111328125,220,9.7658109664917,-8.0463695526123
20180807,12,-66,133,15000,13825.9521484375,220.199996948242,10.1549978256226,-6.97003889083862
20180807,18,-66,133,15000,13838.9384765625,221.300003051758,10.654128074646,-4.64867925643921
20180808,0,-66,133,15000,13839.384765625,222.766693115234,9.29000759124756,-1.92051517963409
20180808,6,-66,133,15000,13819.4501953125,223.899993896484,7.38999509811401,-0.121096193790436
20180808,12,-66,133,15000,13809.6337890625,224.699981689453,5.62272453308105,2.62660145759583
20180808,18,-66,133,15000,13798.5126953125,225.599975585938,5.33855485916138,5.22335958480835
20180809,0,-66,133,15000,13777.916015625,226.900238037109,4.2016749382019,5.79122543334961
20180809,6,-66,133,15000,13747.92578125,227.300003051758,3.72444820404053,6.65330791473389
20180809,12,-66,133,15000,13738.3798828125,227.699996948242,4.13435554504395,5.42414808273315
20180809,18,-66,133,15000,13739.375,227.006988525391,7.02473163604736,3.74894523620605
20180810,0,-66,133,15000,13750.2900390625,226.100006103516,6.27179670333862,1.43003416061401
20180810,6,-66,133,15000,13742.84375,225.399993896484,5.82227516174316,0.922922372817993
20180810,12,-66,133,15000,13755.572265625,224.936370849609,5.41379880905151,0.0147998044267297
20180810,18,-66,133,15000,13773.298828125,224.399993896484,5.72768068313599,3.10605955123901
20180811,0,-66,133,15000,13786.6826171875,223.699996948242,6.60995626449585,2.58671379089355
20180811,6,-66,133,15000,13776.041015625,224,7.322509765625,4.26031970977783
20180811,12,-66,133,15000,13784.1923828125,224,8.96157741546631,5.40041255950928
20180811,18,-66,133,15000,13795.1591796875,223.88720703125,8.39675807952881,6.84834241867065
20180812,0,-66,133,15000,13795.3466796875,224.118316650391,8.41649436950684,5.66029787063599
20180812,6,-66,133,15000,13765.71875,224.076416015625,7.19000005722046,6.9301586151123
20180812,12,-66,133,15000,13757.16796875,223.699996948242,6.8719482421875,5.44835948944092
20180812,18,-66,133,15000,13746.0048828125,224.199981689453,4.91000509262085,7.45261240005493
20180813,0,-66,133,15000,13725.9296875,224.468307495117,2.88135743141174,6.07629871368408
20180813,6,-66,133,15000,13690.693359375,225.300003051758,0.391582041978836,5.779052734375
20180813,12,-66,133,15000,13665.2216796875,226.099975585938,-1.59332513809204,4.44210195541382
20180813,18,-66,133,15000,13649.37890625,226.600006103516,-2.68335938453674,4.73466300964355
20180814,0,-66,133,15000,13635.55078125,226.800003051758,-3.02036619186401,2.93359375
20180814,6,-66,133,15000,13613.400390625,227,-2.74387693405151,2.74674320220947
20180814,12,-66,133,15000,13611.197265625,226.800003051758,-2.09038090705872,1.25999510288239
20180814,18,-66,133,15000,13619.521484375,226.599975585938,-0.982871115207672,2.21215343475342
20180815,0,-66,133,15000,13626.1689453125,226.46337890625,0.514365255832672,0.109404295682907
20180815,6,-66,133,15000,13621.9765625,226.499969482422,1.92228031158447,1.65104246139526
20180815,12,-66,133,15000,13626.2724609375,226.699996948242,2.72122073173523,2.49371814727783
20180815,18,-66,133,15000,13631.1513671875,227.100006103516,6.13000011444092,4.38693857192993
20180816,0,-66,133,15000,13627.673828125,227.600006103516,5.51999998092651,3.79671883583069
20180816,6,-66,133,15000,13599.6552734375,228.239791870117,5.52487802505493,4.89757061004639
20180816,12,-66,133,15000,13583.763671875,228.899993896484,4.82462406158447,4.33365488052368
20180816,18,-66,133,15000,13577.7666015625,229.100006103516,5.32333517074585,4.34343242645264
20180817,0,-66,133,15000,13573.25390625,228.761077880859,5.11000967025757,0.885087907314301
20180817,6,-66,133,15000,13560.150390625,228.300003051758,7.0200047492981,0.974663078784943
20180817,12,-66,133,15000,13556.6337890625,227.800003051758,7.11999988555908,0.114545896649361
20180817,18,-66,133,15000,13561.662109375,227.529144287109,9.62445068359375,1.74381351470947
20180818,0,-66,133,15000,13559.056640625,227.800003051758,7.54919910430908,1.52199947834015
20180818,6,-66,133,15000,13538.07421875,228.100006103516,6.40750503540039,3.02828359603882
20180818,12,-66,133,15000,13531.9501953125,228.600006103516,3.93750476837158,4.0290846824646
20180818,18,-66,133,15000,13531.865234375,228.699752807617,3.20390129089355,3.75389885902405
20180819,0,-66,133,15000,13533.6787109375,228.699752807617,2.00361824035645,2.1239697933197
20180819,6,-66,133,15000,13519.4208984375,228.699996948242,2.81288576126099,2.16889405250549
20180819,12,-66,133,15000,13525.125,228.699752807617,2.8100049495697,1.76547122001648
20180819,18,-66,133,15000,13539.138671875,228.699996948242,4.20813941955566,1.61364257335663
20180820,0,-66,133,15000,13547.59375,228.307464599609,5.625244140625,-1.20676517486572
20180820,6,-66,133,15000,13542.14453125,227.600006103516,6.38467264175415,0.121962890028954
20180820,12,-66,133,15000,13547.8291015625,226.899978637695,8.11559581756592,-0.3351049721241
20180820,18,-66,133,15000,13555.6796875,226.300003051758,10.1200094223022,2.07232904434204
20180821,0,-66,133,15000,13543.8486328125,226.699996948242,8.11110877990723,2.15441417694092
20180821,6,-66,133,15000,13508.412109375,227.399993896484,7.70808601379395,4.50593757629395
20180821,12,-66,133,15000,13488.7021484375,228.199996948242,6.6208348274231,3.46521472930908
20180821,18,-66,133,15000,13481.3134765625,229.000030517578,7.42999744415283,3.17158198356628
20180822,0,-66,133,15000,13484.1171875,229.336380004883,8.08000469207764,0.906823754310608
20180822,6,-66,133,15000,13468.4228515625,229.236373901367,8.51000022888184,0.443232417106628
20180822,12,-66,133,15000,13478.6796875,229,9.82560062408447,0.614047825336456
20180822,18,-66,133,15000,13500.3173828125,228.770843505859,13.4352884292603,-0.465546876192093
20180823,0,-66,133,15000,13524.482421875,228.100006103516,15.7397708892822,-2.34134268760681
20180823,6,-66,133,15000,13542.0087890625,226.713348388672,18.6820316314697,-1.24593019485474
20180823,12,-66,133,15000,13562.5087890625,226.678070068359,20.1600151062012,-0.326179206371307
20180823,18,-66,133,15000,13599.2099609375,226,20.1311187744141,-0.297956556081772
20180824,0,-66,133,15000,13633.3359375,223.999969482422,21.0600090026855,-1.45173096656799
20180824,6,-66,133,15000,13636.931640625,223.199996948242,17.3777732849121,1.66249024868011
20180824,12,-66,133,15000,13637.3974609375,223.100006103516,16.1466999053955,4.72742652893066
20180824,18,-66,133,15000,13644.5234375,223.600006103516,15.5481691360474,7.4638671875
20180825,0,-66,133,15000,13637.138671875,223.199996948242,12.8426904678345,5.78413581848145
20180825,6,-66,133,15000,13606.9365234375,223.599975585938,8.3522367477417,9.38162612915039
20180825,12,-66,133,15000,13570.2529296875,224.800003051758,3.3716504573822,7.6770191192627
20180825,18,-66,133,15000,13536.802734375,226,0.745278298854828,8.830641746521
20180826,0,-66,133,15000,13509.4765625,227.399993896484,0.819443345069885,4.21697998046875
20180826,6,-66,133,15000,13480.232421875,227.199996948242,-0.491108387708664,2.19711184501648
20180826,12,-66,133,15000,13467.2138671875,227.506988525391,-0.577539086341858,-1.91415774822235
20180826,18,-66,133,15000,13470.6865234375,227.100006103516,0.181123048067093,-3.46637940406799
20180827,0,-66,133,15000,13484.8291015625,225.300003051758,1.34230959415436,-8.47602081298828
20180827,6,-66,133,15000,13487.232421875,224.29997253418,5.08000993728638,-7.42023944854736
20180827,12,-66,133,15000,13491.880859375,223.914703369141,8.3552885055542,-6.21734142303467
20180827,18,-66,133,15000,13499.537109375,223.399993896484,11.508056640625,-4.60182619094849
20180828,0,-66,133,15000,13501.7763671875,223.899978637695,13.175537109375,-3.67918467521667
20180828,6,-66,133,15000,13481.080078125,224.100006103516,13.2185401916504,-3.67138671875
20180828,12,-66,133,15000,13483.583984375,223.899993896484,13.3199977874756,-2.07439708709717
20180828,18,-66,133,15000,13485.7841796875,224.100006103516,14.6149730682373,0.636447727680206
20180829,0,-66,133,15000,13488.55859375,223.899978637695,15.519905090332,0.106584474444389
20180829,6,-66,133,15000,13475.05078125,224.039398193359,15.3139209747314,3.32697510719299
20180829,12,-66,133,15000,13479.5458984375,224.600006103516,16.3496723175049,6.04148435592651
20180829,18,-66,133,15000,13490.33203125,225.399993896484,15.5507907867432,11.4851369857788
20180830,0,-66,133,15000,13490.087890625,226,12.4046487808228,12.1708154678345
20180830,6,-66,133,15000,13456.5283203125,226.79997253418,10.3267164230347,13.2915744781494
20180830,12,-66,133,15000,13438.833984375,227.282760620117,6.59634780883789,11.5508127212524
20180830,18,-66,133,15000,13425.2451171875,228.099975585938,7.11999988555908,8.57579612731934
20180831,0,-66,133,15000,13412.076171875,228.587936401367,5.7200026512146,5.45395994186401
20180831,6,-66,133,15000,13399.38671875,228.559234619141,5.52555179595947,5.16516351699829
20180831,12,-66,133,15000,13401.0615234375,228.611175537109,3.92662119865417,3.89046382904053
20180831,18,-66,133,15000,13413.3984375,228.520950317383,4.61205101013184,1.82643556594849
20180901,0,-66,133,15000,13425.322265625,228.099975585938,5.62277841567993,-1.30554437637329
20180901,6,-66,133,15000,13427.8125,227.699996948242,6.53000020980835,-1.4021874666214
20180901,12,-66,133,15000,13441.6611328125,227.5,7.13000965118408,-2.6989061832428
20180901,18,-66,133,15000,13464.6171875,227.100006103516,10.5322217941284,-3.19830083847046
20180902,0,-66,133,15000,13484.9453125,226.800003051758,11.5994625091553,-3.28231191635132
20180902,6,-66,133,15000,13498.3896484375,225.800003051758,13.1919088363647,-2.12817859649658
20180902,12,-66,133,15000,13514.162109375,225.199996948242,14.4855518341064,0.989033222198486
20180902,18,-66,133,15000,13519.087890625,225.699996948242,12.7306251525879,4.86436033248901
20180903,0,-66,133,15000,13517.34765625,226.199996948242,12.1204786300659,4.50504398345947
20180903,6,-66,133,15000,13506.583984375,226.699996948242,10.8100023269653,3.06872320175171
20180903,12,-66,133,15000,13510.7421875,226.600006103516,10.4066410064697,1.47479736804962
20180903,18,-66,133,15000,13527.0908203125,226.899993896484,12.4144506454468,-0.301652818918228
20180904,0,-66,133,15000,13539.0234375,226.899993896484,11.0021657943726,-0.0596948228776455
20180904,6,-66,133,15000,13537.34765625,226.79997253418,9.90486812591553,0.664250493049622
20180904,12,-66,133,15000,13552.791015625,225.899993896484,10.4091749191284,1.95122802257538
20180904,18,-66,133,15000,13572.830078125,224.79997253418,11.5133543014526,2.90819573402405
20180905,0,-66,133,15000,13592.0595703125,223.699996948242,10.4018602371216,5.32416486740112
20180905,6,-66,133,15000,13585.05859375,223.399993896484,7.02496576309204,8.70666027069092
20180905,12,-66,133,15000,13583.7451171875,223.899993896484,5.40343284606934,10.6549415588379
20180905,18,-66,133,15000,13593.0087890625,224.100006103516,3.31750965118408,11.6375484466553
20180906,0,-66,133,15000,13595.7666015625,225.100051879883,1.3500097990036,9.59208011627197
20180906,6,-66,133,15000,13573.9345703125,224.899993896484,0.400004893541336,10.4296407699585
20180906,12,-66,133,15000,13556.255859375,225.519439697266,-0.528859853744507,9.92091751098633
20180906,18,-66,133,15000,13534.9365234375,226.699996948242,-0.675522446632385,9.91554927825928
20180907,0,-66,133,15000,13516.103515625,227.39421081543,-0.578876972198486,8.93181896209717
20180907,6,-66,133,15000,13487.0537109375,227.399993896484,-0.838740229606628,9.68342971801758
20180907,12,-66,133,15000,13478.1787109375,227.300003051758,-2.69917488098145,9.69944381713867
20180907,18,-66,133,15000,13475.28515625,227,-2.99832034111023,9.64740753173828
20180908,0,-66,133,15000,13468.2822265625,227.099975585938,-4.97831058502197,7.04535627365112
20180908,6,-66,133,15000,13439.1787109375,227.100006103516,-4.29999017715454,8.75600051879883
20180908,12,-66,133,15000,13425.87890625,227.099975585938,-6.51887941360474,7.5799880027771
20180908,18,-66,133,15000,13418.392578125,227.29997253418,-4.22748517990112,8.44078350067139
20180909,0,-66,133,15000,13414.25390625,226.599975585938,-3.8931884765625,6.33139419555664
20180909,6,-66,133,15000,13395.337890625,226.600006103516,-2.9263379573822,7.5268406867981
20180909,12,-66,133,15000,13390.17578125,226.399993896484,-2.93896722793579,6.27273178100586
20180909,18,-66,133,15000,13385.0791015625,226.800003051758,-1.98997807502747,6.46795415878296
20180910,0,-66,133,15000,13381.5166015625,226.699996948242,-1.68998539447784,3.60664558410645
20180910,6,-66,133,15000,13367.7197265625,226.761077880859,-0.222219243645668,3.68381595611572
20180910,12,-66,133,15000,13372.0859375,226.600006103516,0.580998539924622,2.18347644805908
20180910,18,-66,133,15000,13379.5390625,226.399993896484,3.08601570129395,2.19106698036194
20180911,0,-66,133,15000,13379.693359375,226.838912963867,3.59002447128296,2.24257564544678
20180911,6,-66,133,15000,13370.15234375,227.300003051758,4.3280177116394,1.64164066314697
20180911,12,-66,133,15000,13380.61328125,227.600006103516,5.5000147819519,-0.729699730873108
20180911,18,-66,133,15000,13404.8203125,227.327728271484,8.29056644439697,-1.38348877429962
20180912,0,-66,133,15000,13425.2724609375,227.44660949707,8.11528778076172,-3.22246098518372
20180912,6,-66,133,15000,13434.26953125,227.191009521484,7.20528554916382,-3.96113276481628
20180912,12,-66,133,15000,13460.947265625,226.646148681641,6.73770999908447,-4.9462718963623
20180912,18,-66,133,15000,13480.267578125,226.2275390625,7.65423583984375,-5.43335199356079
20180913,0,-66,133,15000,13495.5595703125,225.931686401367,7.99609613418579,-6.66774892807007
20180913,6,-66,133,15000,13480.0966796875,225.521926879883,7.76578140258789,-4.11356449127197
20180913,12,-66,133,15000,13478.8740234375,225.29997253418,6.8936619758606,-1.7000732421875
20180913,18,-66,133,15000,13465.173828125,225.399993896484,6.67956304550171,0.854482412338257
20180914,12,-66,133,15000,13407.3740234375,226.302490234375,5.96498537063599,-0.784028291702271
20180914,18,-66,133,15000,13394.9609375,226.399993896484,6.1441478729248,0.370825201272964
20180915,0,-66,133,15000,13378.0986328125,226.100006103516,5.9800124168396,-0.247580572962761
20180915,6,-66,133,15000,13346.86328125,225.800003051758,5.68703365325928,0.924565434455872
20180915,12,-66,133,15000,13324.4912109375,225.699981689453,6.19419193267822,1.09296631813049
20180915,18,-66,133,15000,13308.0126953125,225.831695556641,7.32990980148315,1.95369386672974
20180916,0,-66,133,15000,13289.4287109375,225.685272216797,6.76258563995361,1.89408934116364
20180916,12,-66,133,15000,13240.0888671875,225.638916015625,4.29260969161987,4.13250970840454
20180916,18,-66,133,15000,13233.1298828125,225.600006103516,4.26369857788086,5.65274906158447
20180917,0,-66,133,15000,13226.955078125,225.5,1.58083736896515,4.81784439086914
20180917,6,-66,133,15000,13217.6787109375,225.5,0.557514667510986,3.86219477653503
20180917,12,-66,133,15000,13219.400390625,225.300003051758,-0.886489272117615,3.34929943084717
20180917,18,-66,133,15000,13228.10546875,224.79997253418,-0.195947259664536,2.16841316223145
20180918,0,-66,133,15000,13237.3173828125,224.099975585938,-0.300869137048721,0.463820815086365
20180918,6,-66,133,15000,13239.45703125,223.600006103516,0.313771963119507,0.722761213779449
20180918,12,-66,133,15000,13245.275390625,223.5,0.173249512910843,0.174558103084564
20180918,18,-66,133,15000,13254.37109375,223.300003051758,1.11590337753296,0.312529295682907
20180919,0,-66,133,15000,13256.7216796875,223.136352539063,1.41555416584015,-0.694621562957764
20180919,6,-66,133,15000,13249.443359375,222.899993896484,1.37655031681061,-0.271320790052414
20180919,12,-66,133,15000,13251.041015625,222.920166015625,1.82314455509186,-1.22231197357178
20180919,18,-66,133,15000,13257.9853515625,223.003219604492,3.01973152160645,-0.827429175376892
20180920,0,-66,133,15000,13256.103515625,223.055053710938,3.37498545646667,-2.18574953079224
20180920,6,-66,133,15000,13242.3046875,222.699996948242,4.10969257354736,-0.978132307529449
20180920,12,-66,133,15000,13239.65625,222.900024414063,3.51835203170776,-1.25790524482727
20180920,18,-66,133,15000,13239.0654296875,222.800003051758,5.31965065002441,-0.443730473518372
20180921,0,-66,133,15000,13235.5,222.600006103516,4.62833261489868,-0.844919443130493
20180921,6,-66,133,15000,13223.412109375,222.424468994141,5.28079605102539,-0.118867188692093
20180921,12,-66,133,15000,13224.369140625,222.618896484375,5.31321287155151,0.871130347251892
20180921,18,-66,133,15000,13229.92578125,222.800003051758,6.7158522605896,1.42329096794128
20180922,0,-66,133,15000,13237.955078125,223.224456787109,8.61750030517578,1.0171777009964
20180922,6,-66,133,15000,13239.646484375,223.478073120117,12.3845510482788,-0.3675537109375
20180922,12,-66,133,15000,13259.794921875,223.399993896484,14.9292087554932,1.93097901344299
20180922,18,-66,133,15000,13299.3896484375,222.300003051758,18.5242118835449,3.12017822265625
20180923,0,-66,133,15000,13328.8486328125,222,16.5781307220459,7.38549089431763
20180923,6,-66,133,15000,13328.07421875,222.399993896484,11.6670627593994,9.8198070526123
20180923,12,-66,133,15000,13316.8251953125,223.5,6.03210926055908,11.164137840271
20180923,18,-66,133,15000,13295.6220703125,224.899993896484,4.93068361282349,11.1320896148682
20180924,0,-66,133,15000,13272.7939453125,225.699996948242,1.72693848609924,8.13349628448486
20180924,6,-66,133,15000,13239.21875,225.600006103516,1.33963620662689,5.39828872680664
20180924,12,-66,133,15000,13228.931640625,225.899993896484,2.30325198173523,4.60159158706665
20180924,18,-66,133,15000,13219.1123046875,224.989990234375,3.91083741188049,1.85523438453674
20180925,0,-66,133,15000,13224.0302734375,224.708160400391,6.13896751403809,1.558837890625
20180925,6,-66,133,15000,13220.4111328125,224.300003051758,6.5959792137146,1.45279049873352
20180925,12,-66,133,15000,13229.2021484375,224.399993896484,8.9552001953125,0.998713374137878
20180925,18,-66,133,15000,13238.7978515625,224.199996948242,10.6341209411621,-0.297265619039536
20180926,0,-66,133,15000,13256.71875,223.600006103516,13.1200637817383,-1.6352196931839
20180926,6,-66,133,15000,13259.6416015625,223.795623779297,14.8139696121216,0.509409189224243
20180926,12,-66,133,15000,13271.17578125,223.385650634766,17.3382148742676,1.12810552120209
20180926,18,-66,133,15000,13291.802734375,223.258026123047,19.0141658782959,3.65724110603333
20180927,0,-66,133,15000,13320.3115234375,222.806243896484,21.2880706787109,3.07065439224243
20180927,6,-66,133,15000,13343.0703125,221.899993896484,25.2896289825439,5.41676044464111
20180927,12,-66,133,15000,13404.7841796875,218.79997253418,28.6425342559814,10.7388429641724
20180927,18,-66,133,15000,13436.8974609375,219.899993896484,25.2728939056396,20.9686336517334
20180928,0,-66,133,15000,13387.2978515625,225.300003051758,15.9297294616699,21.0367622375488
20180928,6,-66,133,15000,13318.3583984375,226.5,17.8305721282959,15.0976753234863
20180928,12,-66,133,15000,13306.7978515625,225,17.2817840576172,9.49153327941895
20180928,18,-66,133,15000,13309.69921875,223.999969482422,19.1477890014648,6.69801759719849
20180929,0,-66,133,15000,13321.451171875,224.399993896484,20.5053176879883,4.97249507904053
20180929,6,-66,133,15000,13325.78125,224.300003051758,23.1919803619385,5.98278093338013
20180929,12,-66,133,15000,13345.474609375,223.199996948242,24.1453876495361,5.76541757583618
20180929,18,-66,133,15000,13361.8935546875,222.095550537109,23.9369773864746,7.55531024932861
20180930,0,-66,133,15000,13387.169921875,220.899993896484,23.3349800109863,9.35198974609375
20180930,6,-66,133,15000,13382.1650390625,220.659454345703,18.5825042724609,15.3921871185303
20180930,12,-66,133,15000,13352.2802734375,222.999969482422,12.5695066452026,20.0517349243164
20180930,18,-66,133,15000,13315.150390625,225.899978637695,11.7973823547363,19.2481155395508
20181001,0,-66,133,15000,13284.2138671875,225.899993896484,9.49137210845947,15.1933736801147
20181001,6,-66,133,15000,13240.2158203125,227,10.553352355957,12.8912210464478
20181001,12,-66,133,15000,13239.5078125,226.499969482422,10.3633575439453,10.5998477935791
20181001,18,-66,133,15000,13240.1123046875,226,10.5418758392334,10.5475215911865
20181002,0,-66,133,15000,13231.82421875,225.600006103516,8.48791980743408,9.91346168518066
20181002,6,-66,133,15000,13218.1962890625,225.399993896484,6.8592357635498,10.8142623901367
20181002,12,-66,133,15000,13206.4990234375,225.538909912109,6.5326099395752,10.9064016342163
20181002,18,-66,133,15000,13194.7529296875,225.399993896484,5.42664527893066,10.4904975891113
20181003,0,-66,133,15000,13177.70703125,225.444091796875,4.21101331710815,8.64271450042725
20181003,6,-66,133,15000,13156.5712890625,225,4.2186107635498,7.35732889175415
20181003,12,-66,133,15000,13153.4912109375,224.800003051758,4.43056869506836,5.66179180145264
20181003,18,-66,133,15000,13157.650390625,224.638916015625,7.12056636810303,3.82498288154602
20181004,0,-66,133,15000,13163.41796875,224.421920776367,7.58945083618164,2.09501457214355
20181004,6,-66,133,15000,13167.76171875,223.899993896484,9.21992206573486,0.321679681539536
20181004,12,-66,133,15000,13195.8037109375,223.114700317383,10.3694553375244,-3.17836904525757
20181004,18,-66,133,15000,13249.6591796875,222.307464599609,14.885329246521,-6.82164812088013
20181005,0,-66,133,15000,13310.8310546875,219.946136474609,18.8871002197266,-10.1188936233521
20181005,6,-66,133,15000,13340.2490234375,217.5,20.0928688049316,-3.9317798614502
20181005,12,-66,133,15000,13346.9775390625,217.999969482422,15.5597438812256,4.3591480255127
20181005,18,-66,133,15000,13300.3779296875,222.199996948242,7.27665758132935,11.9365158081055
20181006,0,-66,133,15000,13239.888671875,225.300003051758,2.27937746047974,9.69964122772217
20181006,6,-66,133,15000,13182.2841796875,225.153884887695,-1.01291751861572,6.77627944946289
20181006,12,-66,133,15000,13155.427734375,225.5,-1.08872807025909,1.99875974655151
20181006,18,-66,133,15000,13136.931640625,225.748931884766,1.90302979946136,-0.712431669235229
20181007,0,-66,133,15000,13131.669921875,225.578079223633,2.76498413085938,-2.05177617073059
20181007,6,-66,133,15000,13115.96484375,225.021926879883,4.21407175064087,-1.52789306640625
20181007,12,-66,133,15000,13113.69140625,224.399993896484,4.31532287597656,0.506463646888733
20181007,18,-66,133,15000,13111.7578125,223.921905517578,3.64969944953918,0.915026843547821
20181008,0,-66,133,15000,13104.5146484375,223.5,3.79561281204224,1.07759761810303
20181008,6,-66,133,15000,13087.75,223.099975585938,1.84148442745209,0.328300774097443
20181008,12,-66,133,15000,13084.5576171875,222.800003051758,1.5525780916214,-0.291918933391571
20181008,18,-66,133,15000,13086.45703125,222.5,1.68093752861023,-1.26786625385284
20181009,0,-66,133,15000,13084.4697265625,222.399749755859,1.94950926303864,-2.24164056777954
20181009,6,-66,133,15000,13068.85546875,222.399993896484,2.81747794151306,-1.67677247524261
20181009,12,-66,133,15000,13061.1103515625,222.79997253418,3.71755623817444,-1.52447748184204
20181009,18,-66,133,15000,13051.1083984375,223.207473754883,4.96995115280151,-1.59098148345947
20181010,0,-66,133,15000,13048.9501953125,223.638885498047,4.20526361465454,-1.80381834506989
20181010,6,-66,133,15000,13037.4609375,223.600006103516,3.59637212753296,-0.963767111301422
20181010,12,-66,133,15000,13046.9765625,223.600006103516,1.72333252429962,-0.744235813617706
20181010,18,-66,133,15000,13069.3115234375,223.399993896484,0.981440424919128,-0.117202147841454
20181011,0,-66,133,15000,13100.802734375,222.806976318359,-0.0498022474348545,-1.30600833892822
20181011,6,-66,133,15000,13124.025390625,222.399993896484,-0.0947851538658142,-0.728017568588257
20181011,12,-66,133,15000,13149.326171875,222.399993896484,-0.139916986227036,-0.39652344584465
20181011,18,-66,133,15000,13172.009765625,221.899978637695,0.770668923854828,1.23214840888977
20181012,0,-66,133,15000,13184.9111328125,221.699981689453,-0.626621067523956,-0.0679443329572678
20181012,6,-66,133,15000,13182.0361328125,220.800003051758,-1.56348633766174,-0.388779282569885
20181012,12,-66,133,15000,13176.76171875,221.399993896484,-1.51656007766724,-1.50916504859924
20181012,18,-66,133,15000,13170.5595703125,222.100006103516,-0.331596672534943,-0.0803710967302322
20181013,0,-66,133,15000,13172.3564453125,222.199752807617,0.881447732448578,0.783930659294128
20181013,6,-66,133,15000,13169.8076171875,222.346115112305,3.09798336029053,1.82094967365265
20181013,12,-66,133,15000,13171.36328125,222.600006103516,6.1817455291748,2.29269528388977
20181013,18,-66,133,15000,13170.9599609375,223,8.21617412567139,2.22339344024658
20181014,0,-66,133,15000,13163.0888671875,223.199996948242,7.31454610824585,2.35712885856628
20181014,6,-66,133,15000,13153.1171875,223.100006103516,7.80876207351685,2.88446283340454
20181014,12,-66,133,15000,13153.87109375,223.199996948242,8.19850826263428,2.87862300872803
20181014,18,-66,133,15000,13143.1826171875,223.399993896484,9.13740921020508,3.83668947219849
20181015,0,-66,133,15000,13135.99609375,223.600006103516,8.81886959075928,3.81554198265076
20181015,6,-66,133,15000,13119.9248046875,223.699996948242,9.85825443267822,4.78562498092651
20181015,12,-66,133,15000,13116.30078125,223.917236328125,10.0745725631714,6.3855128288269
20181015,18,-66,133,15000,13113.3720703125,224.100006103516,11.8204784393311,7.52113771438599
20181016,0,-66,133,15000,13109.7021484375,224.699996948242,12.5553150177002,9.58586406707764
20181016,6,-66,133,15000,13100.576171875,225.29997253418,12.0544967651367,11.5471925735474
20181016,12,-66,133,15000,13104.5986328125,226.800003051758,11.463659286499,12.3858003616333
20181016,18,-66,133,15000,13114.4208984375,227,11.1583471298218,11.3044290542603
20181017,0,-66,133,15000,13124.8583984375,227.100006103516,12.5114822387695,12.3671236038208
20181017,6,-66,133,15000,13125.603515625,226.706985473633,12.4730787277222,12.7040376663208
20181017,12,-66,133,15000,13131.5009765625,225.599975585938,11.7035694122314,14.2354440689087
20181017,18,-66,133,15000,13129.115234375,226.032135009766,10.5215969085693,13.8793144226074
20181018,0,-66,133,15000,13127.78515625,225.536376953125,9.20109844207764,15.3860130310059
20181018,6,-66,133,15000,13121.4541015625,225.899993896484,8.33834266662598,14.0349683761597
20181018,12,-66,133,15000,13118.5908203125,225.699996948242,5.96252202987671,14.2357130050659
20181018,18,-66,133,15000,13110.3837890625,225.699996948242,5.91875267028809,13.4885892868042
20181019,0,-66,133,15000,13106.4853515625,225.699996948242,5.39953136444092,12.0341796875
20181019,6,-66,133,15000,13093.3671875,225.399993896484,6.22527360916138,12.9165964126587
20181019,18,-66,133,15000,13075.03125,226.096527099609,4.3205738067627,14.1695365905762
20181020,0,-66,133,15000,13049.6240234375,226.5,2.98328614234924,11.9513673782349
20181020,6,-66,133,15000,13024.5615234375,226.199996948242,4.33061504364014,11.3368701934814
20181020,12,-66,133,15000,13020.275390625,226.100006103516,6.79137468338013,9.20889854431152
20181020,18,-66,133,15000,13025.7998046875,225.79997253418,9.59129619598389,7.24592304229736
20181021,0,-66,133,15000,13045.4921875,225.199996948242,13.1406812667847,5.64993667602539
20181021,6,-66,133,15000,13075.3740234375,225.100006103516,17.0305633544922,6.35530519485474
20181021,12,-66,133,15000,13118.787109375,225.038909912109,20.5429229736328,7.7081127166748
20181021,18,-66,133,15000,13144.7275390625,225.5,22.0788021087646,11.0089988708496
20181022,0,-66,133,15000,13162.5986328125,226.199996948242,22.7200031280518,12.347375869751
20181022,6,-66,133,15000,13188.0078125,226.264114379883,25.6720733642578,14.3440675735474
20181022,12,-66,133,15000,13234.7939453125,225.043121337891,28.634391784668,17.7879314422607
20181022,18,-66,133,15000,13275.3447265625,224.199996948242,30.0507469177246,19.4271087646484
20181023,0,-66,133,15000,13305.05078125,223.600006103516,26.5022087097168,21.9450359344482
20181023,6,-66,133,15000,13303.5634765625,223.569290161133,26.1198444366455,22.9047050476074
20181023,12,-66,133,15000,13296.6474609375,223.686126708984,21.8505344390869,22.4096393585205
20181023,18,-66,133,15000,13279.1552734375,224.699996948242,19.3181324005127,21.5522556304932
20181024,0,-66,133,15000,13251.7216796875,224.800003051758,16.2639408111572,17.803050994873
20181024,6,-66,133,15000,13225.83203125,224.599975585938,15.3257007598877,14.9514064788818
20181024,12,-66,133,15000,13212.91015625,224.084518432617,15.5345554351807,13.2813863754272
20181024,18,-66,133,15000,13203.5634765625,223.899993896484,16.0012893676758,12.7539234161377
20181025,0,-66,133,15000,13194.26953125,222.794769287109,15.8741312026978,11.4769849777222
20181025,6,-66,133,15000,13194.4140625,221.505584716797,17.4724903106689,9.96344470977783
20181025,12,-66,133,15000,13217.9599609375,220.399978637695,19.7030391693115,8.87142086029053
20181025,18,-66,133,15000,13259.8486328125,219.513473510742,22.2786540985107,9.33998775482178
20181026,0,-66,133,15000,13311.05859375,216.703460693359,24.8478374481201,10.8226633071899
20181026,6,-66,133,15000,13360.712890625,215.270843505859,24.7019729614258,12.4015188217163
20181026,12,-66,133,15000,13439.4208984375,210.329147338867,26.1204814910889,16.9750900268555
20181026,18,-66,133,15000,13504.830078125,209.467376708984,26.5160007476807,17.8873310089111
20181027,0,-66,133,15000,13476.375,212.938919067383,1.66156733036041,31.5532169342041
20181027,6,-66,133,15000,13372.291015625,221.600006103516,3.52544689178467,31.7799415588379
20181027,12,-66,133,15000,13283.9091796875,222.853363037109,8.38666248321533,23.8380508422852
20181027,18,-66,133,15000,13218.59765625,225.100006103516,9.93000507354736,17.6452827453613
20181028,0,-66,133,15000,13165.0126953125,225.600006103516,10.7200002670288,10.6436958312988
20181028,6,-66,133,15000,13127.896484375,224.499969482422,12.8536157608032,6.87860822677612
20181028,12,-66,133,15000,13107.162109375,223.399993896484,14.3928756713867,1.2952880859375
20181028,18,-66,133,15000,13106.4814453125,222.599975585938,17.287633895874,-3.31705069541931
20181029,0,-66,133,15000,13116.4873046875,222.399993896484,19.5455989837646,-6.81731939315796
20181029,6,-66,133,15000,13124.0791015625,222.899978637695,20.3844223022461,-8.2385835647583
20181029,12,-66,133,15000,13153.3759765625,222.099975585938,21.8916130065918,-10.5708885192871
20181029,18,-66,133,15000,13173.2177734375,221.699996948242,20.8641452789307,-9.08890628814697
20181030,0,-66,133,15000,13167.7099609375,222.300003051758,19.1594467163086,-8.52587890625
20181030,6,-66,133,15000,13152.486328125,222.219635009766,17.5306739807129,-7.66095685958862
20181030,12,-66,133,15000,13149.525390625,222.107467651367,17.4400119781494,-6.67971658706665
20181030,18,-66,133,15000,13143.318359375,222.399993896484,18.0380001068115,-5.10714340209961
20181031,0,-66,133,15000,13149.5654296875,222.514694213867,16.6871585845947,-5.96147966384888
20181031,6,-66,133,15000,13138.4873046875,222.499969482422,17.0233478546143,-4.16758298873901
20181031,12,-66,133,15000,13144.93359375,222.600006103516,15.6077852249146,-2.59078621864319
20181031,18,-66,133,15000,13140.49609375,222.800003051758,14.2200736999512,0.00367675791494548
20181101,0,-66,133,15000,13142.9697265625,222.800003051758,12.5238990783691,0.0520166009664536
20181101,6,-66,133,15000,13137.1953125,222.600006103516,11.6371736526489,2.12735342979431
20181101,12,-66,133,15000,13140.0634765625,222.675537109375,11.021671295166,2.82698726654053
20181101,18,-66,133,15000,13147.662109375,222.899993896484,12.3629894256592,4.13892555236816
20181102,0,-66,133,15000,13154.556640625,223.399993896484,13.0144262313843,6.08533668518066
20181102,6,-66,133,15000,13155.93359375,223.600006103516,13.3202514648438,8.31571292877197
20181102,12,-66,133,15000,13157.7041015625,223.600021362305,10.2677116394043,9.47220706939697
20181102,18,-66,133,15000,13153.0576171875,223.468307495117,10.030740737915,10.0128812789917
20181103,0,-66,133,15000,13140.875,223.5,10.3418369293213,9.60198211669922
20181103,6,-66,133,15000,13123.4013671875,223.600006103516,10.2223806381226,7.35647201538086
20181103,12,-66,133,15000,13112.150390625,224,10.0872583389282,4.17087650299072
20181103,18,-66,133,15000,13111.083984375,224.185302734375,12.4122018814087,4.10765647888184
20181104,0,-66,133,15000,13104.41796875,224.294525146484,13.8875980377197,1.69108402729034
20181104,6,-66,133,15000,13085.3720703125,223.600006103516,13.8082132339478,3.03117179870605
20181104,12,-66,133,15000,13078.2421875,223.20002746582,13.3550100326538,3.95074701309204
20181104,18,-66,133,15000,13044.15625,222.643600463867,12.7831420898438,3.50306630134583
20181105,0,-66,133,15000,13011.974609375,222.800003051758,9.04160499572754,3.79266357421875
20181105,6,-66,133,15000,12982.4140625,222.504104614258,7.92489242553711,3.00349116325378
20181105,12,-66,133,15000,12970.228515625,222.136383056641,4.84832763671875,1.84147214889526
20181105,18,-66,133,15000,12968.333984375,221.699996948242,3.71034669876099,-0.329187005758286
20181106,0,-66,133,15000,12985.34375,221.199996948242,2.58000254631042,-2.16990232467651
20181106,6,-66,133,15000,13006.1826171875,220.463653564453,2.67601561546326,-2.80904531478882
20181106,12,-66,133,15000,13041.009765625,219.990188598633,2.94569087028503,-2.2980272769928
20181106,18,-66,133,15000,13079.150390625,219.382858276367,4.47073745727539,-0.940285623073578
20181107,0,-66,133,15000,13121.2314453125,219.5,5.2154221534729,-0.822194814682007
20181107,6,-66,133,15000,13160.1337890625,219.100006103516,6.32307386398315,-0.982258319854736
20181107,12,-66,133,15000,13205.1640625,218.720489501953,7.31061744689941,-0.379328608512878
20181107,18,-66,133,15000,13230.419921875,218.96647644043,7.89293956756592,-0.738305687904358
20181108,0,-66,133,15000,13244.8408203125,219.100006103516,5.90334939956665,0.355341792106628
20181108,6,-66,133,15000,13242.8173828125,219.300003051758,3.30323004722595,1.05968260765076
20181108,12,-66,133,15000,13245.9951171875,219,1.86061036586761,0.81072998046875
20181108,18,-66,133,15000,13243.2451171875,218.600006103516,1.54193842411041,-0.267719715833664
20181109,0,-66,133,15000,13235.708984375,218.824462890625,1.48988771438599,-1.95020020008087
20181109,6,-66,133,15000,13217.9228515625,219.100006103516,1.88793337345123,-2.38235592842102
20181109,12,-66,133,15000,13202.4990234375,219.100006103516,2.47949576377869,-3.15545177459717
20181109,18,-66,133,15000,13191.8037109375,219.100006103516,3.69495368003845,-1.69418942928314
20181110,0,-66,133,15000,13184.333984375,218.899993896484,3.37159180641174,-2.27882814407349
20181110,6,-66,133,15000,13179.166015625,218.399993896484,4.08430433273315,-0.0792773440480232
20181110,12,-66,133,15000,13185.19140625,218.300003051758,3.96485590934753,0.226540520787239
20181110,18,-66,133,15000,13191.2373046875,217.800003051758,5.45277976989746,3.31193351745605
20181111,0,-66,133,15000,13188.7041015625,217.800003051758,4.18375253677368,5.56504154205322
20181111,6,-66,133,15000,13182.8037109375,217.5,5.13051271438599,8.4218168258667
20181111,12,-66,133,15000,13166.59765625,217.199996948242,6.12866926193237,8.58628177642822
20181111,18,-66,133,15000,13155.275390625,216.899993896484,7.50275373458862,8.78040027618408
20181112,0,-66,133,15000,13132.7958984375,216.300003051758,4.56464338302612,8.35187530517578
20181112,6,-66,133,15000,13110.26171875,215.399993896484,4.9039306640625,8.83060073852539
20181112,12,-66,133,15000,13091.2177734375,215.199996948242,3.79525399208069,7.55066394805908
20181112,18,-66,133,15000,13076.916015625,214.699996948242,3.95129084587097,6.89367055892944
20181113,0,-66,133,15000,13062.73828125,214.399993896484,3.84217381477356,7.34770202636719
20181113,6,-66,133,15000,13045.12890625,214.100006103516,4.46882343292236,5.9873046875
20181113,12,-66,133,15000,13027.9033203125,213.699996948242,3.76155400276184,5.92712688446045
20181113,18,-66,133,15000,13016.64453125,213.599975585938,5.74899005889893,7.21960735321045
20181114,0,-66,133,15000,12999.107421875,213.5,5.44894552230835,6.33215045928955
20181114,6,-66,133,15000,12979.2783203125,212.899993896484,5.60074472427368,7.93234539031982
20181114,12,-66,133,15000,12961.3583984375,212.800003051758,3.60366702079773,9.22961902618408
20181114,18,-66,133,15000,12934.91015625,212.699996948242,2.74500727653503,10.3116941452026
20181115,0,-66,133,15000,12911.9013671875,213.100006103516,2.30999994277954,10.964768409729
20181115,6,-66,133,15000,12887.677734375,213.199996948242,1.52234256267548,10.6187105178833
20181115,12,-66,133,15000,12884.271484375,213.300003051758,2.1215991973877,12.5141868591309
20181115,18,-66,133,15000,12879.7421875,213.5,2.84276366233826,12.5237865447998
20181116,0,-66,133,15000,12884.83984375,213.199996948242,4.55417728424072,14.609992980957
20181116,6,-66,133,15000,12910.048828125,212.918869018555,5.68962383270264,17.988130569458
20181116,12,-66,133,15000,12951.294921875,212.541961669922,3.69375252723694,19.3488616943359
20181116,18,-66,133,15000,12987.21484375,211.800933837891,-0.524084448814392,20.422290802002
20181117,0,-66,133,15000,12986.96484375,214.510009765625,-2.31413578987122,17.3076972961426
20181117,6,-66,133,15000,12983.349609375,216.5,-1.28085207939148,19.3824691772461
20181117,12,-66,133,15000,13003.9208984375,216.770843505859,0.130275875329971,19.8714542388916
20181117,18,-66,133,15000,13019.677734375,218.199996948242,3.02763676643372,17.982738494873
20181118,0,-66,133,15000,13029.5615234375,219,2.37079334259033,18.8868350982666
20181118,6,-66,133,15000,13038.3076171875,219.199996948242,4.36445045471191,20.8288230895996
20181118,12,-66,133,15000,13065.7724609375,218.399993896484,5.7835545539856,20.6522808074951
20181118,18,-66,133,15000,13103.96875,217,6.96714353561401,22.0387687683105
20181119,0,-66,133,15000,13146.0224609375,216.5,3.47658944129944,25.0067291259766
20181119,6,-66,133,15000,13167.541015625,215.592529296875,-0.737148463726044,29.0172843933105
20181119,12,-66,133,15000,13180.0146484375,215.300003051758,-5.44586896896362,29.9864387512207
20181119,18,-66,133,15000,13177.4609375,216.899978637695,-12.5299949645996,30.4917163848877
20181120,0,-66,133,15000,13164.2724609375,217.914703369141,-12.701491355896,31.9960174560547
20181120,6,-66,133,15000,13145.6416015625,217.346115112305,-14.704309463501,33.3323135375977
20181120,12,-66,133,15000,13127.875,216.300003051758,-13.8244438171387,32.3201293945313
20181120,18,-66,133,15000,13103.65234375,217.699996948242,-11.9453048706055,32.2855606079102
20181121,0,-66,133,15000,13090.93359375,219.199996948242,-8.63444137573242,28.9760246276855
20181121,6,-66,133,15000,13060.619140625,219.099975585938,-3.30999755859375,28.7845115661621
20181121,12,-66,133,15000,13053.5185546875,218.886444091797,2.62999272346497,31.0341949462891
20181121,18,-66,133,15000,13069.205078125,217.599975585938,9.7276029586792,30.6220207214355
20181122,0,-66,133,15000,13099.9423828125,214.499969482422,13.4192552566528,28.8018989562988
20181122,6,-66,133,15000,13143.318359375,211.44660949707,14.9166011810303,25.2846527099609
20181122,12,-66,133,15000,13170.267578125,213.099975585938,8.98674774169922,21.5112800598145
20181122,18,-66,133,15000,13184.6611328125,214.699996948242,12.9600028991699,20.3341255187988
20181123,0,-66,133,15000,13178.6533203125,217.099975585938,9.74715328216553,22.4095077514648
20181123,6,-66,133,15000,13166.875,217.499969482422,9.76333236694336,24.8122615814209
20181123,12,-66,133,15000,13169.58203125,215.093017578125,8.80000019073486,27.4845695495605
20181123,18,-66,133,15000,13177.4150390625,213.600006103516,6.49555397033691,27.5184421539307
20181124,0,-66,133,15000,13191.2236328125,212.800003051758,4.79222917556763,28.2904739379883
20181124,6,-66,133,15000,13209.6748046875,211.899993896484,5.3112645149231,23.2399921417236
20181124,12,-66,133,15000,13234.02734375,209.899978637695,4.3797607421875,19.5645904541016
20181124,18,-66,133,15000,13254.767578125,209.300003051758,3.36056399345398,16.4543228149414
20181125,0,-66,133,15000,13272.1708984375,207.399993896484,5.21902847290039,9.89351081848145
20181125,6,-66,133,15000,13281.8720703125,206.800003051758,1.77925539016724,7.8544921875
20181125,12,-66,133,15000,13288.45703125,206.899993896484,2.20864248275757,6.1382884979248
20181125,18,-66,133,15000,13282.57421875,207.300003051758,3.65301036834717,3.48256587982178
20181126,0,-66,133,15000,13269.1845703125,208.288055419922,5.21077156066895,3.38615727424622
20181126,6,-66,133,15000,13246.455078125,208.399993896484,5.86724853515625,1.9482079744339
20181126,12,-66,133,15000,13227.28125,209,6.06332778930664,-0.107167966663837
20181126,18,-66,133,15000,13213.3388671875,209.600006103516,8.82539749145508,-0.922971189022064
20181127,0,-66,133,15000,13193.5078125,209.500030517578,10.4557056427002,-0.830151379108429
20181127,6,-66,133,15000,13165.025390625,209.294723510742,12.3763723373413,-1.06788575649261
20181127,12,-66,133,15000,13141.1533203125,209.699996948242,12.8466844558716,-2.8124828338623
20181127,18,-66,133,15000,13113.78125,209.800003051758,13.1477146148682,-4.01729249954224
20181128,0,-66,133,15000,13088.1708984375,209.800003051758,13.0908279418945,-3.63722157478333
20181128,6,-66,133,15000,13060.869140625,209.787200927734,14.0920877456665,-4.7927393913269
20181128,12,-66,133,15000,13039.1591796875,210.747467041016,13.3846483230591,-6.97123527526855
20181128,18,-66,133,15000,13025.2275390625,211.600006103516,14.7992849349976,-7.68179941177368
20181129,0,-66,133,15000,13016.6611328125,211.5,15.3481302261353,-9.65212917327881
20181129,6,-66,133,15000,13005.4833984375,211.600006103516,15.3006076812744,-10.4362010955811
20181129,12,-66,133,15000,13002.548828125,210.872772216797,14.2917137145996,-12.1888208389282
20181129,18,-66,133,15000,12999.1748046875,210.800003051758,14.9291734695435,-13.0546951293945
20181130,0,-66,133,15000,13005.8173828125,210.931930541992,13.9175710678101,-13.672926902771
20181130,6,-66,133,15000,12994.8037109375,211.199996948242,14.6214685440063,-13.1670999526978
20181130,12,-66,133,15000,12987.41796875,211.434448242188,13.7168521881104,-13.3198289871216
20181130,18,-66,133,15000,12986.5185546875,211.300003051758,13.0593385696411,-12.7716550827026
20181201,0,-66,133,15000,12988.822265625,211.100006103516,12.1896858215332,-12.3833494186401
20181201,6,-66,133,15000,12986.630859375,211.199996948242,11.8433666229248,-10.0038871765137
20181201,12,-66,133,15000,12982.2958984375,211.5,12.2474069595337,-8.67447757720947
20181201,18,-66,133,15000,12972.0009765625,212.399993896484,13.787784576416,-7.34445333480835
20181202,0,-66,133,15000,12960.6376953125,213.100006103516,14.7640647888184,-7.19446039199829
20181202,6,-66,133,15000,12944.072265625,214.199996948242,15.1353311538696,-5.66833019256592
20181202,12,-66,133,15000,12932.0595703125,214.590408325195,15.1463232040405,-4.75666999816895
20181202,18,-66,133,15000,12915.8076171875,215.046478271484,16.1549949645996,-4.20295429229736
20181203,0,-66,133,15000,12906.0126953125,215.300003051758,15.8927135467529,-4.36156272888184
20181203,6,-66,133,15000,12896.55078125,215.165557861328,15.9178686141968,-3.00237798690796
20181203,12,-66,133,15000,12887.818359375,214.799850463867,15.9962015151978,-2.32083249092102
20181203,18,-66,133,15000,12885.5302734375,214.812789916992,16.5332050323486,0.465061038732529
20181204,0,-66,133,15000,12882.537109375,214.205535888672,15.2803602218628,2.54033207893372
20181204,6,-66,133,15000,12877.9521484375,214.001678466797,14.2608375549316,3.85357904434204
20181204,12,-66,133,15000,12883.5625,213.699996948242,13.8881788253784,5.11014175415039
20181204,18,-66,133,15000,12891.1826171875,214.30290222168,13.9875240325928,5.0372142791748
20181205,0,-66,133,15000,12908.8359375,215.273529052734,12.7874021530151,5.05405521392822
20181205,6,-66,133,15000,12925.1748046875,216.699996948242,12.7760744094849,5.20716571807861
20181205,12,-66,133,15000,12942.94921875,217.199996948242,11.0538749694824,6.47069358825684
20181205,18,-66,133,15000,12959.861328125,217.899993896484,11.2745923995972,8.0543851852417
20181206,0,-66,133,15000,12974.8447265625,218.699996948242,9.20130825042725,7.41321277618408
20181206,6,-66,133,15000,12983.7666015625,218.985961914063,9.78502941131592,8.31749534606934
20181206,12,-66,133,15000,12996.0859375,218.899993896484,8.09300804138184,8.9469575881958
20181206,18,-66,133,15000,12999.69921875,219.096237182617,9.0667142868042,11.6173048019409
20181207,0,-66,133,15000,12998.1328125,218.518951416016,7.82316875457764,13.8810720443726
20181207,6,-66,133,15000,12981.1513671875,218.29997253418,10.5914134979248,16.8482131958008
20181207,12,-66,133,15000,12970.00390625,216.584915161133,9.9127836227417,18.5538921356201
20181207,18,-66,133,15000,12946.6748046875,215.690521240234,10.3528366088867,21.2161693572998
20181208,0,-66,133,15000,12921.1884765625,213.941360473633,11.100754737854,21.7220516204834
20181208,6,-66,133,15000,12889.7333984375,211.600006103516,5.5914306640625,23.2665176391602
20181208,12,-66,133,15000,12865.15625,209.228637695313,8.0818452835083,20.7518844604492
20181208,18,-66,133,15000,12853.21484375,207.900024414063,6.64179706573486,18.7023124694824
20181209,0,-66,133,15000,12841.076171875,207.699996948242,5.65058326721191,17.5366878509521
20181209,6,-66,133,15000,12835.3125,207.600006103516,3.07401371002197,16.5190486907959
20181209,12,-66,133,15000,12818.474609375,208.300003051758,2.68564701080322,16.5701293945313
20181209,18,-66,133,15000,12814.759765625,208.800003051758,3.30594229698181,13.7442770004272
20181210,0,-66,133,15000,12819.7099609375,209.043899536133,4.27861833572388,14.5098628997803
20181210,6,-66,133,15000,12818.4658203125,209,2.20707035064697,12.6288919448853
20181210,12,-66,133,15000,12823.7451171875,208,1.45737612247467,15.1734437942505
20181210,18,-66,133,15000,12822.4140625,207.699996948242,-1.00120854377747,14.1237363815308
20181211,0,-66,133,15000,12818.017578125,208.259963989258,-6.55997943878174,9.30010032653809
20181211,6,-66,133,15000,12814.431640625,208.600021362305,-5.70444822311401,7.48250007629395
20181211,12,-66,133,15000,12823.2861328125,207.908935546875,-7.35999774932861,5.75393056869507
20181211,18,-66,133,15000,12810.3173828125,207.853591918945,-11.9190378189087,1.37968993186951
20181212,0,-66,133,15000,12801.0810546875,209.699996948242,-7.12638664245605,-1.75950193405151
20181212,6,-66,133,15000,12790.5322265625,210,-4.72833013534546,-1.71523439884186
20181212,12,-66,133,15000,12810.7158203125,210.400146484375,-3.16256093978882,0.835654318332672
20181212,18,-66,133,15000,12844.93359375,210.5,-0.895844697952271,-0.234575197100639
20181213,0,-66,133,15000,12870.4013671875,210.699996948242,0.307297348976135,0.228251948952675
20181213,6,-66,133,15000,12882.962890625,210.998077392578,-0.60003662109375,-1.32892084121704
20181213,12,-66,133,15000,12903.1796875,211.5,-1.13999998569489,-3.0275342464447
20181213,18,-66,133,15000,12917.537109375,212.150833129883,-2.79605960845947,-5.1986083984375
20181214,0,-66,133,15000,12936.4921875,213.299240112305,-2.94000005722046,-8.45068836212158
20181214,6,-66,133,15000,12956.0439453125,213.699996948242,-1.66821050643921,-8.5994234085083
20181214,12,-66,133,15000,12985.349609375,214.556396484375,-1.20230221748352,-8.74166488647461
20181214,18,-66,133,15000,13003.6953125,214.996246337891,1.66000735759735,-7.96229267120361
20181215,0,-66,133,15000,13020.12109375,215.399993896484,1.74840581417084,-8.59695053100586
20181215,6,-66,133,15000,13017.5166015625,215.558029174805,3.3627758026123,-6.60149908065796
20181215,12,-66,133,15000,13023.15625,216.100006103516,4.75001239776611,-6.99599361419678
20181215,18,-66,133,15000,13017.943359375,216.899993896484,5.31000471115112,-7.0302906036377
20181216,0,-66,133,15000,13025.62890625,217.800003051758,6.26206064224243,-7.01662349700928
20181216,6,-66,133,15000,13029.4521484375,217.800003051758,5.90003681182861,-5.85815906524658
20181216,12,-66,133,15000,13033.28515625,217.800003051758,5.46916246414185,-4.89338397979736
20181216,18,-66,133,15000,13025.4189453125,217.836624145508,5.93876457214355,-3.0542528629303
20181217,0,-66,133,15000,13017.9990234375,217.080810546875,6.1688084602356,-0.651401340961456
20181217,6,-66,133,15000,13002.9716796875,216.419158935547,5.6156177520752,0.414409190416336
20181217,12,-66,133,15000,12994.4677734375,216,6.38653802871704,-1.30652344226837
20181217,18,-66,133,15000,12999.826171875,215.800003051758,8.3998384475708,-3.40590333938599
20181218,0,-66,133,15000,13022.384765625,215.033248901367,11.0475540161133,-3.93265128135681
20181218,6,-66,133,15000,13040.7177734375,214.435760498047,13.189977645874,-2.79411125183105
20181218,12,-66,133,15000,13063.943359375,213.800003051758,15.0608882904053,-0.716840803623199
