20180720,0,-88,-164,15000,13602.6865234375,231.614303588867,8.2011137008667,2.12316417694092
20180720,6,-88,-164,15000,13585.9287109375,231.899993896484,7.19833517074585,3.43499994277954
20180720,12,-88,-164,15000,13573.0654296875,232.397216796875,6.7319483757019,3.93829584121704
20180720,18,-88,-164,15000,13559.4951171875,232.989990234375,7.42889165878296,2.39578366279602
20180721,0,-88,-164,15000,13555.8349609375,233,6.53000020980835,1.83154785633087
20180721,6,-88,-164,15000,13555.4208984375,232.417236328125,6.83278322219849,2.03260731697083
20180721,12,-88,-164,15000,13565.0009765625,232,7.02999496459961,2.54891848564148
20180721,18,-88,-164,15000,13569.4560546875,231.762496948242,8.53444862365723,2.23753905296326
20180722,0,-88,-164,15000,13581.177734375,231.5,7.90273427963257,2.65183115005493
20180722,6,-88,-164,15000,13588.34765625,231.199996948242,6.99805641174316,4.33060073852539
20180722,12,-88,-164,15000,13595.8828125,230.824462890625,7.13122081756592,5.45512199401855
20180722,18,-88,-164,15000,13602.548828125,230.885330200195,7.50313472747803,5.21061515808105
20180723,0,-88,-164,15000,13606.302734375,230.931686401367,6.49938726425171,5.04142093658447
20180723,6,-88,-164,15000,13607.1416015625,230.899978637695,5.59805679321289,4.97768783569336
20180723,12,-88,-164,15000,13612.458984375,230.699996948242,6.13064432144165,6.13766860961914
20180723,18,-88,-164,15000,13615.47265625,230.699996948242,6.43557596206665,5.38644552230835
20180724,0,-88,-164,15000,13614.521484375,230.399993896484,6.1315598487854,6.24695777893066
20180724,6,-88,-164,15000,13616.3779296875,230.631683349609,4.80265617370605,7.02487325668335
20180724,12,-88,-164,15000,13621.43359375,230.578079223633,4.09864521026611,8.16615200042725
20180724,18,-88,-164,15000,13621.986328125,230.600006103516,3.00195074081421,7.3462061882019
20180725,0,-88,-164,15000,13623.8359375,230.600006103516,1.8029443025589,6.63203620910645
20180725,6,-88,-164,15000,13627.8623046875,230.600006103516,0.398984372615814,7.2103271484375
20180725,12,-88,-164,15000,13635.6572265625,230.81282043457,0.535000026226044,6.04194593429565
20180725,18,-88,-164,15000,13633.3447265625,230.882766723633,0.197915032505989,5.80949211120605
20180726,0,-88,-164,15000,13631.0908203125,231.363647460938,-0.30330565571785,4.89467525482178
20180726,6,-88,-164,15000,13620.8525390625,232,-1.47190427780151,5.60729026794434
20180726,12,-88,-164,15000,13611.2646484375,232.629150390625,-0.895932614803314,5.35372543334961
20180726,18,-88,-164,15000,13597.67578125,233.058807373047,-0.367751479148865,4.63883781433105
20180727,0,-88,-164,15000,13589.056640625,233.624465942383,-0.266108393669128,3.6003246307373
20180727,6,-88,-164,15000,13574.947265625,233.899993896484,0.433417975902557,3.55142831802368
20180727,12,-88,-164,15000,13577.4013671875,234.100006103516,1.53415524959564,3.70894527435303
20180727,18,-88,-164,15000,13577.0859375,234.088577270508,3.0347216129303,2.35313725471497
20180728,0,-88,-164,15000,13580.9873046875,234.114700317383,3.59471678733826,2.25028562545776
20180728,6,-88,-164,15000,13586.025390625,233.985305786133,3.86029052734375,2.44199705123901
20180728,12,-88,-164,15000,13597.5302734375,233.600006103516,5.39901351928711,2.84616208076477
20180728,18,-88,-164,15000,13599.5927734375,233.5,5.99554920196533,1.47815430164337
20180729,0,-88,-164,15000,13604.2333984375,233.300003051758,6.72974109649658,0.578730463981628
20180729,6,-88,-164,15000,13600.3095703125,233.568313598633,6.5008373260498,0.431525886058807
20180729,12,-88,-164,15000,13602.419921875,234.099975585938,7.30000972747803,-0.606921374797821
20180729,18,-88,-164,15000,13599.875,233.899978637695,7.6922459602356,-2.92650151252747
20180730,0,-88,-164,15000,13605.3798828125,233.699981689453,6.89644527435303,-4.91515636444092
20180730,6,-88,-164,15000,13617.5751953125,232.899993896484,7.59359359741211,-5.26470708847046
20180730,12,-88,-164,15000,13636.48046875,232.5,8.99329090118408,-3.59906983375549
20180730,18,-88,-164,15000,13644.236328125,232.300003051758,10.3961086273193,-3.18922352790833
20180731,0,-88,-164,15000,13653.326171875,232.548919677734,9.93000507354736,-3.05006098747253
20180731,6,-88,-164,15000,13671.5673828125,231.899993896484,10.3636569976807,-3.67863273620605
20180731,12,-88,-164,15000,13708.8583984375,230.899993896484,11.560019493103,-3.07119131088257
20180731,18,-88,-164,15000,13747.78515625,229.5,11.1326856613159,-3.8532030582428
20180801,0,-88,-164,15000,13778.875,228.461456298828,9.43004894256592,-3.25559091567993
20180801,6,-88,-164,15000,13805.54296875,227.699996948242,8.33250045776367,-2.28176259994507
20180801,12,-88,-164,15000,13830.8427734375,227.199996948242,7.43676280975342,0.136835932731628
20180801,18,-88,-164,15000,13850.4775390625,226.699981689453,7.93574237823486,-0.547807633876801
20180802,0,-88,-164,15000,13864.1904296875,226.300003051758,6.86947774887085,0.305251479148865
20180802,6,-88,-164,15000,13871.927734375,226,5.57168436050415,0.689418971538544
20180802,12,-88,-164,15000,13881.576171875,225.899993896484,4.8672776222229,0.667631864547729
20180802,18,-88,-164,15000,13881.39453125,225.5,3.67097163200378,0.415456533432007
20180803,0,-88,-164,15000,13877.41015625,225.800003051758,2.00223398208618,0.198032230138779
20180803,6,-88,-164,15000,13863.837890625,225.800003051758,-0.830004870891571,0.787333965301514
20180803,12,-88,-164,15000,13852.4208984375,226.300003051758,-1.80399417877197,1.30402100086212
20180803,18,-88,-164,15000,13833.62890625,226.800003051758,-2.90083003044128,0.823452174663544
20180804,0,-88,-164,15000,13816.8134765625,227.100006103516,-4.20282697677612,0.530031740665436
20180804,6,-88,-164,15000,13795.919921875,227.399993896484,-5.20222187042236,1.24010252952576
20180804,12,-88,-164,15000,13787.3173828125,227.600006103516,-4.00166511535645,3.01610589027405
20180804,18,-88,-164,15000,13777.6162109375,227.399993896484,-2.89999508857727,3.57657718658447
20180805,0,-88,-164,15000,13774.7275390625,227.100006103516,-2.8953857421875,4.44622564315796
20180805,6,-88,-164,15000,13767.1396484375,226.800003051758,-2.49999022483826,4.5973219871521
20180805,12,-88,-164,15000,13766.55859375,226.707473754883,-1.20219242572784,4.91748285293579
20180805,18,-88,-164,15000,13754.1640625,226.699981689453,-0.00107421877328306,3.54584956169128
20180806,0,-88,-164,15000,13750.681640625,226.606979370117,-0.129990234971046,3.12520503997803
20180806,6,-88,-164,15000,13741.6162109375,226.300003051758,-0.629999995231628,1.72469973564148
20180806,12,-88,-164,15000,13741.7490234375,226.414260864258,0.140029296278954,1.74002683162689
20180806,18,-88,-164,15000,13731.4375,226.199996948242,-0.833349585533142,-0.563779294490814
20180807,0,-88,-164,15000,13723.587890625,226.521926879883,-2.6294629573822,-0.536076664924622
20180807,6,-88,-164,15000,13710.8310546875,227,-4.63418960571289,0.733630359172821
20180807,12,-88,-164,15000,13701.912109375,227.600006103516,-4.13500261306763,3.47996091842651
20180807,18,-88,-164,15000,13689.619140625,227.699996948242,-3.69587159156799,4.45132064819336
20180808,0,-88,-164,15000,13676.8251953125,227.86669921875,-3.89999270439148,3.9894847869873
20180808,6,-88,-164,15000,13653.76953125,228.899993896484,-4.7700047492981,3.3589038848877
20180808,12,-88,-164,15000,13642.994140625,229.79997253418,-3.16727542877197,3.98660159111023
20180808,18,-88,-164,15000,13635.232421875,229.79997253418,-1.80144536495209,2.73335933685303
20180809,0,-88,-164,15000,13631.0361328125,229.800247192383,-1.19832515716553,2.39122557640076
20180809,6,-88,-164,15000,13627.7666015625,229.600006103516,-1.29555177688599,3.07330799102783
20180809,12,-88,-164,15000,13633.5,229.5,-0.395644545555115,2.96414804458618
20180809,18,-88,-164,15000,13634.775390625,229.506988525391,0.164731442928314,3.07894539833069
20180810,0,-88,-164,15000,13641.8896484375,229.199996948242,0.271796882152557,3.0900342464447
20180810,6,-88,-164,15000,13639.244140625,229.100006103516,0.502275407314301,4.41292238235474
20180810,12,-88,-164,15000,13643.0927734375,229.036376953125,1.40379881858826,4.84479999542236
20180810,18,-88,-164,15000,13643.0185546875,229.199996948242,2.19768071174622,3.91605949401855
20180811,0,-88,-164,15000,13644.08203125,229.300003051758,2.42995595932007,4.21671390533447
20180811,6,-88,-164,15000,13632.6416015625,229.300003051758,2.93250966072083,5.19032001495361
20180811,12,-88,-164,15000,13634.2724609375,229.100006103516,3.93157720565796,4.41041278839111
20180811,18,-88,-164,15000,13635.798828125,228.787200927734,4.49675798416138,3.17834234237671
20180812,0,-88,-164,15000,13635.505859375,228.518310546875,3.59649419784546,1.98029780387878
20180812,6,-88,-164,15000,13633.478515625,228.176422119141,2.90000009536743,1.95015871524811
20180812,12,-88,-164,15000,13641.4072265625,227.899993896484,3.8019483089447,1.6583594083786
20180812,18,-88,-164,15000,13645.044921875,227.599975585938,4.50000476837158,0.8026123046875
20180813,0,-88,-164,15000,13644.25,227.468307495117,3.10135746002197,1.03629887104034
20180813,6,-88,-164,15000,13644.5341796875,227.300003051758,2.77158212661743,1.34905278682709
20180813,12,-88,-164,15000,13643.94140625,227.199981689453,3.49667477607727,2.44210195541382
20180813,18,-88,-164,15000,13638.7783203125,227.600006103516,2.89664053916931,1.58466303348541
20180814,0,-88,-164,15000,13624.3515625,228,3.12963390350342,0.483593761920929
20180814,6,-88,-164,15000,13607.51953125,228.300003051758,2.29612302780151,0.736743152141571
20180814,12,-88,-164,15000,13592.7978515625,228.699996948242,3.52961921691895,0.0599951185286045
20180814,18,-88,-164,15000,13574.3212890625,228.79997253418,4.72712898254395,-1.18784666061401
20180815,0,-88,-164,15000,13566.6083984375,228.46337890625,3.93436527252197,-2.59059572219849
20180815,6,-88,-164,15000,13559.9365234375,227.999969482422,3.80228018760681,-1.98895752429962
20180815,12,-88,-164,15000,13566.5927734375,227.300003051758,4.40122079849243,-0.666281759738922
20180815,18,-88,-164,15000,13567.87109375,227,4.30000019073486,0.336938470602036
20180816,0,-88,-164,15000,13565.994140625,226.800003051758,4.26999998092651,1.84671878814697
20180816,6,-88,-164,15000,13564.294921875,226.739791870117,4.20487785339355,3.19757080078125
20180816,12,-88,-164,15000,13562.36328125,227,5.13462400436401,4.74365472793579
20180816,18,-88,-164,15000,13554.0859375,227,5.13333511352539,4.43343257904053
20180817,0,-88,-164,15000,13546.8935546875,227.261077880859,4.9000096321106,5.13508796691895
20180817,6,-88,-164,15000,13536.5498046875,227.800003051758,3.80000495910645,7.12466287612915
20180817,12,-88,-164,15000,13534.0341796875,228.699996948242,3.79999995231628,7.19454574584961
20180817,18,-88,-164,15000,13527.142578125,229.129150390625,4.63445091247559,6.54381370544434
20180818,0,-88,-164,15000,13526.81640625,229.199996948242,4.12919902801514,6.4419994354248
20180818,6,-88,-164,15000,13523.673828125,229.100006103516,3.89750480651855,6.4582839012146
20180818,12,-88,-164,15000,13529.7900390625,228.5,4.39750480651855,7.23908424377441
20180818,18,-88,-164,15000,13531.8251953125,228.199752807617,3.70390129089355,6.05389881134033
20180819,0,-88,-164,15000,13534.87890625,227.799758911133,3.53361821174622,7.41396951675415
20180819,6,-88,-164,15000,13531.4208984375,227.399993896484,1.50288569927216,7.3988938331604
20180819,12,-88,-164,15000,13537.4453125,227.699752807617,0.600004911422729,6.41547107696533
20180819,18,-88,-164,15000,13538.5791015625,227.699996948242,0.768139660358429,5.15364265441895
20180820,0,-88,-164,15000,13538.9140625,227.507476806641,0.465244144201279,3.69323492050171
20180820,6,-88,-164,15000,13539.1845703125,227.300003051758,-0.29532715678215,4.09196281433105
20180820,12,-88,-164,15000,13548.7490234375,227.29997253418,0.265595704317093,2.92489504814148
20180820,18,-88,-164,15000,13549.1201171875,227.600006103516,0.30000975728035,1.66232907772064
20180821,0,-88,-164,15000,13545.369140625,228.300003051758,-1.46889162063599,0.884414076805115
20180821,6,-88,-164,15000,13535.412109375,229.199996948242,-2.37191414833069,1.59593749046326
20180821,12,-88,-164,15000,13530.0625,229.899993896484,-2.86916494369507,3.50521492958069
20180821,18,-88,-164,15000,13515.833984375,230.400024414063,-3.7700023651123,3.86158204078674
20180822,0,-88,-164,15000,13508.7578125,230.736373901367,-4.96999502182007,4.51682376861572
20180822,6,-88,-164,15000,13504.0224609375,231.036376953125,-5.67000007629395,5.65323257446289
20180822,12,-88,-164,15000,13502.6796875,231.5,-4.46439933776855,5.24404764175415
20180822,18,-88,-164,15000,13496.4775390625,231.670852661133,-3.40471196174622,4.94445323944092
20180823,0,-88,-164,15000,13496.2421875,231.899993896484,-4.4702296257019,4.57865715026855
20180823,6,-88,-164,15000,13490.6083984375,231.613357543945,-3.26796865463257,5.53407001495361
20180823,12,-88,-164,15000,13499.7490234375,230.978073120117,-1.99998533725739,6.81382083892822
20180823,18,-88,-164,15000,13503.41015625,230.600006103516,-0.798881828784943,6.24204349517822
20180824,0,-88,-164,15000,13512.81640625,230.099975585938,-0.769990205764771,6.87826919555664
20180824,6,-88,-164,15000,13519.5712890625,229.600006103516,-1.20222651958466,7.99249029159546
20180824,12,-88,-164,15000,13525.4775390625,229.5,-0.803300797939301,8.69742679595947
20180824,18,-88,-164,15000,13517.2041015625,229.5,-0.5018310546875,8.08386707305908
20180825,0,-88,-164,15000,13508.4990234375,229.800003051758,-1.39730954170227,7.52413558959961
20180825,6,-88,-164,15000,13487.5361328125,230.199981689453,-1.59776365756989,8.16162586212158
20180825,12,-88,-164,15000,13476.0126953125,230.699996948242,-1.36834955215454,8.93701934814453
20180825,18,-88,-164,15000,13460.5224609375,230.699996948242,-0.4647216796875,7.90064191818237
20180826,0,-88,-164,15000,13450.2763671875,230.5,-0.870556652545929,8.15697956085205
20180826,6,-88,-164,15000,13437.8720703125,230.300003051758,-1.1711083650589,8.69711208343506
20180826,12,-88,-164,15000,13434.5341796875,230.506988525391,-0.997539043426514,9.65584182739258
20180826,18,-88,-164,15000,13419.9658203125,230.600006103516,-1.36887693405151,9.07362079620361
20180827,0,-88,-164,15000,13405.1083984375,230.699996948242,-1.96769046783447,9.42397975921631
20180827,6,-88,-164,15000,13385.1123046875,230.999969482422,-2.1699903011322,9.54976081848145
20180827,12,-88,-164,15000,13369.5615234375,231.314697265625,-1.46471190452576,9.07265853881836
20180827,18,-88,-164,15000,13348.697265625,231.5,-0.271943360567093,7.63817405700684
20180828,0,-88,-164,15000,13335.056640625,231.79997253418,-0.0344628915190697,6.58081531524658
20180828,6,-88,-164,15000,13321.9599609375,232,1.32854008674622,6.27861309051514
20180828,12,-88,-164,15000,13321.50390625,231.699996948242,2.2299976348877,6.24560308456421
20180828,18,-88,-164,15000,13314.0234375,231.399993896484,3.13497304916382,4.90644788742065
20180829,0,-88,-164,15000,13316.318359375,231.199981689453,2.92990469932556,4.14658451080322
20180829,6,-88,-164,15000,13310.53125,231.139404296875,3.40392088890076,4.63697528839111
20180829,12,-88,-164,15000,13312.986328125,230.899993896484,3.69967293739319,5.45148420333862
20180829,18,-88,-164,15000,13309.5322265625,230.5,4.560791015625,5.04513692855835
20180830,0,-88,-164,15000,13312.52734375,230.199996948242,5.06464862823486,4.94081544876099
20180830,6,-88,-164,15000,13308.6083984375,229.79997253418,5.6667160987854,5.7715744972229
20180830,12,-88,-164,15000,13315.9541015625,229.682769775391,6.96634769439697,6.77081298828125
20180830,18,-88,-164,15000,13318.2451171875,229.199981689453,8.0600004196167,6.50579595565796
20180831,0,-88,-164,15000,13322.5966796875,228.687942504883,7.33000230789185,6.58396005630493
20180831,6,-88,-164,15000,13317.666015625,228.559234619141,5.59555196762085,5.96516370773315
20180831,12,-88,-164,15000,13317.1015625,228.811187744141,5.03662109375,4.83046388626099
20180831,18,-88,-164,15000,13318.638671875,229.020950317383,5.50205087661743,2.01643562316895
20180901,0,-88,-164,15000,13324.3623046875,228.79997253418,6.63277816772461,0.934455573558807
20180901,6,-88,-164,15000,13331.29296875,228.600006103516,8.43000030517578,1.40781247615814
20180901,12,-88,-164,15000,13344.30078125,228.899993896484,10.8600101470947,1.48109376430511
20180901,18,-88,-164,15000,13350.5771484375,229.100006103516,13.6922216415405,0.831699192523956
20180902,0,-88,-164,15000,13355.1845703125,228.800003051758,11.3994626998901,0.207687988877296
20180902,6,-88,-164,15000,13355.6298828125,228.399993896484,11.1619091033936,0.621821284294128
20180902,12,-88,-164,15000,13360.40234375,228.399993896484,9.76555156707764,1.01903319358826
20180902,18,-88,-164,15000,13354.16796875,228.399993896484,9.26062488555908,-0.195639654994011
20180903,0,-88,-164,15000,13344.6279296875,228.600006103516,6.93047857284546,-0.344956040382385
20180903,6,-88,-164,15000,13327.86328125,228.899993896484,6.1600022315979,-0.691276848316193
20180903,12,-88,-164,15000,13318.22265625,229,5.49664068222046,-0.705202639102936
20180903,18,-88,-164,15000,13301.9716796875,228.899993896484,4.69445085525513,-2.36165285110474
20180904,0,-88,-164,15000,13291.0634765625,228.5,3.16216564178467,-3.51969480514526
20180904,6,-88,-164,15000,13278.8671875,228.399978637695,3.76486825942993,-4.29574966430664
20180904,12,-88,-164,15000,13282.951171875,228.5,4.82917499542236,-4.46877193450928
20180904,18,-88,-164,15000,13283.150390625,228.29997253418,5.0633544921875,-6.36180400848389
20180905,0,-88,-164,15000,13284.580078125,228.300003051758,5.26186037063599,-5.13583517074585
20180905,6,-88,-164,15000,13283.818359375,228.300003051758,4.93496561050415,-4.40333986282349
20180905,12,-88,-164,15000,13284.4248046875,228.5,5.73343276977539,-3.53505849838257
20180905,18,-88,-164,15000,13280.4091796875,228.899993896484,5.697509765625,-3.63245105743408
20180906,0,-88,-164,15000,13278.166015625,229.300048828125,5.06000995635986,-3.71791982650757
20180906,6,-88,-164,15000,13276.775390625,229.699996948242,4.26000499725342,-3.14035892486572
20180906,12,-88,-164,15000,13285.7763671875,229.719436645508,3.80114006996155,-3.42908191680908
20180906,18,-88,-164,15000,13291.3359375,229.800003051758,3.4644775390625,-3.99445056915283
20180907,0,-88,-164,15000,13295.6640625,229.794219970703,2.16112303733826,-4.65818119049072
20180907,6,-88,-164,15000,13299.853515625,229.5,2.40125966072083,-4.31656980514526
20180907,12,-88,-164,15000,13302.05859375,229.399993896484,3.60082530975342,-4.24055671691895
20180907,18,-88,-164,15000,13305.4052734375,229.199996948242,5.23167991638184,-4.57259273529053
20180908,0,-88,-164,15000,13311.4423828125,229.199981689453,5.33168935775757,-4.55464363098145
20180908,6,-88,-164,15000,13321.4990234375,228.899993896484,6.43000984191895,-3.7939989566803
20180908,12,-88,-164,15000,13335.0791015625,228.699981689453,7.90112066268921,-2.64001226425171
20180908,18,-88,-164,15000,13343.1923828125,228.599975585938,9.19251441955566,-2.4292163848877
20180909,0,-88,-164,15000,13347.333984375,228.699981689453,9.09681129455566,-1.23860597610474
20180909,6,-88,-164,15000,13346.6171875,229,9.1936616897583,-0.00315917958505452
20180909,12,-88,-164,15000,13355.3359375,229.300003051758,9.7610330581665,0.192731931805611
20180909,18,-88,-164,15000,13370.318359375,229,9.16002178192139,-0.402045905590057
20180910,0,-88,-164,15000,13385.076171875,228.699996948242,8.30001449584961,-1.53335452079773
20180910,6,-88,-164,15000,13400.8798828125,228.061080932617,7.29778099060059,-1.58618402481079
20180910,12,-88,-164,15000,13425.0458984375,227.699996948242,7.20099830627441,-2.2565233707428
20180910,18,-88,-164,15000,13443.6591796875,227.199996948242,6.86601543426514,-3.40893316268921
20180911,0,-88,-164,15000,13463.173828125,226.738922119141,4.66002464294434,-3.89742422103882
20180911,6,-88,-164,15000,13473.912109375,225.800003051758,2.49801754951477,-4.44835948944092
20180911,12,-88,-164,15000,13489.9736328125,225.300003051758,1.10001468658447,-4.5496997833252
20180911,18,-88,-164,15000,13497.7001953125,224.427734375,-1.03943359851837,-4.51348876953125
20180912,0,-88,-164,15000,13505.9921875,223.746612548828,-2.66471195220947,-4.40246105194092
20180912,6,-88,-164,15000,13496.5498046875,223.291015625,-3.20471429824829,-5.13113260269165
20180912,12,-88,-164,15000,13489.4677734375,224.046142578125,-2.77228999137878,-5.8362717628479
20180912,18,-88,-164,15000,13468.9873046875,225.027542114258,-3.66576409339905,-6.61335182189941
20180913,0,-88,-164,15000,13448.48046875,226.231689453125,-4.83390378952026,-8.2577486038208
20180913,6,-88,-164,15000,13421.5361328125,226.921920776367,-6.41421890258789,-6.94356441497803
20180913,12,-88,-164,15000,13403.4736328125,227.599975585938,-7.07633781433105,-5.94007301330566
20180913,18,-88,-164,15000,13376.8935546875,228.199996948242,-7.87043714523315,-5.98551750183105
20180914,12,-88,-164,15000,13309.2939453125,230.002487182617,-9.30501461029053,0.195971682667732
20180914,18,-88,-164,15000,13294.4814453125,229.800003051758,-9.19585227966309,1.96082520484924
20180915,0,-88,-164,15000,13293.0986328125,229.600006103516,-9.79998779296875,3.73241949081421
20180915,6,-88,-164,15000,13287.18359375,229.800003051758,-9.70296669006348,6.4445652961731
20180915,12,-88,-164,15000,13290.9716796875,229.29997253418,-7.70580816268921,9.61296653747559
20180915,18,-88,-164,15000,13298.6923828125,228.431686401367,-5.80009031295776,10.8736934661865
20180916,0,-88,-164,15000,13319.708984375,227.08528137207,-4.96741437911987,10.9140892028809
20180916,12,-88,-164,15000,13364.728515625,225.338912963867,-3.08739018440247,10.6525096893311
20180916,18,-88,-164,15000,13377.5302734375,224.800003051758,-3.35630130767822,8.04274940490723
20180917,0,-88,-164,15000,13384.875,224.300003051758,-2.77916264533997,6.18784427642822
20180917,6,-88,-164,15000,13385.8388671875,224.399993896484,-3.7424852848053,4.47219467163086
20180917,12,-88,-164,15000,13386.9599609375,224.600006103516,-2.80648922920227,3.50929927825928
20180917,18,-88,-164,15000,13382.3046875,224.699981689453,-2.63594722747803,2.95841312408447
20180918,0,-88,-164,15000,13380.95703125,224.699981689453,-3.97086906433105,2.33382081985474
20180918,6,-88,-164,15000,13380.0576171875,224.899993896484,-4.05622816085815,2.35276126861572
20180918,12,-88,-164,15000,13380.71484375,225,-3.80675053596497,2.82455801963806
20180918,18,-88,-164,15000,13381.2509765625,224.899993896484,-3.83409667015076,1.76252925395966
20180919,0,-88,-164,15000,13376.9208984375,224.836349487305,-4.70444583892822,1.83537840843201
20180919,6,-88,-164,15000,13367.443359375,224.899993896484,-5.10344982147217,1.59867918491364
20180919,12,-88,-164,15000,13356.28125,225.220169067383,-4.50685548782349,1.85768795013428
20180919,18,-88,-164,15000,13343.3046875,225.403228759766,-4.4002685546875,1.02257084846497
20180920,0,-88,-164,15000,13327.0234375,225.555053710938,-4.50501441955566,0.884250462055206
20180920,6,-88,-164,15000,13310.14453125,225.800003051758,-3.60030770301819,1.29186773300171
20180920,12,-88,-164,15000,13300.0166015625,225.900024414063,-2.00164794921875,1.75209474563599
20180920,18,-88,-164,15000,13285.5048828125,225.899993896484,-1.23034906387329,1.05626952648163
20180921,0,-88,-164,15000,13273.98046875,226.199996948242,-0.471667468547821,0.575080573558807
20180921,6,-88,-164,15000,13254.8525390625,226.524459838867,0.40079590678215,1.31113278865814
20180921,12,-88,-164,15000,13250.888671875,226.818893432617,1.76321291923523,1.77113032341003
20180921,18,-88,-164,15000,13238.4462890625,227,2.49585199356079,2.07329106330872
20180922,0,-88,-164,15000,13232.1953125,227.224456787109,2.52749991416931,2.99717783927917
20180922,6,-88,-164,15000,13223.4462890625,227.378082275391,3.08455085754395,4.62244606018066
20180922,12,-88,-164,15000,13226.8349609375,227.5,4.52920913696289,6.30097913742065
20180922,18,-88,-164,15000,13220.509765625,227.199996948242,5.65421152114868,6.08017826080322
20180923,0,-88,-164,15000,13222.048828125,226.800003051758,5.15812969207764,7.1454906463623
20180923,6,-88,-164,15000,13218.8740234375,226.600006103516,5.8470630645752,8.10980701446533
20180923,12,-88,-164,15000,13232.384765625,225.699996948242,7.20210933685303,10.2341384887695
20180923,18,-88,-164,15000,13240.9423828125,224.399993896484,7.79068374633789,10.5620899200439
20180924,0,-88,-164,15000,13253.59375,223.300003051758,6.90693855285645,13.4734964370728
20180924,6,-88,-164,15000,13257.1787109375,223.199996948242,3.91963624954224,14.5882883071899
20180924,12,-88,-164,15000,13262.2109375,224.5,0.813251972198486,16.2315921783447
20180924,18,-88,-164,15000,13252.4326171875,224.489990234375,-1.32916259765625,14.4852342605591
20180925,0,-88,-164,15000,13244.7900390625,224.708160400391,-4.22103261947632,14.3888378143311
20180925,6,-88,-164,15000,13220.2509765625,226.100006103516,-7.27402114868164,14.032790184021
20180925,12,-88,-164,15000,13204.962890625,227,-5.1547999382019,15.2087135314941
20180925,18,-88,-164,15000,13191.7578125,226.300003051758,-7.11587905883789,13.5727348327637
20180926,0,-88,-164,15000,13175.3984375,226.600006103516,-8.35993671417236,12.7447805404663
20180926,6,-88,-164,15000,13151.1611328125,226.795623779297,-7.83603048324585,13.0894088745117
20180926,12,-88,-164,15000,13144.9365234375,226.28564453125,-6.83178472518921,12.6181058883667
20180926,18,-88,-164,15000,13138.3623046875,226.058029174805,-7.26583480834961,10.7272415161133
20180927,0,-88,-164,15000,13138.111328125,226.006256103516,-7.25192880630493,9.96065425872803
20180927,6,-88,-164,15000,13139.26953125,225.600006103516,-7.44037103652954,9.9767599105835
20180927,12,-88,-164,15000,13150.2236328125,224.999969482422,-8.0274658203125,8.9988431930542
20180927,18,-88,-164,15000,13156.537109375,224.699996948242,-8.24710655212402,6.63863277435303
20180928,0,-88,-164,15000,13163.017578125,225,-8.27027130126953,5.77676248550415
20180928,6,-88,-164,15000,13159.638671875,225.600006103516,-7.36942863464355,6.16767597198486
20180928,12,-88,-164,15000,13160.91796875,225.899993896484,-6.12821531295776,6.25153303146362
20180928,18,-88,-164,15000,13163.5390625,226.199981689453,-6.55221176147461,5.93801736831665
20180929,0,-88,-164,15000,13166.0908203125,226.300003051758,-8.84468269348145,6.08249521255493
20180929,6,-88,-164,15000,13167.7412109375,226.399993896484,-10.2380199432373,7.42278099060059
20180929,12,-88,-164,15000,13182.4345703125,225.5,-9.3346118927002,9.2554178237915
20180929,18,-88,-164,15000,13203.25390625,225.195556640625,-9.46302223205566,10.0353097915649
20180930,0,-88,-164,15000,13238.330078125,224,-9.39501953125,13.1319894790649
20180930,6,-88,-164,15000,13277.2451171875,222.659454345703,-11.3674955368042,14.9021873474121
20180930,12,-88,-164,15000,13317.6396484375,221.399978637695,-11.5004930496216,16.0017356872559
20180930,18,-88,-164,15000,13351.4296875,220.199981689453,-12.3026170730591,16.4181156158447
20181001,0,-88,-164,15000,13383.1337890625,219.100006103516,-11.4986276626587,13.1233739852905
20181001,6,-88,-164,15000,13394.65625,219.100006103516,-10.8966484069824,8.89122104644775
20181001,12,-88,-164,15000,13396.8671875,219.899978637695,-9.43664264678955,3.89984750747681
20181001,18,-88,-164,15000,13384.8720703125,221.300003051758,-9.65812397003174,-0.0524780265986919
20181002,0,-88,-164,15000,13377.9833984375,221.800003051758,-10.6220798492432,-0.126538082957268
20181002,6,-88,-164,15000,13380.1962890625,221.600006103516,-11.6707639694214,0.124262697994709
20181002,12,-88,-164,15000,13390.4189453125,221.438919067383,-11.1673898696899,-0.363598644733429
20181002,18,-88,-164,15000,13394.072265625,221.199996948242,-12.1333541870117,-1.989501953125
20181003,0,-88,-164,15000,13398.9873046875,221.044097900391,-14.8389863967896,-2.56728506088257
20181003,6,-88,-164,15000,13401.05078125,221.199996948242,-15.1713895797729,-2.32267093658447
20181003,12,-88,-164,15000,13399.4111328125,221,-15.7394313812256,-2.94820809364319
20181003,18,-88,-164,15000,13395.8095703125,221.038909912109,-15.4694337844849,-3.54501700401306
20181004,0,-88,-164,15000,13390.45703125,221.021926879883,-15.2705497741699,-3.82498526573181
20181004,6,-88,-164,15000,13382.361328125,220.5,-15.370078086853,-4.76832008361816
20181004,12,-88,-164,15000,13379.0439453125,220.514694213867,-14.2005443572998,-6.53836917877197
20181004,18,-88,-164,15000,13360.3388671875,221.107467651367,-13.5846700668335,-9.32164764404297
20181005,0,-88,-164,15000,13338.7109375,222.446136474609,-13.222900390625,-10.7088937759399
20181005,6,-88,-164,15000,13303.2490234375,224.300003051758,-12.887131690979,-7.97177982330322
20181005,12,-88,-164,15000,13280.857421875,224.699981689453,-13.7802562713623,-7.18085193634033
20181005,18,-88,-164,15000,13245.7373046875,224.899993896484,-14.3633422851563,-6.70348405838013
20181006,0,-88,-164,15000,13212.44921875,225,-14.2806224822998,-5.05035877227783
20181006,6,-88,-164,15000,13180.8037109375,225.353881835938,-14.2629175186157,-2.43372058868408
20181006,12,-88,-164,15000,13165.947265625,225.199996948242,-12.6387281417847,-0.841240227222443
20181006,18,-88,-164,15000,13154.69140625,224.64892578125,-11.066969871521,0.127568364143372
20181007,0,-88,-164,15000,13149.6298828125,224.578079223633,-10.6350154876709,-0.251776129007339
20181007,6,-88,-164,15000,13145.884765625,224.721923828125,-10.7859287261963,-0.427893072366714
20181007,12,-88,-164,15000,13140.8115234375,225.199996948242,-9.18467712402344,-0.293536365032196
20181007,18,-88,-164,15000,13130.1572265625,225.321899414063,-9.65030097961426,-0.384973138570786
20181008,0,-88,-164,15000,13120.03515625,225.5,-9.91438674926758,0.437597662210464
20181008,6,-88,-164,15000,13100.8701171875,225.399978637695,-10.1485157012939,1.71830081939697
20181008,12,-88,-164,15000,13091.5576171875,225.699996948242,-9.86742210388184,0.848081052303314
20181008,18,-88,-164,15000,13067.2177734375,226,-9.04906272888184,-0.727866232395172
20181009,0,-88,-164,15000,13054.26953125,226.899749755859,-7.93049049377441,-0.501640617847443
20181009,6,-88,-164,15000,13036.775390625,227.300003051758,-7.59252214431763,0.833227515220642
20181009,12,-88,-164,15000,13030.7099609375,227.199981689453,-7.00244379043579,1.70552241802216
20181009,18,-88,-164,15000,13019.548828125,227.207473754883,-6.39004898071289,2.39901852607727
20181010,0,-88,-164,15000,13019.5498046875,226.938888549805,-6.81473636627197,3.27618169784546
20181010,6,-88,-164,15000,13027.3408203125,226.399993896484,-7.32362794876099,4.11623287200928
20181010,12,-88,-164,15000,13040.2958984375,225.5,-6.33666753768921,5.00576400756836
20181010,18,-88,-164,15000,13053.791015625,225,-6.30855941772461,4.8827977180481
20181011,0,-88,-164,15000,13071.2021484375,224.606979370117,-5.8298020362854,4.99399185180664
20181011,6,-88,-164,15000,13081.9453125,224.600006103516,-4.60478496551514,5.29198265075684
20181011,12,-88,-164,15000,13095.326171875,224.5,-2.89991688728333,5.49347639083862
20181011,18,-88,-164,15000,13108.2099609375,224.499969482422,-0.899331033229828,4.5621485710144
20181012,0,-88,-164,15000,13119.9111328125,224.399978637695,0.993378877639771,4.46205568313599
20181012,6,-88,-164,15000,13128.556640625,224.5,2.926513671875,4.41122055053711
20181012,12,-88,-164,15000,13142.6015625,224.600006103516,5.39343976974487,4.30083513259888
20181012,18,-88,-164,15000,13154.759765625,224.300003051758,8.2984037399292,3.48962879180908
20181013,0,-88,-164,15000,13166.2763671875,224.199752807617,9.73144817352295,3.03393077850342
20181013,6,-88,-164,15000,13182.6474609375,223.146118164063,13.0279836654663,1.57094967365265
20181013,12,-88,-164,15000,13216.32421875,221.5,13.1617460250854,2.28269529342651
20181013,18,-88,-164,15000,13233.9599609375,220.199996948242,13.9361743927002,1.71339356899261
20181014,0,-88,-164,15000,13248.048828125,219.100006103516,11.4345455169678,1.05712890625
20181014,6,-88,-164,15000,13257.7177734375,217.600006103516,12.0387620925903,1.1644629240036
20181014,12,-88,-164,15000,13268.55078125,217.5,8.81850814819336,2.0186231136322
20181014,18,-88,-164,15000,13268.662109375,217.100006103516,7.02740955352783,2.94668936729431
20181015,0,-88,-164,15000,13263.2763671875,216.800003051758,2.88886952400208,2.45554208755493
20181015,6,-88,-164,15000,13247.525390625,217,0.568254411220551,3.8356249332428
20181015,12,-88,-164,15000,13235.5009765625,216.917236328125,-2.02542734146118,4.15551280975342
20181015,18,-88,-164,15000,13218.212890625,217.399993896484,-2.67952156066895,5.46113777160645
20181016,0,-88,-164,15000,13201.6220703125,217.399993896484,-3.33468508720398,4.97586441040039
20181016,6,-88,-164,15000,13181.9365234375,217.599975585938,-1.30550289154053,5.54719257354736
20181016,12,-88,-164,15000,13172.19921875,217.800003051758,-0.276340335607529,4.89580059051514
20181016,18,-88,-164,15000,13157.8212890625,217.699996948242,1.91834712028503,3.36442875862122
20181017,0,-88,-164,15000,13149.138671875,218.199996948242,2.94148182868958,2.29712390899658
20181017,6,-88,-164,15000,13127.923828125,218.606979370117,3.45307850837708,1.57403802871704
20181017,12,-88,-164,15000,13113.0615234375,219.099975585938,4.35356950759888,0.775444328784943
20181017,18,-88,-164,15000,13091.03515625,219.632125854492,5.56159687042236,-0.270686030387878
20181018,0,-88,-164,15000,13072.865234375,220.236373901367,5.92109870910645,-1.74398684501648
20181018,6,-88,-164,15000,13051.8935546875,220.699996948242,6.85834217071533,-1.85503172874451
20181018,12,-88,-164,15000,13042.630859375,221.100006103516,7.61252212524414,-1.3042870759964
20181018,18,-88,-164,15000,13032.1435546875,221.399993896484,8.048752784729,-2.19141101837158
20181019,0,-88,-164,15000,13035.044921875,221.399993896484,8.31953144073486,-2.6458203792572
20181019,6,-88,-164,15000,13034.447265625,221.399993896484,9.04527378082275,-1.83340334892273
20181019,18,-88,-164,15000,13048.7509765625,221.296539306641,11.0005741119385,-0.0804638639092445
20181020,0,-88,-164,15000,13055.82421875,221.600006103516,11.4232864379883,0.711367189884186
20181020,6,-88,-164,15000,13049.6416015625,221.199996948242,11.8306150436401,3.35687017440796
20181020,12,-88,-164,15000,13051.4345703125,221,13.0213747024536,4.5888991355896
20181020,18,-88,-164,15000,13048.919921875,220.79997253418,11.7612962722778,4.96592283248901
20181021,0,-88,-164,15000,13050.8125,220.399993896484,11.1706809997559,5.26993656158447
20181021,6,-88,-164,15000,13051.7333984375,219.699996948242,9.40056419372559,6.19530534744263
20181021,12,-88,-164,15000,13055.6279296875,219.538909912109,8.6029224395752,6.99811267852783
20181021,18,-88,-164,15000,13052.5673828125,219.699996948242,8.49880123138428,4.65899896621704
20181022,0,-88,-164,15000,13051.119140625,218.699996948242,6.57000255584717,5.65737533569336
20181022,6,-88,-164,15000,13043.767578125,218.564117431641,7.30207252502441,4.92406749725342
20181022,12,-88,-164,15000,13041.353515625,218.443115234375,7.07439231872559,5.07793235778809
20181022,18,-88,-164,15000,13037.0654296875,218.100006103516,7.26074695587158,3.40710926055908
20181023,0,-88,-164,15000,13036.0908203125,218,7.27220964431763,2.3050365447998
20181023,6,-88,-164,15000,13036.8037109375,217.769287109375,7.16984367370605,1.54470455646515
20181023,12,-88,-164,15000,13039.3271484375,217.686126708984,7.09053468704224,0.319638669490814
20181023,18,-88,-164,15000,13036.1552734375,217.600006103516,6.40813255310059,-1.05774414539337
20181024,0,-88,-164,15000,13034.7216796875,217.800003051758,5.68394041061401,-2.08694815635681
20181024,6,-88,-164,15000,13029.0322265625,217.79997253418,5.53570079803467,-3.11859369277954
20181024,12,-88,-164,15000,13028.75,217.784515380859,5.4345555305481,-3.55861330032349
20181024,18,-88,-164,15000,13018.84375,217.699996948242,4.83128929138184,-4.73607683181763
20181025,0,-88,-164,15000,13013.1904296875,217.694778442383,3.08413076400757,-6.08301496505737
20181025,6,-88,-164,15000,13007.5341796875,217.305587768555,1.88249027729034,-7.47655534744263
20181025,12,-88,-164,15000,13011.51953125,217.099975585938,0.863039553165436,-8.54857921600342
20181025,18,-88,-164,15000,13011.568359375,216.513473510742,0.318654775619507,-9.1200122833252
20181026,0,-88,-164,15000,13020.1787109375,216.003463745117,-1.44216310977936,-10.4473361968994
20181026,6,-88,-164,15000,13027.1923828125,215.470855712891,-2.83802723884583,-9.95848178863525
20181026,12,-88,-164,15000,13040.9013671875,215.129150390625,-2.8995189666748,-10.8249092102051
20181026,18,-88,-164,15000,13049.1103515625,214.667388916016,-2.27399897575378,-9.33266830444336
20181027,0,-88,-164,15000,13047.9345703125,214.638916015625,-1.38843262195587,-9.15678215026855
20181027,6,-88,-164,15000,13032.37109375,214.800003051758,0.185446783900261,-8.22005844116211
20181027,12,-88,-164,15000,13015.708984375,215.453369140625,1.33666265010834,-6.66194820404053
20181027,18,-88,-164,15000,12997.677734375,215.699996948242,1.90000486373901,-6.7247166633606
20181028,0,-88,-164,15000,12976.4921875,215.899993896484,1.92999994754791,-6.70630359649658
20181028,6,-88,-164,15000,12956.3759765625,215.899978637695,2.23361563682556,-6.06139183044434
20181028,12,-88,-164,15000,12947.8427734375,216,3.35287594795227,-4.5947117805481
20181028,18,-88,-164,15000,12939.880859375,216.499969482422,4.22763442993164,-2.2970507144928
20181029,0,-88,-164,15000,12935.927734375,216.699996948242,4.68559837341309,-1.88731932640076
20181029,6,-88,-164,15000,12936.19921875,216.999969482422,5.59442138671875,-0.398583978414536
20181029,12,-88,-164,15000,12941.2158203125,217.399978637695,5.96161365509033,-0.680888652801514
20181029,18,-88,-164,15000,12944.2177734375,217.600006103516,7.44414567947388,-0.998906254768372
20181030,0,-88,-164,15000,12950.9501953125,217.899993896484,6.95944595336914,-0.945878922939301
20181030,6,-88,-164,15000,12952.7666015625,218.019622802734,7.90067386627197,-1.3209570646286
20181030,12,-88,-164,15000,12958.0849609375,218.307464599609,8.33001232147217,-0.859716773033142
20181030,18,-88,-164,15000,12953.5986328125,218.5,9.54800033569336,-1.23714351654053
20181031,0,-88,-164,15000,12949.4853515625,219.114700317383,9.3971586227417,-1.58147954940796
20181031,6,-88,-164,15000,12939.6474609375,219.199981689453,9.36334705352783,-2.5775830745697
20181031,12,-88,-164,15000,12935.2939453125,219,9.16778564453125,-2.74078607559204
20181031,18,-88,-164,15000,12922.9765625,219.100006103516,8.63007354736328,-3.12632322311401
20181101,0,-88,-164,15000,12913.490234375,219.100006103516,7.9038987159729,-4.20798349380493
20181101,6,-88,-164,15000,12910.115234375,218.699996948242,7.41717386245728,-4.65264654159546
20181101,12,-88,-164,15000,12914.103515625,218.075531005859,6.46167135238647,-5.68301248550415
20181101,18,-88,-164,15000,12916.90234375,217.600006103516,6.39298963546753,-6.30107402801514
20181102,0,-88,-164,15000,12920.5966796875,217,5.48442649841309,-7.68466329574585
20181102,6,-88,-164,15000,12918.7333984375,216.5,5.0402512550354,-6.99428701400757
20181102,12,-88,-164,15000,12924.263671875,216.400024414063,5.18771123886108,-6.96779298782349
20181102,18,-88,-164,15000,12921.3779296875,216.668304443359,5.46074104309082,-7.9071192741394
20181103,0,-88,-164,15000,12926.5546875,216.800003051758,5.10183715820313,-8.718017578125
20181103,6,-88,-164,15000,12929.0810546875,217.100006103516,4.44238042831421,-8.73352813720703
20181103,12,-88,-164,15000,12943.1904296875,218,4.22725820541382,-8.44912338256836
20181103,18,-88,-164,15000,12958.1240234375,218.885299682617,4.60220193862915,-8.02234363555908
20181104,0,-88,-164,15000,12970.9775390625,219.694534301758,4.63759756088257,-8.11891555786133
20181104,6,-88,-164,15000,12980.892578125,220,5.63821268081665,-7.77882814407349
20181104,12,-88,-164,15000,12992.8427734375,220.20002746582,6.41500997543335,-7.08925294876099
20181104,18,-88,-164,15000,12991.1162109375,220.243606567383,7.72314214706421,-6.36693382263184
20181105,0,-88,-164,15000,12986.0146484375,220.600006103516,8.48160552978516,-6.70733642578125
20181105,6,-88,-164,15000,12976.7734375,220.404098510742,9.04489231109619,-6.37650871276855
20181105,12,-88,-164,15000,12971.46875,220.436370849609,9.2683277130127,-6.49852800369263
20181105,18,-88,-164,15000,12960.93359375,220.300003051758,9.19034671783447,-7.12918710708618
20181106,0,-88,-164,15000,12956.1435546875,220.399993896484,8.70000267028809,-7.67990255355835
20181106,6,-88,-164,15000,12953.0625,220.163650512695,7.93601560592651,-7.97904539108276
20181106,12,-88,-164,15000,12957.2900390625,220.090179443359,7.18569087982178,-7.66802740097046
20181106,18,-88,-164,15000,12959.1103515625,219.782867431641,6.19073724746704,-7.53028583526611
20181107,0,-88,-164,15000,12968.4716796875,219.5,5.58542251586914,-8.41219520568848
20181107,6,-88,-164,15000,12973.333984375,218.899993896484,5.75307369232178,-8.142258644104
20181107,12,-88,-164,15000,12982.32421875,218.520477294922,5.88061761856079,-8.76932907104492
20181107,18,-88,-164,15000,12984.7802734375,217.96647644043,7.02293968200684,-9.23830604553223
20181108,0,-88,-164,15000,12994.2412109375,217.800003051758,6.70334959030151,-9.14465808868408
20181108,6,-88,-164,15000,12993.5771484375,217.399993896484,8.233229637146,-9.57031726837158
20181108,12,-88,-164,15000,13001.9150390625,216.899993896484,9.54061031341553,-9.06927013397217
20181108,18,-88,-164,15000,13005.1650390625,216.399993896484,12.2719383239746,-8.45771980285645
20181109,0,-88,-164,15000,13013.7890625,215.824462890625,13.9798879623413,-7.26020002365112
20181109,6,-88,-164,15000,13008.8828125,215.800003051758,17.2579326629639,-4.98235607147217
20181109,12,-88,-164,15000,13007.4189453125,216.300003051758,18.5494956970215,-2.83545160293579
20181109,18,-88,-164,15000,12996.7236328125,216.899993896484,21.4949531555176,-2.73418951034546
20181110,0,-88,-164,15000,12992.3740234375,217,21.0315914154053,-3.10882806777954
20181110,6,-88,-164,15000,12993.6064453125,216.5,19.5243034362793,-1.53927731513977
20181110,12,-88,-164,15000,12986.2314453125,216.5,17.4248561859131,-0.303459465503693
20181110,18,-88,-164,15000,12973.517578125,216.800003051758,16.2627792358398,-0.0780664086341858
20181111,0,-88,-164,15000,12959.3837890625,217.100006103516,14.2737522125244,0.405041515827179
20181111,6,-88,-164,15000,12945.9638671875,217.199996948242,14.3405122756958,0.161816403269768
20181111,12,-88,-164,15000,12939.1572265625,217.5,13.5686693191528,0.0562817379832268
20181111,18,-88,-164,15000,12925.634765625,217.800003051758,14.0127534866333,-0.789599597454071
20181112,0,-88,-164,15000,12905.076171875,218,13.4546432495117,-1.24812495708466
20181112,6,-88,-164,15000,12885.9013671875,218.199996948242,13.4539308547974,-2.39939951896667
20181112,12,-88,-164,15000,12875.77734375,218.300003051758,12.6852540969849,-3.65933585166931
20181112,18,-88,-164,15000,12856.63671875,218.300003051758,12.3512907028198,-5.20632934570313
20181113,0,-88,-164,15000,12838.458984375,218.399993896484,11.5421733856201,-6.25229787826538
20181113,6,-88,-164,15000,12820.4091796875,218.399993896484,11.3688230514526,-6.5126953125
20181113,12,-88,-164,15000,12812.744140625,218.199996948242,10.6615543365479,-6.07287311553955
20181113,18,-88,-164,15000,12803.4853515625,217.899978637695,10.9489898681641,-5.98039245605469
20181114,0,-88,-164,15000,12792.70703125,217.899993896484,10.9489459991455,-4.86784982681274
20181114,6,-88,-164,15000,12782.5986328125,217.899993896484,11.4007444381714,-2.5676543712616
20181114,12,-88,-164,15000,12776.958984375,218.199996948242,10.7336673736572,0.389619141817093
20181114,18,-88,-164,15000,12763.7900390625,218.899993896484,10.1350069046021,2.55169439315796
20181115,0,-88,-164,15000,12748.1015625,219.399993896484,9.15999984741211,3.06476807594299
20181115,6,-88,-164,15000,12732.9970703125,219.399993896484,8.98234272003174,4.02871084213257
20181115,12,-88,-164,15000,12731.7109375,219.199996948242,8.20159912109375,5.21418714523315
20181115,18,-88,-164,15000,12721.142578125,219,7.56276369094849,4.2237868309021
20181116,0,-88,-164,15000,12722.16015625,218.699996948242,7.40417718887329,3.01999258995056
20181116,6,-88,-164,15000,12731.8486328125,217.818878173828,8.58962440490723,2.11812996864319
20181116,12,-88,-164,15000,12748.294921875,217.641967773438,8.96375274658203,1.64886236190796
20181116,18,-88,-164,15000,12760.85546875,217.600921630859,10.5159158706665,1.07229006290436
20181117,0,-88,-164,15000,12775.64453125,217.710006713867,10.7258644104004,-0.3823022544384
20181117,6,-88,-164,15000,12799.75,217.5,12.7191476821899,-3.06753182411194
20181117,12,-88,-164,15000,12847.2412109375,216.270843505859,16.6802749633789,-4.73854494094849
20181117,18,-88,-164,15000,12875.4375,215.600006103516,18.9476375579834,-3.71726083755493
20181118,0,-88,-164,15000,12887.3212890625,216,18.8107929229736,-3.63316416740417
20181118,6,-88,-164,15000,12897.4677734375,215.899993896484,20.1244506835938,-4.92117691040039
20181118,12,-88,-164,15000,12920.1328125,215.699996948242,20.1935539245605,-4.3977198600769
20181118,18,-88,-164,15000,12923.7685546875,215.899993896484,18.8371429443359,-4.01123046875
20181119,0,-88,-164,15000,12917.9423828125,216.899993896484,18.4265899658203,-4.29327154159546
20181119,6,-88,-164,15000,12900.7412109375,217.892532348633,16.4328517913818,-4.37271499633789
20181119,12,-88,-164,15000,12877.53515625,218.300003051758,13.7241306304932,-4.65356206893921
20181119,18,-88,-164,15000,12853.9013671875,218.199981689453,9.83000469207764,-7.36828374862671
20181120,0,-88,-164,15000,12863.392578125,218.114700317383,7.77850818634033,-11.1839818954468
20181120,6,-88,-164,15000,12905.361328125,217.746124267578,8.62569046020508,-13.6976852416992
20181120,12,-88,-164,15000,12945.7548828125,217.100006103516,10.5955562591553,-14.3998708724976
20181120,18,-88,-164,15000,12973.732421875,217.100006103516,10.9246950149536,-13.2844381332397
20181121,0,-88,-164,15000,12996.2138671875,217.399993896484,10.6255588531494,-13.0139741897583
20181121,6,-88,-164,15000,13002.458984375,216.699981689453,10.5000028610229,-10.9854879379272
20181121,12,-88,-164,15000,13012.318359375,216.186447143555,9.49999237060547,-9.96580600738525
20181121,18,-88,-164,15000,13014.8046875,215.699981689453,10.8976020812988,-8.85797882080078
20181122,0,-88,-164,15000,13013.22265625,215.699981689453,9.75925540924072,-6.55810070037842
20181122,6,-88,-164,15000,13000.1591796875,215.44660949707,8.33660125732422,-4.02534675598145
20181122,12,-88,-164,15000,12986.8271484375,215.399978637695,5.36674785614014,-1.82872068881989
20181122,18,-88,-164,15000,12963.9814453125,215.600006103516,3.66000247001648,-0.565874040126801
20181123,0,-88,-164,15000,12948.25390625,215.699981689453,1.8671532869339,-0.280493170022964
20181123,6,-88,-164,15000,12931.875,215.599975585938,1.96333253383636,0.182260736823082
20181123,12,-88,-164,15000,12929.22265625,215.493011474609,1.29999995231628,0.984570324420929
20181123,18,-88,-164,15000,12923.1748046875,214.899993896484,1.33555424213409,0.928442358970642
20181124,0,-88,-164,15000,12915.0634765625,214.399993896484,1.03222894668579,0.970473647117615
20181124,6,-88,-164,15000,12899.39453125,213.899993896484,0.131264641880989,0.959992647171021
20181124,12,-88,-164,15000,12891.5078125,213.499969482422,0.0997607409954071,1.05458986759186
20181124,18,-88,-164,15000,12884.4072265625,213.199996948242,0.500563979148865,1.10432374477386
20181125,0,-88,-164,15000,12885.771484375,212.600006103516,0.399028331041336,0.993510723114014
20181125,6,-88,-164,15000,12882.912109375,212,0.499255359172821,1.06449222564697
20181125,12,-88,-164,15000,12877.697265625,212.100006103516,0.798642575740814,1.56828856468201
20181125,18,-88,-164,15000,12863.2138671875,212.199996948242,0.933010280132294,1.47256588935852
20181126,0,-88,-164,15000,12853.865234375,212.188064575195,1.40077149868011,1.8461571931839
20181126,6,-88,-164,15000,12843.5751953125,211.899993896484,0.0272485353052616,2.17820811271667
20181126,12,-88,-164,15000,12836.6416015625,212.100006103516,-0.766672372817993,1.43283200263977
20181126,18,-88,-164,15000,12824.0986328125,211.899993896484,-1.19460201263428,1.20702886581421
20181127,0,-88,-164,15000,12822.2275390625,212.000030517578,-2.39429450035095,0.589848637580872
20181127,6,-88,-164,15000,12814.025390625,211.994720458984,-3.60362792015076,0.412114262580872
20181127,12,-88,-164,15000,12811.5537109375,212,-4.0233154296875,-0.2724829018116
20181127,18,-88,-164,15000,12803.9814453125,212.199996948242,-4.30228519439697,0.092707522213459
20181128,0,-88,-164,15000,12801.05078125,212.199996948242,-4.69917249679565,-1.31722164154053
20181128,6,-88,-164,15000,12795.548828125,212.187210083008,-4.2679123878479,-1.12273931503296
20181128,12,-88,-164,15000,12794.6787109375,212.1474609375,-4.86535167694092,-0.851235330104828
20181128,18,-88,-164,15000,12785.8671875,212.300003051758,-4.29071521759033,-1.41179931163788
20181129,0,-88,-164,15000,12784.8212890625,212.5,-4.08187007904053,-1.5921288728714
20181129,6,-88,-164,15000,12787.2041015625,212.5,-4.31939220428467,-1.06620121002197
20181129,12,-88,-164,15000,12789.0283203125,212.672775268555,-4.73828601837158,-0.598820805549622
20181129,18,-88,-164,15000,12789.974609375,212.899993896484,-4.67082643508911,-0.594694852828979
20181130,0,-88,-164,15000,12797.8974609375,212.931930541992,-5.05242919921875,-0.732927262783051
20181130,6,-88,-164,15000,12796.32421875,212.899993896484,-5.34853172302246,-0.377099603414536
20181130,12,-88,-164,15000,12798.0576171875,213.034454345703,-5.53314828872681,-0.159829095005989
20181130,18,-88,-164,15000,12794.0390625,213.300003051758,-5.29066181182861,0.268344730138779
20181201,0,-88,-164,15000,12794.7822265625,213.300003051758,-6.04031372070313,0.966650366783142
20181201,6,-88,-164,15000,12790.9912109375,213.300003051758,-5.94663333892822,0.76611328125
20181201,12,-88,-164,15000,12786.9765625,213.5,-6.68259286880493,1.71552240848541
20181201,18,-88,-164,15000,12779.2412109375,213.600006103516,-6.07221555709839,2.185546875
20181202,0,-88,-164,15000,12776.2373046875,213.600006103516,-6.6159348487854,3.29553961753845
20181202,6,-88,-164,15000,12765.1123046875,213.5,-6.9646692276001,2.98166990280151
20181202,12,-88,-164,15000,12760.7001953125,213.690399169922,-5.84367656707764,3.94333004951477
20181202,18,-88,-164,15000,12747.5673828125,213.646484375,-4.54500484466553,5.13704586029053
20181203,0,-88,-164,15000,12740.9326171875,213.800003051758,-3.22728633880615,5.17843770980835
20181203,6,-88,-164,15000,12731.431640625,213.465545654297,-1.96213138103485,7.01762199401855
20181203,12,-88,-164,15000,12732.37890625,213.099853515625,-0.413798838853836,7.86916732788086
20181203,18,-88,-164,15000,12724.08984375,212.61279296875,2.20320439338684,8.2350606918335
20181204,0,-88,-164,15000,12721.2578125,212.00553894043,2.90036010742188,9.23033237457275
20181204,6,-88,-164,15000,12714.7529296875,211.40168762207,3.90083742141724,8.96357917785645
20181204,12,-88,-164,15000,12710.4423828125,211.100006103516,3.73817873001099,9.38014125823975
20181204,18,-88,-164,15000,12708.2626953125,210.80290222168,5.76752424240112,9.33721446990967
20181205,0,-88,-164,15000,12711.2763671875,210.37353515625,5.35740232467651,10.3040552139282
20181205,6,-88,-164,15000,12711.2548828125,210.300003051758,6.17607402801514,9.72716522216797
20181205,12,-88,-164,15000,12718.46875,210.399993896484,5.71387434005737,11.1406936645508
20181205,18,-88,-164,15000,12719.181640625,210.600006103516,6.8645920753479,11.2643852233887
20181206,0,-88,-164,15000,12727.125,210.800003051758,6.7313084602356,12.5332126617432
20181206,6,-88,-164,15000,12735.4462890625,211.28596496582,6.49502944946289,12.6474952697754
20181206,12,-88,-164,15000,12741.40625,212.600006103516,5.70300769805908,12.9469575881958
20181206,18,-88,-164,15000,12740.978515625,213.096237182617,6.63671398162842,11.6573047637939
20181207,0,-88,-164,15000,12749.97265625,212.618942260742,7.20316886901855,10.1010713577271
20181207,6,-88,-164,15000,12771.9111328125,212.29997253418,7.47141361236572,6.58821296691895
20181207,12,-88,-164,15000,12793.68359375,211.984909057617,6.50278329849243,6.60389137268066
20181207,18,-88,-164,15000,12805.03515625,211.690521240234,7.07283687591553,5.69616937637329
20181208,0,-88,-164,15000,12818.708984375,211.641357421875,6.10075426101685,5.26205062866211
20181208,6,-88,-164,15000,12829.09375,211.399993896484,5.2014307975769,3.83651852607727
20181208,12,-88,-164,15000,12828.0361328125,212.02864074707,4.87184572219849,3.79188466072083
20181208,18,-88,-164,15000,12820.1748046875,212.900024414063,4.11179685592651,4.6523118019104
20181209,0,-88,-164,15000,12804.15625,213.399993896484,3.48058342933655,5.90668678283691
20181209,6,-88,-164,15000,12784.15234375,214.199996948242,2.52401375770569,6.8990478515625
20181209,12,-88,-164,15000,12758.71484375,215.300003051758,1.53564691543579,7.53012943267822
20181209,18,-88,-164,15000,12726.080078125,215.899993896484,1.28594243526459,8.65427780151367
20181210,0,-88,-164,15000,12697.349609375,216.343902587891,0.188618168234825,8.31986331939697
20181210,6,-88,-164,15000,12665.5859375,216.199996948242,-0.632929682731628,6.6288914680481
20181210,12,-88,-164,15000,12641.7451171875,216.300003051758,-1.3426239490509,4.17344379425049
20181210,18,-88,-164,15000,12617.6533203125,216.100006103516,-1.50120854377747,1.62373661994934
20181211,0,-88,-164,15000,12608.41796875,215.9599609375,-1.45997929573059,-0.799899280071259
20181211,6,-88,-164,15000,12592.6708984375,215.900024414063,-1.00444829463959,-2.69749999046326
20181211,12,-88,-164,15000,12593.6064453125,216.308929443359,-1.19999754428864,-5.29606914520264
20181211,18,-88,-164,15000,12604.4375,216.353591918945,1.46096193790436,-8.00030994415283
20181212,0,-88,-164,15000,12634.6015625,215.5,4.46361351013184,-8.88950157165527
20181212,6,-88,-164,15000,12653.0927734375,214.5,8.59167003631592,-8.40523433685303
20181212,12,-88,-164,15000,12673.5966796875,213.900146484375,10.3674392700195,-7.89434576034546
20181212,18,-88,-164,15000,12677.57421875,213.5,11.5941553115845,-8.18457508087158
20181213,0,-88,-164,15000,12682.4013671875,213.300003051758,11.6972970962524,-7.92174816131592
20181213,6,-88,-164,15000,12682.0029296875,212.798065185547,10.6599636077881,-9.05892086029053
20181213,12,-88,-164,15000,12688.4599609375,212.600006103516,10.6599998474121,-8.98753452301025
20181213,18,-88,-164,15000,12690.697265625,212.350830078125,12.7339401245117,-8.8886079788208
20181214,0,-88,-164,15000,12698.29296875,211.999237060547,13.1599998474121,-7.84068870544434
20181214,6,-88,-164,15000,12693.923828125,211.899993896484,13.0617895126343,-6.81942367553711
20181214,12,-88,-164,15000,12693.1904296875,212.156402587891,12.927698135376,-4.65166521072388
20181214,18,-88,-164,15000,12679.89453125,211.896240234375,13.8300075531006,-3.07229256629944
20181215,0,-88,-164,15000,12679.201171875,211.899993896484,13.7684059143066,-1.71695065498352
20181215,6,-88,-164,15000,12667.99609375,211.65803527832,13.7927761077881,0.0885009765625
20181215,12,-88,-164,15000,12661.99609375,211.800003051758,11.7600126266479,-0.175993651151657
20181215,18,-88,-164,15000,12642.3037109375,211.899993896484,10.5600051879883,0.419709473848343
20181216,0,-88,-164,15000,12634.3486328125,212,8.06206035614014,-0.166623532772064
20181216,6,-88,-164,15000,12621.732421875,211.800003051758,6.56003665924072,-2.35815906524658
20181216,12,-88,-164,15000,12620.6845703125,211.899993896484,5.72916269302368,-3.5933837890625
20181216,18,-88,-164,15000,12615.0185546875,211.53662109375,5.95876455307007,-5.00425291061401
20181217,0,-88,-164,15000,12622.5986328125,211.080810546875,5.92880868911743,-6.28140115737915
20181217,6,-88,-164,15000,12626.5712890625,210.919158935547,6.23561763763428,-7.44559097290039
20181217,12,-88,-164,15000,12641.8271484375,211.100006103516,6.53653812408447,-8.06652355194092
20181217,18,-88,-164,15000,12648.6259765625,211.100006103516,8.9598388671875,-8.81590366363525
20181218,0,-88,-164,15000,12672.9453125,211.033248901367,8.99755382537842,-8.58265113830566
20181218,6,-88,-164,15000,12691.0771484375,210.935760498047,9.02997779846191,-9.464111328125
20181218,12,-88,-164,15000,12714.6240234375,210.699996948242,9.50088882446289,-8.53684043884277
