20180720,0,-40,75,40000,7655.77294921875,254.5,16.2026271820068,-9.18466758728027
20180720,6,-40,75,40000,7646.89501953125,253.985275268555,12.9601078033447,-9.02277851104736
20180720,12,-40,75,40000,7642.49365234375,255.300003051758,10.5768375396729,-3.88837289810181
20180720,18,-40,75,40000,7655.61083984375,253.285308837891,8.87579917907715,7.98886728286743
20180721,0,-40,75,40000,7652.68603515625,256.614685058594,16.2132759094238,4.47933340072632
20180721,6,-40,75,40000,7661.06640625,257.099975585938,10.0650939941406,1.51613771915436
20180721,12,-40,75,40000,7654.26806640625,256.200012207031,7.58267211914063,0.104510501027107
20180721,18,-40,75,40000,7663.17822265625,256.899993896484,6.96942138671875,0.596136450767517
20180722,0,-40,75,40000,7666.8193359375,258.200012207031,11.4488162994385,2.06137704849243
20180722,6,-40,75,40000,7670.11181640625,257.200012207031,11.0914859771729,1.91277468204498
20180722,12,-40,75,40000,7665.81494140625,256.700012207031,8.5382137298584,2.06423950195313
20180722,18,-40,75,40000,7672.5205078125,256.299987792969,12.3049011230469,2.83031606674194
20180723,0,-40,75,40000,7667.52197265625,257.299987792969,17.8117065429688,2.99159550666809
20180723,6,-40,75,40000,7675.21240234375,257.199981689453,13.3332977294922,-1.98560786247253
20180723,12,-40,75,40000,7660.740234375,255.899993896484,13.1525754928589,-2.30353093147278
20180723,18,-40,75,40000,7672.0439453125,257.037750244141,13.8277463912964,-1.66022944450378
20180724,0,-40,75,40000,7667.91943359375,257.600006103516,16.4121341705322,-2.79566645622253
20180724,6,-40,75,40000,7671.26513671875,256.600006103516,16.3197326660156,-6.41623544692993
20180724,12,-40,75,40000,7653.1337890625,255.79997253418,10.1104173660278,-9.54609870910645
20180724,18,-40,75,40000,7672.119140625,255.998489379883,11.7799510955811,-3.27901363372803
20180725,0,-40,75,40000,7671.65380859375,257.100036621094,12.5994167327881,-5.44782114028931
20180725,6,-40,75,40000,7673.7451171875,256.799987792969,8.98696327209473,-3.43550419807434
20180725,12,-40,75,40000,7654.9111328125,255.386032104492,8.13601684570313,-2.84141230583191
20180725,18,-40,75,40000,7655.26708984375,254.800003051758,13.6729297637939,-3.59402346611023
20180726,0,-40,75,40000,7656.244140625,256.468322753906,14.9950981140137,-6.744873046875
20180726,6,-40,75,40000,7638.56982421875,255.831695556641,16.0633010864258,-8.12258815765381
20180726,12,-40,75,40000,7612.123046875,254.699996948242,16.6785697937012,-7.39246082305908
20180726,18,-40,75,40000,7617.86669921875,253.867874145508,18.9693431854248,-9.05930709838867
20180727,0,-40,75,40000,7622.16357421875,253.600006103516,15.9449825286865,-12.0809621810913
20180727,6,-40,75,40000,7619.3525390625,254.300003051758,14.224534034729,-7.97029781341553
20180727,12,-40,75,40000,7589.3974609375,252.475189208984,12.7598657608032,-5.74284648895264
20180727,18,-40,75,40000,7600.01708984375,251.677154541016,14.6533012390137,-5.47584962844849
20180728,0,-40,75,40000,7603.12744140625,252.699981689453,12.5577392578125,-1.70759761333466
20180728,6,-40,75,40000,7610.654296875,254.5,14.4867477416992,-6.86457538604736
20180728,12,-40,75,40000,7586.818359375,252.100006103516,16.9655914306641,-10.271203994751
20180728,18,-40,75,40000,7607.3330078125,252.085739135742,16.7763290405273,-4.62253904342651
20180729,0,-40,75,40000,7593.490234375,254.699996948242,22.3733749389648,-8.41415023803711
20180729,6,-40,75,40000,7608.701171875,253.899993896484,18.5157375335693,-9.99409198760986
20180729,12,-40,75,40000,7592.583984375,252.399993896484,16.8677349090576,-10.490234375
20180729,18,-40,75,40000,7593.06005859375,251.899993896484,21.2976703643799,-11.3156251907349
20180730,0,-40,75,40000,7600.734375,251.9453125,24.9606437683105,-16.7704696655273
20180730,6,-40,75,40000,7576.791015625,251.236236572266,25.7059097290039,-15.7638969421387
20180730,12,-40,75,40000,7547.66064453125,250.914703369141,24.4927635192871,-18.6932735443115
20180730,18,-40,75,40000,7568.638671875,251.221923828125,7.40952634811401,-15.4106540679932
20180731,0,-40,75,40000,7591.1435546875,251.092529296875,9.75500202178955,-14.7414064407349
20180731,6,-40,75,40000,7599.6982421875,252.599975585938,8.48248863220215,-18.1026363372803
20180731,12,-40,75,40000,7593.3720703125,252.947235107422,7.43763446807861,-21.394458770752
20180731,18,-40,75,40000,7606.39990234375,252.800689697266,6.87209463119507,-16.0909671783447
20180801,0,-40,75,40000,7613.29443359375,253.060592651367,11.5973205566406,-15.25319480896
20180801,6,-40,75,40000,7620.302734375,253.68603515625,7.15011596679688,-14.9419345855713
20180801,12,-40,75,40000,7606.43994140625,253.600250244141,7.97311401367188,-12.468976020813
20180801,18,-40,75,40000,7610.12109375,253.399993896484,14.2263889312744,-7.12499380111694
20180802,0,-40,75,40000,7601.6064453125,254.399993896484,12.9111328125,-8.19850444793701
20180802,6,-40,75,40000,7605.28125,254.100006103516,11.4504795074463,-8.90190410614014
20180802,12,-40,75,40000,7596.72265625,254.5,7.98307180404663,-11.9650392532349
20180802,18,-40,75,40000,7616.92919921875,255.5,6.85724782943726,-8.48198223114014
20180803,0,-40,75,40000,7618.52880859375,255.392532348633,10.4393186569214,0.59735107421875
20180803,6,-40,75,40000,7613.8994140625,255.638916015625,12.4443416595459,2.00601816177368
20180803,12,-40,75,40000,7583.78564453125,255.300003051758,12.0063877105713,5.64675903320313
20180803,18,-40,75,40000,7581.5439453125,255.521926879883,11.2273960113525,6.82672119140625
20180804,0,-40,75,40000,7577.23388671875,254.899978637695,16.082727432251,-0.90106201171875
20180804,6,-40,75,40000,7569.63134765625,253.5,16.5280094146729,-5.53985595703125
20180804,12,-40,75,40000,7569.62548828125,252.79997253418,22.2704887390137,-8.00007629394531
20180804,18,-40,75,40000,7588.72265625,252.907470703125,21.304931640625,-6.36788940429688
20180805,0,-40,75,40000,7600.82666015625,253.899993896484,17.9965171813965,-2.25125122070313
20180805,6,-40,75,40000,7585.83935546875,254.199996948242,21.1561317443848,4.19407367706299
20180805,12,-40,75,40000,7572.54248046875,254.906982421875,22.8682651519775,6.46864318847656
20180805,18,-40,75,40000,7587.7900390625,255.653396606445,22.580005645752,7.31558609008789
20180806,0,-40,75,40000,7597.587890625,254.800003051758,26.671085357666,5.34680795669556
20180806,6,-40,75,40000,7598.39013671875,254.351715087891,24.4170169830322,2.57056641578674
20180806,12,-40,75,40000,7581.314453125,252.312454223633,22.2010955810547,1.49204099178314
20180806,18,-40,75,40000,7594.0986328125,251.28564453125,20.1600971221924,0.44547364115715
20180807,0,-40,75,40000,7595.42333984375,252.287399291992,15.9541263580322,-2.88560557365417
20180807,6,-40,75,40000,7595.66796875,253.999969482422,10.3331689834595,-2.69291019439697
20180807,12,-40,75,40000,7570.0283203125,252.450805664063,12.0758810043335,-5.3602442741394
20180807,18,-40,75,40000,7584.25146484375,252.199996948242,13.6417360305786,-6.84041500091553
20180808,0,-40,75,40000,7588.533203125,252.800003051758,18.2300472259521,-7.57780742645264
20180808,6,-40,75,40000,7587.86865234375,253.370849609375,16.6569671630859,-7.04523944854736
20180808,12,-40,75,40000,7572.98193359375,253.49055480957,5.13638305664063,-11.2941036224365
20180808,18,-40,75,40000,7597.42333984375,253.610061645508,4.55448293685913,-6.33809804916382
20180809,0,-40,75,40000,7610.9111328125,253.457565307617,-0.0917541533708572,-4.36636352539063
20180809,6,-40,75,40000,7624.04443359375,254.300003051758,-7.69032573699951,0.753503441810608
20180809,12,-40,75,40000,7616.86328125,254.610015869141,-5.13391399383545,-3.08244633674622
20180809,18,-40,75,40000,7639.7314453125,254.383544921875,0.767736792564392,-5.51014423370361
20180810,0,-40,75,40000,7640.71630859375,254,3.97742605209351,-8.245361328125
20180810,6,-40,75,40000,7630.25048828125,253.337600708008,1.65585327148438,-15.8692989349365
20180810,12,-40,75,40000,7610.9130859375,251.899993896484,-4.70008230209351,-14.5722351074219
20180810,18,-40,75,40000,7616.966796875,251.102020263672,-8.58821392059326,-11.8220825195313
20180811,0,-40,75,40000,7622.552734375,253.343597412109,-10.1323299407959,-9.89400672912598
20180811,6,-40,75,40000,7633.86572265625,254.11003112793,-9.81697654724121,-7.06732177734375
20180811,12,-40,75,40000,7623.93896484375,253.399993896484,-9.79998779296875,-4.02604961395264
20180811,18,-40,75,40000,7633.33642578125,253.943572998047,-11.4091129302979,-0.844439685344696
20180812,0,-40,75,40000,7636.548828125,253.899993896484,-9.56739234924316,0.226400762796402
20180812,6,-40,75,40000,7639.98046875,254.100006103516,-9.19563293457031,-1.27285766601563
20180812,12,-40,75,40000,7620.048828125,253.399993896484,-7.14259338378906,-3.49425053596497
20180812,18,-40,75,40000,7620.0654296875,253.5,-5.77121257781982,-4.73299551010132
20180813,0,-40,75,40000,7609.1435546875,253.311645507813,-2.09999990463257,-7.90973520278931
20180813,6,-40,75,40000,7602.3037109375,253.199996948242,-4.19821453094482,-9.63168334960938
20180813,12,-40,75,40000,7585.8251953125,253.736419677734,-2.63468623161316,-10.1251583099365
20180813,18,-40,75,40000,7587.705078125,253.582763671875,-1.63260495662689,-7.00990009307861
20180814,0,-40,75,40000,7589.29931640625,254.170852661133,3.85474610328674,-1.49186527729034
20180814,6,-40,75,40000,7586.32080078125,254.322174072266,5.33942890167236,-3.37158203125
20180814,12,-40,75,40000,7571.34423828125,254.600006103516,7.39794921875,-3.07449221611023
20180814,18,-40,75,40000,7579.009765625,254.699996948242,10.5807590484619,-0.731679677963257
20180815,0,-40,75,40000,7581.587890625,254.800003051758,11.9543771743774,0.197656244039536
20180815,6,-40,75,40000,7584.80078125,254.199996948242,13.0059251785278,-2.53440427780151
20180815,12,-40,75,40000,7568.5908203125,254.229156494141,12.6326169967651,-0.281728506088257
20180815,18,-40,75,40000,7581.34619140625,253.929153442383,15.4886741638184,-2.41881847381592
20180816,0,-40,75,40000,7596.01953125,254.090667724609,15.4928340911865,-4.19572734832764
20180816,6,-40,75,40000,7601.81201171875,255,13.0246534347534,-3.74114751815796
20180816,12,-40,75,40000,7596.63671875,252.899993896484,9.26931667327881,-2.88862800598145
20180816,18,-40,75,40000,7621.3369140625,253.7919921875,7.81670665740967,-2.03271007537842
20180817,0,-40,75,40000,7627.07421875,254.800003051758,7.0016942024231,-0.316059559583664
20180817,6,-40,75,40000,7642.78759765625,254.804443359375,9.70180416107178,-2.42071294784546
20180817,12,-40,75,40000,7627.46630859375,253.749176025391,7.60458993911743,-1.43905639648438
20180817,18,-40,75,40000,7637.89306640625,254.100006103516,5.97759389877319,-0.316580206155777
20180818,0,-40,75,40000,7634.57861328125,256.014770507813,10.7627201080322,2.72913217544556
20180818,6,-40,75,40000,7631.90185546875,255.399993896484,8.13316631317139,-1.3604828119278
20180818,12,-40,75,40000,7600.345703125,253.584197998047,6.21346426010132,4.90901374816895
20180818,18,-40,75,40000,7578.3779296875,254.199996948242,12.8233976364136,4.35740947723389
20180819,0,-40,75,40000,7555.59375,252.399978637695,14.8183689117432,-4.39893531799316
20180819,6,-40,75,40000,7525.48193359375,250.79997253418,13.9799709320068,-8.80422878265381
20180819,12,-40,75,40000,7510.080078125,251.399993896484,15.6823825836182,-18.3917484283447
20180819,18,-40,75,40000,7530.0556640625,252.221923828125,12.4117555618286,-21.2138137817383
20180820,0,-40,75,40000,7556.69189453125,252.999969482422,10.0025634765625,-17.723705291748
20180820,6,-40,75,40000,7575.0849609375,253.94612121582,12.3371896743774,-14.1133785247803
20180820,12,-40,75,40000,7575.30517578125,253.899978637695,13.6637601852417,-7.90853500366211
20180820,18,-40,75,40000,7581.2138671875,253.399993896484,17.0883731842041,-2.38893556594849
20180821,0,-40,75,40000,7587.99560546875,253.79997253418,20.1814193725586,-0.700219750404358
20180821,6,-40,75,40000,7596.34228515625,254.653854370117,19.8803215026855,-3.37239265441895
20180821,12,-40,75,40000,7580.8935546875,254.646118164063,22.1622066497803,-1.27504396438599
20180821,18,-40,75,40000,7591.94677734375,253.100006103516,17.8278999328613,6.31682109832764
20180822,0,-40,75,40000,7597.86181640625,253.800003051758,16.6688041687012,8.16282939910889
20180822,6,-40,75,40000,7592.83447265625,254.400238037109,10.8132781982422,6.63188457489014
20180822,12,-40,75,40000,7587.8701171875,254.599761962891,14.6304569244385,0.304602056741714
20180822,18,-40,75,40000,7598.12353515625,254.646118164063,14.5567808151245,5.10675048828125
20180823,0,-40,75,40000,7593.42626953125,254.907470703125,13.5928897857666,6.41328144073486
20180823,6,-40,75,40000,7576.6923828125,255.007476806641,20.9895477294922,6.34697246551514
20180823,12,-40,75,40000,7538.53515625,254.399993896484,22.3783626556396,8.17682456970215
20180823,18,-40,75,40000,7549.90478515625,252.999969482422,16.909646987915,2.58608388900757
20180824,0,-40,75,40000,7542.41552734375,253.199996948242,21.5909729003906,-2.78278803825378
20180824,6,-40,75,40000,7542.01611328125,253.199996948242,14.5298919677734,-3.8673095703125
20180824,12,-40,75,40000,7536.39013671875,252.985305786133,11.0450592041016,-2.12138056755066
20180824,18,-40,75,40000,7554.45068359375,252.699981689453,10.4254512786865,2.56727290153503
20180825,0,-40,75,40000,7558.39208984375,252.399978637695,14.5263242721558,1.27692866325378
20180825,6,-40,75,40000,7563.75830078125,253.899993896484,15.1999263763428,1.71668696403503
20180825,12,-40,75,40000,7562.5625,253.699996948242,16.3048515319824,5.82528686523438
20180825,18,-40,75,40000,7580.35107421875,253.100006103516,14.8063812255859,7.86136484146118
20180826,0,-40,75,40000,7583.1669921875,254,14.8108339309692,6.43065786361694
20180826,6,-40,75,40000,7572.8486328125,254.199981689453,12.8157711029053,2.71587514877319
20180826,12,-40,75,40000,7553.099609375,253.068313598633,12.9533023834229,7.27101421356201
20180826,18,-40,75,40000,7544.865234375,251.800003051758,15.4754362106323,9.89691734313965
20180827,0,-40,75,40000,7534.27392578125,252.099975585938,17.8792724609375,6.04415273666382
20180827,6,-40,75,40000,7514.689453125,252.500030517578,15.9777984619141,9.84492206573486
20180827,12,-40,75,40000,7476.0625,252.800003051758,23.5180320739746,2.24942636489868
20180827,18,-40,75,40000,7491.880859375,254.800003051758,29.0265293121338,-3.42164301872253
20180828,0,-40,75,40000,7518.04833984375,255,27.5105838775635,0.974692404270172
20180828,6,-40,75,40000,7517.283203125,254.29997253418,20.3146457672119,5.87984371185303
20180828,12,-40,75,40000,7503.4814453125,252,16.6797027587891,12.1136522293091
20180828,18,-40,75,40000,7513.203125,250.399993896484,18.2028865814209,5.9481201171875
20180829,0,-40,75,40000,7526.37890625,249.938919067383,18.1267185211182,1.51386225223541
20180829,6,-40,75,40000,7537.564453125,250.968307495117,13.8615913391113,2.31868171691895
20180829,12,-40,75,40000,7529.9951171875,250.44612121582,12.6551074981689,2.43496084213257
20180829,18,-40,75,40000,7545.107421875,250.899993896484,8.37196731567383,0.426811516284943
20180830,0,-40,75,40000,7558.720703125,251.699996948242,13.8675661087036,2.09240102767944
20180830,6,-40,75,40000,7570.25439453125,253.100006103516,19.441089630127,2.19223642349243
20180830,12,-40,75,40000,7560.90478515625,252.79997253418,21.2629089355469,-0.190448001027107
20180830,18,-40,75,40000,7575.4287109375,251.699996948242,20.014720916748,6.01419687271118
20180831,0,-40,75,40000,7573.38232421875,251.400024414063,21.7351570129395,9.78630352020264
20180831,6,-40,75,40000,7556.88134765625,251.800003051758,21.357593536377,3.98356318473816
20180831,12,-40,75,40000,7534.2900390625,251.899993896484,19.9265937805176,8.9991455078125
20180831,18,-40,75,40000,7537.16015625,251.199996948242,17.4739742279053,8.71232891082764
20180901,0,-40,75,40000,7525.15771484375,250.899993896484,17.8153629302979,9.60037803649902
20180901,6,-40,75,40000,7510.89453125,250.399993896484,13.7409915924072,8.00918579101563
20180901,12,-40,75,40000,7488.708984375,250.29997253418,11.0880308151245,3.86549687385559
20180901,18,-40,75,40000,7501.79931640625,250.300003051758,5.51567363739014,1.896484375
20180902,0,-40,75,40000,7487.41943359375,251,11.0871305465698,9.24196815490723
20180902,6,-40,75,40000,7507.970703125,251.443603515625,7.35006427764893,0.61332094669342
20180902,12,-40,75,40000,7505.82861328125,250.543609619141,1.68978881835938,1.3680419921875
20180902,18,-40,75,40000,7518.6962890625,251.610061645508,3.63380742073059,3.88665771484375
20180903,0,-40,75,40000,7530.89453125,252.399993896484,2.90966176986694,4.41445016860962
20180903,6,-40,75,40000,7545.56396484375,252.600006103516,-0.547448754310608,1.84368288516998
20180903,12,-40,75,40000,7525.77734375,251.94660949707,-4.49632883071899,6.1332426071167
20180903,18,-40,75,40000,7518.115234375,252.006988525391,0.0663055405020714,2.96837472915649
20180904,0,-40,75,40000,7520.6025390625,252.79997253418,3.56701350212097,3.1039764881134
20180904,6,-40,75,40000,7524.42822265625,252.600006103516,5.54241943359375,6.70482158660889
20180904,12,-40,75,40000,7511.64208984375,251.199996948242,3.27282953262329,1.38015627861023
20180904,18,-40,75,40000,7525.75244140625,250.699981689453,1.49542474746704,3.26884269714355
20180905,0,-40,75,40000,7531.52685546875,252.100006103516,4.35998773574829,5.55920886993408
20180905,6,-40,75,40000,7548.34521484375,252.099975585938,2.69417715072632,7.06775522232056
20180905,12,-40,75,40000,7536.14990234375,250.606979370117,2.5951201915741,5.90003681182861
20180905,18,-40,75,40000,7560.37109375,250.899993896484,1.66378176212311,3.89786982536316
20180906,0,-40,75,40000,7567.01318359375,251.800003051758,1.93893551826477,5.32621574401855
20180906,6,-40,75,40000,7574.8369140625,251.699996948242,3.80729675292969,6.06967163085938
20180906,12,-40,75,40000,7558.74169921875,251,3.56483149528503,9.7185001373291
20180906,18,-40,75,40000,7567.1806640625,250.800003051758,8.59889507293701,2.13917231559753
20180907,0,-40,75,40000,7565.46044921875,251.985305786133,6.69890117645264,0.462695300579071
20180907,6,-40,75,40000,7571.212890625,251.099975585938,1.71213376522064,-2.81951594352722
20180907,12,-40,75,40000,7555.07080078125,250.600006103516,2.23781442642212,-0.877099633216858
20180907,18,-40,75,40000,7561.90771484375,250.892532348633,4.99770498275757,-2.69997549057007
20180908,0,-40,75,40000,7561.98583984375,251.099975585938,7.33815002441406,-5.84345722198486
20180908,6,-40,75,40000,7563.607421875,251,7.23545551300049,-7.40639638900757
20180908,12,-40,75,40000,7547.384765625,252.899978637695,7.46424579620361,-11.8999814987183
20180908,18,-40,75,40000,7555.13232421875,253.300003051758,8.73677635192871,-5.03005361557007
20180909,0,-40,75,40000,7542.54248046875,251.800003051758,19.8207759857178,-1.39940798282623
20180909,6,-40,75,40000,7532.7724609375,250.300003051758,12.2383975982666,-5.08043813705444
20180909,12,-40,75,40000,7510.98583984375,250.199996948242,8.79354286193848,-6.38410663604736
20180909,18,-40,75,40000,7522.13134765625,249.600006103516,6.75051498413086,-3.26631832122803
20180910,0,-40,75,40000,7533.48583984375,251.199981689453,4.02241706848145,-10.6657905578613
20180910,6,-40,75,40000,7547.5205078125,252.300003051758,6.43980693817139,-7.08474111557007
20180910,12,-40,75,40000,7539.2001953125,251.199996948242,10.2064504623413,-0.217597663402557
20180910,18,-40,75,40000,7545.46923828125,250,11.7251901626587,-0.597973644733429
20180911,0,-40,75,40000,7541.24560546875,250,12.2895755767822,-0.789511740207672
20180911,6,-40,75,40000,7535.62744140625,251,12.8494968414307,-2.70071411132813
20180911,12,-40,75,40000,7525.46484375,250.199996948242,8.31952476501465,-0.545855700969696
20180911,18,-40,75,40000,7531.68603515625,251.199996948242,9.84080219268799,6.33701181411743
20180912,0,-40,75,40000,7533.80810546875,252.985305786133,15.6276187896729,1.30005490779877
20180912,6,-40,75,40000,7532.6298828125,253.199996948242,11.8693542480469,4.37702941894531
20180912,12,-40,75,40000,7527.64501953125,254.414672851563,13.2304382324219,6.34822988510132
20180912,18,-40,75,40000,7542.8232421875,253.971527099609,14.888689994812,7.78092050552368
20180913,0,-40,75,40000,7551.0712890625,252.800003051758,17.9470100402832,6.06503915786743
20180913,6,-40,75,40000,7544.802734375,254.000030517578,14.6313047409058,8.88921165466309
20180913,12,-40,75,40000,7553.32958984375,254.100006103516,9.85548686981201,14.382532119751
20180913,18,-40,75,40000,7568.87548828125,253.5,14.2572631835938,13.1572322845459
20180914,12,-40,75,40000,7585.3525390625,254.199981689453,7.34227895736694,8.22528648376465
20180914,18,-40,75,40000,7593.87353515625,254.399978637695,9.81380653381348,9.25761127471924
20180915,0,-40,75,40000,7595.34423828125,254.5,12.7998476028442,6.80150127410889
20180915,6,-40,75,40000,7607.25048828125,255.399978637695,5.45531940460205,5.27097797393799
20180915,12,-40,75,40000,7601.72607421875,254.399993896484,6.44927978515625,3.208984375
20180915,18,-40,75,40000,7607.41796875,254.699996948242,2.91843867301941,4.38467407226563
20180916,0,-40,75,40000,7601.513671875,255.099975585938,6.99805593490601,4.93575429916382
20180916,12,-40,75,40000,7592.33544921875,255.600006103516,9.46542930603027,6.84612417221069
20180916,18,-40,75,40000,7600.12451171875,254.600006103516,13.5791959762573,8.69707012176514
20180917,0,-40,75,40000,7590.1630859375,254.300003051758,18.500036239624,8.07806396484375
20180917,6,-40,75,40000,7586.25634765625,255.399993896484,22.9748020172119,7.77969980239868
20180917,12,-40,75,40000,7576.87890625,255.600006103516,21.0697975158691,10.3172245025635
20180917,18,-40,75,40000,7583.82080078125,254.699981689453,21.2256317138672,10.727276802063
20180918,0,-40,75,40000,7582.681640625,254.300003051758,23.2391300201416,6.93889141082764
20180918,6,-40,75,40000,7576.09423828125,254.600006103516,26.0060348510742,6.78598642349243
20180918,12,-40,75,40000,7569.47021484375,255.999969482422,24.6575908660889,5.99546384811401
20180918,18,-40,75,40000,7579.83056640625,256.399993896484,22.3774604797363,8.68563938140869
20180919,0,-40,75,40000,7572.01611328125,255.199996948242,21.0252799987793,10.8438768386841
20180919,6,-40,75,40000,7560.24072265625,256.600006103516,19.2054080963135,11.6299753189087
20180919,12,-40,75,40000,7537.15771484375,255,11.9859304428101,14.2001857757568
20180919,18,-40,75,40000,7529.64697265625,253.399978637695,13.2116365432739,13.5226135253906
20180920,0,-40,75,40000,7510.201171875,254.399993896484,10.8937253952026,16.2603225708008
20180920,6,-40,75,40000,7484.22998046875,255.300003051758,11.3866548538208,21.5999641418457
20180920,12,-40,75,40000,7457.70361328125,254.399978637695,14.9216184616089,23.0865383148193
20180920,18,-40,75,40000,7440.763671875,251.699996948242,26.059642791748,5.47103023529053
20180921,0,-40,75,40000,7478.28564453125,249.531692504883,22.869068145752,-12.9033689498901
20180921,6,-40,75,40000,7504.9814453125,250.399978637695,13.4308443069458,-4.47243642807007
20180921,12,-40,75,40000,7511.07763671875,250.229156494141,16.9246215820313,-0.374255359172821
20180921,18,-40,75,40000,7528.50146484375,249.58576965332,18.9137573242188,-0.369476318359375
20180922,0,-40,75,40000,7536.1201171875,248.899993896484,14.764892578125,1.90248715877533
20180922,6,-40,75,40000,7530.92138671875,249.300003051758,11.859148979187,-1.80665588378906
20180922,12,-40,75,40000,7528.86328125,249.699996948242,6.51603698730469,-0.982488989830017
20180922,18,-40,75,40000,7539.490234375,250.268310546875,7.67422199249268,-0.028778076171875
20180923,0,-40,75,40000,7537.89892578125,250.699996948242,10.0889253616333,-0.457226574420929
20180923,6,-40,75,40000,7527.7373046875,251.100006103516,10.8635530471802,-1.98001706600189
20180923,12,-40,75,40000,7515.04833984375,251.79997253418,13.858868598938,2.16819453239441
20180923,18,-40,75,40000,7511.70361328125,251.100006103516,15.0942134857178,3.96666264533997
20180924,0,-40,75,40000,7501.60009765625,251.300003051758,20.466236114502,5.10374164581299
20180924,6,-40,75,40000,7478.14892578125,251.699996948242,23.3899421691895,7.74464130401611
20180924,12,-40,75,40000,7446.9091796875,251.699981689453,24.7369575500488,7.90003347396851
20180924,18,-40,75,40000,7427.904296875,249.399993896484,24.2860622406006,6.25441265106201
20180925,0,-40,75,40000,7426.9267578125,249.899978637695,25.644323348999,1.69388425350189
20180925,6,-40,75,40000,7415.5595703125,248.899993896484,31.2769012451172,-1.31915283203125
20180925,12,-40,75,40000,7412.75634765625,248.199996948242,26.3276920318604,-4.50860595703125
20180925,18,-40,75,40000,7422.693359375,245.399993896484,22.0672550201416,-3.91652226448059
20180926,0,-40,75,40000,7431.509765625,246.439407348633,22.8099002838135,-1.6815459728241
20180926,6,-40,75,40000,7422.4267578125,245.899978637695,20.7624320983887,0.0366760268807411
20180926,12,-40,75,40000,7414.5673828125,244.300003051758,10.2826509475708,-5.39288330078125
20180926,18,-40,75,40000,7442.4306640625,245.5,1.06180417537689,-19.2332515716553
20180927,0,-40,75,40000,7459.82177734375,249.131683349609,14.127459526062,-20.4483604431152
20180927,6,-40,75,40000,7490.14990234375,251.5,10.1543483734131,-22.3868827819824
20180927,12,-40,75,40000,7491.54052734375,252.421920776367,15.1817989349365,-16.5412845611572
20180927,18,-40,75,40000,7501.15625,252.185272216797,16.477710723877,-14.0965881347656
20180928,0,-40,75,40000,7496.650390625,253.100006103516,20.8925476074219,-13.417444229126
20180928,6,-40,75,40000,7500.97802734375,253.399993896484,20.5673732757568,-11.5267086029053
20180928,12,-40,75,40000,7498.431640625,253.5,18.9766578674316,-8.38006591796875
20180928,18,-40,75,40000,7508.38916015625,252.600006103516,17.3774662017822,-5.02229022979736
20180929,0,-40,75,40000,7507.58740234375,252.399993896484,19.9528903961182,-8.38374042510986
20180929,6,-40,75,40000,7510.00244140625,253,20.2999820709229,-2.18341684341431
20180929,12,-40,75,40000,7504.794921875,253.775543212891,21.6770629882813,-3.97805786132813
20180929,18,-40,75,40000,7523.50244140625,253.675506591797,20.0556373596191,-0.0366882309317589
20180930,0,-40,75,40000,7527.5751953125,252.600006103516,20.9608345031738,3.17796635627747
20180930,6,-40,75,40000,7521.83984375,252.699996948242,21.3427085876465,7.05646371841431
20180930,12,-40,75,40000,7515.27197265625,252.100006103516,21.8440971374512,10.8863582611084
20180930,18,-40,75,40000,7513.0576171875,251.800003051758,20.9939384460449,14.3560609817505
20181001,0,-40,75,40000,7503.38232421875,251.600006103516,25.8211326599121,12.2999753952026
20181001,6,-40,75,40000,7501.29638671875,252.510009765625,24.6676788330078,12.043737411499
20181001,12,-40,75,40000,7503.02392578125,253,22.1465911865234,6.76129150390625
20181001,18,-40,75,40000,7514.20751953125,251.800003051758,19.7392883300781,11.6048030853271
20181002,0,-40,75,40000,7521.478515625,252.982757568359,24.207691192627,-4.13818979263306
20181002,6,-40,75,40000,7548.21044921875,255.082763671875,15.0195922851563,2.81289672851563
20181002,12,-40,75,40000,7539.54833984375,254.100006103516,7.70496845245361,7.67670917510986
20181002,18,-40,75,40000,7521.37109375,254.399993896484,19.3119201660156,12.4312257766724
20181003,0,-40,75,40000,7518.95361328125,255.5,20.2423210144043,10.4006776809692
20181003,6,-40,75,40000,7515.80517578125,256.117248535156,24.6051559448242,7.20170879364014
20181003,12,-40,75,40000,7477.796875,256.399993896484,29.5101470947266,12.6089782714844
20181003,18,-40,75,40000,7497.00439453125,254.5,29.2420101165771,10.8773241043091
20181004,0,-40,75,40000,7511.19482421875,252.800003051758,20.4587287902832,10.8999814987183
20181004,6,-40,75,40000,7494.125,251.79997253418,15.9464015960693,14.8099575042725
20181004,12,-40,75,40000,7464.33056640625,252.499969482422,19.4059810638428,20.2558898925781
20181004,18,-40,75,40000,7417.2783203125,250.000030517578,14.5138578414917,18.260648727417
20181005,0,-40,75,40000,7384.509765625,248.508331298828,24.8422794342041,2.83793449401855
20181005,6,-40,75,40000,7421.21142578125,251.800003051758,24.1854362487793,16.1000576019287
20181005,12,-40,75,40000,7391.193359375,251.099975585938,29.8390865325928,21.1676998138428
20181005,18,-40,75,40000,7370.6298828125,248.522674560547,29.1037349700928,21.7708377838135
20181006,0,-40,75,40000,7359.24755859375,245.600006103516,14.9193906784058,15.3175601959229
20181006,6,-40,75,40000,7354.34521484375,247,8.1551342010498,-4.07881832122803
20181006,12,-40,75,40000,7346.0986328125,247.731811523438,11.6796054840088,4.12081289291382
20181006,18,-40,75,40000,7345.05126953125,247.5,12.6792116165161,17.6357173919678
20181007,0,-40,75,40000,7315.34814453125,247.600006103516,19.5699100494385,18.4363956451416
20181007,6,-40,75,40000,7327.6337890625,247,9.81459999084473,13.2856569290161
20181007,12,-40,75,40000,7323.3974609375,247.278076171875,14.8457059860229,25.943920135498
20181007,18,-40,75,40000,7323.6025390625,248.324432373047,16.8248291015625,32.8587036132813
20181008,0,-40,75,40000,7308.6142578125,246.800003051758,13.1705503463745,27.6047859191895
20181008,6,-40,75,40000,7305.05810546875,247.482757568359,4.49228286743164,29.7165088653564
20181008,12,-40,75,40000,7281.7470703125,245.899993896484,4.51882314682007,32.6122207641602
20181008,18,-40,75,40000,7244.95947265625,244.899993896484,0.588122546672821,40.1644744873047
20181009,0,-40,75,40000,7228.375,241.699996948242,4.39469289779663,15.175048828125
20181009,6,-40,75,40000,7249.37451171875,242.199996948242,6.62013244628906,21.863353729248
20181009,12,-40,75,40000,7247.90185546875,244,6.86081838607788,17.9872798919678
20181009,18,-40,75,40000,7236.07177734375,245.601165771484,-0.174023434519768,20.4743156433105
20181010,0,-40,75,40000,7220.541015625,244.041961669922,8.7377986907959,13.313982963562
20181010,6,-40,75,40000,7207.1337890625,241.100006103516,9.5877046585083,-2.46790170669556
20181010,12,-40,75,40000,7203.6689453125,241.997222900391,15.6977596282959,3.53470158576965
20181010,18,-40,75,40000,7181.03271484375,239.399993896484,9.78603172302246,15.7674922943115
20181011,0,-40,75,40000,7230.33056640625,243.543579101563,27.4847202301025,-13.64892578125
20181011,6,-40,75,40000,7290.33740234375,246.5,24.4211940765381,5.94052743911743
20181011,12,-40,75,40000,7285.6806640625,245.882766723633,25.6278877258301,10.8053226470947
20181011,18,-40,75,40000,7279.10546875,243.399993896484,20.4623680114746,11.5689640045166
20181012,0,-40,75,40000,7260.90771484375,242.553375244141,30.3978996276855,6.60001230239868
20181012,6,-40,75,40000,7257.69482421875,242.199996948242,32.2041702270508,-0.0598999038338661
20181012,12,-40,75,40000,7307.11865234375,244.899993896484,7.3895845413208,-25.5616760253906
20181012,18,-40,75,40000,7376.2412109375,246.899993896484,4.48542499542236,-10.8702516555786
20181013,0,-40,75,40000,7385.4716796875,247.5,6.66502666473389,0.732452392578125
20181013,6,-40,75,40000,7361.18017578125,246.424468994141,9.15915203094482,-1.22666013240814
20181013,12,-40,75,40000,7329.220703125,246.053863525391,8.8153715133667,1.1212158203125
20181013,18,-40,75,40000,7309.2216796875,245.992523193359,13.7369899749756,2.41111445426941
20181014,0,-40,75,40000,7289.306640625,248.029144287109,29.6907081604004,-2.41237187385559
20181014,6,-40,75,40000,7248.8486328125,247.699996948242,37.5468330383301,0.882885754108429
20181014,12,-40,75,40000,7207.3701171875,246.5,36.1543045043945,16.3978328704834
20181014,18,-40,75,40000,7167.5810546875,241.399993896484,36.5419845581055,20.3632698059082
20181015,0,-40,75,40000,7167.998046875,241.099975585938,27.1814079284668,7.92720317840576
20181015,6,-40,75,40000,7202.72705078125,240.899993896484,17.2160148620605,3.97324824333191
20181015,12,-40,75,40000,7228.224609375,241,17.4163208007813,2.45863032341003
20181015,18,-40,75,40000,7287.455078125,241.899993896484,-11.4231662750244,-9.1065616607666
20181016,0,-40,75,40000,7330.12353515625,242.599975585938,-11.4231624603271,-7.49982309341431
20181016,6,-40,75,40000,7361.44873046875,244.399978637695,-12.2419462203979,-2.3128662109375
20181016,12,-40,75,40000,7380.2861328125,245.199996948242,-8.04244709014893,-0.0363891609013081
20181016,18,-40,75,40000,7409.5380859375,244.94612121582,-8.62437152862549,-1.11165773868561
20181017,0,-40,75,40000,7421.56396484375,245.899993896484,-15.5815000534058,0.461444079875946
20181017,6,-40,75,40000,7432.8017578125,245.5,-13.7262086868286,6.60203266143799
20181017,12,-40,75,40000,7427.66357421875,245.399978637695,-7.36845684051514,9.14168071746826
20181017,18,-40,75,40000,7441.89306640625,245.600006103516,2.27464604377747,14.8944702148438
20181018,0,-40,75,40000,7423.01123046875,246.100006103516,7.77969074249268,20.1987247467041
20181018,6,-40,75,40000,7414.6904296875,245.600006103516,11.2104921340942,21.8528327941895
20181018,12,-40,75,40000,7400.259765625,245.899978637695,13.3568239212036,22.1369380950928
20181018,18,-40,75,40000,7387.703125,245.5,15.248517036438,25.1594848632813
20181019,0,-40,75,40000,7349.94873046875,243,22.6065368652344,17.1621952056885
20181019,6,-40,75,40000,7348.123046875,243.100006103516,14.7295989990234,10.393048286438
20181019,18,-40,75,40000,7445.05517578125,246.499969482422,-13.2306575775146,-9.77985191345215
20181020,0,-40,75,40000,7476.5341796875,247.29997253418,-7.77743530273438,-9.13455772399902
20181020,6,-40,75,40000,7497.02392578125,247.167877197266,-1.0062164068222,-6.57752704620361
20181020,12,-40,75,40000,7501.12109375,247.860595703125,-1.96604311466217,-6.41303730010986
20181020,18,-40,75,40000,7512.462890625,248.300003051758,-3.51703786849976,-1.30644536018372
20181021,0,-40,75,40000,7502.701171875,248.495574951172,-1.87259519100189,2.85084223747253
20181021,6,-40,75,40000,7491.1357421875,248.292526245117,3.00785827636719,5.98048114776611
20181021,12,-40,75,40000,7466.29833984375,246.485305786133,10.8899173736572,6.25295400619507
20181021,18,-40,75,40000,7456.80810546875,245.300003051758,10.5337524414063,5.06323528289795
20181022,0,-40,75,40000,7438.61669921875,244.199996948242,8.47637367248535,1.4005218744278
20181022,6,-40,75,40000,7428.3876953125,245.699996948242,9.83408164978027,-0.944122314453125
20181022,12,-40,75,40000,7427.29443359375,245.775543212891,7.79458904266357,4.04804706573486
20181022,18,-40,75,40000,7432.634765625,246.278106689453,5.49149179458618,5.50248432159424
20181023,0,-40,75,40000,7424.92431640625,245.44384765625,3.35614633560181,6.42215585708618
20181023,6,-40,75,40000,7425.25439453125,246.385299682617,9.46892738342285,7.93486928939819
20181023,12,-40,75,40000,7420.1650390625,246.738922119141,8.54765033721924,10.6491947174072
20181023,18,-40,75,40000,7423.52294921875,246.800018310547,10.89040184021,9.20844078063965
20181024,0,-40,75,40000,7415.09765625,248.092529296875,12.7515621185303,13.8999633789063
20181024,6,-40,75,40000,7407.48828125,248.300003051758,15.9124088287354,15.5900268554688
20181024,12,-40,75,40000,7393.998046875,248.699996948242,13.9559993743896,13.1224613189697
20181024,18,-40,75,40000,7383.947265625,248.599975585938,7.44404888153076,4.97620248794556
20181025,0,-40,75,40000,7363.61572265625,247.899993896484,8.01937866210938,1.45588374137878
20181025,6,-40,75,40000,7345.283203125,245.561080932617,7.18634653091431,-0.374249279499054
20181025,12,-40,75,40000,7330.56494140625,244.392501831055,6.78742074966431,-15.7986507415771
20181025,18,-40,75,40000,7349.04296875,245.292556762695,8.27532386779785,-7.90380859375
20181026,0,-40,75,40000,7352.1318359375,245.600006103516,8.08026123046875,-9.71436786651611
20181026,6,-40,75,40000,7374.1611328125,247.199981689453,2.53977060317993,-23.6976566314697
20181026,12,-40,75,40000,7398.556640625,248.007476806641,8.35896301269531,-20.9142036437988
20181026,18,-40,75,40000,7418.42578125,249.300003051758,13.416015625,-22.9404907226563
20181027,0,-40,75,40000,7423.681640625,249.743453979492,12.1631288528442,-27.086877822876
20181027,6,-40,75,40000,7443.72509765625,248.882369995117,12.5418548583984,-23.0999755859375
20181027,12,-40,75,40000,7455.767578125,250.343475341797,18.0953273773193,-16.7706241607666
20181027,18,-40,75,40000,7468.97021484375,251.29997253418,25.7465515136719,-16.4263553619385
20181028,0,-40,75,40000,7461.740234375,250.868316650391,25.4426326751709,-13.6776123046875
20181028,6,-40,75,40000,7473.41455078125,250.899993896484,22.8751564025879,-12.1420288085938
20181028,12,-40,75,40000,7481.845703125,251.3203125,27.1166229248047,-12.532995223999
20181028,18,-40,75,40000,7494.9169921875,250.19743347168,27.5931758880615,-10.1166019439697
20181029,0,-40,75,40000,7487.611328125,250.33332824707,27.1178855895996,-8.1718807220459
20181029,6,-40,75,40000,7478.19140625,250.523040771484,25.6968803405762,2.5015869140625
20181029,12,-40,75,40000,7448.7255859375,250.241943359375,26.8040103912354,4.36538696289063
20181029,18,-40,75,40000,7419.6923828125,248.699996948242,30.5012016296387,3.86969614028931
20181030,0,-40,75,40000,7375.62451171875,247.699996948242,30.3922634124756,3.99536752700806
20181030,6,-40,75,40000,7343.0341796875,247.100006103516,27.4857025146484,12.3511600494385
20181030,12,-40,75,40000,7282.6689453125,245.699981689453,30.2008934020996,14.5667667388916
20181030,18,-40,75,40000,7260.646484375,242.5,26.5319156646729,10.4091672897339
20181031,0,-40,75,40000,7227.2314453125,241.113067626953,19.2018280029297,15.3000059127808
20181031,6,-40,75,40000,7215.07666015625,241.300018310547,20.5884246826172,16.7966918945313
20181031,12,-40,75,40000,7201.90673828125,240.5,18.8707675933838,8.89926719665527
20181031,18,-40,75,40000,7220.9130859375,241.113067626953,-4.47344350814819,-18.8029670715332
20181101,0,-40,75,40000,7232.3251953125,241.140533447266,7.6153564453125,-13.3333740234375
20181101,6,-40,75,40000,7204.1689453125,240.699996948242,9.7073974609375,-10.3029117584229
20181101,12,-40,75,40000,7185.67626953125,239.800003051758,5.01642322540283,-25.0997467041016
20181101,18,-40,75,40000,7240.970703125,243.637252807617,4.31535053253174,-36.5501174926758
20181102,0,-40,75,40000,7279.38427734375,246.100006103516,11.6851682662964,-35.015022277832
20181102,6,-40,75,40000,7310.576171875,247.099975585938,11.5008668899536,-36.7144165039063
20181102,12,-40,75,40000,7333.8095703125,248.118865966797,16.4799156188965,-24.6625118255615
20181102,18,-40,75,40000,7343.99853515625,250.149215698242,18.5467014312744,-26.9674491882324
20181103,0,-40,75,40000,7292.134765625,247.084518432617,37.0269584655762,-11.8976316452026
20181103,6,-40,75,40000,7205.10986328125,239.699996948242,29.2377071380615,0.242944329977036
20181103,12,-40,75,40000,7165.9169921875,236.011688232422,1.51491391658783,-11.0041255950928
20181103,18,-40,75,40000,7192.27978515625,238.399993896484,8.92521953582764,-20.5748653411865
20181104,0,-40,75,40000,7229.0205078125,243.300003051758,12.9550142288208,-27.9988765716553
20181104,6,-40,75,40000,7238.3837890625,243.636383056641,13.9145565032959,-37.4735298156738
20181104,12,-40,75,40000,7293.615234375,246.699996948242,18.0141258239746,-25.3887825012207
20181104,18,-40,75,40000,7302.00146484375,249.599975585938,17.9073429107666,-21.5418090820313
20181105,0,-40,75,40000,7224.52880859375,247.29997253418,29.4556427001953,-10.5944213867188
20181105,6,-40,75,40000,7151.60546875,240.699996948242,22.3060359954834,-7.89449453353882
20181105,12,-40,75,40000,7122.67138671875,238.424468994141,19.0523014068604,-15.6998348236084
20181105,18,-40,75,40000,7135.255859375,237.399993896484,22.1803531646729,-14.8289184570313
20181106,0,-40,75,40000,7144.001953125,241.899993896484,35.621280670166,-20.34521484375
20181106,6,-40,75,40000,7139.7392578125,241.1083984375,45.7037353515625,-12.2657041549683
20181106,12,-40,75,40000,7143.26123046875,243.95654296875,50.4789161682129,-15.3689880371094
20181106,18,-40,75,40000,7154.0673828125,243.500579833984,53.2817802429199,-9.99984169006348
20181107,0,-40,75,40000,7166.78857421875,242.24919128418,45.9420051574707,-6.07313251495361
20181107,6,-40,75,40000,7177.55810546875,242.76953125,47.2306632995605,-9.05228233337402
20181107,12,-40,75,40000,7191.83984375,244.832321166992,49.8335151672363,-9.389404296875
20181107,18,-40,75,40000,7201.47314453125,245.505035400391,44.7894744873047,-0.556738257408142
20181108,0,-40,75,40000,7151.951171875,240.225921630859,41.7734985351563,-1.51911616325378
20181108,6,-40,75,40000,7136.248046875,239.437774658203,36.7815361022949,-2.55458974838257
20181108,12,-40,75,40000,7129.8818359375,240.108795166016,38.2465896606445,-3.17985844612122
20181108,18,-40,75,40000,7138.43896484375,237,19.9457206726074,-9.3439998626709
20181109,0,-40,75,40000,7183.80419921875,237.363616943359,5.33492422103882,-26.4398441314697
20181109,6,-40,75,40000,7226.05859375,239.100006103516,16.3061714172363,-25.7288932800293
20181109,12,-40,75,40000,7247.1494140625,240.100006103516,15.1732425689697,-15.3843536376953
20181109,18,-40,75,40000,7278.38232421875,241.727569580078,7.80461740493774,-19.2707328796387
20181110,0,-40,75,40000,7300.638671875,243.699996948242,12.1981077194214,-14.0396242141724
20181110,6,-40,75,40000,7301.609375,244.899993896484,20.2427253723145,-3.94614863395691
20181110,12,-40,75,40000,7255.6748046875,244,29.4884433746338,-3.09999394416809
20181110,18,-40,75,40000,7232.20947265625,242.682250976563,34.9305229187012,-0.0992248505353928
20181111,0,-40,75,40000,7190.4150390625,240.29997253418,33.5625953674316,5.36768198013306
20181111,6,-40,75,40000,7138.41748046875,237.199996948242,28.9924621582031,11.7936887741089
20181111,12,-40,75,40000,7110.24755859375,235.114715576172,25.1633205413818,9.8189640045166
20181111,18,-40,75,40000,7092.93359375,232.399993896484,16.3302974700928,10.5205936431885
20181112,0,-40,75,40000,7079.35498046875,232.800003051758,16.3928413391113,16.2356624603271
20181112,6,-40,75,40000,7057.16943359375,230.244964599609,14.1974487304688,9.7734317779541
20181112,12,-40,75,40000,7063.1279296875,228.899978637695,7.85057067871094,-3.45847177505493
20181112,18,-40,75,40000,7138.568359375,235.906951904297,-17.408203125,-32.2477645874023
20181113,0,-40,75,40000,7221.68603515625,238.399993896484,-11.8350343704224,-31.7489109039307
20181113,6,-40,75,40000,7276.30419921875,240.699996948242,-6.16085195541382,-31.2961177825928
20181113,12,-40,75,40000,7314.61669921875,242.17805480957,-7.02674865722656,-29.0861568450928
20181113,18,-40,75,40000,7368.02685546875,243.624465942383,-4.24571514129639,-23.1076469421387
20181114,0,-40,75,40000,7386.84423828125,245.099975585938,0.164205938577652,-16.5236206054688
20181114,6,-40,75,40000,7400.478515625,244.600006103516,2.6295440196991,-11.6735353469849
20181114,12,-40,75,40000,7391.38232421875,244.20735168457,-1.04446721076965,-9.32907676696777
20181114,18,-40,75,40000,7399.0126953125,244.600006103516,-1.95556640625,-1.31651306152344
20181115,0,-40,75,40000,7384.81005859375,244.399993896484,4.46823120117188,-2.77336430549622
20181115,6,-40,75,40000,7373.966796875,244.599975585938,3.78533315658569,-8.44764137268066
20181115,12,-40,75,40000,7370.31640625,244.199996948242,4.91372966766357,-13.3927459716797
20181115,18,-40,75,40000,7370.49951171875,243.865264892578,8.75399494171143,-10.6320552825928
20181116,0,-40,75,40000,7356.697265625,243.246139526367,11.0355167388916,-11.7246370315552
20181116,6,-40,75,40000,7349.357421875,243.199996948242,10.5220699310303,-5.72293090820313
20181116,12,-40,75,40000,7326.45556640625,243.377807617188,14.4028043746948,-5.34039306640625
20181116,18,-40,75,40000,7306.103515625,243.699996948242,17.2167472839355,-2.49137878417969
20181117,0,-40,75,40000,7293.11181640625,243.29997253418,16.8917179107666,-4.52292776107788
20181117,6,-40,75,40000,7267.72607421875,241.800003051758,18.1999092102051,-1.96441650390625
20181117,12,-40,75,40000,7252.779296875,241.354034423828,21.3538875579834,-4.91536855697632
20181117,18,-40,75,40000,7238.46240234375,240.699996948242,26.969747543335,-0.247814938426018
20181118,0,-40,75,40000,7213.68798828125,239.359832763672,29.8907070159912,0.0599853508174419
20181118,6,-40,75,40000,7198.33642578125,238.011642456055,19.4487266540527,-0.441137701272964
20181118,12,-40,75,40000,7201.99853515625,237.800003051758,-4.13822031021118,-11.6651182174683
20181118,18,-40,75,40000,7257.859375,240.100006103516,-10.2652530670166,-13.4999332427979
20181119,0,-40,75,40000,7272.38134765625,240.300003051758,6.93641948699951,-12.2196168899536
20181119,6,-40,75,40000,7280.3701171875,241.899993896484,5.69212627410889,-10.8043699264526
20181119,12,-40,75,40000,7283.47509765625,242.599975585938,10.0116634368896,-13.7979984283447
20181119,18,-40,75,40000,7308.33447265625,242.699996948242,7.22991323471069,-15.534948348999
20181120,0,-40,75,40000,7315.6376953125,242.601959228516,12.1387996673584,-12.2999696731567
20181120,6,-40,75,40000,7327.3017578125,242.499969482422,12.7372989654541,-7.79854726791382
20181120,12,-40,75,40000,7322.85107421875,242.199996948242,9.822265625,-4.53171396255493
20181120,18,-40,75,40000,7329.42578125,241.199996948242,5.47975444793701,-2.10418081283569
20181121,0,-40,75,40000,7326.0400390625,241.399993896484,3.90561532974243,-3.50001835823059
20181121,6,-40,75,40000,7325.93701171875,241.100006103516,2.28086233139038,-1.93085932731628
20181121,12,-40,75,40000,7325.2763671875,241.100006103516,2.46996164321899,-3.39887690544128
20181121,18,-40,75,40000,7339.865234375,241.300003051758,3.38641047477722,-2.05330801010132
20181122,0,-40,75,40000,7345.66015625,242.600006103516,7.58862018585205,-8.0704288482666
20181122,6,-40,75,40000,7356.9111328125,245.100006103516,10.9919185638428,-4.80446767807007
20181122,12,-40,75,40000,7338.63671875,244.90266418457,14.1967315673828,6.55969858169556
20181122,18,-40,75,40000,7305.9306640625,245.228713989258,16.8531551361084,8.71304893493652
20181123,0,-40,75,40000,7201.76318359375,240.50537109375,12.90087890625,10.5999450683594
20181123,6,-40,75,40000,7134.4794921875,237.033325195313,16.2915840148926,-6.20001840591431
20181123,12,-40,75,40000,7132.48046875,236.847778320313,25.8172054290771,-14.4788084030151
20181123,18,-40,75,40000,7145.75,240.359451293945,38.6464767456055,-30.453929901123
20181124,0,-40,75,40000,7173.44580078125,242.273849487305,36.648551940918,-20.1442623138428
20181124,6,-40,75,40000,7193.767578125,242.762283325195,32.8897590637207,-10.1533994674683
20181124,12,-40,75,40000,7151.814453125,240.879730224609,33.9618759155273,1.14130246639252
20181124,18,-40,75,40000,7102.9580078125,239.060668945313,31.0217399597168,2.00258493423462
20181125,0,-40,75,40000,6988.66552734375,232.97248840332,33.8976974487305,9.7930326461792
20181125,6,-40,75,40000,7039.49853515625,231.399993896484,2.35477304458618,-24.0291233062744
20181125,12,-40,75,40000,7084.6533203125,234.072463989258,10.8933687210083,-22.3172168731689
20181125,18,-40,75,40000,7171.81640625,241.47248840332,15.2581148147583,-31.4815521240234
20181126,0,-40,75,40000,7213.3837890625,239.199996948242,17.1145973205566,-20.4011669158936
20181126,6,-40,75,40000,7232.8466796875,238.74055480957,16.1132869720459,-19.0967960357666
20181126,12,-40,75,40000,7249.8798828125,239.399993896484,15.0574312210083,-18.3641986846924
20181126,18,-40,75,40000,7262.4248046875,241.199996948242,5.73833608627319,-33.8359794616699
20181127,0,-40,75,40000,7292.216796875,243.699996948242,7.44678974151611,-31.0195198059082
20181127,6,-40,75,40000,7325.38916015625,247.100006103516,12.6595764160156,-22.0177917480469
20181127,12,-40,75,40000,7350.318359375,247.872512817383,10.8437061309814,-11.7070999145508
20181127,18,-40,75,40000,7342.81396484375,249.899993896484,14.2294063568115,-3.32857418060303
20181128,0,-40,75,40000,7309.908203125,249.178680419922,16.9485321044922,-4.81886720657349
20181128,6,-40,75,40000,7284.85888671875,246.600021362305,23.5551128387451,-4.93476057052612
20181128,12,-40,75,40000,7215.31494140625,241.720901489258,39.536792755127,-12.0677299499512
20181128,18,-40,75,40000,7206.09375,243.399993896484,32.9508628845215,-2.7701952457428
20181129,0,-40,75,40000,7202.62548828125,242.189651489258,27.0167846679688,9.0017147064209
20181129,6,-40,75,40000,7174.77490234375,241.30387878418,23.9991416931152,1.28162837028503
20181129,12,-40,75,40000,7140.83935546875,239.100006103516,30.2287750244141,-8.59995079040527
20181129,18,-40,75,40000,7177.79638671875,240.100006103516,26.8943424224854,-4.27039527893066
20181130,0,-40,75,40000,7181.80078125,241.399993896484,24.1384010314941,3.80225586891174
20181130,6,-40,75,40000,7157.9326171875,240.899993896484,20.5014381408691,9.2383394241333
20181130,12,-40,75,40000,7123.8525390625,239.821014404297,12.1622123718262,8.25385284423828
20181130,18,-40,75,40000,7091.978515625,239.933502197266,-1.10539793968201,6.95886707305908
20181201,0,-40,75,40000,7070.65478515625,237.984649658203,2.56136178970337,2.33129262924194
20181201,6,-40,75,40000,7055.248046875,235.91877746582,3.98373413085938,3.01435542106628
20181201,12,-40,75,40000,7033.078125,234.899993896484,-2.70008230209351,4.50187969207764
20181201,18,-40,75,40000,7008.79541015625,233.940551757813,-4.02233600616455,8.30670166015625
20181202,0,-40,75,40000,6995.89697265625,233.894439697266,2.11476445198059,5.19599628448486
20181202,6,-40,75,40000,6999.94189453125,232.091094970703,5.40415668487549,-2.89977407455444
20181202,12,-40,75,40000,6998.43798828125,231.326095581055,9.69758033752441,2.24672842025757
20181202,18,-40,75,40000,7010.796875,231.716217041016,11.8045930862427,3.16920781135559
20181203,0,-40,75,40000,7024.4189453125,231.52751159668,4.24389362335205,2.51331782341003
20181203,6,-40,75,40000,7041.10546875,230.91276550293,-0.598132312297821,2.67995595932007
20181203,12,-40,75,40000,7055.77197265625,231.399993896484,4.65847158432007,4.50680541992188
20181203,18,-40,75,40000,7052.779296875,234.333694458008,14.7267398834229,1.87298583984375
20181204,0,-40,75,40000,7039.35009765625,235.224563598633,24.10986328125,-5.58970928192139
20181204,6,-40,75,40000,7044.57861328125,237.285369873047,43.4136543273926,-12.2599363327026
20181204,12,-40,75,40000,7064.5341796875,241.513275146484,59.5414810180664,-21.0946598052979
20181204,18,-40,75,40000,7125.66552734375,242.899932861328,54.6814765930176,-17.0002689361572
20181205,0,-40,75,40000,7172.990234375,239.699981689453,29.9037170410156,-16.2000122070313
20181205,6,-40,75,40000,7228.419921875,242.214630126953,32.170539855957,-11.5023927688599
20181205,12,-40,75,40000,7232.54833984375,242.600006103516,31.4646797180176,-4.28394174575806
20181205,18,-40,75,40000,7229.1826171875,243.102416992188,33.1267967224121,-0.239337161183357
20181206,0,-40,75,40000,7210.11572265625,242.100021362305,34.2838554382324,3.47730708122253
20181206,6,-40,75,40000,7190.46142578125,241.810745239258,37.0360298156738,1.30308842658997
20181206,12,-40,75,40000,7208.587890625,242.328979492188,28.7340030670166,-1.31260991096497
20181206,18,-40,75,40000,7222.92138671875,242.127975463867,20.2656745910645,2.67114877700806
20181207,0,-40,75,40000,7214.4150390625,239.961456298828,17.7597713470459,3.23721313476563
20181207,6,-40,75,40000,7224.197265625,239.171783447266,18.5251522064209,2.28007197380066
20181207,12,-40,75,40000,7227.55322265625,238.767852783203,17.2974605560303,2.21649169921875
20181207,18,-40,75,40000,7240.49169921875,238.600021362305,17.8534984588623,1.19064939022064
20181208,0,-40,75,40000,7235.86083984375,238.151336669922,16.4685897827148,-0.572832047939301
20181208,6,-40,75,40000,7238.416015625,237.813888549805,7.98145484924316,-0.409277349710464
20181208,12,-40,75,40000,7231.923828125,238.90446472168,6.75545644760132,-6.80426740646362
20181208,18,-40,75,40000,7258.13232421875,240.218353271484,6.31394052505493,-13.6373996734619
20181209,0,-40,75,40000,7250.1181640625,239.699996948242,10.7399978637695,1.15676271915436
20181209,6,-40,75,40000,7237.9287109375,237.503997802734,10.0606050491333,-10.507043838501
20181209,12,-40,75,40000,7207.611328125,236.699996948242,25.1346588134766,-20.0201950073242
20181209,18,-40,75,40000,7210.37353515625,233.69140625,9.07223701477051,-23.1572933197021
20181210,0,-40,75,40000,7275.53125,239.315795898438,4.77491474151611,-28.3751831054688
20181210,6,-40,75,40000,7309.990234375,240.288848876953,6.67788696289063,-25.4624938964844
20181210,12,-40,75,40000,7339.68798828125,242.226760864258,5.15328979492188,-12.8302249908447
20181210,18,-40,75,40000,7350.08642578125,242.29997253418,11.3708400726318,-4.41503286361694
20181211,0,-40,75,40000,7334.10693359375,243.276947021484,14.9999208450317,0.375463873147964
20181211,6,-40,75,40000,7313.6123046875,243.254974365234,16.1416969299316,5.41074228286743
20181211,12,-40,75,40000,7273.3173828125,242.07243347168,26.1999931335449,7.27061748504639
20181211,18,-40,75,40000,7231.2939453125,240.306762695313,32.3810234069824,-1.51550900936127
20181212,0,-40,75,40000,7255.71826171875,240.980926513672,7.55122089385986,-15.5490016937256
20181212,6,-40,75,40000,7266.01513671875,244.199996948242,7.68512868881226,-6.40782785415649
20181212,12,-40,75,40000,7251.9033203125,246.185592651367,13.5344820022583,0.307846069335938
20181212,18,-40,75,40000,7188.68701171875,244.88786315918,21.1866359710693,16.0185241699219
20181213,0,-40,75,40000,7082.39013671875,237.2275390625,19.8482704162598,16.0163516998291
20181213,6,-40,75,40000,7083.08642578125,234.529144287109,5.4310302734375,13.4732484817505
20181213,12,-40,75,40000,7141.51416015625,235.5,-0.404220581054688,-40.9238586425781
20181213,18,-40,75,40000,7221.53955078125,239.000030517578,-10.0555782318115,-43.845775604248
20181214,0,-40,75,40000,7289.49560546875,240.020263671875,7.29154968261719,-26.4335327148438
20181214,6,-40,75,40000,7326.73828125,244.100006103516,8.59255409240723,-22.7191047668457
20181214,12,-40,75,40000,7370.0517578125,245.02165222168,2.21723628044128,-19.4991397857666
20181214,18,-40,75,40000,7400.193359375,245.300003051758,8.62746620178223,-8.97859477996826
20181215,0,-40,75,40000,7397.90771484375,245.899993896484,8.27145385742188,-3.09963989257813
20181215,6,-40,75,40000,7380.2626953125,245.860382080078,11.1041259765625,5.32939434051514
20181215,12,-40,75,40000,7353.78125,246.213088989258,16.2127227783203,11.1737003326416
20181215,18,-40,75,40000,7347.44580078125,245.60498046875,18.9002742767334,5.92893362045288
20181216,0,-40,75,40000,7362.6611328125,243.79997253418,4.70314311981201,-5.18717956542969
20181216,6,-40,75,40000,7387.33740234375,244.099975585938,12.6503477096558,-5.36584186553955
20181216,12,-40,75,40000,7409.82958984375,244.800018310547,0.744287133216858,-10.63987159729
20181216,18,-40,75,40000,7435.61083984375,245.899993896484,-3.87153315544128,3.61945486068726
20181217,0,-40,75,40000,7437.626953125,246,-3.76788640022278,8.55694007873535
20181217,6,-40,75,40000,7421.42919921875,245.600006103516,-4.61375141143799,14.9000425338745
20181217,12,-40,75,40000,7389.35498046875,244.804397583008,1.02229309082031,14.8447999954224
20181217,18,-40,75,40000,7361.7431640625,245.84114074707,6.21872568130493,10.3174381256104
20181218,0,-40,75,40000,7328.71435546875,246.473922729492,6.40456247329712,10.4932374954224
20181218,6,-40,75,40000,7298.17041015625,245.23486328125,5.90503835678101,3.52219843864441
20181218,12,-40,75,40000,7280.337890625,244.487747192383,10.3916683197021,-0.389404296875
