20180720,0,-60,-98,15000,13859.2861328125,225.114303588867,11.0311136245728,-6.46683597564697
20180720,6,-60,-98,15000,13851.6083984375,225.800003051758,10.4283351898193,-4.77500009536743
20180720,12,-60,-98,15000,13853.865234375,226.697219848633,11.2319478988647,-4.77170419692993
20180720,18,-60,-98,15000,13821.9345703125,227.989990234375,9.36889171600342,-5.36421632766724
20180721,0,-60,-98,15000,13797.875,228.699996948242,6.34999990463257,-3.98845219612122
20180721,6,-60,-98,15000,13797.1416015625,228.517242431641,2.14278316497803,-3.21739268302917
20180721,12,-60,-98,15000,13810.9208984375,228.100006103516,1.06999516487122,-2.77108144760132
20180721,18,-60,-98,15000,13796.0966796875,227.462493896484,0.374448239803314,-3.43246102333069
20180722,0,-60,-98,15000,13789.177734375,226.699996948242,-1.68726563453674,-2.62816905975342
20180722,6,-60,-98,15000,13804.787109375,225.600006103516,-1.61194336414337,-1.13939940929413
20180722,12,-60,-98,15000,13823.1220703125,224.624465942383,-1.3387793302536,-0.694877922534943
20180722,18,-60,-98,15000,13823.4287109375,224.085327148438,-1.91686522960663,-1.63938474655151
20180723,0,-60,-98,15000,13823.6220703125,223.731689453125,-0.900612771511078,-1.64857912063599
20180723,6,-60,-98,15000,13844.5009765625,222.79997253418,1.02805662155151,-1.13231205940247
20180723,12,-60,-98,15000,13867.0185546875,222.699996948242,2.42064452171326,-2.95233154296875
20180723,18,-60,-98,15000,13873.1923828125,223.100006103516,1.3755761384964,-3.9635546207428
20180724,0,-60,-98,15000,13855.1611328125,223.300003051758,0.151560053229332,-7.44304180145264
20180724,6,-60,-98,15000,13874.6572265625,222.931686401367,-1.57734370231628,-5.95512676239014
20180724,12,-60,-98,15000,13885.193359375,223.378082275391,-0.611355006694794,-8.0038480758667
20180724,18,-60,-98,15000,13884.6259765625,223.399993896484,-1.47804927825928,-9.65379428863525
20180725,0,-60,-98,15000,13872.755859375,223.199996948242,-1.33705568313599,-11.3079643249512
20180725,6,-60,-98,15000,13883.142578125,223.899993896484,-1.40101563930511,-10.6996726989746
20180725,12,-60,-98,15000,13893.2177734375,223.912811279297,0.405000001192093,-10.928053855896
20180725,18,-60,-98,15000,13892.9052734375,223.882766723633,-0.232084959745407,-12.8805074691772
20180726,0,-60,-98,15000,13881.6513671875,224.163650512695,0.266694337129593,-13.1753244400024
20180726,6,-60,-98,15000,13884.732421875,225.199996948242,2.16809558868408,-12.2727098464966
20180726,12,-60,-98,15000,13887.6650390625,225.829147338867,2.62406730651855,-12.0862741470337
20180726,18,-60,-98,15000,13868.99609375,226.758819580078,0.232248529791832,-12.1211624145508
20180727,0,-60,-98,15000,13852.8564453125,226.724456787109,-2.59610843658447,-12.4396753311157
20180727,6,-60,-98,15000,13860.70703125,226.5,-3.27658200263977,-10.6585721969604
20180727,12,-60,-98,15000,13875.0810546875,226.199996948242,-3.2958447933197,-11.3010549545288
20180727,18,-60,-98,15000,13871.0458984375,225.988571166992,-3.7152783870697,-9.956862449646
20180728,0,-60,-98,15000,13857.34765625,225.514694213867,-2.93528318405151,-9.20971393585205
20180728,6,-60,-98,15000,13857.46484375,225.485305786133,-2.24970936775208,-6.37800312042236
20180728,12,-60,-98,15000,13867.08984375,225.5,1.36901366710663,-6.16383790969849
20180728,18,-60,-98,15000,13848.9921875,225.300003051758,2.21554923057556,-6.01184558868408
20180729,0,-60,-98,15000,13821.8740234375,225.800003051758,5.91974115371704,-4.50126934051514
20180729,6,-60,-98,15000,13810.91015625,226.568313598633,9.2508373260498,-1.70847415924072
20180729,12,-60,-98,15000,13808.419921875,227.599975585938,11.2900094985962,-1.95692133903503
20180729,18,-60,-98,15000,13780.3154296875,227.899978637695,11.2122459411621,-3.71650147438049
20180730,0,-60,-98,15000,13759.099609375,227.999969482422,9.53644561767578,-4.1451563835144
20180730,6,-60,-98,15000,13766.974609375,227.800003051758,9.48359394073486,-3.77470707893372
20180730,12,-60,-98,15000,13784.240234375,227.199996948242,9.58329105377197,-5.20906972885132
20180730,18,-60,-98,15000,13786.1162109375,226.100006103516,9.60610866546631,-6.12922382354736
20180731,0,-60,-98,15000,13774.6865234375,225.548919677734,10.8100051879883,-6.21006107330322
20180731,6,-60,-98,15000,13771.3671875,226.199996948242,14.1236572265625,-4.63863277435303
20180731,12,-60,-98,15000,13768.5791015625,227.100006103516,15.77001953125,-4.30119132995605
20180731,18,-60,-98,15000,13728.8251953125,228.699996948242,17.2026863098145,-3.22320318222046
20180801,0,-60,-98,15000,13687.794921875,229.66145324707,14.2200489044189,-2.31559085845947
20180801,6,-60,-98,15000,13673.302734375,230,12.7425003051758,-3.08176279067993
20180801,12,-60,-98,15000,13670.482421875,230.699996948242,11.3867626190186,-1.79316401481628
20180801,18,-60,-98,15000,13638.677734375,231.699981689453,11.595742225647,-2.04780769348145
20180802,0,-60,-98,15000,13614.26953125,232,9.51947784423828,-2.24474859237671
20180802,6,-60,-98,15000,13620.84765625,231.699996948242,9.86168479919434,-1.39058101177216
20180802,12,-60,-98,15000,13631.6962890625,231.399993896484,10.6772775650024,-3.46236824989319
20180802,18,-60,-98,15000,13628.875,230.899993896484,11.2709712982178,-4.6245436668396
20180803,0,-60,-98,15000,13624.5302734375,230.300003051758,12.7622337341309,-4.02196788787842
20180803,6,-60,-98,15000,13659.5576171875,229.100006103516,12.8099946975708,-4.56266593933105
20180803,12,-60,-98,15000,13716.701171875,226.600006103516,14.9960060119629,-4.81597900390625
20180803,18,-60,-98,15000,13738.5087890625,224.600006103516,14.0691699981689,-0.806547880172729
20180804,0,-60,-98,15000,13742.2138671875,224.199996948242,13.8971729278564,4.88003158569336
20180804,6,-60,-98,15000,13741.83984375,225.5,12.5477781295776,9.53010272979736
20180804,12,-60,-98,15000,13750.197265625,226.699996948242,13.9283351898193,9.6161060333252
20180804,18,-60,-98,15000,13718.81640625,228.199996948242,13.7700052261353,8.56657695770264
20180805,0,-60,-98,15000,13691.20703125,228.899993896484,12.5646142959595,6.59622573852539
20180805,6,-60,-98,15000,13693.98046875,229.300003051758,11.970009803772,4.24732160568237
20180805,12,-60,-98,15000,13707.23828125,228.907470703125,14.3678073883057,1.47748291492462
20180805,18,-60,-98,15000,13703.1640625,228.79997253418,12.188925743103,-2.46415042877197
20180806,0,-60,-98,15000,13702.041015625,228.006988525391,12.1500101089478,-4.94479513168335
20180806,6,-60,-98,15000,13727.7763671875,227.300003051758,13.4499998092651,-6.8253002166748
20180806,12,-60,-98,15000,13764.1083984375,226.214263916016,14.030029296875,-7.44997310638428
20180806,18,-60,-98,15000,13772.837890625,224.899993896484,13.7366504669189,-7.15377950668335
20180807,0,-60,-98,15000,13775.3076171875,224.821929931641,11.9705371856689,-6.81607675552368
20180807,6,-60,-98,15000,13796.8310546875,224.100006103516,11.6358108520508,-4.85636949539185
20180807,12,-60,-98,15000,13820.9921875,224.100006103516,12.6349973678589,-3.2200391292572
20180807,18,-60,-98,15000,13815.7783203125,224.399993896484,11.4341287612915,0.631320774555206
20180808,0,-60,-98,15000,13805.9453125,224.766693115234,11.4600076675415,0.4494848549366
20180808,6,-60,-98,15000,13813.849609375,224.600006103516,11.2299947738647,1.30890381336212
20180808,12,-60,-98,15000,13833.43359375,224.29997253418,13.2827243804932,0.656601548194885
20180808,18,-60,-98,15000,13834.3125,223.499969482422,15.1085548400879,-0.456640630960464
20180809,0,-60,-98,15000,13830.1162109375,222.900238037109,16.6816749572754,-1.84877443313599
20180809,6,-60,-98,15000,13852.1259765625,222,16.8344478607178,0.45330810546875
20180809,12,-60,-98,15000,13873.2197265625,221.899993896484,16.9843559265137,2.35414791107178
20180809,18,-60,-98,15000,13864.4150390625,221.406982421875,15.7047309875488,3.05894541740417
20180810,0,-60,-98,15000,13844.2099609375,221.600006103516,17.0617961883545,6.06003427505493
20180810,6,-60,-98,15000,13846.7236328125,222,17.4422760009766,5.48292255401611
20180810,12,-60,-98,15000,13853.052734375,220.936370849609,16.0537986755371,5.6547999382019
20180810,18,-60,-98,15000,13822.7783203125,222.100006103516,12.9176807403564,8.98605918884277
20180811,0,-60,-98,15000,13782.3623046875,223.699996948242,9.94995594024658,10.5367136001587
20180811,6,-60,-98,15000,13748.80078125,225.399993896484,8.42251014709473,15.040319442749
20180811,12,-60,-98,15000,13729.6728515625,227.699996948242,7.14157724380493,10.8204126358032
20180811,18,-60,-98,15000,13694.5185546875,228.487213134766,7.10675764083862,9.378342628479
20180812,0,-60,-98,15000,13676.90625,228.318313598633,7.10649394989014,6.86029767990112
20180812,6,-60,-98,15000,13693.5986328125,227.976409912109,6.26999998092651,6.49015855789185
20180812,12,-60,-98,15000,13720.4072265625,227.199996948242,7.44194841384888,3.14835929870605
20180812,18,-60,-98,15000,13727.3251953125,227.29997253418,6.75000476837158,-1.16738772392273
20180813,0,-60,-98,15000,13731.73046875,227.268310546875,6.29135751724243,-3.6137011051178
20180813,6,-60,-98,15000,13761.693359375,226.800003051758,6.87158203125,-7.09094715118408
20180813,12,-60,-98,15000,13814.94140625,225.79997253418,7.7166748046875,-12.3478975296021
20180813,18,-60,-98,15000,13851.7783203125,224.100006103516,6.95664072036743,-12.5353364944458
20180814,0,-60,-98,15000,13880.8310546875,222,7.34963369369507,-9.26640605926514
20180814,6,-60,-98,15000,13922.080078125,221.300003051758,8.04612350463867,-3.97325682640076
20180814,12,-60,-98,15000,13953.837890625,221.5,8.109619140625,-2.2000048160553
20180814,18,-60,-98,15000,13958.1611328125,221.599975585938,7.24712896347046,0.192153319716454
20180815,0,-60,-98,15000,13949.568359375,221.563385009766,7.31436538696289,1.68940424919128
20180815,6,-60,-98,15000,13952.8564453125,222.199981689453,9.34228038787842,5.13104248046875
20180815,12,-60,-98,15000,13960.3125,222.699996948242,9.43122100830078,3.80371832847595
20180815,18,-60,-98,15000,13946.2314453125,222.899993896484,9.98999977111816,6.79693841934204
20180816,0,-60,-98,15000,13922.59375,223.699996948242,9.36999988555908,9.01671886444092
20180816,6,-60,-98,15000,13918.0546875,224.639801025391,10.5048780441284,10.627571105957
20180816,12,-60,-98,15000,13907.36328125,225.600006103516,10.4546241760254,11.9336547851563
20180816,18,-60,-98,15000,13873.2060546875,225.600006103516,10.1033353805542,9.97343254089355
20180817,0,-60,-98,15000,13838.4541015625,225.761077880859,8.55000972747803,8.6550874710083
20180817,6,-60,-98,15000,13822.23046875,225.600006103516,8.70000457763672,8.07466316223145
20180817,12,-60,-98,15000,13818.2734375,225.199996948242,8.60000038146973,5.04454612731934
20180817,18,-60,-98,15000,13802.54296875,224.929153442383,8.78445053100586,3.64381337165833
20180818,0,-60,-98,15000,13784.416015625,224.800003051758,8.89919948577881,4.47199964523315
20180818,6,-60,-98,15000,13786.353515625,224.899993896484,9.84750461578369,6.5982837677002
20180818,12,-60,-98,15000,13794.23046875,225.5,10.8675050735474,6.19908428192139
20180818,18,-60,-98,15000,13782.224609375,225.599761962891,11.6139011383057,6.2138991355896
20180819,0,-60,-98,15000,13770.3583984375,225.899749755859,10.1636180877686,5.53396987915039
20180819,6,-60,-98,15000,13777.5810546875,225.800003051758,11.5628852844238,5.58889389038086
20180819,12,-60,-98,15000,13795.0849609375,225.099761962891,11.4900045394897,4.97547101974487
20180819,18,-60,-98,15000,13793.138671875,224.399993896484,11.3881397247314,4.97364234924316
20180820,0,-60,-98,15000,13789.833984375,224.207473754883,11.915244102478,4.39323472976685
20180820,6,-60,-98,15000,13805.8251953125,223.5,11.1846733093262,4.85196304321289
20180820,12,-60,-98,15000,13826.1484375,223.29997253418,11.1555957794189,5.00489521026611
20180820,18,-60,-98,15000,13817.400390625,222.800003051758,10.550009727478,5.36232900619507
20180821,0,-60,-98,15000,13813.7685546875,222.699996948242,11.1511087417603,5.03441429138184
20180821,6,-60,-98,15000,13824.0927734375,222.100006103516,8.01808547973633,6.25593757629395
20180821,12,-60,-98,15000,13839.3828125,221.699996948242,6.29083490371704,5.16521501541138
20180821,18,-60,-98,15000,13816.673828125,221.900024414063,-0.390002429485321,7.27158212661743
20180822,0,-60,-98,15000,13791.95703125,223.536376953125,-2.15999507904053,6.51682376861572
20180822,6,-60,-98,15000,13786.7822265625,224.836380004883,-2.49000000953674,7.1732325553894
20180822,12,-60,-98,15000,13788.599609375,225.300003051758,-1.61439943313599,4.56404781341553
20180822,18,-60,-98,15000,13772.3173828125,225.770843505859,-3.80471181869507,4.25445318222046
20180823,0,-60,-98,15000,13749.1220703125,226.100006103516,-2.30022954940796,3.4986572265625
20180823,6,-60,-98,15000,13748.5283203125,226.51335144043,-2.7379686832428,3.28406977653503
20180823,12,-60,-98,15000,13753.9091796875,226.678070068359,0.0300146490335464,2.13382077217102
20180823,18,-60,-98,15000,13747.25,226.300003051758,0.351118177175522,1.71204340457916
20180824,0,-60,-98,15000,13737.17578125,226.099975585938,0.870009779930115,1.17826902866364
20180824,6,-60,-98,15000,13745.8916015625,225.600006103516,1.39777338504791,2.39249014854431
20180824,12,-60,-98,15000,13762.4775390625,225.199996948242,2.97669911384583,2.56742668151855
20180824,18,-60,-98,15000,13748.8037109375,224.699996948242,2.03816890716553,2.7838671207428
20180825,0,-60,-98,15000,13731.4990234375,224.800003051758,0.852690458297729,4.24413585662842
20180825,6,-60,-98,15000,13731.736328125,224.699981689453,-0.347763657569885,4.1816258430481
20180825,12,-60,-98,15000,13736.8525390625,224.5,0.281650394201279,3.76701903343201
20180825,18,-60,-98,15000,13722.962890625,224.600006103516,-1.68472170829773,2.79064202308655
20180826,0,-60,-98,15000,13705.67578125,225.199996948242,-2.52055668830872,3.41698002815247
20180826,6,-60,-98,15000,13706.912109375,225.699996948242,-3.15110850334167,3.11711192131042
20180826,12,-60,-98,15000,13721.2939453125,225.806976318359,-0.747539043426514,4.30584239959717
20180826,18,-60,-98,15000,13714.88671875,225.800003051758,-0.648876965045929,3.20362067222595
20180827,0,-60,-98,15000,13706.2685546875,226.100006103516,-0.0476904287934303,4.27397966384888
20180827,6,-60,-98,15000,13720.1123046875,225.999969482422,0.820009768009186,4.1297607421875
20180827,12,-60,-98,15000,13736.681640625,226.114700317383,0.855288088321686,4.23265886306763
20180827,18,-60,-98,15000,13734.6171875,225.699996948242,-0.981943368911743,4.128173828125
20180828,0,-60,-98,15000,13723.576171875,226.29997253418,-2.8944628238678,3.0308153629303
20180828,6,-60,-98,15000,13726.599609375,226.399993896484,-4.15146017074585,2.83861327171326
20180828,12,-60,-98,15000,13739.9033203125,226.5,-3.07000255584717,0.855603039264679
20180828,18,-60,-98,15000,13733.103515625,226,-4.25502681732178,-0.763552248477936
20180829,0,-60,-98,15000,13728.5986328125,225.29997253418,-3.28009510040283,-3.42341542243958
20180829,6,-60,-98,15000,13742.37109375,224.239410400391,-2.72607898712158,-2.62302494049072
20180829,12,-60,-98,15000,13758.38671875,223,1.00967288017273,-5.6185154914856
20180829,18,-60,-98,15000,13753.4921875,222.199996948242,2.93079090118408,-5.11486339569092
20180830,0,-60,-98,15000,13735.767578125,222.5,5.2646484375,-5.19918441772461
20180830,6,-60,-98,15000,13731.568359375,222.79997253418,5.99671649932861,-3.28842520713806
20180830,12,-60,-98,15000,13731.7939453125,223.082763671875,7.65634775161743,-2.53918695449829
20180830,18,-60,-98,15000,13710.044921875,224.199981689453,7.96999979019165,-0.664204120635986
20180831,0,-60,-98,15000,13686.236328125,225.187942504883,6.88000249862671,0.463959962129593
20180831,6,-60,-98,15000,13682.1865234375,225.959228515625,4.80555152893066,1.89516353607178
20180831,12,-60,-98,15000,13690.8212890625,226.011184692383,3.53662109375,2.06046390533447
20180831,18,-60,-98,15000,13682.9189453125,226.120941162109,-0.247949212789536,1.56643557548523
20180901,0,-60,-98,15000,13680.6826171875,225.599975585938,-1.84722173213959,2.40445566177368
20180901,6,-60,-98,15000,13698.6923828125,224.899993896484,-2.58999991416931,2.69781255722046
20180901,12,-60,-98,15000,13708.4208984375,224.399993896484,-2.24999022483826,2.56109380722046
20180901,18,-60,-98,15000,13698.1376953125,223.600006103516,-2.11777830123901,1.91169917583466
20180902,0,-60,-98,15000,13689.1845703125,223.199996948242,-0.860537111759186,0.147687986493111
20180902,6,-60,-98,15000,13686.91015625,223,-0.0480908192694187,-0.728178739547729
20180902,12,-60,-98,15000,13689.6025390625,223,0.835551738739014,-1.59096682071686
20180902,18,-60,-98,15000,13673.4873046875,222.800003051758,0.670624971389771,-3.62563967704773
20180903,0,-60,-98,15000,13661.947265625,222.600006103516,-0.229521483182907,-3.71495604515076
20180903,6,-60,-98,15000,13674.583984375,221.800003051758,-1.64999759197235,-3.07127690315247
20180903,12,-60,-98,15000,13693.3828125,220.800003051758,-1.56335937976837,-3.64520263671875
20180903,18,-60,-98,15000,13699.01171875,219.5,-2.55554938316345,-6.1616530418396
20180904,0,-60,-98,15000,13711.6240234375,219.600006103516,-2.48783445358276,-8.1696949005127
20180904,6,-60,-98,15000,13746.6279296875,219.599975585938,-4.45513200759888,-10.2557497024536
20180904,12,-60,-98,15000,13790.51171875,218.600006103516,-8.4108247756958,-11.3687715530396
20180904,18,-60,-98,15000,13827.150390625,215.099975585938,-12.9166450500488,-11.2818040847778
20180905,0,-60,-98,15000,13855.0595703125,212.399993896484,-11.0881395339966,-7.47583484649658
20180905,6,-60,-98,15000,13885.2587890625,210.899993896484,-5.74503421783447,-3.78333973884583
20180905,12,-60,-98,15000,13892.9853515625,210.699996948242,-1.15656733512878,-1.23505854606628
20180905,18,-60,-98,15000,13876.1689453125,210.399993896484,1.50750970840454,1.8975487947464
20180906,0,-60,-98,15000,13845.9658203125,211.500045776367,4.85000991821289,4.81207990646362
20180906,6,-60,-98,15000,13827.615234375,211.699996948242,6.03000497817993,6.67964124679565
20180906,12,-60,-98,15000,13802.056640625,214.219436645508,5.59114027023315,7.91091775894165
20180906,18,-60,-98,15000,13753.9365234375,216.800003051758,4.72447776794434,5.55554914474487
20180907,0,-60,-98,15000,13708.9033203125,219.094207763672,8.19112300872803,4.40181875228882
20180907,6,-60,-98,15000,13687.2939453125,220,8.09125995635986,3.19343018531799
20180907,12,-60,-98,15000,13666.5791015625,220.5,7.69082498550415,2.41944336891174
20180907,18,-60,-98,15000,13635.8447265625,220.699996948242,5.0816798210144,0.417407214641571
20180908,0,-60,-98,15000,13606.2421875,220.599975585938,4.25168943405151,-0.174643561244011
20180908,6,-60,-98,15000,13593.7783203125,220.399993896484,3.41000986099243,-0.303999036550522
20180908,12,-60,-98,15000,13583.87890625,220.499969482422,4.3811206817627,-1.28001224994659
20180908,18,-60,-98,15000,13565.3125,220.499969482422,5.13251447677612,-2.00921630859375
20180909,0,-60,-98,15000,13539.4541015625,220.599975585938,6.63681173324585,-1.66860592365265
20180909,6,-60,-98,15000,13534.337890625,220.899993896484,8.46366214752197,-0.673159182071686
20180909,12,-60,-98,15000,13530.5361328125,221.399993896484,9.9510326385498,-0.38726806640625
20180909,18,-60,-98,15000,13510.2783203125,222.199996948242,12.2300224304199,1.05795407295227
20180910,0,-60,-98,15000,13472.99609375,223.699996948242,12.3300142288208,3.9366455078125
20180910,6,-60,-98,15000,13453.759765625,224.261077880859,11.7377805709839,4.58381605148315
20180910,12,-60,-98,15000,13438.3662109375,225.5,8.81099891662598,3.69347667694092
20180910,18,-60,-98,15000,13407.69921875,226.399993896484,6.37601566314697,1.64106690883636
20180911,0,-60,-98,15000,13382.9736328125,226.838912963867,4.11002445220947,-0.957424342632294
20180911,6,-60,-98,15000,13381.1123046875,226.699996948242,3.63801765441895,-2.61835932731628
20180911,12,-60,-98,15000,13388.25390625,226.300003051758,3.23001456260681,-5.77969980239868
20180911,18,-60,-98,15000,13382.4599609375,225.227737426758,3.73056650161743,-8.74348831176758
20180912,0,-60,-98,15000,13387.3125,224.146606445313,4.49528789520264,-11.6224613189697
20180912,6,-60,-98,15000,13408.3095703125,223.591018676758,7.56528568267822,-14.9011325836182
20180912,12,-60,-98,15000,13431.0673828125,223.446136474609,9.37771034240723,-15.1362724304199
20180912,18,-60,-98,15000,13435.8671875,222.627532958984,11.5042362213135,-14.0833520889282
20180913,0,-60,-98,15000,13438.8798828125,222.731689453125,10.3560962677002,-14.3277492523193
20180913,6,-60,-98,15000,13471.49609375,222.321929931641,10.5257816314697,-13.3235645294189
20180913,12,-60,-98,15000,13520.43359375,220.199981689453,13.1336622238159,-15.5900735855103
20180913,18,-60,-98,15000,13541.494140625,219.600006103516,14.3195629119873,-9.32551765441895
20180914,12,-60,-98,15000,13509.4140625,225.402496337891,17.6049861907959,-1.67402827739716
20180914,18,-60,-98,15000,13483.44140625,225.399993896484,14.0441474914551,-1.07917475700378
20180915,0,-60,-98,15000,13470.1787109375,225.800003051758,12.4700126647949,-3.57758045196533
20180915,6,-60,-98,15000,13478.0634765625,225.100006103516,11.997034072876,-3.83543467521667
20180915,12,-60,-98,15000,13491.05078125,224.399978637695,11.1341915130615,-4.58703374862671
20180915,18,-60,-98,15000,13482.33203125,224.331695556641,10.369909286499,-4.59630632400513
20180916,0,-60,-98,15000,13468.4287109375,224.485275268555,9.27258586883545,-4.86591053009033
20180916,12,-60,-98,15000,13480.5283203125,224.838912963867,7.38260984420776,-5.95749044418335
20180916,18,-60,-98,15000,13480.8095703125,224.399993896484,5.26369857788086,-7.48725080490112
20180917,0,-60,-98,15000,13479.5546875,224.100006103516,4.77083730697632,-9.26215553283691
20180917,6,-60,-98,15000,13501.19921875,223.5,4.74751472473145,-11.1778049468994
20180917,12,-60,-98,15000,13529.080078125,222.600006103516,5.60351085662842,-13.2407007217407
20180917,18,-60,-98,15000,13546.865234375,220.999969482422,4.42405271530151,-17.5715866088867
20180918,0,-60,-98,15000,13557.837890625,220.099975585938,5.77913093566895,-17.0161800384521
20180918,6,-60,-98,15000,13588.1376953125,218.399993896484,6.14377212524414,-14.1172389984131
20180918,12,-60,-98,15000,13617.0751953125,217.5,8.40324974060059,-11.1454420089722
20180918,18,-60,-98,15000,13625.2509765625,217.100006103516,7.95590353012085,-8.57747077941895
20180919,0,-60,-98,15000,13627.9609375,216.236358642578,9.19555377960205,-6.88462162017822
20180919,6,-60,-98,15000,13640.5634765625,215.600006103516,8.96654987335205,-6.28132057189941
20180919,12,-60,-98,15000,13659.521484375,214.820159912109,8.76314449310303,-4.78231191635132
20180919,18,-60,-98,15000,13656.2646484375,215.003219604492,8.33973121643066,-1.54742920398712
20180920,0,-60,-98,15000,13649.82421875,215.555053710938,7.86498546600342,0.264250487089157
20180920,6,-60,-98,15000,13657.544921875,215.600006103516,6.96969223022461,3.08186769485474
20180920,12,-60,-98,15000,13666.49609375,216.600021362305,7.56835222244263,3.85209465026855
20180920,18,-60,-98,15000,13656.9453125,216.800003051758,6.6596508026123,4.92626953125
20180921,0,-60,-98,15000,13649.099609375,217.300003051758,7.17833232879639,4.91508054733276
20180921,6,-60,-98,15000,13659.8525390625,217.124465942383,6.62079572677612,5.69113302230835
20180921,12,-60,-98,15000,13671.2890625,217.218902587891,4.6832127571106,5.78113031387329
20180921,18,-60,-98,15000,13650.9658203125,217.600006103516,1.41585206985474,6.90329122543335
20180922,0,-60,-98,15000,13622.9951171875,219.224456787109,0.457500010728836,8.62717819213867
20180922,6,-60,-98,15000,13605.56640625,221.078079223633,-0.265449225902557,9.61244583129883
20180922,12,-60,-98,15000,13589.275390625,222.600006103516,2.35920906066895,6.80097913742065
20180922,18,-60,-98,15000,13572.9501953125,223.300003051758,-0.415788561105728,3.94017815589905
20180923,0,-60,-98,15000,13556.44921875,223.699996948242,0.638129889965057,1.92549073696136
20180923,6,-60,-98,15000,13559.994140625,223.300003051758,-0.592936992645264,-1.49019289016724
20180923,12,-60,-98,15000,13572.224609375,223.199996948242,0.912109375,-3.43586182594299
20180923,18,-60,-98,15000,13570.90234375,222.100006103516,-0.509316384792328,-6.12791013717651
20180924,0,-60,-98,15000,13569.994140625,221.399993896484,-0.443061530590057,-7.59650373458862
20180924,6,-60,-98,15000,13587.0185546875,220.399993896484,-0.960363745689392,-9.5217113494873
20180924,12,-60,-98,15000,13609.4912109375,219.899993896484,-1.49674808979034,-12.3584079742432
20180924,18,-60,-98,15000,13619.79296875,217.789993286133,-0.629162609577179,-13.9347658157349
20180925,0,-60,-98,15000,13625.26953125,217.708160400391,4.31896734237671,-14.441162109375
20180925,6,-60,-98,15000,13639.8115234375,217.199996948242,7.15597915649414,-13.8772096633911
20180925,12,-60,-98,15000,13658.8828125,217.699996948242,8.6451997756958,-13.491286277771
20180925,18,-60,-98,15000,13667.9970703125,217.199996948242,6.96412086486816,-13.1872653961182
20180926,0,-60,-98,15000,13683.0791015625,214.699996948242,5.48006343841553,-16.2152194976807
20180926,6,-60,-98,15000,13723.041015625,212.495635986328,5.14396953582764,-17.6405906677246
20180926,12,-60,-98,15000,13765.13671875,211.28564453125,2.51821541786194,-16.8918952941895
20180926,18,-60,-98,15000,13785.642578125,210.058029174805,3.92416501045227,-10.1127586364746
20180927,0,-60,-98,15000,13788.2314453125,210.706253051758,5.84807109832764,-4.2193455696106
20180927,6,-60,-98,15000,13790.509765625,212.300003051758,7.65962886810303,0.376760244369507
20180927,12,-60,-98,15000,13794.18359375,213.399978637695,7.85253429412842,3.59884285926819
20180927,18,-60,-98,15000,13768.2578125,213.800003051758,6.13289308547974,7.37863302230835
20180928,0,-60,-98,15000,13738.4970703125,214.399993896484,5.4897289276123,10.0767631530762
20180928,6,-60,-98,15000,13705.318359375,215.5,4.5705714225769,14.1376762390137
20180928,12,-60,-98,15000,13678.9970703125,216.800003051758,4.96178483963013,14.1015329360962
20180928,18,-60,-98,15000,13638.0986328125,218.099975585938,5.4977879524231,16.0680179595947
20180929,0,-60,-98,15000,13579.8115234375,221.399993896484,5.54531717300415,18.5724945068359
20180929,6,-60,-98,15000,13543.541015625,223.5,6.36197996139526,14.7227811813354
20180929,12,-60,-98,15000,13537.0751953125,224.600006103516,14.1853885650635,7.6954174041748
20180929,18,-60,-98,15000,13533.6533203125,223.895553588867,20.7169780731201,5.57531023025513
20180930,0,-60,-98,15000,13534.76953125,222.899993896484,26.6849803924561,3.04198980331421
20180930,6,-60,-98,15000,13545.205078125,222.559448242188,30.5225048065186,1.97218751907349
20180930,12,-60,-98,15000,13568.3203125,220.29997253418,32.5995063781738,2.15173578262329
20180930,18,-60,-98,15000,13565.150390625,217.79997253418,30.4573822021484,6.12811517715454
20181001,0,-60,-98,15000,13541.3740234375,218.899993896484,27.2813720703125,10.4533739089966
20181001,6,-60,-98,15000,13504.896484375,220.899993896484,22.3533515930176,11.6212205886841
20181001,12,-60,-98,15000,13462.1474609375,223.899978637695,20.463357925415,9.5998477935791
20181001,18,-60,-98,15000,13417.392578125,225.600006103516,18.3418769836426,5.64752197265625
20181002,0,-60,-98,15000,13390.5439453125,226.199996948242,15.7879199981689,2.26346182823181
20181002,6,-60,-98,15000,13382.076171875,225.800003051758,14.7292356491089,1.76426267623901
20181002,12,-60,-98,15000,13382.138671875,225.638916015625,14.7826099395752,-3.3135986328125
20181002,18,-60,-98,15000,13378.47265625,224.800003051758,13.9866456985474,-8.0495023727417
20181003,0,-60,-98,15000,13392.1875,223.544097900391,13.8310127258301,-11.4172849655151
20181003,6,-60,-98,15000,13428.291015625,222.100006103516,13.4086112976074,-15.5626707077026
20181003,12,-60,-98,15000,13481.5712890625,219,14.8305692672729,-18.6582088470459
20181003,18,-60,-98,15000,13510.169921875,217.738922119141,16.9805660247803,-15.275016784668
20181004,0,-60,-98,15000,13522.1376953125,216.621917724609,17.7694511413574,-14.4649848937988
20181004,6,-60,-98,15000,13552.361328125,216,18.1799221038818,-12.6183204650879
20181004,12,-60,-98,15000,13589.244140625,215.214691162109,18.9894561767578,-12.3883695602417
20181004,18,-60,-98,15000,13616.1787109375,215.107467651367,14.5653295516968,-10.0616483688354
20181005,0,-60,-98,15000,13635.431640625,214.246139526367,12.4570999145508,-7.77889394760132
20181005,6,-60,-98,15000,13660.12890625,214.199996948242,10.4728689193726,-3.1817798614502
20181005,12,-60,-98,15000,13683.2177734375,213.999969482422,11.9797439575195,-3.61085200309753
20181005,18,-60,-98,15000,13693.9375,213,12.5066576004028,-2.0534839630127
20181006,0,-60,-98,15000,13699.12890625,212.600006103516,13.0493774414063,0.239641115069389
20181006,6,-60,-98,15000,13707.68359375,211.653884887695,12.9170827865601,2.80627918243408
20181006,12,-60,-98,15000,13715.947265625,213.100006103516,12.5312719345093,5.84875965118408
20181006,18,-60,-98,15000,13695.4912109375,214.348922729492,11.2730293273926,9.62756824493408
20181007,0,-60,-98,15000,13678.349609375,215.178070068359,11.2649841308594,12.7482242584229
20181007,6,-60,-98,15000,13652.8046875,217.021926879883,10.8140716552734,18.1721076965332
20181007,12,-60,-98,15000,13625.611328125,219.600006103516,14.0153226852417,19.4064636230469
20181007,18,-60,-98,15000,13580.677734375,220.62190246582,13.4496994018555,20.8150272369385
20181008,0,-60,-98,15000,13531.1552734375,222.600006103516,11.135612487793,22.0775985717773
20181008,6,-60,-98,15000,13474.150390625,225.099975585938,10.6314840316772,17.4183006286621
20181008,12,-60,-98,15000,13446.3974609375,225,14.1925783157349,8.1580810546875
20181008,18,-60,-98,15000,13437.537109375,222.300003051758,17.6809368133545,1.03213381767273
20181009,0,-60,-98,15000,13449.8701171875,219.299758911133,18.3995094299316,-1.53164064884186
20181009,6,-60,-98,15000,13456.775390625,218.600006103516,20.3574771881104,2.29322743415833
20181009,12,-60,-98,15000,13445.150390625,219.599975585938,18.5175552368164,4.74552249908447
20181009,18,-60,-98,15000,13415.1884765625,221.407470703125,18.199951171875,5.06901836395264
20181010,0,-60,-98,15000,13385.23046875,221.338897705078,15.8452634811401,2.06618165969849
20181010,6,-60,-98,15000,13371.30078125,220.899993896484,15.4163722991943,1.15623295307159
20181010,12,-60,-98,15000,13361.2158203125,220.699996948242,13.7333326339722,-1.45423579216003
20181010,18,-60,-98,15000,13346.9111328125,219.699996948242,13.9914407730103,-3.01720213890076
20181011,0,-60,-98,15000,13341.5224609375,218.706985473633,12.1701974868774,-3.86600828170776
20181011,6,-60,-98,15000,13349.384765625,217.399993896484,13.2452144622803,-1.69801759719849
20181011,12,-60,-98,15000,13358.2861328125,216.899993896484,13.7100830078125,2.58347654342651
20181011,18,-60,-98,15000,13351.1298828125,216.399978637695,14.6106691360474,6.88214826583862
20181012,0,-60,-98,15000,13324.19140625,218.099975585938,11.8333787918091,12.2920560836792
20181012,6,-60,-98,15000,13297.7158203125,219.600006103516,12.5465135574341,16.001220703125
20181012,12,-60,-98,15000,13282.1611328125,220.600006103516,13.3634395599365,14.7308349609375
20181012,18,-60,-98,15000,13249.16015625,220.899993896484,11.0884037017822,17.4396286010742
20181013,0,-60,-98,15000,13240.556640625,219.799758911133,11.0914478302002,17.0539302825928
20181013,6,-60,-98,15000,13237.2470703125,219.346115112305,8.1179838180542,19.3609504699707
20181013,12,-60,-98,15000,13228.603515625,219.899993896484,4.48174571990967,17.8126945495605
20181013,18,-60,-98,15000,13200.0400390625,220.899993896484,1.95617437362671,18.2833938598633
20181014,0,-60,-98,15000,13185.6484375,222.300003051758,1.92454588413239,16.1771297454834
20181014,6,-60,-98,15000,13192.91796875,221.899993896484,1.58876216411591,14.574462890625
20181014,12,-60,-98,15000,13208.4716796875,221.899993896484,0.738508284091949,11.6986227035522
20181014,18,-60,-98,15000,13200.7822265625,222.300003051758,1.01740968227386,9.92668914794922
20181015,0,-60,-98,15000,13199.076171875,222.300003051758,-0.191130369901657,5.18554210662842
20181015,6,-60,-98,15000,13201.6845703125,222.399993896484,1.42825436592102,4.70562505722046
20181015,12,-60,-98,15000,13212.94140625,222.117233276367,1.11457276344299,1.15551269054413
20181015,18,-60,-98,15000,13225.4521484375,221.600006103516,1.67047846317291,-1.10886228084564
20181016,0,-60,-98,15000,13246.58203125,220.600006103516,0.955314934253693,-4.07413578033447
20181016,6,-60,-98,15000,13279.896484375,219.099975585938,0.564497053623199,-6.49280738830566
20181016,12,-60,-98,15000,13317.9189453125,217.800003051758,0.0536596663296223,-8.17419910430908
20181016,18,-60,-98,15000,13328.3408203125,216.300003051758,1.44834721088409,-8.94557094573975
20181017,0,-60,-98,15000,13323.619140625,217.100006103516,5.85148191452026,-7.9328761100769
20181017,6,-60,-98,15000,13322.68359375,217.106979370117,8.60307884216309,-5.30596208572388
20181017,12,-60,-98,15000,13324.021484375,217.699981689453,7.88356924057007,-2.53455567359924
20181017,18,-60,-98,15000,13310.5546875,217.532135009766,7.58159685134888,0.0693139657378197
20181018,0,-60,-98,15000,13309.025390625,218.136383056641,6.20109844207764,-1.41398680210114
20181018,6,-60,-98,15000,13321.7333984375,217.100006103516,5.41834211349487,0.434968262910843
20181018,12,-60,-98,15000,13337.4716796875,216.199996948242,5.08252191543579,-2.01428699493408
20181018,18,-60,-98,15000,13338.7041015625,216.300003051758,2.21875238418579,-1.35141110420227
20181019,0,-60,-98,15000,13335.9248046875,216.800003051758,1.86953127384186,-3.02582025527954
20181019,6,-60,-98,15000,13342.16796875,217.399993896484,0.9052734375,-4.31340312957764
20181019,18,-60,-98,15000,13354.630859375,218.296539306641,1.04057371616364,-8.01046371459961
20181020,0,-60,-98,15000,13351.0634765625,219.199996948242,5.07328605651855,-8.22863292694092
20181020,6,-60,-98,15000,13347.6015625,219.800003051758,6.01061534881592,-5.4731297492981
20181020,12,-60,-98,15000,13346.6748046875,220.100006103516,9.15137481689453,-4.13110113143921
20181020,18,-60,-98,15000,13325.16015625,220.499969482422,9.0612964630127,-0.634077131748199
20181021,0,-60,-98,15000,13298.212890625,221.800003051758,8.78068161010742,1.20993649959564
20181021,6,-60,-98,15000,13277.9736328125,222.600006103516,7.64056396484375,1.84530520439148
20181021,12,-60,-98,15000,13267.427734375,223.538909912109,7.53292226791382,0.298112779855728
20181021,18,-60,-98,15000,13239.7275390625,223.899993896484,7.32880115509033,-1.09100103378296
20181022,0,-60,-98,15000,13218.119140625,224,6.83000230789185,-2.00262451171875
20181022,6,-60,-98,15000,13207.0078125,223.664108276367,7.50207281112671,-2.32593250274658
20181022,12,-60,-98,15000,13205.1533203125,222.943115234375,7.21439218521118,-4.29206800460815
20181022,18,-60,-98,15000,13200.544921875,222.399993896484,6.96074724197388,-8.78289031982422
20181023,0,-60,-98,15000,13216.5712890625,221.600006103516,8.80220985412598,-13.9849634170532
20181023,6,-60,-98,15000,13251.5234375,220.769287109375,10.3098440170288,-19.1752948760986
20181023,12,-60,-98,15000,13315.3271484375,219.886138916016,13.3805351257324,-21.9903621673584
20181023,18,-60,-98,15000,13363.275390625,217.199996948242,18.3981323242188,-21.3477439880371
20181024,0,-60,-98,15000,13408.2412109375,214.899993896484,22.3439407348633,-18.8569488525391
20181024,6,-60,-98,15000,13428.9521484375,216.099975585938,23.1357002258301,-8.89859390258789
20181024,12,-60,-98,15000,13434.6298828125,217.484527587891,23.2845554351807,-4.89861345291138
20181024,18,-60,-98,15000,13428.603515625,216.399993896484,21.9812889099121,-3.57607674598694
20181025,0,-60,-98,15000,13431.6298828125,215.694778442383,22.3741302490234,-2.74301505088806
20181025,6,-60,-98,15000,13435.173828125,216.105590820313,23.2224903106689,-0.886555194854736
20181025,12,-60,-98,15000,13438.4404296875,216.599975585938,24.5430393218994,-1.74857914447784
20181025,18,-60,-98,15000,13442.048828125,215.913482666016,23.3686542510986,-5.38001203536987
20181026,0,-60,-98,15000,13470.69921875,212.403472900391,20.9978370666504,-11.0273361206055
20181026,6,-60,-98,15000,13517.83203125,210.770843505859,22.5019721984863,-9.54848098754883
20181026,12,-60,-98,15000,13559.7412109375,208.629150390625,20.4404811859131,-11.164909362793
20181026,18,-60,-98,15000,13579.26953125,208.867385864258,21.1760005950928,-4.80266857147217
20181027,0,-60,-98,15000,13594.455078125,208.338912963867,19.8615665435791,-4.0767822265625
20181027,6,-60,-98,15000,13601.9716796875,210,17.0254459381104,3.10994148254395
20181027,12,-60,-98,15000,13598.869140625,212.053375244141,20.9966621398926,8.36805152893066
20181027,18,-60,-98,15000,13583.7177734375,214.699996948242,19.0300045013428,9.02528285980225
20181028,0,-60,-98,15000,13566.572265625,216.199996948242,18.1000003814697,14.3236961364746
20181028,6,-60,-98,15000,13537.896484375,217.29997253418,17.493616104126,16.228609085083
20181028,12,-60,-98,15000,13501.1220703125,219.5,16.852876663208,19.7552871704102
20181028,18,-60,-98,15000,13444.9609375,222.29997253418,15.2776346206665,19.6729488372803
20181029,0,-60,-98,15000,13389.087890625,224.300003051758,12.2255983352661,18.342679977417
20181029,6,-60,-98,15000,13326.2783203125,225.399978637695,11.5644216537476,16.8814163208008
20181029,12,-60,-98,15000,13275.255859375,225.899978637695,13.2916135787964,13.8991117477417
20181029,18,-60,-98,15000,13211.537109375,225.699996948242,13.0841455459595,10.7910938262939
20181030,0,-60,-98,15000,13166.1103515625,224.800003051758,10.8194456100464,9.22412109375
20181030,6,-60,-98,15000,13129.2060546875,224.919631958008,10.400673866272,9.14904308319092
20181030,12,-60,-98,15000,13096.365234375,224.407470703125,9.3100118637085,6.76028299331665
20181030,18,-60,-98,15000,13061.5185546875,224.100006103516,7.84800052642822,3.86285638809204
20181031,0,-60,-98,15000,13050.96484375,223.414703369141,7.4771580696106,0.868520498275757
20181031,6,-60,-98,15000,13047.4072265625,222.79997253418,6.81334733963013,-0.997583031654358
20181031,12,-60,-98,15000,13052.4541015625,222.399993896484,5.31778573989868,-3.74078607559204
20181031,18,-60,-98,15000,13060.255859375,221.899993896484,2.87007331848145,-9.13632297515869
20181101,0,-60,-98,15000,13086.330078125,221.199996948242,1.26389896869659,-12.9179830551147
20181101,6,-60,-98,15000,13136.9150390625,219.5,-0.302825927734375,-18.4026470184326
20181101,12,-60,-98,15000,13197.50390625,216.275543212891,-0.568328857421875,-23.6430130004883
20181101,18,-60,-98,15000,13229.0224609375,214.600006103516,4.16298961639404,-23.5010738372803
20181102,0,-60,-98,15000,13222.31640625,214.600006103516,9.63442611694336,-18.2746639251709
20181102,6,-60,-98,15000,13210.25390625,216.199996948242,11.890251159668,-11.604287147522
20181102,12,-60,-98,15000,13187.2236328125,218.70002746582,15.3577108383179,-6.92779302597046
20181102,18,-60,-98,15000,13138.6171875,219.368316650391,15.9407405853271,-4.64711904525757
20181103,0,-60,-98,15000,13100.474609375,218.800003051758,13.8718376159668,-6.98801755905151
20181103,6,-60,-98,15000,13085.80078125,216.699996948242,12.1023807525635,-10.5235280990601
20181103,12,-60,-98,15000,13080.990234375,215.100006103516,14.3972587585449,-14.6591234207153
20181103,18,-60,-98,15000,13077.8037109375,214.485305786133,16.0522022247314,-17.6123428344727
20181104,0,-60,-98,15000,13079.8173828125,213.794525146484,16.6375980377197,-19.0689163208008
20181104,6,-60,-98,15000,13085.2529296875,212.899993896484,18.3082122802734,-18.8588275909424
20181104,12,-60,-98,15000,13103.962890625,211.70002746582,20.9450092315674,-19.8992538452148
20181104,18,-60,-98,15000,13108.31640625,211.443603515625,22.4231414794922,-15.6369333267212
20181105,0,-60,-98,15000,13098.1748046875,211.600006103516,23.1116065979004,-13.8573360443115
20181105,6,-60,-98,15000,13092.09375,212.604095458984,20.7548923492432,-10.9365091323853
20181105,12,-60,-98,15000,13093.869140625,213.336380004883,18.168327331543,-10.358528137207
20181105,18,-60,-98,15000,13091.4140625,214.199996948242,13.6103467941284,-12.4091873168945
20181106,0,-60,-98,15000,13096.9033203125,214.600006103516,10.4400024414063,-15.1199026107788
20181106,6,-60,-98,15000,13106.6220703125,214.263641357422,9.52601528167725,-15.4190454483032
20181106,12,-60,-98,15000,13114.650390625,214.090179443359,12.7056913375854,-16.2080268859863
20181106,18,-60,-98,15000,13106.509765625,214.882858276367,13.2707376480103,-13.2402858734131
20181107,0,-60,-98,15000,13083.1513671875,215,15.175422668457,-11.3021945953369
20181107,6,-60,-98,15000,13065.25390625,214.899993896484,14.7030735015869,-10.4022579193115
20181107,12,-60,-98,15000,13049.36328125,215.520477294922,15.1606178283691,-11.6193284988403
20181107,18,-60,-98,15000,13013.7802734375,216.166473388672,17.4129390716553,-10.6683053970337
20181108,0,-60,-98,15000,12985.201171875,216.399993896484,18.9533500671387,-10.5846586227417
20181108,6,-60,-98,15000,12963.3779296875,216.699996948242,20.6632308959961,-6.87031745910645
20181108,12,-60,-98,15000,12944.1953125,217.600006103516,20.7506103515625,-2.34927010536194
20181108,18,-60,-98,15000,12891.044921875,219.100006103516,18.9519386291504,1.42228031158447
20181109,0,-60,-98,15000,12852.068359375,220.124465942383,16.7198867797852,1.80979979038239
20181109,6,-60,-98,15000,12813.2021484375,220.899993896484,14.8979330062866,0.807644069194794
20181109,12,-60,-98,15000,12801.5791015625,220.600006103516,13.8694953918457,-1.38545167446136
20181109,18,-60,-98,15000,12789.1640625,220.199996948242,12.6449537277222,-2.65418934822083
20181110,0,-60,-98,15000,12783.8935546875,220.5,12.9815921783447,-2.03882813453674
20181110,6,-60,-98,15000,12786.3662109375,220.100006103516,11.544303894043,-1.14927732944489
20181110,12,-60,-98,15000,12800.7109375,219.399993896484,8.82485580444336,-3.79345941543579
20181110,18,-60,-98,15000,12819.8779296875,218.800003051758,5.28277969360352,-5.66806650161743
20181111,0,-60,-98,15000,12849.34375,217.800003051758,2.05375242233276,-8.8149585723877
20181111,6,-60,-98,15000,12894.923828125,216.800003051758,-0.0494873039424419,-10.8981838226318
20181111,12,-60,-98,15000,12941.677734375,215.600006103516,-0.55133056640625,-15.2037181854248
20181111,18,-60,-98,15000,12975.955078125,215,-1.0872460603714,-18.6196002960205
20181112,0,-60,-98,15000,13001.7158203125,214.600006103516,1.93464350700378,-21.328125
20181112,6,-60,-98,15000,13020.4208984375,216.399993896484,5.07393074035645,-20.4993991851807
20181112,12,-60,-98,15000,13036.0576171875,217.399993896484,7.01525402069092,-18.6293354034424
20181112,18,-60,-98,15000,13050.7958984375,217,6.75129079818726,-17.4063301086426
20181113,0,-60,-98,15000,13072.37890625,216.199996948242,5.54217386245728,-18.0522975921631
20181113,6,-60,-98,15000,13102.6083984375,215.199996948242,3.96882319450378,-17.5126953125
20181113,12,-60,-98,15000,13136.5439453125,213.800003051758,4.16155385971069,-17.9728736877441
20181113,18,-60,-98,15000,13173.884765625,212.399978637695,2.64898991584778,-17.5803928375244
20181114,0,-60,-98,15000,13205.7470703125,210.100006103516,6.94894552230835,-15.1678495407104
20181114,6,-60,-98,15000,13210.4384765625,211.5,12.2007446289063,-10.867654800415
20181114,12,-60,-98,15000,13209.3984375,213.399993896484,14.0636672973633,-11.8403806686401
20181114,18,-60,-98,15000,13194.669921875,214.5,16.3350067138672,-8.33830547332764
20181115,0,-60,-98,15000,13177.8212890625,216.100006103516,18.1700000762939,-9.86523151397705
20181115,6,-60,-98,15000,13161.6376953125,217.199996948242,18.592342376709,-9.77128887176514
20181115,12,-60,-98,15000,13147.9111328125,218.100006103516,18.0915985107422,-12.2658128738403
20181115,18,-60,-98,15000,13128.0625,219.199996948242,15.1327638626099,-14.1062135696411
20181116,0,-60,-98,15000,13133.080078125,218,11.6141777038574,-16.7600078582764
20181116,6,-60,-98,15000,13141.888671875,217.118865966797,10.7596244812012,-16.0618705749512
20181116,12,-60,-98,15000,13140.89453125,216.34196472168,10.7437524795532,-14.4011373519897
20181116,18,-60,-98,15000,13117.0546875,216.600921630859,9.84591579437256,-12.0577096939087
20181117,0,-60,-98,15000,13088.28515625,216.710006713867,8.23586463928223,-10.3823022842407
20181117,6,-60,-98,15000,13068.1103515625,216.600006103516,5.84914779663086,-9.85753154754639
20181117,12,-60,-98,15000,13052.041015625,216.170852661133,5.54027605056763,-10.2885446548462
20181117,18,-60,-98,15000,13034.7578125,215.600006103516,4.27763652801514,-10.6972608566284
20181118,0,-60,-98,15000,13026.80078125,214.199996948242,3.20079350471497,-12.4031639099121
20181118,6,-60,-98,15000,13022.787109375,213,4.60445070266724,-12.6111764907837
20181118,12,-60,-98,15000,13020.0927734375,211.5,7.40355491638184,-14.4177198410034
20181118,18,-60,-98,15000,13006.048828125,211.100006103516,10.3171434402466,-14.221230506897
20181119,0,-60,-98,15000,12993.4228515625,210.5,11.2365894317627,-14.8432712554932
20181119,6,-60,-98,15000,12997.0615234375,209.992523193359,12.212851524353,-13.6827144622803
20181119,12,-60,-98,15000,13009.775390625,209.800003051758,11.4641304016113,-14.2135620117188
20181119,18,-60,-98,15000,13018.78125,209.79997253418,9.35000514984131,-13.2282838821411
20181120,0,-60,-98,15000,13031.9521484375,209.514694213867,6.42850828170776,-14.3339815139771
20181120,6,-60,-98,15000,13052.1611328125,208.646118164063,3.28569102287292,-12.1576852798462
20181120,12,-60,-98,15000,13070.0751953125,208.300003051758,3.195556640625,-10.6598701477051
20181120,18,-60,-98,15000,13070.7724609375,208.699996948242,3.56469488143921,-6.24443864822388
20181121,0,-60,-98,15000,13056.8134765625,208.899993896484,6.56555891036987,-3.98397469520569
20181121,6,-60,-98,15000,13039.73828125,209.199981689453,8.15000247955322,0.254511713981628
20181121,12,-60,-98,15000,13020.8388671875,209.686447143555,8.16999244689941,3.2441942691803
20181121,18,-60,-98,15000,12985.8046875,210.999969482422,6.1676025390625,7.87202167510986
20181122,0,-60,-98,15000,12953.6220703125,213.699981689453,8.88925552368164,8.14189910888672
20181122,6,-60,-98,15000,12945.71875,213.846603393555,13.5966014862061,9.50465297698975
20181122,12,-60,-98,15000,12939.6279296875,213.199981689453,14.3867483139038,14.3612794876099
20181122,18,-60,-98,15000,12917.541015625,213,14.8000020980835,17.4941253662109
20181123,0,-60,-98,15000,12901.1337890625,213.599975585938,14.3771533966064,17.7795066833496
20181123,6,-60,-98,15000,12876.1953125,214.999969482422,15.8633327484131,16.5822601318359
20181123,12,-60,-98,15000,12859.1826171875,215.893020629883,12.5,12.7845706939697
20181123,18,-60,-98,15000,12831.53515625,216,13.575553894043,10.7784423828125
20181124,0,-60,-98,15000,12813.1435546875,216,14.1422290802002,9.02047348022461
20181124,6,-60,-98,15000,12792.35546875,216,14.8512649536133,11.3299922943115
20181124,12,-60,-98,15000,12765.5478515625,216.199981689453,12.4497604370117,8.77458953857422
20181124,18,-60,-98,15000,12720.8876953125,216.600006103516,9.07056427001953,4.73432350158691
20181125,0,-60,-98,15000,12720.611328125,216.399993896484,10.6290283203125,0.0835107415914536
20181125,6,-60,-98,15000,12741.3125,216.399993896484,11.2292556762695,-2.45550775527954
20181125,12,-60,-98,15000,12769.2978515625,216,12.8286428451538,-6.63171148300171
20181125,18,-60,-98,15000,12801.3740234375,215.300003051758,14.4830102920532,-9.18743419647217
20181126,0,-60,-98,15000,12834.865234375,214.288055419922,15.6807718276978,-11.0738430023193
20181126,6,-60,-98,15000,12875.2548828125,213.399993896484,16.8672485351563,-9.2717924118042
20181126,12,-60,-98,15000,12907.0810546875,213.399993896484,18.6833267211914,-9.14716815948486
20181126,18,-60,-98,15000,12926.4189453125,212.899993896484,21.165397644043,-8.49297142028809
20181127,0,-60,-98,15000,12939.4677734375,212.70002746582,21.9757061004639,-8.37015151977539
20181127,6,-60,-98,15000,12950.625,211.994720458984,24.5263729095459,-4.65788555145264
20181127,12,-60,-98,15000,12959.0341796875,212.800003051758,25.4766845703125,-2.55248284339905
20181127,18,-60,-98,15000,12947.7412109375,214.199996948242,25.2277145385742,-1.09729242324829
20181128,0,-60,-98,15000,12929.7314453125,214.899993896484,24.6708278656006,-0.867221653461456
20181128,6,-60,-98,15000,12908.98828125,215.487213134766,24.1520881652832,-1.79273927211761
20181128,12,-60,-98,15000,12911.2783203125,215.247467041016,24.2246475219727,-3.78123545646667
20181128,18,-60,-98,15000,12911.5078125,214.5,24.7692852020264,-4.85179948806763
20181129,0,-60,-98,15000,12930.3408203125,213.699996948242,24.678129196167,-4.99212884902954
20181129,6,-60,-98,15000,12938.923828125,213.5,24.8506088256836,-2.44620108604431
20181129,12,-60,-98,15000,12944.7890625,213.77278137207,23.0317134857178,1.25117921829224
20181129,18,-60,-98,15000,12908.9345703125,215.399993896484,20.8591747283936,4.41530513763428
20181130,0,-60,-98,15000,12873.8173828125,217.031936645508,18.9675712585449,1.13707280158997
20181130,6,-60,-98,15000,12851.8037109375,217.300003051758,16.9614677429199,-1.41709959506989
20181130,12,-60,-98,15000,12837.537109375,217.034454345703,15.346851348877,-4.45982933044434
20181130,18,-60,-98,15000,12829.5185546875,216.5,12.3893384933472,-8.11165523529053
20181201,0,-60,-98,15000,12831.6220703125,215.600006103516,11.4796867370605,-13.3733491897583
20181201,6,-60,-98,15000,12858.3115234375,215.199996948242,7.89336681365967,-16.0038871765137
20181201,12,-60,-98,15000,12899.2158203125,214.300003051758,7.28740739822388,-23.164478302002
20181201,18,-60,-98,15000,12937.8408203125,213.300003051758,7.31778430938721,-26.5144538879395
20181202,0,-60,-98,15000,12964.4775390625,212.399993896484,8.36406517028809,-27.1444606781006
20181202,6,-60,-98,15000,12991.9921875,212.600006103516,11.155330657959,-26.5683307647705
20181202,12,-60,-98,15000,13007.6201171875,212.890411376953,12.1563234329224,-26.8966693878174
20181202,18,-60,-98,15000,13006.767578125,213.246490478516,10.2949953079224,-24.9429550170898
20181203,0,-60,-98,15000,13011.7724609375,213,7.63271379470825,-26.1115627288818
20181203,6,-60,-98,15000,13028.55078125,213.265548706055,6.03786849975586,-26.5223770141602
20181203,12,-60,-98,15000,13048.4990234375,212.599853515625,6.106201171875,-28.7908325195313
20181203,18,-60,-98,15000,13072.0498046875,211.712799072266,5.25320434570313,-27.4549388885498
20181204,0,-60,-98,15000,13095.017578125,209.805541992188,4.63036012649536,-28.3596687316895
20181204,6,-60,-98,15000,13123.5126953125,208.701690673828,6.06083726882935,-26.0264205932617
20181204,12,-60,-98,15000,13151.3623046875,207.5,8.02817916870117,-23.8198585510254
20181204,18,-60,-98,15000,13158.1025390625,207.502899169922,7.66752433776855,-18.9027862548828
20181205,0,-60,-98,15000,13148.755859375,207.673538208008,9.09740257263184,-15.8959445953369
20181205,6,-60,-98,15000,13147.5751953125,208.100006103516,7.93607425689697,-14.482834815979
20181205,12,-60,-98,15000,13154.7890625,208.199996948242,9.09387493133545,-15.2993068695068
20181205,18,-60,-98,15000,13159.6611328125,208.300003051758,9.16459274291992,-15.7456150054932
20181206,0,-60,-98,15000,13157.28515625,208.399993896484,9.84130859375,-14.9867868423462
20181206,6,-60,-98,15000,13152.005859375,208.985961914063,10.1850290298462,-13.3825044631958
20181206,12,-60,-98,15000,13156.1259765625,209.399993896484,10.9830074310303,-13.6130418777466
20181206,18,-60,-98,15000,13150.458984375,210.096237182617,10.3967142105103,-12.9426956176758
20181207,0,-60,-98,15000,13149.29296875,209.9189453125,10.4031686782837,-14.0589284896851
20181207,6,-60,-98,15000,13149.8310546875,209.899978637695,9.9014139175415,-13.6917867660522
20181207,12,-60,-98,15000,13155.9638671875,209.184906005859,11.0027828216553,-15.8161087036133
20181207,18,-60,-98,15000,13163.5146484375,207.890533447266,9.26283645629883,-16.0938301086426
20181208,0,-60,-98,15000,13169.548828125,206.441360473633,10.4907541275024,-15.7579488754272
20181208,6,-60,-98,15000,13181.3740234375,205.199996948242,11.8714303970337,-14.2734813690186
20181208,12,-60,-98,15000,13191.1962890625,203.728637695313,13.8118457794189,-11.778115272522
20181208,18,-60,-98,15000,13180.85546875,203.600021362305,16.2617969512939,-7.62768793106079
20181209,0,-60,-98,15000,13169.15625,203.899993896484,18.0505828857422,-6.42331314086914
20181209,6,-60,-98,15000,13150.232421875,205.5,17.6040134429932,-7.23095226287842
20181209,12,-60,-98,15000,13152.1552734375,206,16.5156478881836,-8.89987087249756
20181209,18,-60,-98,15000,13147.6396484375,207,14.7159423828125,-9.86572265625
20181210,0,-60,-98,15000,13154.0302734375,206.943893432617,12.9486179351807,-11.8801364898682
20181210,6,-60,-98,15000,13168.5859375,206.600006103516,9.62707042694092,-14.2011079788208
20181210,12,-60,-98,15000,13206.3046875,206.5,7.55737590789795,-15.6265563964844
20181210,18,-60,-98,15000,13232.4541015625,207.300003051758,6.99879169464111,-10.4762630462646
20181211,0,-60,-98,15000,13233.0576171875,207.859954833984,8.94002056121826,-6.49989938735962
20181211,6,-60,-98,15000,13228.87109375,209.20002746582,10.9655513763428,-4.72749996185303
20181211,12,-60,-98,15000,13222.88671875,211.208938598633,11.7700023651123,-6.28606939315796
20181211,18,-60,-98,15000,13211.3974609375,212.553588867188,11.7709617614746,-6.6603102684021
20181212,0,-60,-98,15000,13195.6015625,213.399993896484,13.7336130142212,-5.92950201034546
20181212,6,-60,-98,15000,13173.572265625,213.699996948242,16.3316707611084,-5.60523414611816
20181212,12,-60,-98,15000,13153.63671875,214.000152587891,18.1174392700195,-5.93434572219849
20181212,18,-60,-98,15000,13120.3740234375,214.300003051758,21.3641548156738,-7.33457517623901
20181213,0,-60,-98,15000,13097.76171875,214.399993896484,21.9972972869873,-7.72174787521362
20181213,6,-60,-98,15000,13065.7626953125,214.498077392578,22.999963760376,-8.00892066955566
20181213,12,-60,-98,15000,13050.9404296875,214.600006103516,22.5799999237061,-8.63753414154053
20181213,18,-60,-98,15000,13025.45703125,214.150833129883,19.0339412689209,-10.4586086273193
20181214,0,-60,-98,15000,13008.7724609375,212.599243164063,20.5499992370605,-12.0006885528564
20181214,6,-60,-98,15000,12986.1240234375,212,20.9017887115479,-15.5994234085083
20181214,12,-60,-98,15000,12989.4697265625,212.756393432617,19.8576984405518,-16.6616649627686
20181214,18,-60,-98,15000,12987.294921875,211.696243286133,21.7800064086914,-17.0322933197021
20181215,0,-60,-98,15000,12984.28125,210.800003051758,22.7084064483643,-15.9769506454468
20181215,6,-60,-98,15000,12980.7958984375,211.15803527832,22.0027751922607,-15.2314987182617
20181215,12,-60,-98,15000,12987.7158203125,210.600006103516,21.9700126647949,-12.4759941101074
20181215,18,-60,-98,15000,12975.6640625,210.699996948242,20.7000045776367,-12.720290184021
20181216,0,-60,-98,15000,12968.1884765625,210.100006103516,17.5220603942871,-12.8566236495972
20181216,6,-60,-98,15000,12967.8525390625,208.600006103516,14.8700370788574,-11.8481588363647
20181216,12,-60,-98,15000,12968.9248046875,207.600006103516,14.1391630172729,-11.2733840942383
20181216,18,-60,-98,15000,12967.69921875,207.836624145508,9.53876495361328,-10.7742528915405
20181217,0,-60,-98,15000,12978.9189453125,207.480804443359,6.83880853652954,-12.4914016723633
20181217,6,-60,-98,15000,12988.9716796875,206.719161987305,6.68561744689941,-14.5555906295776
20181217,12,-60,-98,15000,13011.267578125,205.800003051758,6.88653802871704,-18.7165241241455
20181217,18,-60,-98,15000,13024.5458984375,204.300003051758,7.26983880996704,-16.4959030151367
20181218,0,-60,-98,15000,13023.10546875,204.533264160156,13.5975532531738,-15.5626516342163
20181218,6,-60,-98,15000,12997.1171875,207.535766601563,19.0699787139893,-13.8441114425659
20181218,12,-60,-98,15000,12956.86328125,210.600006103516,22.8208885192871,-11.8968410491943
