20180720,0,-4,146,40000,7611.212890625,257.899993896484,-10.9973726272583,-3.48466801643372
20180720,6,-4,146,40000,7591.85498046875,258.285278320313,-10.139892578125,-4.42277812957764
20180720,12,-4,146,40000,7608.93359375,259.100006103516,-9.02316284179688,-4.38837289810181
20180720,18,-4,146,40000,7603.73046875,258.985290527344,-10.0242004394531,-2.4111328125
20180721,0,-4,146,40000,7610.56640625,258.114685058594,-10.2867250442505,-0.320666491985321
20180721,6,-4,146,40000,7593.50634765625,257.599975585938,-9.33490562438965,0.516137719154358
20180721,12,-4,146,40000,7608.22802734375,257.799987792969,-9.31732749938965,1.00451052188873
20180721,18,-4,146,40000,7603.01806640625,258.100006103516,-8.13057899475098,-0.303863525390625
20180722,0,-4,146,40000,7611.7392578125,257.399993896484,-6.95118427276611,-2.03862309455872
20180722,6,-4,146,40000,7593.31201171875,257.200012207031,-7.80851459503174,-2.88722538948059
20180722,12,-4,146,40000,7600.615234375,257.899993896484,-9.36178588867188,-2.83576059341431
20180722,18,-4,146,40000,7598.16064453125,258,-8.5950984954834,-2.16968393325806
20180723,0,-4,146,40000,7604.32177734375,257.899963378906,-9.08829307556152,-2.00840449333191
20180723,6,-4,146,40000,7585.8125,257.399963378906,-7.96670246124268,-1.38560795783997
20180723,12,-4,146,40000,7604.93994140625,257.399993896484,-7.14742422103882,-0.70353090763092
20180723,18,-4,146,40000,7599.84375,258.137756347656,-6.17225360870361,1.23977053165436
20180724,0,-4,146,40000,7614.439453125,257.299987792969,-6.48786640167236,2.10433340072632
20180724,6,-4,146,40000,7592.94482421875,257,-5.68026733398438,0.783764660358429
20180724,12,-4,146,40000,7610.8935546875,257.299987792969,-6.13958263397217,1.16390132904053
20180724,18,-4,146,40000,7604.91943359375,257.398498535156,-5.38004875183105,2.66098642349243
20180725,0,-4,146,40000,7616.77392578125,257.600036621094,-1.80058288574219,5.85217905044556
20180725,6,-4,146,40000,7597.544921875,257.5,-0.313037097454071,2.16449594497681
20180725,12,-4,146,40000,7618.19140625,257.586029052734,-1.86398315429688,-0.541412353515625
20180725,18,-4,146,40000,7609.90673828125,257.700012207031,-0.987070322036743,-1.74402344226837
20180726,0,-4,146,40000,7617.92431640625,257.568298339844,-3.39490222930908,-2.5648729801178
20180726,6,-4,146,40000,7598.97021484375,257.431701660156,-5.99669933319092,-2.79258799552917
20180726,12,-4,146,40000,7614.64306640625,257.700012207031,-7.35143089294434,-4.65246105194092
20180726,18,-4,146,40000,7606.18701171875,257.667877197266,-6.81065654754639,-6.82930660247803
20180727,0,-4,146,40000,7609.083984375,257.399993896484,-9.24501705169678,-6.46096181869507
20180727,6,-4,146,40000,7586.47265625,257.200012207031,-7.09546613693237,-7.25029802322388
20180727,12,-4,146,40000,7599.11767578125,257.375183105469,-5.94013404846191,-6.00284671783447
20180727,18,-4,146,40000,7590.296875,257.877136230469,-4.03669929504395,-6.12584972381592
20180728,0,-4,146,40000,7602.8876953125,257.599975585938,-4.15226078033447,-6.15759754180908
20180728,6,-4,146,40000,7585.25439453125,257.799987792969,-3.28325200080872,-6.73457527160645
20180728,12,-4,146,40000,7601.97802734375,257.399993896484,-1.9844092130661,-1.19120359420776
20180728,18,-4,146,40000,7596.73291015625,258.085754394531,-1.72367191314697,1.16746091842651
20180729,0,-4,146,40000,7603.72998046875,258.200012207031,-1.81662595272064,2.61584949493408
20180729,6,-4,146,40000,7585.14111328125,258.5,-1.03426265716553,2.69590830802917
20180729,12,-4,146,40000,7604.62353515625,257.899993896484,-2.66226553916931,1.82976567745209
20180729,18,-4,146,40000,7597.14013671875,257.899993896484,-2.80232906341553,1.43437504768372
20180730,0,-4,146,40000,7605.21435546875,257.245300292969,-2.87935543060303,-0.920468747615814
20180730,6,-4,146,40000,7585.271484375,257.336242675781,-3.87408924102783,-2.94389653205872
20180730,12,-4,146,40000,7602.060546875,257.714691162109,-4.40723562240601,-4.79327392578125
20180730,18,-4,146,40000,7598.15869140625,257.421936035156,-4.56047344207764,-4.0306544303894
20180731,0,-4,146,40000,7609.06396484375,256.592529296875,-5.64499807357788,-4.84140634536743
20180731,6,-4,146,40000,7585.29833984375,256.799987792969,-4.71751117706299,-5.80263662338257
20180731,12,-4,146,40000,7601.01171875,257.047241210938,-5.26236581802368,-4.99445819854736
20180731,18,-4,146,40000,7592.52001953125,257.400695800781,-3.82790517807007,-1.990966796875
20180801,0,-4,146,40000,7601.13427734375,257.460601806641,-2.90267944335938,-0.75319516658783
20180801,6,-4,146,40000,7577.1025390625,257.586029052734,-1.04988408088684,1.35806584358215
20180801,12,-4,146,40000,7594.8798828125,258.000244140625,-2.12688589096069,2.63102412223816
20180801,18,-4,146,40000,7585.521484375,257.899993896484,-2.37361145019531,4.97500610351563
20180802,0,-4,146,40000,7596.326171875,257.299987792969,-3.78886723518372,6.30149555206299
20180802,6,-4,146,40000,7577.84130859375,256.700012207031,-4.04952096939087,5.99809551239014
20180802,12,-4,146,40000,7591.642578125,256.399993896484,-3.71692800521851,8.03496074676514
20180802,18,-4,146,40000,7582.32958984375,256.299987792969,-4.64275217056274,9.81801795959473
20180803,0,-4,146,40000,7587.64892578125,256.092529296875,-6.16068124771118,7.49735116958618
20180803,6,-4,146,40000,7573.25927734375,255.938919067383,-7.35565805435181,3.70601797103882
20180803,12,-4,146,40000,7589.74560546875,255.600006103516,-8.29361248016357,1.74675905704498
20180803,18,-4,146,40000,7583.583984375,256.021911621094,-9.87260437011719,-2.27327871322632
20180804,0,-4,146,40000,7591.43359375,256.199981689453,-10.6172733306885,-3.50106191635132
20180804,6,-4,146,40000,7573.03125,255.899993896484,-8.87199115753174,-1.43985593318939
20180804,12,-4,146,40000,7593.94580078125,255.79997253418,-8.1295108795166,-1.40007627010345
20180804,18,-4,146,40000,7587.5625,256.407470703125,-9.49506855010986,-2.66788935661316
20180805,0,-4,146,40000,7598.22705078125,257.5,-10.2034816741943,-4.85125112533569
20180805,6,-4,146,40000,7575.2392578125,257.700012207031,-10.6438694000244,-3.70592641830444
20180805,12,-4,146,40000,7595.22265625,258.106994628906,-9.33173561096191,-2.93135690689087
20180805,18,-4,146,40000,7591.22998046875,257.853393554688,-7.94999504089355,-1.97441411018372
20180806,0,-4,146,40000,7600.66796875,257.700012207031,-7.8289155960083,-1.25319218635559
20180806,6,-4,146,40000,7582.75,257.351715087891,-8.53298377990723,-2.06943368911743
20180806,12,-4,146,40000,7599.59423828125,257.712463378906,-11.3989038467407,-2.30795907974243
20180806,18,-4,146,40000,7592.37890625,257.78564453125,-12.2999019622803,-3.17452645301819
20180807,0,-4,146,40000,7600.98291015625,256.287414550781,-14.5758743286133,-2.70560550689697
20180807,6,-4,146,40000,7579.38818359375,255.899978637695,-17.0068302154541,-0.452910155057907
20180807,12,-4,146,40000,7595.30810546875,256.750793457031,-14.9741182327271,1.12975585460663
20180807,18,-4,146,40000,7585.5712890625,256.799987792969,-13.1882638931274,3.68958497047424
20180808,0,-4,146,40000,7594.4130859375,257.799987792969,-11.469952583313,4.72219228744507
20180808,6,-4,146,40000,7576.548828125,257.670837402344,-9.74303245544434,5.85476064682007
20180808,12,-4,146,40000,7595.26171875,257.790557861328,-12.1636171340942,5.50589609146118
20180808,18,-4,146,40000,7588.8232421875,257.610046386719,-13.0455169677734,5.26190185546875
20180809,0,-4,146,40000,7604.39111328125,258.757568359375,-14.0917539596558,7.13363647460938
20180809,6,-4,146,40000,7582.84423828125,259,-11.1903257369995,8.15350341796875
20180809,12,-4,146,40000,7604.703125,258.809997558594,-9.93391418457031,4.6175537109375
20180809,18,-4,146,40000,7596.17138671875,258.683532714844,-10.4322633743286,0.689855933189392
20180810,0,-4,146,40000,7606.9560546875,258.799987792969,-10.6225738525391,-1.745361328125
20180810,6,-4,146,40000,7582.17041015625,258.337585449219,-10.1441469192505,-4.36929941177368
20180810,12,-4,146,40000,7601.9931640625,258,-12.9000825881958,-4.77223491668701
20180810,18,-4,146,40000,7592.0869140625,257.702026367188,-11.188214302063,-7.12208271026611
20180811,0,-4,146,40000,7602.232421875,257.643615722656,-10.4323301315308,-5.29400634765625
20180811,6,-4,146,40000,7582.66552734375,257.310028076172,-10.9169769287109,-1.76732182502747
20180811,12,-4,146,40000,7598.61865234375,256.700012207031,-10.199987411499,-0.3260498046875
20180811,18,-4,146,40000,7590.896484375,256.443572998047,-13.8091125488281,-0.744439721107483
20180812,0,-4,146,40000,7598.548828125,256.5,-13.6673917770386,-0.273599237203598
20180812,6,-4,146,40000,7576.1005859375,256.700012207031,-12.5956325531006,-0.872857689857483
20180812,12,-4,146,40000,7594.208984375,257.299987792969,-13.8425931930542,-0.79425048828125
20180812,18,-4,146,40000,7580.58544921875,257.5,-11.971212387085,-0.13299560546875
20180813,0,-4,146,40000,7591.583984375,257.011657714844,-12.6000003814697,0.690264880657196
20180813,6,-4,146,40000,7564.98388671875,256.299987792969,-11.6982145309448,1.16831660270691
20180813,12,-4,146,40000,7582.865234375,257.036437988281,-11.8346862792969,2.27484130859375
20180813,18,-4,146,40000,7573.705078125,257.082763671875,-11.0326051712036,2.89010000228882
20180814,0,-4,146,40000,7584.25927734375,256.970855712891,-12.38525390625,4.25813484191895
20180814,6,-4,146,40000,7568.12060546875,256.522155761719,-11.5405712127686,4.15841817855835
20180814,12,-4,146,40000,7586.14453125,257.299987792969,-13.10205078125,2.80550789833069
20180814,18,-4,146,40000,7581.52978515625,258,-15.089241027832,1.60832035541534
20180815,0,-4,146,40000,7597.54833984375,258.200012207031,-14.9956226348877,-0.132343754172325
20180815,6,-4,146,40000,7578.48046875,258.100006103516,-14.7640743255615,-2.05440425872803
20180815,12,-4,146,40000,7600.67041015625,257.929138183594,-14.7573823928833,-2.25172853469849
20180815,18,-4,146,40000,7595.90625,257.229156494141,-16.1413249969482,-1.67881834506989
20180816,0,-4,146,40000,7605.13916015625,257.190673828125,-16.9271659851074,-3.36572742462158
20180816,6,-4,146,40000,7585.3720703125,256.600006103516,-15.7053470611572,-3.43114757537842
20180816,12,-4,146,40000,7599.556640625,256.200012207031,-16.6106834411621,-1.74862790107727
20180816,18,-4,146,40000,7594.1767578125,256.492004394531,-15.2332935333252,-1.3127099275589
20180817,0,-4,146,40000,7604.07421875,256.700012207031,-14.9083061218262,-0.136059567332268
20180817,6,-4,146,40000,7586.3876953125,256.504455566406,-11.4581956863403,1.44928705692291
20180817,12,-4,146,40000,7598.7060546875,256.749176025391,-13.79541015625,1.26094365119934
20180817,18,-4,146,40000,7587.09326171875,256.899993896484,-12.3224058151245,0.98341977596283
20180818,0,-4,146,40000,7596.57861328125,256.814758300781,-11.0372800827026,0.429132074117661
20180818,6,-4,146,40000,7575.98193359375,256.399993896484,-9.86683368682861,0.639517188072205
20180818,12,-4,146,40000,7589.70556640625,256.184204101563,-9.06653594970703,1.84901368618011
20180818,18,-4,146,40000,7581.89794921875,256.399993896484,-10.4766025543213,-0.84259033203125
20180819,0,-4,146,40000,7586.5537109375,256.699981689453,-10.4916305541992,-1.94893550872803
20180819,6,-4,146,40000,7569.20166015625,255.899978637695,-10.9500293731689,-1.09422850608826
20180819,12,-4,146,40000,7592.27978515625,256.399993896484,-12.1076173782349,-0.771748065948486
20180819,18,-4,146,40000,7591.8154296875,257.021911621094,-12.4282445907593,0.396186530590057
20180820,0,-4,146,40000,7601.85205078125,257.499969482422,-10.8674364089966,1.40629398822784
20180820,6,-4,146,40000,7586.2451171875,257.246124267578,-10.2428102493286,3.40662097930908
20180820,12,-4,146,40000,7602.22509765625,257.399963378906,-9.75623989105225,3.48146486282349
20180820,18,-4,146,40000,7592.37353515625,258,-7.77162599563599,2.841064453125
20180821,0,-4,146,40000,7604.19580078125,258.199981689453,-7.06858158111572,1.96978032588959
20180821,6,-4,146,40000,7584.302734375,257.853851318359,-5.63967752456665,1.82760739326477
20180821,12,-4,146,40000,7602.61376953125,258.446105957031,-3.69779300689697,0.154956057667732
20180821,18,-4,146,40000,7595.82666015625,258.799987792969,-2.18209958076477,-0.263178706169128
20180822,0,-4,146,40000,7605.2216796875,258.399993896484,-2.13119506835938,-1.43717038631439
20180822,6,-4,146,40000,7583.994140625,257.900238037109,-1.08672177791595,-1.46811521053314
20180822,12,-4,146,40000,7602.14990234375,257.599761962891,-2.26954340934753,-1.29539799690247
20180822,18,-4,146,40000,7593.12353515625,258.046112060547,-1.54321897029877,-1.29324948787689
20180823,0,-4,146,40000,7604.666015625,257.907470703125,-2.10711050033569,-1.18671870231628
20180823,6,-4,146,40000,7576.6923828125,257.507476806641,-3.01045227050781,-2.05302739143372
20180823,12,-4,146,40000,7594.65478515625,256.799987792969,-5.22163677215576,-3.12317514419556
20180823,18,-4,146,40000,7586.14501953125,257.099975585938,-5.09035348892212,-3.21391606330872
20180824,0,-4,146,40000,7595.65576171875,257.5,-7.50902700424194,-2.4827880859375
20180824,6,-4,146,40000,7573.416015625,257.399993896484,-8.1701078414917,-0.267309576272964
20180824,12,-4,146,40000,7592.5498046875,257.285308837891,-7.15494060516357,0.378619372844696
20180824,18,-4,146,40000,7589.61083984375,257.399963378906,-6.37454843521118,-0.132727056741714
20180825,0,-4,146,40000,7604.15185546875,256.999969482422,-5.37367534637451,-0.5230712890625
20180825,6,-4,146,40000,7582.998046875,256.700012207031,-5.40007305145264,-1.38331294059753
20180825,12,-4,146,40000,7599.482421875,257.600006103516,-3.99514770507813,0.625286877155304
20180825,18,-4,146,40000,7585.8310546875,257.600006103516,-4.59361886978149,1.96136474609375
20180826,0,-4,146,40000,7594.88671875,257.5,-8.78916645050049,3.93065786361694
20180826,6,-4,146,40000,7577.8486328125,257.399963378906,-10.1842288970947,3.11587524414063
20180826,12,-4,146,40000,7596.33935546875,257.568298339844,-10.0466976165771,3.57101440429688
20180826,18,-4,146,40000,7584.18505859375,257.899993896484,-7.92456340789795,5.09691762924194
20180827,0,-4,146,40000,7594.513671875,257.499969482422,-8.32072734832764,5.84415292739868
20180827,6,-4,146,40000,7571.5693359375,257.200012207031,-8.72220134735107,3.24492192268372
20180827,12,-4,146,40000,7592.58251953125,257.700012207031,-7.5819673538208,1.64942622184753
20180827,18,-4,146,40000,7585.640625,258,-6.8734712600708,2.27835702896118
20180828,0,-4,146,40000,7593.84814453125,258,-7.27941656112671,2.06469249725342
20180828,6,-4,146,40000,7573.962890625,257.599975585938,-7.21535396575928,2.11984372138977
20180828,12,-4,146,40000,7591.76123046875,256.799987792969,-7.90029764175415,3.37365245819092
20180828,18,-4,146,40000,7579.68310546875,256.899993896484,-8.9171142578125,4.89811992645264
20180829,0,-4,146,40000,7591.65869140625,256.838928222656,-10.5432815551758,5.18386220932007
20180829,6,-4,146,40000,7578.84423828125,256.768310546875,-10.2084083557129,5.33868169784546
20180829,12,-4,146,40000,7590.23486328125,256.746124267578,-11.7448921203613,6.50496101379395
20180829,18,-4,146,40000,7580.82763671875,257.299987792969,-16.308032989502,2.2868115901947
20180830,0,-4,146,40000,7590.720703125,257.600006103516,-15.8324337005615,2.29240107536316
20180830,6,-4,146,40000,7567.814453125,257.5,-13.4589109420776,1.19223630428314
20180830,12,-4,146,40000,7588.865234375,257.699981689453,-13.6370906829834,1.20955204963684
20180830,18,-4,146,40000,7580.06884765625,258.100006103516,-12.8852787017822,2.91419672966003
20180831,0,-4,146,40000,7589.66259765625,257.800018310547,-12.46484375,3.38630366325378
20180831,6,-4,146,40000,7565.56103515625,257.100006103516,-11.1424074172974,2.68356323242188
20180831,12,-4,146,40000,7588.009765625,257.299987792969,-10.8734073638916,1.9991455078125
20180831,18,-4,146,40000,7580.2001953125,257.100006103516,-7.52602529525757,1.91232907772064
20180901,0,-4,146,40000,7593.517578125,256.100006103516,-7.28463745117188,3.80037832260132
20180901,6,-4,146,40000,7571.13427734375,256.399993896484,-6.95900869369507,1.20918583869934
20180901,12,-4,146,40000,7583.82861328125,256.499969482422,-5.91196918487549,5.46549701690674
20180901,18,-4,146,40000,7574.2392578125,256.899993896484,-6.684326171875,6.49648427963257
20180902,0,-4,146,40000,7589.939453125,256.5,-7.81286907196045,4.04196786880493
20180902,6,-4,146,40000,7571.33056640625,256.643615722656,-10.0499362945557,2.11332082748413
20180902,12,-4,146,40000,7588.5087890625,257.443603515625,-9.81021118164063,0.8680419921875
20180902,18,-4,146,40000,7582.13623046875,257.81005859375,-9.06619262695313,1.98665773868561
20180903,0,-4,146,40000,7590.45458984375,257.700012207031,-9.89033794403076,2.31445002555847
20180903,6,-4,146,40000,7567.923828125,257.399993896484,-7.64744853973389,1.54368281364441
20180903,12,-4,146,40000,7589.45751953125,257.546600341797,-8.59632873535156,0.0332427993416786
20180903,18,-4,146,40000,7578.39501953125,257.506988525391,-7.43369436264038,-0.331625372171402
20180904,0,-4,146,40000,7584.92236328125,257.099975585938,-5.33298635482788,-0.396023571491241
20180904,6,-4,146,40000,7562.42822265625,256.799987792969,-4.45758056640625,-0.395178228616714
20180904,12,-4,146,40000,7578.8818359375,257,-4.80717039108276,-0.189843744039536
20180904,18,-4,146,40000,7569.552734375,257.499969482422,-4.30457496643066,0.238842770457268
20180905,0,-4,146,40000,7588.20703125,257.200012207031,-5.14001226425171,1.55920898914337
20180905,6,-4,146,40000,7570.544921875,256.999969482422,-7.10582256317139,2.76775503158569
20180905,12,-4,146,40000,7591.75,257.306976318359,-9.50487995147705,4.40003681182861
20180905,18,-4,146,40000,7581.4912109375,257.700012207031,-10.4362182617188,5.09786987304688
20180906,0,-4,146,40000,7593.61328125,257.399993896484,-13.1010646820068,4.82621574401855
20180906,6,-4,146,40000,7578.11669921875,257.600006103516,-14.6927032470703,4.16967153549194
20180906,12,-4,146,40000,7593.98193359375,258.100006103516,-14.9351682662964,3.01849985122681
20180906,18,-4,146,40000,7580.50048828125,258.399993896484,-13.5011043548584,1.23917233943939
20180907,0,-4,146,40000,7592.1806640625,258.585296630859,-12.1010990142822,1.36269533634186
20180907,6,-4,146,40000,7572.05322265625,257.899963378906,-9.98786640167236,1.58048403263092
20180907,12,-4,146,40000,7591.630859375,258.100006103516,-10.262186050415,1.222900390625
20180907,18,-4,146,40000,7580.0673828125,258.192535400391,-9.80229473114014,2.00002431869507
20180908,0,-4,146,40000,7591.94580078125,257.599975585938,-7.86184978485107,2.25654292106628
20180908,6,-4,146,40000,7564.24755859375,256.700012207031,-5.56454467773438,1.79360353946686
20180908,12,-4,146,40000,7585.02490234375,257.099975585938,-6.13575458526611,-0.0999816879630089
20180908,18,-4,146,40000,7573.7724609375,257.5,-7.76322317123413,-0.530053734779358
20180909,0,-4,146,40000,7591.0625,257.600006103516,-6.87922382354736,0.000592041003983468
20180909,6,-4,146,40000,7568.17236328125,257.100006103516,-5.16160297393799,-0.880438208580017
20180909,12,-4,146,40000,7589.505859375,257.5,-6.20645761489868,-2.38410639762878
20180909,18,-4,146,40000,7576.17138671875,258.200012207031,-7.16948509216309,-1.16631841659546
20180910,0,-4,146,40000,7594.48583984375,257.399963378906,-5.79758310317993,-0.645790994167328
20180910,6,-4,146,40000,7570.92041015625,257,-5.66019296646118,-0.184741213917732
20180910,12,-4,146,40000,7592.16015625,257.200012207031,-6.11354970932007,0.0524023436009884
20180910,18,-4,146,40000,7580.3095703125,257.100006103516,-4.13480949401855,0.522026360034943
20180911,0,-4,146,40000,7591.9658203125,257,-5.32042503356934,-0.669511735439301
20180911,6,-4,146,40000,7566.82763671875,256.299987792969,-5.25050354003906,-3.10071420669556
20180911,12,-4,146,40000,7585.384765625,256.100006103516,-8.4804744720459,-3.84585571289063
20180911,18,-4,146,40000,7576.56640625,256.399993896484,-9.45919799804688,-0.262988269329071
20180912,0,-4,146,40000,7585.328125,256.785308837891,-8.97238159179688,3.10005497932434
20180912,6,-4,146,40000,7562.669921875,256.700012207031,-7.93064594268799,4.27702951431274
20180912,12,-4,146,40000,7588.40478515625,256.614685058594,-10.6695613861084,4.44822978973389
20180912,18,-4,146,40000,7578.14306640625,256.371520996094,-9.91131019592285,2.48092031478882
20180913,0,-4,146,40000,7591.31103515625,255.600006103516,-10.0529909133911,2.96503901481628
20180913,6,-4,146,40000,7565.7626953125,255.400024414063,-10.3686952590942,3.48921203613281
20180913,12,-4,146,40000,7581.689453125,255.800003051758,-11.9445133209229,2.78253173828125
20180913,18,-4,146,40000,7569.83544921875,256,-9.64273643493652,-0.242767333984375
20180914,12,-4,146,40000,7575.71240234375,255.499969482422,-8.45772075653076,-2.27471303939819
20180914,18,-4,146,40000,7566.03369140625,255.899978637695,-6.78619384765625,-1.34238886833191
20180915,0,-4,146,40000,7581.58447265625,255.899993896484,-8.00015258789063,-2.79849863052368
20180915,6,-4,146,40000,7561.7705078125,255.999969482422,-6.24468088150024,-3.12902212142944
20180915,12,-4,146,40000,7585.646484375,256.600006103516,-8.15072059631348,-2.99101567268372
20180915,18,-4,146,40000,7576.3779296875,256.899993896484,-7.18156147003174,-1.31532597541809
20180916,0,-4,146,40000,7588.27392578125,256.799987792969,-8.10194396972656,-2.16424560546875
20180916,12,-4,146,40000,7588.69580078125,257.100006103516,-6.03457021713257,2.34612417221069
20180916,18,-4,146,40000,7585.00439453125,257.399993896484,-4.82080364227295,3.59707021713257
20180917,0,-4,146,40000,7599.92333984375,257.5,-5.89996337890625,3.27806401252747
20180917,6,-4,146,40000,7578.736328125,257.700012207031,-5.92519855499268,2.47969961166382
20180917,12,-4,146,40000,7595.798828125,257.100006103516,-7.13020324707031,0.71722412109375
20180917,18,-4,146,40000,7582.42041015625,257.899963378906,-6.77436828613281,0.727276623249054
20180918,0,-4,146,40000,7597.48193359375,257.700012207031,-5.54086923599243,0.538891613483429
20180918,6,-4,146,40000,7573.25439453125,257.200012207031,-3.64396476745605,1.77598631381989
20180918,12,-4,146,40000,7591.990234375,257.599975585938,-7.57240962982178,3.83546376228333
20180918,18,-4,146,40000,7578.07080078125,257.399993896484,-6.53253889083862,3.11563968658447
20180919,0,-4,146,40000,7591.49609375,257,-4.50471925735474,3.44387698173523
20180919,6,-4,146,40000,7571.20068359375,258,-6.87459230422974,9.60997581481934
20180919,12,-4,146,40000,7594.11767578125,257.100006103516,-9.32406997680664,10.190185546875
20180919,18,-4,146,40000,7576.36669921875,256.199981689453,-12.2883634567261,9.62261390686035
20180920,0,-4,146,40000,7593.84130859375,257.100006103516,-14.5862741470337,8.47032260894775
20180920,6,-4,146,40000,7569.9501953125,256.600006103516,-8.6133451461792,-1.30003666877747
20180920,12,-4,146,40000,7589.06396484375,258.199981689453,-6.40838146209717,-6.55346202850342
20180920,18,-4,146,40000,7575.7236328125,258.5,-6.84035634994507,-7.00896978378296
20180921,0,-4,146,40000,7592.60546875,257.231689453125,-5.4709324836731,-8.29336929321289
20180921,6,-4,146,40000,7567.78125,257.399963378906,-6.66915607452393,-7.3724365234375
20180921,12,-4,146,40000,7587.07763671875,257.729156494141,-7.07537841796875,-5.47425556182861
20180921,18,-4,146,40000,7575.701171875,258.385772705078,-6.68624258041382,-2.46947622299194
20180922,0,-4,146,40000,7587.31982421875,258.100006103516,-7.43510723114014,-3.99751281738281
20180922,6,-4,146,40000,7564.28125,256.700012207031,-6.64085102081299,-1.80665588378906
20180922,12,-4,146,40000,7582.54296875,257.200012207031,-7.38396310806274,-0.782489001750946
20180922,18,-4,146,40000,7576.009765625,257.668304443359,-7.42577838897705,0.371221929788589
20180923,0,-4,146,40000,7586.0185546875,257.299987792969,-9.61107444763184,0.742773413658142
20180923,6,-4,146,40000,7566.1376953125,257,-8.13644695281982,-0.180017083883286
20180923,12,-4,146,40000,7588.84814453125,257.599975585938,-8.84113121032715,-1.73180544376373
20180923,18,-4,146,40000,7578.98388671875,257.700012207031,-7.40578603744507,-0.133337408304214
20180924,0,-4,146,40000,7590.8798828125,256.899993896484,-7.2337646484375,0.903741478919983
20180924,6,-4,146,40000,7572.98876953125,256.399993896484,-5.41005849838257,1.64464116096497
20180924,12,-4,146,40000,7592.46923828125,258.099975585938,-9.76304340362549,3.35693366650958e-05
20180924,18,-4,146,40000,7578.34423828125,257.600006103516,-12.51393699646,0.254412829875946
20180925,0,-4,146,40000,7590.126953125,257.099975585938,-11.6556758880615,-1.40611577033997
20180925,6,-4,146,40000,7571.67919921875,257.200012207031,-10.2230987548828,-2.91915273666382
20180925,12,-4,146,40000,7589.43603515625,257.100006103516,-9.27230834960938,-2.90860605239868
20180925,18,-4,146,40000,7576.533203125,257.700012207031,-7.43274545669556,-1.91652226448059
20180926,0,-4,146,40000,7591.8701171875,258.239410400391,-7.69010019302368,-1.28154599666595
20180926,6,-4,146,40000,7570.06689453125,258.399963378906,-4.53756713867188,0.0366760268807411
20180926,12,-4,146,40000,7591.927734375,258.799987792969,-5.61734914779663,1.20711672306061
20180926,18,-4,146,40000,7577.95068359375,258.600006103516,-7.23819589614868,1.76674807071686
20180927,0,-4,146,40000,7593.10205078125,258.531677246094,-7.97254037857056,1.6516387462616
20180927,6,-4,146,40000,7571.6298828125,258.200012207031,-8.24565124511719,0.513116478919983
20180927,12,-4,146,40000,7595.140625,258.921936035156,-10.3182010650635,0.458715826272964
20180927,18,-4,146,40000,7587.47607421875,259.085266113281,-9.52229022979736,1.50341188907623
20180928,0,-4,146,40000,7600.8505859375,258.899993896484,-9.70745277404785,-0.81744384765625
20180928,6,-4,146,40000,7578.13818359375,258.600006103516,-8.03262615203857,-1.42670893669128
20180928,12,-4,146,40000,7598.431640625,259,-7.32334280014038,-0.88006591796875
20180928,18,-4,146,40000,7588.9892578125,258.600006103516,-5.82253408432007,-2.12229013442993
20180929,0,-4,146,40000,7597.9873046875,258.100006103516,-4.98710918426514,-2.55374026298523
20180929,6,-4,146,40000,7576.92236328125,257.399993896484,-5.00001811981201,-2.68341684341431
20180929,12,-4,146,40000,7592.59521484375,257.675537109375,-8.32293701171875,-2.97805786132813
20180929,18,-4,146,40000,7579.62255859375,257.575500488281,-7.94436359405518,-0.136688232421875
20180930,0,-4,146,40000,7589.21484375,256.899993896484,-6.43916606903076,0.877966284751892
20180930,6,-4,146,40000,7567.16015625,257,-4.85729074478149,-3.14353632926941
20180930,12,-4,146,40000,7588.83203125,258.100006103516,-4.75590229034424,1.78635859489441
20180930,18,-4,146,40000,7580.29736328125,258.200012207031,-5.30606079101563,3.15606069564819
20181001,0,-4,146,40000,7590.38232421875,257.799987792969,-6.47886657714844,4.5999755859375
20181001,6,-4,146,40000,7576.21630859375,257.710021972656,-5.83232116699219,6.04373788833618
20181001,12,-4,146,40000,7595.103515625,258,-4.35340881347656,4.16129159927368
20181001,18,-4,146,40000,7587.8876953125,258.399993896484,-2.66071176528931,3.70480346679688
20181002,0,-4,146,40000,7604.7587890625,258.282775878906,-2.59230947494507,4.16181039810181
20181002,6,-4,146,40000,7580.6904296875,258.182769775391,-2.38040781021118,3.81289672851563
20181002,12,-4,146,40000,7598.0283203125,258.299987792969,-2.99503183364868,2.27670907974243
20181002,18,-4,146,40000,7584.69140625,258.399993896484,-2.58807992935181,1.43122553825378
20181003,0,-4,146,40000,7600.513671875,258.399993896484,-3.05767822265625,0.400677502155304
20181003,6,-4,146,40000,7576.1650390625,258.317230224609,-3.22484374046326,0.871708989143372
20181003,12,-4,146,40000,7597.63671875,258.299987792969,-4.88985300064087,0.708978295326233
20181003,18,-4,146,40000,7583.80419921875,258.200012207031,-4.36799049377441,0.00732421875
20181004,0,-4,146,40000,7597.55517578125,258,-2.84127187728882,0.799981713294983
20181004,6,-4,146,40000,7575.72509765625,257.499969482422,-4.05359792709351,4.60995769500732
20181004,12,-4,146,40000,7598.130859375,257.199981689453,-5.19401836395264,2.15588998794556
20181004,18,-4,146,40000,7588.71826171875,257.000030517578,-3.96614265441895,3.99064946174622
20181005,0,-4,146,40000,7601.8701171875,256.908325195313,-4.3977198600769,4.54793453216553
20181005,6,-4,146,40000,7578.25146484375,257.5,-0.61456298828125,3.80005788803101
20181005,12,-4,146,40000,7596.23291015625,258.099975585938,-0.360913097858429,2.86770009994507
20181005,18,-4,146,40000,7587.75,258.022674560547,0.903735339641571,2.37083745002747
20181006,0,-4,146,40000,7595.96728515625,257.5,0.719390869140625,3.71755981445313
20181006,6,-4,146,40000,7576.46484375,257.399993896484,0.0551342777907848,3.32118153572083
20181006,12,-4,146,40000,7596.0986328125,258.131805419922,-2.02039480209351,3.22081303596497
20181006,18,-4,146,40000,7584.17138671875,258.600006103516,-2.02078866958618,4.43571758270264
20181007,0,-4,146,40000,7596.46826171875,258.299987792969,-1.83009028434753,5.33639526367188
20181007,6,-4,146,40000,7580.833984375,258.100006103516,-2.38540029525757,5.98565673828125
20181007,12,-4,146,40000,7602.4375,257.978088378906,-4.95429372787476,5.04392099380493
20181007,18,-4,146,40000,7589.96240234375,258.124450683594,-4.97517108917236,4.55870342254639
20181008,0,-4,146,40000,7605.21435546875,258.100006103516,-6.92944955825806,3.30478525161743
20181008,6,-4,146,40000,7582.5380859375,257.682769775391,-5.86771726608276,3.03650879859924
20181008,12,-4,146,40000,7602.94677734375,258,-5.29117679595947,1.82222163677216
20181008,18,-4,146,40000,7591.75927734375,258.100006103516,-4.0318775177002,2.18447256088257
20181009,0,-4,146,40000,7599.134765625,257.700012207031,-3.60530710220337,1.77504885196686
20181009,6,-4,146,40000,7576.974609375,257.899993896484,-2.47986745834351,1.66335451602936
20181009,12,-4,146,40000,7596.90185546875,257.5,-2.83918142318726,1.98728024959564
20181009,18,-4,146,40000,7586.23193359375,257.201171875,-0.674023449420929,2.27431631088257
20181010,0,-4,146,40000,7595.46142578125,257.241973876953,1.03779911994934,2.11398315429688
20181010,6,-4,146,40000,7574.0537109375,257.200012207031,0.287704467773438,2.33209848403931
20181010,12,-4,146,40000,7597.18896484375,257.297210693359,-0.00223999028094113,2.23470163345337
20181010,18,-4,146,40000,7583.2724609375,257.600006103516,0.686032116413116,2.06749272346497
20181011,0,-4,146,40000,7597.21044921875,257.643585205078,0.98471987247467,3.05107426643372
20181011,6,-4,146,40000,7582.49755859375,257.899993896484,-0.978805541992188,3.14052724838257
20181011,12,-4,146,40000,7605.720703125,258.582763671875,-2.17211294174194,1.60532224178314
20181011,18,-4,146,40000,7592.66552734375,258.399993896484,-2.03763127326965,0.868963599205017
20181012,0,-4,146,40000,7607.50732421875,258.153381347656,-3.00209951400757,1.10001218318939
20181012,6,-4,146,40000,7585.455078125,257.799987792969,-2.99582815170288,0.440100103616714
20181012,12,-4,146,40000,7610.15869140625,258,-4.81041574478149,0.938323974609375
20181012,18,-4,146,40000,7597.1611328125,258.299987792969,-4.3145751953125,2.02974843978882
20181013,0,-4,146,40000,7610.7119140625,257.700012207031,-2.93497323989868,-0.167547613382339
20181013,6,-4,146,40000,7587.4599609375,257.424468994141,-3.54084777832031,-0.126660153269768
20181013,12,-4,146,40000,7606.54052734375,257.553863525391,-5.1846284866333,-1.47878420352936
20181013,18,-4,146,40000,7594.421875,258.092529296875,-2.8630096912384,-0.488885492086411
20181014,0,-4,146,40000,7605.90673828125,257.729156494141,-8.50929260253906,0.987628161907196
20181014,6,-4,146,40000,7584.8486328125,257.200012207031,-6.95316791534424,0.882885754108429
20181014,12,-4,146,40000,7598.93017578125,257.5,-11.3456974029541,0.697833240032196
20181014,18,-4,146,40000,7580.30126953125,257.700012207031,-10.7580165863037,-0.33673095703125
20181015,0,-4,146,40000,7591.47802734375,258.199981689453,-11.4185914993286,-2.17279672622681
20181015,6,-4,146,40000,7575.76708984375,258,-6.38398456573486,-2.32675170898438
20181015,12,-4,146,40000,7589.1845703125,257.899993896484,-4.98367929458618,-0.941369652748108
20181015,18,-4,146,40000,7574.05517578125,258.600006103516,-2.5231659412384,0.693438708782196
20181016,0,-4,146,40000,7585.6435546875,258.499969482422,-0.523162841796875,1.70017695426941
20181016,6,-4,146,40000,7564.28857421875,257.899963378906,0.15805359184742,2.28713369369507
20181016,12,-4,146,40000,7588.4462890625,257.600006103516,-0.142446905374527,2.26361083984375
20181016,18,-4,146,40000,7585.09814453125,258.046112060547,1.37562870979309,1.48834228515625
20181017,0,-4,146,40000,7595.48388671875,257.600006103516,0.718499779701233,-0.638555884361267
20181017,6,-4,146,40000,7573.9619140625,257.899993896484,-0.226208493113518,-0.597967505455017
20181017,12,-4,146,40000,7594.86376953125,258.099975585938,-2.06845712661743,-1.25831913948059
20181017,18,-4,146,40000,7582.533203125,257.899993896484,-2.32535409927368,-1.80552983283997
20181018,0,-4,146,40000,7596.451171875,257.100006103516,-2.2203094959259,-3.70127558708191
20181018,6,-4,146,40000,7570.0107421875,257.399993896484,-2.38950800895691,-2.34716796875
20181018,12,-4,146,40000,7589.02001953125,257.599975585938,-2.84317636489868,-1.96306157112122
20181018,18,-4,146,40000,7573.22314453125,257.700012207031,-6.55148315429688,-3.44051504135132
20181019,0,-4,146,40000,7590.5087890625,257.299987792969,-5.29346323013306,-8.53780555725098
20181019,6,-4,146,40000,7572.80322265625,257.799987792969,-0.970400989055634,-9.40695190429688
20181019,18,-4,146,40000,7571.93505859375,258.099975585938,0.769342064857483,-9.37985229492188
20181020,0,-4,146,40000,7583.6142578125,257.599975585938,-0.577435314655304,-8.63455772399902
20181020,6,-4,146,40000,7563.94384765625,257.06787109375,-0.906216442584991,-6.97752666473389
20181020,12,-4,146,40000,7581.28125,256.860595703125,-3.06604313850403,-6.31303691864014
20181020,18,-4,146,40000,7569.943359375,257.600006103516,-2.6170380115509,-4.30644512176514
20181021,0,-4,146,40000,7584.8212890625,257.395568847656,-4.07259511947632,-0.249157711863518
20181021,6,-4,146,40000,7563.015625,257.292541503906,-2.19214177131653,1.58048093318939
20181021,12,-4,146,40000,7583.3779296875,257.385314941406,-4.31008291244507,2.85295414924622
20181021,18,-4,146,40000,7577.087890625,258,-5.96624755859375,2.46323537826538
20181022,0,-4,146,40000,7591.3369140625,258.200012207031,-5.72362661361694,2.20052194595337
20181022,6,-4,146,40000,7572.50732421875,257.600006103516,-3.96591806411743,2.25587773323059
20181022,12,-4,146,40000,7595.7744140625,257.775543212891,-3.30541086196899,2.04804682731628
20181022,18,-4,146,40000,7590.15478515625,258.278106689453,-1.60850834846497,2.00248408317566
20181023,0,-4,146,40000,7603.20458984375,258.343841552734,-0.643853783607483,2.92215585708618
20181023,6,-4,146,40000,7580.7744140625,258.185302734375,0.468926995992661,4.33486938476563
20181023,12,-4,146,40000,7602.044921875,258.038909912109,0.347650140523911,5.74919414520264
20181023,18,-4,146,40000,7594.04296875,257.900024414063,-0.309597790241241,6.00844097137451
20181024,0,-4,146,40000,7606.49755859375,256.592529296875,-1.34843754768372,6.69996356964111
20181024,6,-4,146,40000,7586.328125,256.700012207031,-1.98759150505066,6.19002676010132
20181024,12,-4,146,40000,7610.9580078125,257.100006103516,-1.94400024414063,3.82246088981628
20181024,18,-4,146,40000,7594.62744140625,257.699981689453,-2.45595097541809,3.87620234489441
20181025,0,-4,146,40000,7613.775390625,257.299987792969,0.119378663599491,0.6558837890625
20181025,6,-4,146,40000,7588.123046875,257.461090087891,-0.713653564453125,0.325750738382339
20181025,12,-4,146,40000,7602.76513671875,258.092498779297,-2.51257944107056,2.20134878158569
20181025,18,-4,146,40000,7589.1630859375,257.592559814453,-2.02467656135559,1.89619135856628
20181026,0,-4,146,40000,7601.2919921875,257,-2.11973881721497,1.38563227653503
20181026,6,-4,146,40000,7577.1611328125,257.099975585938,-2.46022939682007,1.50234377384186
20181026,12,-4,146,40000,7600.8369140625,257.007476806641,-3.14103698730469,4.58579730987549
20181026,18,-4,146,40000,7582.4658203125,257.399993896484,-5.583984375,5.35950946807861
20181027,0,-4,146,40000,7602.9619140625,257.243469238281,-4.73687124252319,3.41312265396118
20181027,6,-4,146,40000,7576.365234375,256.482360839844,-4.75814533233643,7.10002422332764
20181027,12,-4,146,40000,7594.00732421875,257.243469238281,-5.6046724319458,5.72937631607056
20181027,18,-4,146,40000,7583.64990234375,257.499969482422,-6.85344839096069,6.47364521026611
20181028,0,-4,146,40000,7604.77978515625,257.268310546875,-5.55736684799194,7.12238788604736
20181028,6,-4,146,40000,7583.13427734375,257.5,-4.32484436035156,9.45797157287598
20181028,12,-4,146,40000,7608.7255859375,257.120300292969,-6.28337717056274,7.26700448989868
20181028,18,-4,146,40000,7587.796875,257.697448730469,-8.40682411193848,3.9833984375
20181029,0,-4,146,40000,7598.89111328125,256.833312988281,-8.78211402893066,3.82811880111694
20181029,6,-4,146,40000,7582.51123046875,256.423034667969,-9.90311908721924,3.20158696174622
20181029,12,-4,146,40000,7604.48583984375,257.041931152344,-10.8959903717041,2.16538691520691
20181029,18,-4,146,40000,7588.0126953125,257.600006103516,-7.49879741668701,1.76969599723816
20181030,0,-4,146,40000,7600.54443359375,257.5,-8.60773658752441,0.395367443561554
20181030,6,-4,146,40000,7583.4345703125,258,-8.81429767608643,1.75115966796875
20181030,12,-4,146,40000,7604.5087890625,257.999969482422,-6.69910573959351,0.266766369342804
20181030,18,-4,146,40000,7590.12646484375,258.100006103516,-6.96808481216431,1.30916750431061
20181031,0,-4,146,40000,7604.9111328125,257.813049316406,-6.69817209243774,-0.199993893504143
20181031,6,-4,146,40000,7589.27685546875,257.100036621094,-5.91157531738281,-3.10330820083618
20181031,12,-4,146,40000,7605.4267578125,257.899993896484,-5.5292329788208,-0.900732398033142
20181031,18,-4,146,40000,7594.873046875,258.313049316406,-5.27344369888306,-0.702966332435608
20181101,0,-4,146,40000,7606.72509765625,257.940521240234,-6.78464365005493,-0.633374035358429
20181101,6,-4,146,40000,7581.80859375,257.5,-4.7926025390625,-0.202911376953125
20181101,12,-4,146,40000,7599.396484375,257.399993896484,-3.74357676506042,1.16025388240814
20181101,18,-4,146,40000,7581.57080078125,257.637268066406,-2.68464970588684,2.34988403320313
20181102,0,-4,146,40000,7592.46435546875,257.5,-3.31483149528503,2.48497915267944
20181102,6,-4,146,40000,7571.736328125,257.699981689453,0.600866675376892,1.78558349609375
20181102,12,-4,146,40000,7590.4091796875,257.218872070313,0.179916381835938,1.13748776912689
20181102,18,-4,146,40000,7580.6787109375,257.549224853516,1.6467010974884,1.13255000114441
20181103,0,-4,146,40000,7591.73486328125,257.684509277344,1.02695918083191,1.40236818790436
20181103,6,-4,146,40000,7567.47021484375,257.700012207031,3.73770761489868,1.6429443359375
20181103,12,-4,146,40000,7585.6767578125,257.211700439453,4.11491394042969,-1.20412600040436
20181103,18,-4,146,40000,7571.43994140625,257.399993896484,4.32521963119507,-1.07486569881439
20181104,0,-4,146,40000,7587.66064453125,257.299987792969,3.65501403808594,-1.49887692928314
20181104,6,-4,146,40000,7568.423828125,257.436370849609,1.61455690860748,-3.57352900505066
20181104,12,-4,146,40000,7587.81494140625,257.399993896484,1.6141265630722,-3.48878169059753
20181104,18,-4,146,40000,7571.3212890625,257.399963378906,2.10734248161316,-3.34180903434753
20181105,0,-4,146,40000,7586.048828125,256.599975585938,0.355642706155777,-3.69442129135132
20181105,6,-4,146,40000,7567.845703125,257.200012207031,0.306036382913589,-3.39449453353882
20181105,12,-4,146,40000,7590.47119140625,257.324462890625,5.85230112075806,-5.59983539581299
20181105,18,-4,146,40000,7571.49560546875,256.799987792969,5.78035259246826,-4.02891826629639
20181106,0,-4,146,40000,7587.9619140625,256.799987792969,2.92127990722656,-1.34521484375
20181106,6,-4,146,40000,7568.099609375,256.508392333984,3.00373530387878,-0.365704357624054
20181106,12,-4,146,40000,7587.541015625,257.256530761719,-0.121084593236446,0.531011939048767
20181106,18,-4,146,40000,7575.86767578125,257.900573730469,3.18178105354309,2.70015859603882
20181107,0,-4,146,40000,7593.6689453125,256.949188232422,7.74200439453125,1.52686762809753
20181107,6,-4,146,40000,7572.078125,256.969543457031,7.13066387176514,-1.65228271484375
20181107,12,-4,146,40000,7597.1201171875,258.032318115234,2.33351445198059,-3.58940434455872
20181107,18,-4,146,40000,7586.43310546875,258.305023193359,0.489474475383759,-3.95673823356628
20181108,0,-4,146,40000,7598.2314453125,258.225921630859,-0.926501452922821,-4.11911630630493
20181108,6,-4,146,40000,7576.96826171875,258.037780761719,-1.01846313476563,-3.15458989143372
20181108,12,-4,146,40000,7595.28173828125,258.5087890625,-1.85340881347656,-1.57985842227936
20181108,18,-4,146,40000,7582.8388671875,259.100006103516,-2.75427865982056,0.455999761819839
20181109,0,-4,146,40000,7595.9443359375,258.263610839844,-3.06507563591003,0.860156238079071
20181109,6,-4,146,40000,7585.1787109375,258.200012207031,-2.29382944107056,0.271105945110321
20181109,12,-4,146,40000,7606.26953125,258,-1.72675776481628,-0.284353643655777
20181109,18,-4,146,40000,7593.9423828125,258.127563476563,-1.09538269042969,-0.170733645558357
20181110,0,-4,146,40000,7600.15869140625,257.799987792969,0.0981079116463661,-0.939624011516571
20181110,6,-4,146,40000,7581.24951171875,257.700012207031,1.74272465705872,-2.44614863395691
20181110,12,-4,146,40000,7597.875,257.700012207031,0.0884429961442947,-2.79999399185181
20181110,18,-4,146,40000,7580.529296875,257.882263183594,2.13052368164063,0.400775134563446
20181111,0,-4,146,40000,7595.65478515625,257.599975585938,4.76259469985962,1.46768188476563
20181111,6,-4,146,40000,7579.697265625,257.899993896484,2.49246215820313,-3.00631093978882
20181111,12,-4,146,40000,7598.5673828125,258.214721679688,-1.53667902946472,-2.88103628158569
20181111,18,-4,146,40000,7576.69384765625,258.5,1.53029787540436,-3.47940683364868
20181112,0,-4,146,40000,7596.47509765625,258.5,-0.807159423828125,-4.46433734893799
20181112,6,-4,146,40000,7579.16943359375,257.244964599609,0.597448706626892,-2.92656850814819
20181112,12,-4,146,40000,7596.92822265625,257.699981689453,-4.64942932128906,-2.35847163200378
20181112,18,-4,146,40000,7587.84814453125,258.206970214844,-3.10820317268372,-0.14776611328125
20181113,0,-4,146,40000,7606.5263671875,257.799987792969,-3.5350341796875,0.751089453697205
20181113,6,-4,146,40000,7584.14453125,257.600006103516,1.23914790153503,-0.596118152141571
20181113,12,-4,146,40000,7601.69677734375,258.178039550781,2.57325124740601,-0.886157214641571
20181113,18,-4,146,40000,7583.90673828125,258.124450683594,-3.14571523666382,-6.60764789581299
20181114,0,-4,146,40000,7593.76416015625,257.699981689453,-4.03579425811768,-5.42362070083618
20181114,6,-4,146,40000,7575.6787109375,257,0.529544055461884,-4.17353534698486
20181114,12,-4,146,40000,7590.0625,257.507354736328,-2.64446711540222,-3.32907724380493
20181114,18,-4,146,40000,7577.21240234375,257.799987792969,-2.05556631088257,-5.6165132522583
20181115,0,-4,146,40000,7594.72998046875,257.600006103516,4.06823110580444,-3.87336421012878
20181115,6,-4,146,40000,7571.64697265625,257.299987792969,4.08533334732056,0.852358996868134
20181115,12,-4,146,40000,7586.51611328125,257.299987792969,3.91372990608215,1.20725405216217
20181115,18,-4,146,40000,7573.13916015625,257.665252685547,6.55399465560913,2.66794443130493
20181116,0,-4,146,40000,7589.7373046875,257.846130371094,10.4355163574219,2.57536315917969
20181116,6,-4,146,40000,7577.27734375,257.799987792969,12.2220706939697,7.67706918716431
20181116,12,-4,146,40000,7596.17578125,257.277801513672,13.60280418396,8.95960712432861
20181116,18,-4,146,40000,7586.06396484375,258,12.1167478561401,9.40862083435059
20181117,0,-4,146,40000,7597.53173828125,257.599975585938,9.29171752929688,6.17707204818726
20181117,6,-4,146,40000,7578.90625,257.899993896484,8.69990825653076,5.63558340072632
20181117,12,-4,146,40000,7601.45947265625,258.154022216797,10.3538875579834,2.88463139533997
20181117,18,-4,146,40000,7595.22265625,258.399993896484,11.969747543335,0.852185070514679
20181118,0,-4,146,40000,7603.48828125,257.959838867188,13.0907077789307,-0.340014636516571
20181118,6,-4,146,40000,7585.576171875,257.911651611328,11.8487272262573,-0.0411376953125
20181118,12,-4,146,40000,7602.03857421875,258.100006103516,10.7617797851563,-2.26511836051941
20181118,18,-4,146,40000,7592.01953125,258.700012207031,11.7347469329834,-2.49993276596069
20181119,0,-4,146,40000,7602.38134765625,258.200012207031,11.1364192962646,-4.21961688995361
20181119,6,-4,146,40000,7579.1298828125,257.799987792969,11.7921266555786,-3.90437006950378
20181119,12,-4,146,40000,7600.9150390625,258.299987792969,13.5116634368896,-2.197998046875
20181119,18,-4,146,40000,7587.45458984375,257.899993896484,12.2299137115479,-0.834948718547821
20181120,0,-4,146,40000,7605.91748046875,258.101959228516,10.4387998580933,-3.99996948242188
20181120,6,-4,146,40000,7585.4619140625,258.099975585938,8.13729858398438,-5.19854736328125
20181120,12,-4,146,40000,7608.771484375,258.600006103516,7.52226543426514,-6.1317138671875
20181120,18,-4,146,40000,7590.86572265625,258.5,6.67975473403931,-5.20418071746826
20181121,0,-4,146,40000,7602.35986328125,257.700012207031,5.20561504364014,-4.90001821517944
20181121,6,-4,146,40000,7583.296875,257.5,4.48086261749268,-5.43085956573486
20181121,12,-4,146,40000,7604.99609375,257.600006103516,4.36996173858643,-7.598876953125
20181121,18,-4,146,40000,7587.5849609375,257.799987792969,6.58641052246094,-6.55330801010132
20181122,0,-4,146,40000,7596.33984375,257.799987792969,5.28861999511719,-5.47042846679688
20181122,6,-4,146,40000,7580.0712890625,257.5,4.29191875457764,-3.40446782112122
20181122,12,-4,146,40000,7598.47705078125,257.802673339844,1.59673154354095,-1.34030151367188
20181122,18,-4,146,40000,7583.890625,257.9287109375,1.95315551757813,-1.08695065975189
20181123,0,-4,146,40000,7597.80322265625,258.205383300781,5.00087881088257,-1.60005497932434
20181123,6,-4,146,40000,7573.03955078125,257.433319091797,-4.40841674804688,-0.900018334388733
20181123,12,-4,146,40000,7589.92041015625,257.347778320313,-2.28279423713684,-0.77880859375
20181123,18,-4,146,40000,7573.509765625,257.059448242188,-2.05352473258972,-1.1539306640625
20181124,0,-4,146,40000,7587.40576171875,258.173858642578,-4.15144634246826,2.45573735237122
20181124,6,-4,146,40000,7575.8876953125,258.262268066406,0.68975830078125,0.146600335836411
20181124,12,-4,146,40000,7599.01416015625,257.779724121094,4.26187753677368,-0.758697509765625
20181124,18,-4,146,40000,7587.1982421875,258.360656738281,6.82174062728882,-0.597415149211884
20181125,0,-4,146,40000,7604.025390625,258.072479248047,8.49769878387451,-0.80696713924408
20181125,6,-4,146,40000,7588.37890625,258.100006103516,9.95477294921875,0.170877069234848
20181125,12,-4,146,40000,7598.85302734375,257.7724609375,12.2733688354492,-1.29721677303314
20181125,18,-4,146,40000,7584.97607421875,257.472473144531,11.778115272522,-3.50155282020569
20181126,0,-4,146,40000,7598.78369140625,257.700012207031,10.594596862793,-3.84116697311401
20181126,6,-4,146,40000,7574.966796875,258.040557861328,10.9132871627808,-3.59679555892944
20181126,12,-4,146,40000,7589.1201171875,257.299987792969,10.1774320602417,-3.96419930458069
20181126,18,-4,146,40000,7583.76513671875,257.899993896484,9.5383358001709,-4.03598022460938
20181127,0,-4,146,40000,7590.95703125,257.5,8.54678916931152,-4.01951885223389
20181127,6,-4,146,40000,7568.42919921875,257.100006103516,4.95957660675049,-2.61779165267944
20181127,12,-4,146,40000,7583.658203125,257.772521972656,-1.09629392623901,0.932900369167328
20181127,18,-4,146,40000,7574.6337890625,258.100006103516,2.39940667152405,0.551425755023956
20181128,0,-4,146,40000,7592.88818359375,257.578674316406,4.75853252410889,1.03113281726837
20181128,6,-4,146,40000,7570.49853515625,257.700012207031,4.13511228561401,-0.0947607457637787
20181128,12,-4,146,40000,7586.35498046875,257.9208984375,3.81679201126099,2.12227058410645
20181128,18,-4,146,40000,7573.43359375,258.399993896484,-2.9191358089447,5.72980451583862
20181129,0,-4,146,40000,7591.04541015625,258.3896484375,0.116784669458866,5.10171508789063
20181129,6,-4,146,40000,7569.9951171875,258.103881835938,1.8991425037384,3.08162832260132
20181129,12,-4,146,40000,7587.119140625,258.299987792969,0.628775000572205,3.20004892349243
20181129,18,-4,146,40000,7570.896484375,258.299987792969,-2.84565663337708,6.81960439682007
20181130,0,-4,146,40000,7586.720703125,257.799987792969,5.80840110778809,5.68225574493408
20181130,6,-4,146,40000,7565.21240234375,257.899993896484,4.90143775939941,8.52833938598633
20181130,12,-4,146,40000,7578.892578125,257.921020507813,-0.0777880847454071,9.09385299682617
20181130,18,-4,146,40000,7572.21875,257.533508300781,3.0746021270752,5.12886714935303
20181201,0,-4,146,40000,7589.01513671875,257.984649658203,3.96136164665222,8.53129291534424
20181201,6,-4,146,40000,7572.568359375,257.818786621094,7.58373403549194,8.81435585021973
20181201,12,-4,146,40000,7592.59814453125,258.100006103516,9.29991722106934,9.40188026428223
20181201,18,-4,146,40000,7583.3955078125,258.340545654297,10.5776643753052,8.20670127868652
20181202,0,-4,146,40000,7596.3369140625,257.79443359375,8.21476459503174,7.09599590301514
20181202,6,-4,146,40000,7580.74169921875,257.591094970703,8.70415687561035,7.50022602081299
20181202,12,-4,146,40000,7598.55810546875,257.426086425781,8.19758033752441,5.04672861099243
20181202,18,-4,146,40000,7588.4169921875,257.916198730469,7.40459299087524,4.66920757293701
20181203,0,-4,146,40000,7600.11865234375,258.327514648438,5.04389333724976,4.31331777572632
20181203,6,-4,146,40000,7574.1455078125,258.012756347656,4.30186748504639,3.87995600700378
20181203,12,-4,146,40000,7588.61181640625,257.799987792969,3.15847158432007,4.80680561065674
20181203,18,-4,146,40000,7571.29931640625,258.53369140625,2.82673954963684,4.37298583984375
20181204,0,-4,146,40000,7586.7900390625,258.124572753906,2.30986332893372,4.51029062271118
20181204,6,-4,146,40000,7563.7587890625,258.285369873047,2.31365346908569,4.64006328582764
20181204,12,-4,146,40000,7571.83447265625,257.61328125,1.64148259162903,4.40534067153931
20181204,18,-4,146,40000,7555.24560546875,257.699920654297,2.88147592544556,6.99973154067993
20181205,0,-4,146,40000,7568.89013671875,257.099975585938,2.50371694564819,7.59998798370361
20181205,6,-4,146,40000,7549.2001953125,257.014617919922,4.67054128646851,7.49760723114014
20181205,12,-4,146,40000,7569.2080078125,257.299987792969,6.06467914581299,2.91605830192566
20181205,18,-4,146,40000,7560.0625,257.402404785156,6.72679758071899,3.66066288948059
20181206,0,-4,146,40000,7578.11572265625,257.300018310547,9.28385639190674,4.47730731964111
20181206,6,-4,146,40000,7565.10107421875,257.110748291016,8.83602905273438,4.00308847427368
20181206,12,-4,146,40000,7587.84814453125,256.928985595703,6.43400287628174,0.987390160560608
20181206,18,-4,146,40000,7580.12109375,257.427978515625,6.46567392349243,-0.828851342201233
20181207,0,-4,146,40000,7594.53515625,257.061462402344,5.05977153778076,-3.46278691291809
20181207,6,-4,146,40000,7575.15771484375,256.57177734375,2.82515263557434,-3.21992802619934
20181207,12,-4,146,40000,7588.953125,256.667846679688,1.99746096134186,-4.28350830078125
20181207,18,-4,146,40000,7578.49169921875,256.900024414063,3.30349850654602,-3.57935047149658
20181208,0,-4,146,40000,7596.140625,256.951354980469,5.12858867645264,-1.84283208847046
20181208,6,-4,146,40000,7578.4560546875,256.913879394531,6.69145488739014,-1.33927738666534
20181208,12,-4,146,40000,7595.9638671875,257.004455566406,1.87545657157898,2.32573246955872
20181208,18,-4,146,40000,7578.572265625,256.718353271484,4.11394023895264,4.96260070800781
20181209,0,-4,146,40000,7603.9580078125,256.700012207031,2.45999765396118,4.36676263809204
20181209,6,-4,146,40000,7580.28857421875,256.304016113281,0.760604858398438,7.29295635223389
20181209,12,-4,146,40000,7601.81103515625,256.299987792969,-4.20534181594849,8.28980445861816
20181209,18,-4,146,40000,7593.2138671875,256.491394042969,-2.72776341438293,7.74270629882813
20181210,0,-4,146,40000,7610.53125,256.815795898438,-3.92508554458618,4.22481679916382
20181210,6,-4,146,40000,7590.35009765625,256.588836669922,-3.32211303710938,2.53750610351563
20181210,12,-4,146,40000,7607.248046875,255.9267578125,-3.34671020507813,3.269775390625
20181210,18,-4,146,40000,7596.08642578125,256.299987792969,-2.62915945053101,1.48496699333191
20181211,0,-4,146,40000,7607.787109375,255.676956176758,-0.500079333782196,0.175463870167732
20181211,6,-4,146,40000,7586.33251953125,255.754974365234,1.1416962146759,-1.28925776481628
20181211,12,-4,146,40000,7599.27734375,256.172424316406,-6.10351571594947e-06,-0.829382300376892
20181211,18,-4,146,40000,7586.013671875,256.406768798828,0.681024193763733,-0.115509033203125
20181212,0,-4,146,40000,7594.837890625,256.580932617188,0.551220715045929,0.450997918844223
20181212,6,-4,146,40000,7575.21484375,256.200012207031,2.68512868881226,2.99217224121094
20181212,12,-4,146,40000,7589.34326171875,256.385589599609,4.13448190689087,2.40784597396851
20181212,18,-4,146,40000,7578.806640625,256.987854003906,3.78663635253906,-0.281475841999054
20181213,0,-4,146,40000,7594.22998046875,256.427551269531,4.14826965332031,2.11635136604309
20181213,6,-4,146,40000,7571.24609375,256.129150390625,4.03103017807007,3.97324824333191
20181213,12,-4,146,40000,7586.3544921875,256.799987792969,2.59577941894531,5.57614135742188
20181213,18,-4,146,40000,7579.099609375,256.900024414063,2.44442129135132,6.75422382354736
20181214,0,-4,146,40000,7591.17578125,256.520263671875,1.79154968261719,6.66646718978882
20181214,6,-4,146,40000,7573.21826171875,256.100006103516,1.19255375862122,5.18089580535889
20181214,12,-4,146,40000,7592.3720703125,256.821655273438,0.917236328125,5.60086059570313
20181214,18,-4,146,40000,7584.55322265625,257.5,1.0274658203125,7.62140512466431
20181215,0,-4,146,40000,7602.107421875,257.100006103516,0.471453845500946,7.10035991668701
20181215,6,-4,146,40000,7588.2626953125,256.760375976563,1.40412592887878,4.92939472198486
20181215,12,-4,146,40000,7603.861328125,256.613098144531,-1.58727717399597,2.27369999885559
20181215,18,-4,146,40000,7591.36572265625,256.504974365234,-1.09972536563873,-1.77106630802155
20181216,0,-4,146,40000,7606.14111328125,256.799987792969,-4.19685649871826,1.41282045841217
20181216,6,-4,146,40000,7586.1376953125,256.099975585938,-5.64965200424194,2.2341582775116
20181216,12,-4,146,40000,7605.9091796875,256.100036621094,-3.95571279525757,1.26012873649597
20181216,18,-4,146,40000,7590.9306640625,256.299987792969,-3.27153325080872,-1.2805449962616
20181217,0,-4,146,40000,7604.70703125,256.299987792969,-2.36788630485535,-0.843060314655304
20181217,6,-4,146,40000,7585.9892578125,256.299987792969,-5.81375122070313,2.50004267692566
20181217,12,-4,146,40000,7596.71484375,256.304382324219,-5.77770709991455,-0.4552001953125
20181217,18,-4,146,40000,7586.7431640625,255.641143798828,-6.98127460479736,-5.98256206512451
20181218,0,-4,146,40000,7604.95458984375,255.573928833008,-7.79543781280518,-4.70676279067993
20181218,6,-4,146,40000,7582.890625,255.934860229492,-9.09496116638184,-1.67780148983002
20181218,12,-4,146,40000,7599.17822265625,256.187744140625,-8.9083309173584,0.010595703497529
