20180720,0,-19,10,40000,7595.17333984375,255.899993896484,12.2026271820068,-1.98466801643372
20180720,6,-19,10,40000,7590.73486328125,255.785278320313,10.7601070404053,-2.12277841567993
20180720,12,-19,10,40000,7578.65380859375,255.5,9.57683753967285,-2.08837270736694
20180720,18,-19,10,40000,7569.53076171875,254.385299682617,7.57579946517944,0.388867199420929
20180721,0,-19,10,40000,7573.80615234375,254.814697265625,8.71327495574951,4.17933368682861
20180721,6,-19,10,40000,7569.74609375,254.699981689453,11.0650939941406,1.9161376953125
20180721,12,-19,10,40000,7563.42822265625,254,8.88267230987549,1.60451054573059
20180721,18,-19,10,40000,7558.09814453125,253.5,7.56942129135132,2.99613642692566
20180722,0,-19,10,40000,7564.6591796875,253.5,7.44881582260132,3.661376953125
20180722,6,-19,10,40000,7563.7919921875,253.800003051758,7.19148540496826,0.612774670124054
20180722,12,-19,10,40000,7563.09521484375,254,4.53821420669556,-0.0357604995369911
20180722,18,-19,10,40000,7560.400390625,254.300003051758,1.90490114688873,1.23031616210938
20180723,0,-19,10,40000,7569.0419921875,254.29997253418,1.01170659065247,4.99159526824951
20180723,6,-19,10,40000,7567.53271484375,254.699981689453,3.93329763412476,2.01439213752747
20180723,12,-19,10,40000,7570.18017578125,255.100006103516,1.35257565975189,1.69646906852722
20180723,18,-19,10,40000,7569.48388671875,255.537750244141,0.727746605873108,3.53977060317993
20180724,0,-19,10,40000,7570.119140625,254.699996948242,2.3121337890625,7.90433359146118
20180724,6,-19,10,40000,7565.18505859375,254.699996948242,7.21973276138306,8.58376502990723
20180724,12,-19,10,40000,7566.69384765625,254.199981689453,6.01041746139526,6.60390138626099
20180724,18,-19,10,40000,7571.19921875,253.798492431641,5.48995113372803,10.1809864044189
20180725,0,-19,10,40000,7579.0537109375,253.900054931641,7.69941711425781,12.8521785736084
20180725,6,-19,10,40000,7579.5849609375,254.199996948242,8.886962890625,9.76449584960938
20180725,12,-19,10,40000,7587.71142578125,254.986038208008,9.5360164642334,7.65858745574951
20180725,18,-19,10,40000,7585.7470703125,255.199996948242,8.85293006896973,6.99597644805908
20180726,0,-19,10,40000,7593.80419921875,255.668304443359,6.35509777069092,8.99512672424316
20180726,6,-19,10,40000,7592.3701171875,255.631683349609,4.65330076217651,10.6574125289917
20180726,12,-19,10,40000,7589.76318359375,255.300003051758,6.87856912612915,9.51753902435303
20180726,18,-19,10,40000,7590.7470703125,254.467864990234,4.6093430519104,7.5706934928894
20180727,0,-19,10,40000,7601.20361328125,255.199996948242,6.1249828338623,8.74903774261475
20180727,6,-19,10,40000,7599.63232421875,255.199996948242,7.57453346252441,6.43970203399658
20180727,12,-19,10,40000,7600.3974609375,255.375198364258,5.52986574172974,7.13715314865112
20180727,18,-19,10,40000,7600.3369140625,255.277145385742,5.75330066680908,8.67415046691895
20180728,0,-19,10,40000,7609.28759765625,255.699981689453,7.37773942947388,10.002402305603
20180728,6,-19,10,40000,7608.8544921875,256,8.62674808502197,6.94542503356934
20180728,12,-19,10,40000,7605.6181640625,255.199996948242,9.75559043884277,5.86879634857178
20180728,18,-19,10,40000,7600.97314453125,254.985748291016,4.1263279914856,5.26746082305908
20180729,0,-19,10,40000,7613.93017578125,256.299987792969,5.37337398529053,4.89584970474243
20180729,6,-19,10,40000,7609.50146484375,257.399993896484,6.41573715209961,1.32590818405151
20180729,12,-19,10,40000,7607.263671875,256.899993896484,6.427734375,2.31976556777954
20180729,18,-19,10,40000,7601.66015625,256.899993896484,6.01767110824585,2.24437499046326
20180730,0,-19,10,40000,7609.57421875,257.345306396484,5.34064435958862,1.50953125953674
20180730,6,-19,10,40000,7603.8310546875,257.236236572266,4.69591045379639,0.0661035180091858
20180730,12,-19,10,40000,7603.98046875,256.114685058594,3.89276432991028,3.20672607421875
20180730,18,-19,10,40000,7601.478515625,256.621917724609,4.75952625274658,3.20934581756592
20180731,0,-19,10,40000,7605.74365234375,257.092529296875,3.1550018787384,4.65859365463257
20180731,6,-19,10,40000,7598.01806640625,257.099975585938,2.78248906135559,4.89736318588257
20180731,12,-19,10,40000,7598.01171875,257.347229003906,4.13763427734375,3.8055419921875
20180731,18,-19,10,40000,7596.60009765625,256.20068359375,4.97209453582764,4.90903329849243
20180801,0,-19,10,40000,7600.29443359375,256.860595703125,4.89732074737549,3.9468047618866
20180801,6,-19,10,40000,7599.38232421875,257.18603515625,3.35011601448059,4.05806589126587
20180801,12,-19,10,40000,7606.1201171875,256.800231933594,3.07311391830444,1.53102421760559
20180801,18,-19,10,40000,7602.92138671875,256.899993896484,1.52638852596283,0.475006103515625
20180802,0,-19,10,40000,7609.5263671875,257.5,-0.5888671875,3.50149536132813
20180802,6,-19,10,40000,7609.3212890625,257.100006103516,1.95047914981842,3.798095703125
20180802,12,-19,10,40000,7609.5224609375,256.799987792969,3.58307194709778,3.43496084213257
20180802,18,-19,10,40000,7611.4091796875,256.5,2.4572479724884,-1.38198244571686
20180803,0,-19,10,40000,7618.8486328125,256.692535400391,1.83931887149811,-1.90264892578125
20180803,6,-19,10,40000,7617.9794921875,256.638916015625,1.64434206485748,-2.69398188591003
20180803,12,-19,10,40000,7618.185546875,256.399993896484,3.50638723373413,-3.65324091911316
20180803,18,-19,10,40000,7613.103515625,257.021911621094,4.22739553451538,-6.07327890396118
20180804,0,-19,10,40000,7612.07373046875,257.399963378906,2.78272700309753,-8.40106201171875
20180804,6,-19,10,40000,7602.8310546875,257.5,2.52800893783569,-8.83985614776611
20180804,12,-19,10,40000,7587.66552734375,256.899963378906,3.37048959732056,-8.10007667541504
20180804,18,-19,10,40000,7572.72265625,255.707473754883,7.304931640625,-12.2678890228271
20180805,0,-19,10,40000,7557.90673828125,255,10.0965175628662,-11.551251411438
20180805,6,-19,10,40000,7540.51953125,253.5,9.45613098144531,-8.2059268951416
20180805,12,-19,10,40000,7528.8623046875,252.106979370117,5.76826477050781,-3.23135685920715
20180805,18,-19,10,40000,7525.02978515625,253.153396606445,9.91000461578369,2.08558583259583
20180806,0,-19,10,40000,7533.9482421875,254.100006103516,10.9710845947266,5.14680767059326
20180806,6,-19,10,40000,7544.02978515625,254.251708984375,12.5870170593262,5.9405665397644
20180806,12,-19,10,40000,7549.1142578125,254.212448120117,13.6010961532593,8.0320405960083
20180806,18,-19,10,40000,7560.138671875,255.28564453125,10.9000978469849,9.72547340393066
20180807,0,-19,10,40000,7580.5029296875,256.187408447266,11.4041261672974,11.2443943023682
20180807,6,-19,10,40000,7590.34814453125,256.099975585938,11.0931692123413,8.67708969116211
20180807,12,-19,10,40000,7597.10791015625,256.850799560547,9.0758810043335,8.09975624084473
20180807,18,-19,10,40000,7598.3310546875,256.600006103516,7.85173606872559,5.9495849609375
20180808,0,-19,10,40000,7606.4130859375,256.399993896484,5.23004770278931,5.72219228744507
20180808,6,-19,10,40000,7610.98876953125,256.170837402344,3.65696716308594,4.15476083755493
20180808,12,-19,10,40000,7614.3818359375,256.490539550781,2.33638310432434,3.60589599609375
20180808,18,-19,10,40000,7611.02294921875,257.210052490234,1.45448303222656,3.66190195083618
20180809,0,-19,10,40000,7619.8310546875,257.857574462891,1.70824587345123,3.43363642692566
20180809,6,-19,10,40000,7618.12451171875,258.399993896484,0.209674075245857,0.853503406047821
20180809,12,-19,10,40000,7607.703125,258.010009765625,-4.03391408920288,1.41755366325378
20180809,18,-19,10,40000,7598.69140625,257.983551025391,-4.23226308822632,3.68985605239868
20180810,0,-19,10,40000,7600.51611328125,257.799987792969,-4.42257404327393,5.05463886260986
20180810,6,-19,10,40000,7599.0107421875,258.137603759766,-4.54414653778076,5.33070087432861
20180810,12,-19,10,40000,7594.712890625,258.5,-1.60008239746094,1.02776491641998
20180810,18,-19,10,40000,7583.32666015625,258.302032470703,-2.08821415901184,-1.92208254337311
20180811,0,-19,10,40000,7588.99267578125,257.943603515625,-3.33233022689819,-2.79400634765625
20180811,6,-19,10,40000,7579.54541015625,258.110046386719,-0.316976934671402,-6.26732158660889
20180811,12,-19,10,40000,7568.138671875,260,0.600012183189392,-9.02604961395264
20180811,18,-19,10,40000,7546.576171875,258.343566894531,19.1908874511719,-5.64443969726563
20180812,0,-19,10,40000,7583.46875,257.200012207031,8.53260803222656,10.1264009475708
20180812,6,-19,10,40000,7609.1806640625,258,3.0043671131134,5.92714214324951
20180812,12,-19,10,40000,7626.208984375,258.700012207031,-3.54259347915649,4.50574970245361
20180812,18,-19,10,40000,7622.0654296875,258.899993896484,-3.67121267318726,1.76700437068939
20180813,0,-19,10,40000,7630.02392578125,258.611633300781,-3.90000009536743,-0.509735107421875
20180813,6,-19,10,40000,7624.263671875,258,-3.99821472167969,-0.231683343648911
20180813,12,-19,10,40000,7621.625,257.736419677734,-2.33468627929688,-1.52515864372253
20180813,18,-19,10,40000,7611.384765625,257.282775878906,-0.432604968547821,-2.80989980697632
20180814,0,-19,10,40000,7613.0595703125,256.670837402344,2.37474608421326,-2.58186531066895
20180814,6,-19,10,40000,7596.880859375,255.622161865234,5.27942848205566,-1.93158197402954
20180814,12,-19,10,40000,7577.904296875,254.899993896484,8.4579496383667,-1.15449213981628
20180814,18,-19,10,40000,7560.4501953125,253.899993896484,6.15075922012329,-0.671679675579071
20180815,0,-19,10,40000,7566.6279296875,253.800003051758,2.44437742233276,3.05765628814697
20180815,6,-19,10,40000,7564.96044921875,254.300003051758,2.09592533111572,7.44559574127197
20180815,12,-19,10,40000,7573.390625,254.929153442383,3.94261717796326,8.4182710647583
20180815,18,-19,10,40000,7569.46630859375,255.229156494141,4.02867412567139,7.75118160247803
20180816,0,-19,10,40000,7581.7392578125,255.990676879883,2.94283437728882,7.32427263259888
20180816,6,-19,10,40000,7582.73193359375,256.399993896484,4.01465320587158,6.34885263442993
20180816,12,-19,10,40000,7591.27685546875,256.700012207031,4.17931652069092,4.44137191772461
20180816,18,-19,10,40000,7596.296875,256.992004394531,1.76670658588409,2.38729000091553
20180817,0,-19,10,40000,7607.1142578125,257.299987792969,-0.368305653333664,2.7339403629303
20180817,6,-19,10,40000,7613.0673828125,257.304443359375,-0.508195817470551,2.98928713798523
20180817,12,-19,10,40000,7620.30615234375,257.349182128906,-0.595410168170929,0.360943615436554
20180817,18,-19,10,40000,7624.73291015625,257.100006103516,1.87759399414063,-1.31658017635345
20180818,0,-19,10,40000,7632.93896484375,257.214782714844,2.86271977424622,-3.87086796760559
20180818,6,-19,10,40000,7628.5419921875,257.100006103516,4.03316640853882,-8.36048316955566
20180818,12,-19,10,40000,7614.86572265625,256.684204101563,2.24346446990967,-7.18098640441895
20180818,18,-19,10,40000,7604.6982421875,255.699996948242,-1.47660219669342,-6.34259033203125
20180819,0,-19,10,40000,7605.03369140625,255.399978637695,-2.11163091659546,-5.08893537521362
20180819,6,-19,10,40000,7602.921875,255.79997253418,-3.31002926826477,-5.13422870635986
20180819,12,-19,10,40000,7595.919921875,255.899993896484,-4.11761713027954,-7.00174808502197
20180819,18,-19,10,40000,7592.45556640625,256.221923828125,-5.78824472427368,-6.37381362915039
20180820,0,-19,10,40000,7593.65185546875,256.099975585938,-6.84743642807007,-3.36370611190796
20180820,6,-19,10,40000,7591.365234375,256.046112060547,-6.30281019210815,-3.72337889671326
20180820,12,-19,10,40000,7591.5048828125,255.699981689453,-4.68624019622803,-3.66853523254395
20180820,18,-19,10,40000,7595.333984375,255.5,-5.1816258430481,-3.69893550872803
20180821,0,-19,10,40000,7598.35546875,255.599975585938,-5.72858142852783,-2.18021965026855
20180821,6,-19,10,40000,7595.54248046875,255.653854370117,-4.19967794418335,-2.35239267349243
20180821,12,-19,10,40000,7589.53369140625,255.246124267578,-4.20779275894165,-1.90504395961761
20180821,18,-19,10,40000,7585.10693359375,255.100006103516,-3.71209955215454,-1.40317869186401
20180822,0,-19,10,40000,7592.58203125,255.199996948242,-2.13119506835938,-0.03717041015625
20180822,6,-19,10,40000,7588.59423828125,255.200241088867,0.313278198242188,-0.468115240335464
20180822,12,-19,10,40000,7581.9501953125,254.799758911133,-0.369543462991714,-2.19539785385132
20180822,18,-19,10,40000,7575.16357421875,254.746124267578,-0.0432189926505089,-2.09324955940247
20180823,0,-19,10,40000,7577.826171875,254.807464599609,-0.107110597193241,-2.78671884536743
20180823,6,-19,10,40000,7576.33251953125,254.907470703125,0.0895477309823036,-3.85302734375
20180823,12,-19,10,40000,7567.375,254.800003051758,-0.121636964380741,-2.62317514419556
20180823,18,-19,10,40000,7562.865234375,254.999969482422,-0.390353381633759,0.0860839858651161
20180824,0,-19,10,40000,7565.2158203125,254.899993896484,1.99097287654877,3.21721196174622
20180824,6,-19,10,40000,7567.25634765625,255.300003051758,4.52989196777344,3.6326904296875
20180824,12,-19,10,40000,7572.830078125,256.185302734375,5.84505939483643,4.57861948013306
20180824,18,-19,10,40000,7577.05078125,256.499969482422,7.62545156478882,5.16727304458618
20180825,0,-19,10,40000,7581.15185546875,256.399963378906,7.22632455825806,5.37692880630493
20180825,6,-19,10,40000,7588.318359375,257,8.19992637634277,5.41668701171875
20180825,12,-19,10,40000,7592.322265625,256.799987792969,9.00485229492188,5.92528676986694
20180825,18,-19,10,40000,7599.271484375,256.799987792969,8.50638103485107,5.26136493682861
20180826,0,-19,10,40000,7609.9267578125,256.700012207031,7.61083364486694,5.43065786361694
20180826,6,-19,10,40000,7610.7685546875,256.299987792969,6.81577157974243,4.91587543487549
20180826,12,-19,10,40000,7608.7392578125,256.368316650391,7.25330209732056,4.27101421356201
20180826,18,-19,10,40000,7605.30517578125,256.200012207031,7.67543649673462,3.69691777229309
20180827,0,-19,10,40000,7604.3935546875,255.599975585938,6.97927236557007,7.24415302276611
20180827,6,-19,10,40000,7595.96923828125,255.100021362305,11.2777986526489,8.34492206573486
20180827,12,-19,10,40000,7575.70263671875,254.100006103516,15.0180330276489,7.44942617416382
20180827,18,-19,10,40000,7560.36083984375,253.899993896484,16.3265285491943,9.77835655212402
20180828,0,-19,10,40000,7553.96826171875,254.800003051758,17.3705825805664,7.9346923828125
20180828,6,-19,10,40000,7545.92333984375,256.499969482422,15.5446462631226,7.67984390258789
20180828,12,-19,10,40000,7533.521484375,256.200012207031,17.4697017669678,11.7236518859863
20180828,18,-19,10,40000,7535.92333984375,253.899993896484,18.8928852081299,6.65812015533447
20180829,0,-19,10,40000,7547.0185546875,256.838928222656,23.0567188262939,-0.0561376959085464
20180829,6,-19,10,40000,7558.724609375,258.068298339844,14.9615917205811,0.698681652545929
20180829,12,-19,10,40000,7574.875,257.746124267578,11.7051076889038,2.16496086120605
20180829,18,-19,10,40000,7581.70751953125,257.100006103516,8.17196750640869,2.69681143760681
20180830,0,-19,10,40000,7602.00048828125,257.200012207031,5.06756591796875,6.19240093231201
20180830,6,-19,10,40000,7602.17431640625,257.799987792969,4.34108877182007,7.09223651885986
20180830,12,-19,10,40000,7608.34521484375,257.699981689453,3.66290903091431,7.40955209732056
20180830,18,-19,10,40000,7609.30859375,257.299987792969,4.01472187042236,5.91419696807861
20180831,0,-19,10,40000,7619.1025390625,256.700012207031,3.63515615463257,5.78630352020264
20180831,6,-19,10,40000,7620.0810546875,256.5,4.25759267807007,3.88356328010559
20180831,12,-19,10,40000,7617.81005859375,256.200012207031,4.92659282684326,0.9991455078125
20180831,18,-19,10,40000,7606.27978515625,256.200012207031,3.47397470474243,0.712329089641571
20180901,0,-19,10,40000,7603.677734375,256.200012207031,2.41536259651184,3.10037851333618
20180901,6,-19,10,40000,7598.05419921875,256.200012207031,4.94099140167236,2.80918574333191
20180901,12,-19,10,40000,7596.98876953125,255.999969482422,5.98803091049194,2.16549682617188
20180901,18,-19,10,40000,7591.03955078125,255.699996948242,6.11567401885986,2.49648427963257
20180902,0,-19,10,40000,7589.37939453125,255.899993896484,6.28713083267212,1.94196772575378
20180902,6,-19,10,40000,7582.17041015625,255.743606567383,7.95006418228149,3.71332097053528
20180902,12,-19,10,40000,7576.18896484375,255.443603515625,10.2897891998291,3.26804208755493
20180902,18,-19,10,40000,7571.5361328125,256.010070800781,11.3338069915771,1.38665771484375
20180903,0,-19,10,40000,7576.09423828125,256.5,11.3096618652344,1.7144501209259
20180903,6,-19,10,40000,7572.68359375,257,10.8525514602661,1.24368286132813
20180903,12,-19,10,40000,7573.53759765625,257.146606445313,11.7036714553833,1.3332427740097
20180903,18,-19,10,40000,7573.47509765625,256.806976318359,11.9663057327271,1.86837458610535
20180904,0,-19,10,40000,7580.4423828125,257.599975585938,10.0670137405396,4.20397663116455
20180904,6,-19,10,40000,7585.7080078125,258.299987792969,8.34241962432861,4.30482196807861
20180904,12,-19,10,40000,7590.681640625,258.299987792969,5.98282957077026,3.4801561832428
20180904,18,-19,10,40000,7597.87255859375,257.799987792969,3.94542479515076,4.41884279251099
20180905,0,-19,10,40000,7605.72705078125,258.100006103516,4.53998756408691,6.58920907974243
20180905,6,-19,10,40000,7607.5849609375,257.999969482422,4.39417743682861,5.16775512695313
20180905,12,-19,10,40000,7606.830078125,257.006988525391,3.19512033462524,2.10003662109375
20180905,18,-19,10,40000,7609.771484375,256.600006103516,2.76378178596497,-0.602130115032196
20180906,0,-19,10,40000,7612.97314453125,257.299987792969,4.20893573760986,-0.273784190416336
20180906,6,-19,10,40000,7609.7568359375,257.100006103516,6.10729694366455,-2.43032836914063
20180906,12,-19,10,40000,7602.06201171875,256.200012207031,6.26483154296875,-4.28150033950806
20180906,18,-19,10,40000,7592.380859375,255.399993896484,6.89889526367188,-5.56082773208618
20180907,0,-19,10,40000,7592.140625,255.485305786133,5.9989013671875,-4.63730478286743
20180907,6,-19,10,40000,7587.81298828125,255.29997253418,6.01213359832764,-4.91951608657837
20180907,12,-19,10,40000,7578.4306640625,255.100006103516,5.33781433105469,-4.47709941864014
20180907,18,-19,10,40000,7571.66748046875,255.092529296875,4.19770526885986,-2.89997553825378
20180908,0,-19,10,40000,7580.3056640625,255.499969482422,4.93814992904663,-0.243457034230232
20180908,6,-19,10,40000,7579.7275390625,255.600006103516,4.63545513153076,-0.606396496295929
20180908,12,-19,10,40000,7582.7451171875,255.699981689453,3.66424560546875,0.400018304586411
20180908,18,-19,10,40000,7583.09228515625,256.100006103516,3.23677682876587,3.76994633674622
20180909,0,-19,10,40000,7591.78271484375,256.5,6.4207763671875,7.30059194564819
20180909,6,-19,10,40000,7590.49267578125,256.899993896484,9.93839740753174,6.91956186294556
20180909,12,-19,10,40000,7592.78564453125,256.700012207031,11.3935422897339,5.61589336395264
20180909,18,-19,10,40000,7593.611328125,257.100006103516,11.4605150222778,5.87368154525757
20180910,0,-19,10,40000,7600.28564453125,257.499969482422,11.9824171066284,5.24420881271362
20180910,6,-19,10,40000,7592.28076171875,257.5,12.339807510376,2.5152587890625
20180910,12,-19,10,40000,7588.080078125,257.799987792969,9.69645023345947,3.09240245819092
20180910,18,-19,10,40000,7583.66943359375,257.100006103516,7.96519041061401,4.53202629089355
20180911,0,-19,10,40000,7592.9658203125,257.100006103516,7.35957527160645,5.01048851013184
20180911,6,-19,10,40000,7598.62744140625,256.899993896484,5.24949645996094,4.59928607940674
20180911,12,-19,10,40000,7601.865234375,256.899993896484,3.01952505111694,4.25414419174194
20180911,18,-19,10,40000,7604.326171875,257.200012207031,3.24080204963684,3.23701167106628
20180912,0,-19,10,40000,7614.80810546875,256.685302734375,0.927618384361267,2.10005497932434
20180912,6,-19,10,40000,7613.7099609375,256.600006103516,-1.23064577579498,2.37702941894531
20180912,12,-19,10,40000,7612.52490234375,256.214660644531,-1.56956171989441,2.94823002815247
20180912,18,-19,10,40000,7615.8232421875,256.571533203125,-2.21130990982056,3.88092041015625
20180913,0,-19,10,40000,7620.791015625,256.5,-1.65299069881439,2.56503915786743
20180913,6,-19,10,40000,7618.322265625,256.000030517578,-0.468695074319839,0.58921205997467
20180913,12,-19,10,40000,7610.529296875,256,-0.0445129387080669,-0.117468260228634
20180913,18,-19,10,40000,7605.95556640625,256.200012207031,-0.442736804485321,-3.34276723861694
20180914,12,-19,10,40000,7588.99267578125,257.199981689453,-0.857720971107483,-1.07471311092377
20180914,18,-19,10,40000,7583.19384765625,257.099975585938,1.81380617618561,-2.24238896369934
20180915,0,-19,10,40000,7581.904296875,257,3.09984731674194,-2.69849848747253
20180915,6,-19,10,40000,7579.57080078125,256.699981689453,4.95531940460205,-3.82902216911316
20180915,12,-19,10,40000,7572.646484375,256.600006103516,6.14927959442139,-2.19101572036743
20180915,18,-19,10,40000,7560.41796875,256.200012207031,7.41843891143799,-0.315325915813446
20180916,0,-19,10,40000,7575.99365234375,256.099975585938,7.99805593490601,3.03575444221497
20180916,12,-19,10,40000,7577.61572265625,255.699996948242,7.5654296875,1.74612426757813
20180916,18,-19,10,40000,7576.92431640625,255.899993896484,7.27919626235962,0.597070336341858
20180917,0,-19,10,40000,7582.283203125,256.5,8.00003623962402,0.878063976764679
20180917,6,-19,10,40000,7580.29638671875,257,9.37480163574219,0.0796997100114822
20180917,12,-19,10,40000,7577.9189453125,256.600006103516,10.8697967529297,0.117224119603634
20180917,18,-19,10,40000,7573.1806640625,256.499969482422,9.82563209533691,-2.37272334098816
20180918,0,-19,10,40000,7574.36181640625,256.399993896484,9.75913047790527,-2.43110847473145
20180918,6,-19,10,40000,7569.7744140625,256.299987792969,12.2560348510742,-2.88401365280151
20180918,12,-19,10,40000,7563.14990234375,256.799987792969,9.62759017944336,-2.82453608512878
20180918,18,-19,10,40000,7558.310546875,256.600006103516,7.88746070861816,-1.89436030387878
20180919,0,-19,10,40000,7562.93603515625,256.799987792969,9.56528091430664,0.343876957893372
20180919,6,-19,10,40000,7561.96044921875,256.600006103516,10.965407371521,0.879975557327271
20180919,12,-19,10,40000,7570.11767578125,257.100006103516,9.22593021392822,0.070185549557209
20180919,18,-19,10,40000,7567.9267578125,256.899963378906,8.1116361618042,0.722613513469696
20180920,0,-19,10,40000,7572.4814453125,256.700012207031,5.97372579574585,1.76032221317291
20180920,6,-19,10,40000,7574.43017578125,257,7.58665466308594,-3.40003657341003
20180920,12,-19,10,40000,7578.3837890625,256.299987792969,2.0516185760498,0.856538057327271
20180920,18,-19,10,40000,7576.0439453125,256.700012207031,5.54964351654053,2.84103035926819
20180921,0,-19,10,40000,7579.005859375,256.931701660156,8.6690673828125,5.16663074493408
20180921,6,-19,10,40000,7580.34130859375,256.399963378906,10.0308437347412,4.6275634765625
20180921,12,-19,10,40000,7578.6376953125,256.029144287109,7.02462148666382,4.22574472427368
20180921,18,-19,10,40000,7574.14111328125,255.485763549805,6.81375741958618,3.33052372932434
20180922,0,-19,10,40000,7576.52001953125,255.800003051758,7.36489248275757,4.20248699188232
20180922,6,-19,10,40000,7583.96142578125,256.700012207031,8.35914897918701,6.09334421157837
20180922,12,-19,10,40000,7580.98291015625,257,10.8160371780396,2.21751093864441
20180922,18,-19,10,40000,7580.52978515625,257.268310546875,8.77422142028809,-1.42877805233002
20180923,0,-19,10,40000,7584.138671875,257.200012207031,6.18892526626587,-1.45722651481628
20180923,6,-19,10,40000,7588.33740234375,257.799987792969,3.46355295181274,-3.48001718521118
20180923,12,-19,10,40000,7585.1279296875,257.599975585938,4.45886850357056,-0.0318054184317589
20180923,18,-19,10,40000,7580.34375,257.399993896484,8.59421348571777,-1.53333735466003
20180924,0,-19,10,40000,7581.1201171875,257.100006103516,9.86623573303223,-5.09625864028931
20180924,6,-19,10,40000,7584.3486328125,257.899993896484,8.18994140625,-10.2553586959839
20180924,12,-19,10,40000,7583.1494140625,257.599975585938,8.1369571685791,-11.0999660491943
20180924,18,-19,10,40000,7581.224609375,257.399993896484,6.88606262207031,-8.3455867767334
20180925,0,-19,10,40000,7587.72705078125,257.699981689453,8.54432392120361,-6.30611562728882
20180925,6,-19,10,40000,7593.359375,258,5.07690143585205,-9.81915283203125
20180925,12,-19,10,40000,7594.63623046875,257.700012207031,-0.472308337688446,-11.9086055755615
20180925,18,-19,10,40000,7594.97314453125,258,-2.43274545669556,-10.2165222167969
20180926,0,-19,10,40000,7599.669921875,257.639404296875,-2.89010000228882,-5.88154602050781
20180926,6,-19,10,40000,7601.546875,257.799987792969,-2.03756713867188,-2.96332406997681
20180926,12,-19,10,40000,7599.4873046875,257.600006103516,-0.61734926700592,-2.09288334846497
20180926,18,-19,10,40000,7595.55078125,257.399993896484,-0.738195776939392,-1.833251953125
20180927,0,-19,10,40000,7598.90185546875,257.231689453125,-2.17254018783569,-1.44836115837097
20180927,6,-19,10,40000,7597.22998046875,257.200012207031,-2.74565124511719,-0.586883544921875
20180927,12,-19,10,40000,7597.060546875,256.721923828125,-3.41820073127747,-1.14128422737122
20180927,18,-19,10,40000,7595.83642578125,256.385284423828,-4.7222900390625,-0.296588122844696
20180928,0,-19,10,40000,7595.73046875,256.399993896484,-5.50745248794556,2.08255624771118
20180928,6,-19,10,40000,7598.73828125,256.5,-4.23262643814087,1.77329099178314
20180928,12,-19,10,40000,7600.27197265625,256.299987792969,-3.12334299087524,0.919934093952179
20180928,18,-19,10,40000,7599.9091796875,256.399993896484,-3.02253413200378,1.47771000862122
20180929,0,-19,10,40000,7606.427734375,256.600006103516,-2.79710936546326,1.34625971317291
20180929,6,-19,10,40000,7609.20263671875,256.700012207031,-2.00001835823059,1.51658320426941
20180929,12,-19,10,40000,7612.0751953125,256.675537109375,-0.122937008738518,1.82194209098816
20180929,18,-19,10,40000,7609.302734375,256.875518798828,0.855636596679688,-0.136688232421875
20180930,0,-19,10,40000,7608.5751953125,256.700012207031,-1.43916630744934,-2.22203373908997
20180930,6,-19,10,40000,7610.919921875,256.899993896484,-2.95729064941406,-4.04353618621826
20180930,12,-19,10,40000,7603.99169921875,257.399993896484,-1.65590214729309,-2.11364126205444
20180930,18,-19,10,40000,7604.65771484375,258,-1.90606081485748,-1.64393925666809
20181001,0,-19,10,40000,7596.74267578125,257.899993896484,-1.37886655330658,-1.10002446174622
20181001,6,-19,10,40000,7596.49609375,257.309997558594,-1.73232114315033,-0.956262230873108
20181001,12,-19,10,40000,7597.86376953125,257.700012207031,0.346591174602509,1.76129150390625
20181001,18,-19,10,40000,7586.32763671875,257.200012207031,2.63928842544556,1.00480341911316
20181002,0,-19,10,40000,7587.87890625,257.482757568359,3.30769038200378,-4.53818988800049
20181002,6,-19,10,40000,7587.41064453125,257.582763671875,-2.98040771484375,-4.88710308074951
20181002,12,-19,10,40000,7579.9482421875,258.100006103516,-6.99503183364868,-5.92329120635986
20181002,18,-19,10,40000,7571.4912109375,257.600006103516,-8.18807983398438,-2.56877446174622
20181003,0,-19,10,40000,7558.03369140625,258.399993896484,-12.8576784133911,1.20067751407623
20181003,6,-19,10,40000,7538.84521484375,259.217224121094,-12.2948436737061,-1.95829105377197
20181003,12,-19,10,40000,7519.9970703125,259.700012207031,0.910147070884705,-16.9910221099854
20181003,18,-19,10,40000,7556.5244140625,256.700012207031,21.0620098114014,-1.48267579078674
20181004,0,-19,10,40000,7584.35498046875,258,13.658727645874,6.49998188018799
20181004,6,-19,10,40000,7595.9248046875,258.499969482422,15.3464021682739,6.40995788574219
20181004,12,-19,10,40000,7589.810546875,258.399963378906,17.305980682373,9.85589027404785
20181004,18,-19,10,40000,7591.67822265625,259.600036621094,19.4138565063477,6.9306492805481
20181005,0,-19,10,40000,7586.02978515625,259.908325195313,15.8122806549072,2.14793467521667
20181005,6,-19,10,40000,7594.3310546875,260.700012207031,15.5854368209839,-1.1999419927597
20181005,12,-19,10,40000,7593.193359375,258.999969482422,7.33908700942993,0.567700207233429
20181005,18,-19,10,40000,7595.10986328125,258.322692871094,6.30373525619507,0.67083740234375
20181006,0,-19,10,40000,7594.8876953125,258.200012207031,4.81939077377319,1.21755981445313
20181006,6,-19,10,40000,7594.384765625,258.399993896484,5.80513429641724,0.0111816404387355
20181006,12,-19,10,40000,7590.05859375,258.031799316406,5.87960529327393,2.12081289291382
20181006,18,-19,10,40000,7590.7314453125,257.399993896484,5.87921142578125,5.2357177734375
20181007,0,-19,10,40000,7591.26806640625,257.600006103516,6.06990957260132,4.93639516830444
20181007,6,-19,10,40000,7587.59375,257.600006103516,5.91459941864014,5.38565683364868
20181007,12,-19,10,40000,7586.11767578125,257.278076171875,7.64570617675781,2.34392094612122
20181007,18,-19,10,40000,7583.12255859375,257.424438476563,9.42482948303223,2.95870351791382
20181008,0,-19,10,40000,7581.29443359375,257.5,6.27055072784424,-1.79521489143372
20181008,6,-19,10,40000,7591.658203125,256.782775878906,4.88228273391724,-2.01349115371704
20181008,12,-19,10,40000,7590.02685546875,256.399993896484,0.478823244571686,-0.987778306007385
20181008,18,-19,10,40000,7594.1591796875,257.100006103516,-0.501877427101135,-1.34552729129791
20181009,0,-19,10,40000,7594.615234375,256,0.194692999124527,1.27504885196686
20181009,6,-19,10,40000,7600.814453125,256.600006103516,3.22013235092163,-0.0366455093026161
20181009,12,-19,10,40000,7597.06201171875,256.299987792969,0.560818493366241,-2.01271963119507
20181009,18,-19,10,40000,7589.6318359375,255.701171875,-0.574023425579071,-1.22568356990814
20181010,0,-19,10,40000,7592.50146484375,256.341979980469,-0.662200927734375,3.21398305892944
20181010,6,-19,10,40000,7592.49365234375,255.899993896484,3.48770451545715,1.63209843635559
20181010,12,-19,10,40000,7591.98876953125,256.397216796875,5.29776000976563,1.9347015619278
20181010,18,-19,10,40000,7587.47265625,256.5,6.18603229522705,2.06749272346497
20181011,0,-19,10,40000,7589.0908203125,256.243591308594,7.68472003936768,3.15107417106628
20181011,6,-19,10,40000,7589.9375,256.100006103516,8.32119464874268,2.54052734375
20181011,12,-19,10,40000,7579.92041015625,256.182769775391,7.02788686752319,4.205322265625
20181011,18,-19,10,40000,7574.185546875,256.200012207031,8.66236877441406,3.96896362304688
20181012,0,-19,10,40000,7572.86767578125,255.653366088867,11.097900390625,2.20001220703125
20181012,6,-19,10,40000,7570.134765625,255.399993896484,9.10417175292969,-2.25989985466003
20181012,12,-19,10,40000,7564.9189453125,255.300003051758,10.2895841598511,0.838323950767517
20181012,18,-19,10,40000,7554.56103515625,254.699996948242,13.4854249954224,0.229748532176018
20181013,0,-19,10,40000,7551.23193359375,254.300003051758,10.1650266647339,-2.96754765510559
20181013,6,-19,10,40000,7556.740234375,253.824462890625,-2.04084777832031,-8.62666034698486
20181013,12,-19,10,40000,7559.70068359375,252.653854370117,0.115371704101563,-9.27878379821777
20181013,18,-19,10,40000,7557.4619140625,252.192535400391,-7.16300964355469,-11.1888856887817
20181014,0,-19,10,40000,7564.22705078125,252.329147338867,-10.1092929840088,-9.3123722076416
20181014,6,-19,10,40000,7572.52880859375,252.600006103516,-9.85316753387451,-9.71711444854736
20181014,12,-19,10,40000,7572.89013671875,253.100006103516,-9.3456974029541,-9.6021671295166
20181014,18,-19,10,40000,7579.46142578125,254.300003051758,-7.05801677703857,-10.936731338501
20181015,0,-19,10,40000,7579.51806640625,254.79997253418,-5.21859121322632,-8.3727970123291
20181015,6,-19,10,40000,7578.126953125,255.199996948242,-2.18398427963257,-7.02675151824951
20181015,12,-19,10,40000,7576.984375,255.5,-0.58367919921875,-6.84136962890625
20181015,18,-19,10,40000,7575.3349609375,255.399993896484,2.07683420181274,-6.20656108856201
20181016,0,-19,10,40000,7580.083984375,255.399978637695,5.17683696746826,-7.39982318878174
20181016,6,-19,10,40000,7583.0888671875,256.299987792969,2.35805368423462,-9.61286640167236
20181016,12,-19,10,40000,7578.76611328125,256.299987792969,1.25755310058594,-7.93638896942139
20181016,18,-19,10,40000,7578.6181640625,256.146118164063,1.97562861442566,-6.11165761947632
20181017,0,-19,10,40000,7584.20361328125,256,3.51849985122681,-3.83855581283569
20181017,6,-19,10,40000,7587.44189453125,255.899993896484,5.37379169464111,-3.49796748161316
20181017,12,-19,10,40000,7578.94384765625,255.199981689453,6.13154315948486,-4.35831928253174
20181017,18,-19,10,40000,7571.81298828125,254.600006103516,6.57464599609375,-4.30552959442139
20181018,0,-19,10,40000,7569.291015625,254.5,4.67969036102295,-4.60127544403076
20181018,6,-19,10,40000,7574.61083984375,254.100006103516,2.11049199104309,-7.04716777801514
20181018,12,-19,10,40000,7573.2998046875,254.199981689453,-6.84317636489868,-8.86306190490723
20181018,18,-19,10,40000,7580.703125,254.5,-10.5514831542969,-11.0405149459839
20181019,0,-19,10,40000,7576.98876953125,254.699996948242,-5.59346294403076,-6.03780508041382
20181019,6,-19,10,40000,7583.48291015625,254.899993896484,-1.6704009771347,-8.80695152282715
20181019,18,-19,10,40000,7592.1748046875,254.999969482422,-8.9306583404541,-10.7798519134521
20181020,0,-19,10,40000,7591.37451171875,255.499969482422,-5.17743539810181,-10.9345579147339
20181020,6,-19,10,40000,7599.02392578125,255.967864990234,-10.5062160491943,-10.4775266647339
20181020,12,-19,10,40000,7603.56103515625,255.760589599609,-12.2660427093506,-8.31303691864014
20181020,18,-19,10,40000,7606.34326171875,255.399993896484,-9.71703815460205,-8.70644569396973
20181021,0,-19,10,40000,7606.06103515625,254.995574951172,-8.37259483337402,-6.34915781021118
20181021,6,-19,10,40000,7611.41552734375,255.292526245117,-7.49214172363281,-4.31951904296875
20181021,12,-19,10,40000,7603.7783203125,255.185302734375,-4.31008291244507,-3.3470458984375
20181021,18,-19,10,40000,7600.568359375,255.399993896484,-2.06624746322632,-2.23676443099976
20181022,0,-19,10,40000,7604.0966796875,255.800003051758,-2.62362670898438,0.70052182674408
20181022,6,-19,10,40000,7609.267578125,255.800003051758,-4.36591815948486,3.25587773323059
20181022,12,-19,10,40000,7609.8544921875,255.675537109375,-6.1054105758667,2.748046875
20181022,18,-19,10,40000,7612.875,255.87809753418,-7.80850839614868,4.20248413085938
20181023,0,-19,10,40000,7619.92431640625,256.143859863281,-9.34385395050049,4.32215595245361
20181023,6,-19,10,40000,7624.29443359375,256.685302734375,-9.7310733795166,3.73486948013306
20181023,12,-19,10,40000,7620.2451171875,256.138916015625,-9.95234966278076,2.5491943359375
20181023,18,-19,10,40000,7620.72314453125,256.100036621094,-8.50959777832031,3.40844106674194
20181024,0,-19,10,40000,7622.8974609375,255.992523193359,-7.54843759536743,4.09996318817139
20181024,6,-19,10,40000,7624.2080078125,256.100006103516,-5.18759155273438,3.79002690315247
20181024,12,-19,10,40000,7623.23828125,256,-2.04400014877319,1.12246096134186
20181024,18,-19,10,40000,7621.78759765625,256.199981689453,-1.55595088005066,-1.82379758358002
20181025,0,-19,10,40000,7619.015625,256.799987792969,-2.18062138557434,-2.14411616325378
20181025,6,-19,10,40000,7621.203125,257.361083984375,-1.41365361213684,-2.77424931526184
20181025,12,-19,10,40000,7619.044921875,256.792510986328,-0.012579346075654,-1.59865117073059
20181025,18,-19,10,40000,7619.2431640625,256.292541503906,-0.824676513671875,-5.30380868911743
20181026,0,-19,10,40000,7619.57177734375,256.200012207031,-1.21973872184753,-6.11436748504639
20181026,6,-19,10,40000,7619.44140625,255.599975585938,-0.160229489207268,-6.39765644073486
20181026,12,-19,10,40000,7610.9169921875,255.607467651367,-1.54103696346283,-5.51420307159424
20181026,18,-19,10,40000,7606.10546875,256.399993896484,-3.78398442268372,-5.94049072265625
20181027,0,-19,10,40000,7604.60205078125,257.343444824219,-4.83687114715576,-6.28687763214111
20181027,6,-19,10,40000,7605.205078125,256.882385253906,-5.45814514160156,-5.29997539520264
20181027,12,-19,10,40000,7601.24755859375,256.343475341797,-7.6046724319458,-4.07062387466431
20181027,18,-19,10,40000,7597.85009765625,256.299987792969,-9.95344829559326,-1.42635500431061
20181028,0,-19,10,40000,7592.14013671875,256.768310546875,-4.45736694335938,0.222387701272964
20181028,6,-19,10,40000,7589.41455078125,256.100006103516,-2.22484445571899,-0.64202880859375
20181028,12,-19,10,40000,7574.8056640625,255.8203125,1.11662292480469,1.26700437068939
20181028,18,-19,10,40000,7568.7568359375,255.797439575195,6.09317636489868,3.68339848518372
20181029,0,-19,10,40000,7559.5712890625,255.733322143555,8.41788673400879,5.52811908721924
20181029,6,-19,10,40000,7561.9111328125,255.123046875,10.7968807220459,4.90158700942993
20181029,12,-19,10,40000,7548.60546875,253.741943359375,12.3040103912354,5.36538696289063
20181029,18,-19,10,40000,7537.892578125,252.5,11.8012027740479,5.06969594955444
20181030,0,-19,10,40000,7533.30419921875,252.300003051758,12.1922636032104,-7.10463237762451
20181030,6,-19,10,40000,7552.3544921875,254.199996948242,12.0857028961182,-16.9488410949707
20181030,12,-19,10,40000,7566.86865234375,255.29997253418,5.90089416503906,-22.0332336425781
20181030,18,-19,10,40000,7590.12646484375,255.399993896484,4.43191528320313,-15.390832901001
20181031,0,-19,10,40000,7601.0712890625,256.013061523438,4.20182800292969,-11.5999937057495
20181031,6,-19,10,40000,7614.037109375,256.500030517578,2.38842463493347,-9.60330772399902
20181031,12,-19,10,40000,7616.14697265625,256.700012207031,-0.329232782125473,-6.500732421875
20181031,18,-19,10,40000,7622.0732421875,256.913055419922,-1.17344355583191,-5.00296640396118
20181101,0,-19,10,40000,7627.1650390625,257.04052734375,-2.78464365005493,-2.43337392807007
20181101,6,-19,10,40000,7637.44873046875,257.100006103516,-2.99260258674622,-2.00291132926941
20181101,12,-19,10,40000,7633.9560546875,256.799987792969,-3.5235767364502,-2.07974600791931
20181101,18,-19,10,40000,7630.73046875,256.337249755859,-4.78464984893799,-2.25011587142944
20181102,0,-19,10,40000,7636.70458984375,256.299987792969,-7.71483135223389,-2.91502070426941
20181102,6,-19,10,40000,7644.13623046875,255.999969482422,-8.99913311004639,-3.31441640853882
20181102,12,-19,10,40000,7637.4892578125,255.918869018555,-8.12008380889893,-0.76251220703125
20181102,18,-19,10,40000,7629.35888671875,255.849212646484,-6.85329914093018,0.632550060749054
20181103,0,-19,10,40000,7625.4150390625,256.284515380859,-5.67304086685181,2.50236821174622
20181103,6,-19,10,40000,7625.509765625,256.600006103516,-4.46229267120361,0.542944312095642
20181103,12,-19,10,40000,7622.15673828125,256.111694335938,-5.78508615493774,-2.80412602424622
20181103,18,-19,10,40000,7619.72021484375,256.200012207031,-8.07478046417236,-3.57486581802368
20181104,0,-19,10,40000,7614.74072265625,256.5,-8.44498634338379,-4.29887676239014
20181104,6,-19,10,40000,7615.66357421875,256.536376953125,-6.58544301986694,-3.97352910041809
20181104,12,-19,10,40000,7606.375,256.399993896484,-3.88587331771851,-5.68878173828125
20181104,18,-19,10,40000,7608.12109375,256.699981689453,-2.39265751838684,-7.84180927276611
20181105,0,-19,10,40000,7607.36865234375,256.799987792969,-3.54435729980469,-7.39442157745361
20181105,6,-19,10,40000,7605.24560546875,256.600006103516,-4.09396362304688,-6.49449443817139
20181105,12,-19,10,40000,7595.951171875,256.324462890625,-1.74769902229309,-5.59983539581299
20181105,18,-19,10,40000,7596.49560546875,256.399993896484,1.28035283088684,-5.02891826629639
20181106,0,-19,10,40000,7590.64208984375,256.299987792969,5.32128000259399,-3.34521484375
20181106,6,-19,10,40000,7585.53955078125,256.208404541016,8.90373516082764,-7.96570444107056
20181106,12,-19,10,40000,7575.5810546875,255.45654296875,8.17891502380371,-11.8689880371094
20181106,18,-19,10,40000,7573.74755859375,255.400588989258,2.08178091049194,-19.299840927124
20181107,0,-19,10,40000,7570.94873046875,256.049194335938,5.24200439453125,-13.4731321334839
20181107,6,-19,10,40000,7568.67822265625,256.26953125,7.03066396713257,-10.8522825241089
20181107,12,-19,10,40000,7561.47998046875,256.232330322266,9.7335147857666,-10.4894046783447
20181107,18,-19,10,40000,7556.11328125,256.305023193359,11.8894748687744,-7.45673847198486
20181108,0,-19,10,40000,7556.39111328125,256.025939941406,12.873498916626,-4.51911640167236
20181108,6,-19,10,40000,7562.1279296875,256.437774658203,14.6815366744995,-6.35458993911743
20181108,12,-19,10,40000,7557.28173828125,256.308776855469,15.6465911865234,-4.4798583984375
20181108,18,-19,10,40000,7552.8388671875,256.100006103516,16.6457214355469,-3.04400014877319
20181109,0,-19,10,40000,7553.30419921875,255.963623046875,16.834924697876,-2.53984379768372
20181109,6,-19,10,40000,7558.21875,256.100006103516,17.3061714172363,-2.52889394760132
20181109,12,-19,10,40000,7561.109375,256.399993896484,17.3732414245605,-3.58435368537903
20181109,18,-19,10,40000,7562.8623046875,256.227569580078,16.8046169281006,-3.87073373794556
20181110,0,-19,10,40000,7567.8388671875,256.700012207031,15.8981075286865,-2.2396240234375
20181110,6,-19,10,40000,7576.32958984375,256.200012207031,15.9427242279053,-3.34614872932434
20181110,12,-19,10,40000,7579.0751953125,256.100006103516,18.6884422302246,-4.59999370574951
20181110,18,-19,10,40000,7578.849609375,255.98225402832,19.1305236816406,-8.29922485351563
20181111,0,-19,10,40000,7580.89501953125,256.399963378906,12.6625947952271,-13.5323181152344
20181111,6,-19,10,40000,7589.8173828125,256.899993896484,9.19246196746826,-15.006311416626
20181111,12,-19,10,40000,7585.6875,257.314727783203,6.86332082748413,-15.7810363769531
20181111,18,-19,10,40000,7586.37353515625,257.200012207031,4.73029804229736,-12.179407119751
20181112,0,-19,10,40000,7585.8349609375,257.899993896484,5.39284038543701,-10.7643375396729
20181112,6,-19,10,40000,7590.88916015625,257.844970703125,3.39744877815247,-7.42656850814819
20181112,12,-19,10,40000,7586.1279296875,257.699981689453,4.55057048797607,-3.25847172737122
20181112,18,-19,10,40000,7582.2880859375,257.206970214844,6.99179697036743,-1.84776616096497
20181113,0,-19,10,40000,7586.76611328125,257.100006103516,7.4649658203125,-0.148910522460938
20181113,6,-19,10,40000,7591.904296875,256.799987792969,9.23914813995361,1.90388178825378
20181113,12,-19,10,40000,7586.056640625,256.878051757813,11.1732511520386,0.8138427734375
20181113,18,-19,10,40000,7584.70703125,256.724456787109,10.4542846679688,1.19235229492188
20181114,0,-19,10,40000,7586.92431640625,255.899978637695,7.86420583724976,3.47637939453125
20181114,6,-19,10,40000,7593.55859375,256.100006103516,10.2295436859131,6.12646484375
20181114,12,-19,10,40000,7595.42236328125,256.307342529297,13.4555330276489,6.27092266082764
20181114,18,-19,10,40000,7593.21240234375,256.200012207031,14.6444339752197,4.8834867477417
20181115,0,-19,10,40000,7588.85009765625,256.100006103516,15.668231010437,4.32663583755493
20181115,6,-19,10,40000,7586.20703125,255.999969482422,16.4853324890137,1.85235905647278
20181115,12,-19,10,40000,7567.71630859375,254.800003051758,17.2137298583984,0.107254028320313
20181115,18,-19,10,40000,7559.8994140625,254.165252685547,16.9539947509766,0.167944341897964
20181116,0,-19,10,40000,7542.49755859375,252.946136474609,13.4355163574219,1.07536315917969
20181116,6,-19,10,40000,7537.83740234375,252.699996948242,14.5220699310303,-1.12293088436127
20181116,12,-19,10,40000,7529.015625,252.57780456543,6.40280437469482,-8.04039287567139
20181116,18,-19,10,40000,7530.0439453125,251.399993896484,1.61674809455872,-9.69137859344482
20181117,0,-19,10,40000,7527.89208984375,251.199981689453,1.49171757698059,-7.12292766571045
20181117,6,-19,10,40000,7535.38623046875,251.199996948242,1.49990844726563,-7.66441631317139
20181117,12,-19,10,40000,7532.099609375,252.254028320313,-3.64611196517944,-11.715368270874
20181117,18,-19,10,40000,7545.38232421875,253.699996948242,-11.8302516937256,-11.3478145599365
20181118,0,-19,10,40000,7556.5283203125,253.459838867188,-11.3092927932739,-10.5400142669678
20181118,6,-19,10,40000,7568.21630859375,253.711639404297,-7.65127277374268,-9.14113807678223
20181118,12,-19,10,40000,7572.55859375,254.800003051758,-3.03822016716003,-9.46511840820313
20181118,18,-19,10,40000,7578.33935546875,255.399993896484,-2.76525259017944,-9.59993267059326
20181119,0,-19,10,40000,7584.701171875,256,-0.663580298423767,-8.51961708068848
20181119,6,-19,10,40000,7589.77001953125,255.600006103516,-0.00787353515625,-6.50437021255493
20181119,12,-19,10,40000,7588.794921875,255.499969482422,1.51166379451752,-5.09799814224243
20181119,18,-19,10,40000,7592.494140625,255.399993896484,2.82991337776184,-6.53494882583618
20181120,0,-19,10,40000,7595.3974609375,255.801956176758,3.03880000114441,-4.89996957778931
20181120,6,-19,10,40000,7597.82177734375,256.199981689453,3.83729863166809,-3.89854741096497
20181120,12,-19,10,40000,7596.25146484375,255.699996948242,3.822265625,-3.53171396255493
20181120,18,-19,10,40000,7596.82568359375,255.300003051758,2.57975459098816,-3.80418086051941
20181121,0,-19,10,40000,7597.1201171875,255.600006103516,2.40561532974243,-3.30001831054688
20181121,6,-19,10,40000,7594.81689453125,255.5,1.4808623790741,0.0691406279802322
20181121,12,-19,10,40000,7593.1962890625,255,2.06996154785156,4.20112323760986
20181121,18,-19,10,40000,7588.4248046875,255,6.48641061782837,9.04669189453125
20181122,0,-19,10,40000,7577.66015625,253.100006103516,4.48861980438232,11.1295719146729
20181122,6,-19,10,40000,7576.31103515625,255.800003051758,17.791919708252,3.09553217887878
20181122,12,-19,10,40000,7569.47705078125,255.602661132813,20.5967311859131,4.85969829559326
20181122,18,-19,10,40000,7560.7705078125,254.728713989258,19.7531547546387,7.61304950714111
20181123,0,-19,10,40000,7556.60302734375,255.305374145508,8.90087890625,7.49994516372681
20181123,6,-19,10,40000,7543.91943359375,255.533325195313,7.19158315658569,13.0999813079834
20181123,12,-19,10,40000,7534.12060546875,254.64778137207,15.4172058105469,15.5211915969849
20181123,18,-19,10,40000,7529.830078125,251.359451293945,15.7464752197266,3.3460693359375
20181124,0,-19,10,40000,7533.8056640625,253.973846435547,14.748553276062,9.2557373046875
20181124,6,-19,10,40000,7565.04736328125,255.962280273438,4.38975811004639,7.04660034179688
20181124,12,-19,10,40000,7591.8544921875,257.579742431641,-7.13812255859375,2.84130239486694
20181124,18,-19,10,40000,7612.55810546875,259.160675048828,-6.67825937271118,0.702584862709045
20181125,0,-19,10,40000,7619.98583984375,259.372497558594,-2.30230093002319,1.69303286075592
20181125,6,-19,10,40000,7625.93896484375,258.899993896484,-3.34522700309753,-0.12912292778492
20181125,12,-19,10,40000,7621.212890625,258.072448730469,-2.046630859375,3.79278326034546
20181125,18,-19,10,40000,7624.25634765625,257.572479248047,4.318115234375,3.37844729423523
20181126,0,-19,10,40000,7624.82373046875,257.899993896484,6.8045973777771,-0.671167016029358
20181126,6,-19,10,40000,7627.38671875,258.440551757813,8.21328735351563,-0.996795654296875
20181126,12,-19,10,40000,7621.93994140625,258,6.14743185043335,-1.58419919013977
20181126,18,-19,10,40000,7621.5849609375,257.700012207031,5.43833637237549,-0.435980230569839
20181127,0,-19,10,40000,7626.376953125,257.799987792969,5.94678974151611,1.08048093318939
20181127,6,-19,10,40000,7633.189453125,257.200012207031,5.05957651138306,-1.41779172420502
20181127,12,-19,10,40000,7629.3779296875,257.472503662109,5.1737060546875,-3.73709964752197
20181127,18,-19,10,40000,7627.013671875,257.399993896484,6.09940671920776,-3.81857419013977
20181128,0,-19,10,40000,7626.6279296875,257.678680419922,2.69853281974792,-7.3388671875
20181128,6,-19,10,40000,7627.3388671875,257.500030517578,-0.474887698888779,-5.59476089477539
20181128,12,-19,10,40000,7620.5751953125,257.720886230469,-1.17320799827576,-0.2977294921875
20181128,18,-19,10,40000,7608.7939453125,257.5,1.58086431026459,3.10980463027954
20181129,0,-19,10,40000,7600.345703125,257.489654541016,4.71678447723389,4.80171489715576
20181129,6,-19,10,40000,7595.2548828125,255.503875732422,10.8991422653198,1.48162841796875
20181129,12,-19,10,40000,7571.03955078125,254.399993896484,13.1287746429443,1.60004878044128
20181129,18,-19,10,40000,7557.9560546875,252.399993896484,16.0043430328369,-2.61039543151855
20181130,0,-19,10,40000,7561.5205078125,253.800003051758,2.16840076446533,-21.9677448272705
20181130,6,-19,10,40000,7569.6923828125,254.5,5.93143796920776,-15.8216600418091
20181130,12,-19,10,40000,7567.392578125,255.021026611328,4.52221202850342,-11.7861471176147
20181130,18,-19,10,40000,7570.478515625,255.033493041992,5.7346019744873,-10.871132850647
20181201,0,-19,10,40000,7571.634765625,255.08464050293,1.36136174201965,-12.0687074661255
20181201,6,-19,10,40000,7580.92822265625,255.318771362305,-4.61626577377319,-14.3856449127197
20181201,12,-19,10,40000,7585.23828125,255.399993896484,-6.80008220672607,-12.9981203079224
20181201,18,-19,10,40000,7587.99560546875,255.140548706055,-5.22233581542969,-11.2932987213135
20181202,0,-19,10,40000,7586.57666015625,254.594436645508,-3.78523564338684,-8.50400352478027
20181202,6,-19,10,40000,7591.3017578125,254.391082763672,-3.09584355354309,-7.19977426528931
20181202,12,-19,10,40000,7582.998046875,254.626098632813,-1.7024199962616,-6.15327167510986
20181202,18,-19,10,40000,7579.216796875,254.716217041016,-0.295407116413116,-7.83079242706299
20181203,0,-19,10,40000,7575.6787109375,254.927520751953,-0.356106579303741,-7.08668231964111
20181203,6,-19,10,40000,7578.4658203125,254.612762451172,0.501867651939392,-6.02004384994507
20181203,12,-19,10,40000,7570.2919921875,254.5,1.75847172737122,-6.09319448471069
20181203,18,-19,10,40000,7572.119140625,255.133697509766,1.42673945426941,-7.12701416015625
20181204,0,-19,10,40000,7571.10986328125,255.224563598633,-0.0901367217302322,-5.48970937728882
20181204,6,-19,10,40000,7573.958984375,255.085372924805,-1.18634641170502,-3.15993642807007
20181204,12,-19,10,40000,7569.6943359375,255.11328125,-0.158517450094223,-0.194659426808357
20181204,18,-19,10,40000,7569.90576171875,255.199920654297,1.38147580623627,-0.000268554693320766
20181205,0,-19,10,40000,7567.02978515625,255.699981689453,1.00371706485748,-1.22070314318989e-05
20181205,6,-19,10,40000,7569.60009765625,255.714630126953,-1.02945864200592,1.297607421875
20181205,12,-19,10,40000,7563.30810546875,255.899993896484,0.264678955078125,4.11605834960938
20181205,18,-19,10,40000,7557.982421875,255.902420043945,2.42679738998413,3.66066288948059
20181206,0,-19,10,40000,7558.9755859375,255.600021362305,3.58385610580444,2.77730703353882
20181206,6,-19,10,40000,7562.5810546875,256.0107421875,6.93602895736694,2.10308837890625
20181206,12,-19,10,40000,7562.0283203125,255.928985595703,5.43400287628174,0.987390160560608
20181206,18,-19,10,40000,7564.96142578125,255.927978515625,7.66567373275757,1.07114863395691
20181207,0,-19,10,40000,7571.294921875,256.261444091797,10.4597721099854,-3.76278686523438
20181207,6,-19,10,40000,7571.4775390625,255.771774291992,7.22515249252319,-6.11992788314819
20181207,12,-19,10,40000,7567.51318359375,255.167846679688,4.8974609375,-6.68350839614868
20181207,18,-19,10,40000,7570.81201171875,254.70002746582,3.59349846839905,-4.4593505859375
20181208,0,-19,10,40000,7575.66064453125,254.95133972168,4.84858894348145,-0.782832026481628
20181208,6,-19,10,40000,7584.33642578125,255.213897705078,5.96145486831665,-4.44927740097046
20181208,12,-19,10,40000,7587.28369140625,255.204467773438,3.29545664787292,-5.55426740646362
20181208,18,-19,10,40000,7577.13232421875,254.718353271484,3.81394052505493,-4.43739938735962
20181209,0,-19,10,40000,7573.55810546875,254.399993896484,5.92999744415283,-1.72323727607727
20181209,6,-19,10,40000,7578.52880859375,254.304000854492,7.66060495376587,-2.10704350471497
20181209,12,-19,10,40000,7577.89111328125,254,6.09465837478638,-4.13019514083862
20181209,18,-19,10,40000,7577.8935546875,253.591400146484,1.27223658561707,-3.85729360580444
20181210,0,-19,10,40000,7578.69140625,253.815795898438,1.17491459846497,-1.57518315315247
20181210,6,-19,10,40000,7586.39013671875,253.688842773438,1.97788691520691,-1.06249392032623
20181210,12,-19,10,40000,7588.88818359375,253.626754760742,2.55328989028931,-3.53022456169128
20181210,18,-19,10,40000,7600.88623046875,253.999969482422,2.97084045410156,-3.41503286361694
20181211,0,-19,10,40000,7598.02685546875,255.076950073242,4.39992046356201,-3.12453603744507
20181211,6,-19,10,40000,7601.41259765625,255.954986572266,5.74169635772705,-6.18925762176514
20181211,12,-19,10,40000,7605.357421875,255.57243347168,5.39999389648438,-4.12938213348389
20181211,18,-19,10,40000,7605.013671875,254.806762695313,5.48102426528931,-6.31550884246826
20181212,0,-19,10,40000,7601.71826171875,254.78092956543,0.251220703125,-6.74900197982788
20181212,6,-19,10,40000,7602.455078125,254.5,-4.01487112045288,-4.80782794952393
20181212,12,-19,10,40000,7601.7431640625,254.285598754883,-5.76551818847656,-4.49215412139893
20181212,18,-19,10,40000,7601.126953125,254.787872314453,-6.81336355209351,-6.68147563934326
20181213,0,-19,10,40000,7601.5498046875,255.527542114258,-6.05173015594482,-7.98364877700806
20181213,6,-19,10,40000,7606.24609375,256.229156494141,-2.16896963119507,-8.12675189971924
20181213,12,-19,10,40000,7599.3544921875,255.100006103516,-1.00422060489655,-11.723858833313
20181213,18,-19,10,40000,7593.8994140625,253.400024414063,-8.65557861328125,-10.0457763671875
20181214,0,-19,10,40000,7589.8955078125,253.320266723633,-8.90845012664795,-5.43353271484375
20181214,6,-19,10,40000,7594.85791015625,252.800003051758,-12.7074460983276,-3.51910400390625
20181214,12,-19,10,40000,7596.77197265625,252.821655273438,-9.98276329040527,-4.99913930892944
20181214,18,-19,10,40000,7602.11328125,253.399993896484,-16.172534942627,-4.97859477996826
20181215,0,-19,10,40000,7606.58740234375,254,-19.1285457611084,-7.89964008331299
20181215,6,-19,10,40000,7617.50244140625,254.260375976563,-18.2958736419678,-7.07060527801514
20181215,12,-19,10,40000,7614.8212890625,254.613082885742,-16.68727684021,-4.62629985809326
20181215,18,-19,10,40000,7616.16552734375,255.004974365234,-16.3997249603271,-3.07106637954712
20181216,0,-19,10,40000,7619.06103515625,255.599975585938,-13.0968570709229,0.11282043159008
20181216,6,-19,10,40000,7625.017578125,256.899963378906,-8.04965209960938,3.13415837287903
20181216,12,-19,10,40000,7614.38916015625,257.500030517578,-5.55571269989014,3.36012887954712
20181216,18,-19,10,40000,7612.05078125,257.5,-5.47153329849243,3.41945505142212
20181217,0,-19,10,40000,7609.82666015625,257.700012207031,-6.46788644790649,3.55693960189819
20181217,6,-19,10,40000,7614.78955078125,257.600006103516,-6.01375102996826,3.60004281997681
20181217,12,-19,10,40000,7610.23486328125,257.904388427734,-3.1777069568634,1.94479978084564
20181217,18,-19,10,40000,7609.943359375,257.841125488281,0.3187255859375,0.417437732219696
20181218,0,-19,10,40000,7612.4345703125,258.373931884766,4.30456256866455,0.0932373031973839
20181218,6,-19,10,40000,7618.57080078125,258.23486328125,6.20503854751587,-6.57780170440674
20181218,12,-19,10,40000,7610.4580078125,257.587738037109,11.191668510437,-6.889404296875
