20180720,0,-64,128,15000,13770.166015625,229.114303588867,5.91111326217651,10.0531644821167
20180720,6,-64,128,15000,13742.0888671875,229.5,7.29833507537842,7.18499994277954
20180720,12,-64,128,15000,13736.3447265625,229.597213745117,6.92194843292236,5.4882960319519
20180720,18,-64,128,15000,13736.6953125,229.689987182617,7.90889167785645,3.83578372001648
20180721,0,-64,128,15000,13733.634765625,230,7.59999990463257,1.11154782772064
20180721,6,-64,128,15000,13711.4609375,230.017242431641,7.92278337478638,-0.277392566204071
20180721,12,-64,128,15000,13706.3212890625,229.899993896484,7.93999528884888,-1.35108149051666
20180721,18,-64,128,15000,13709.4560546875,229.5625,8.11444854736328,-2.25246095657349
20180722,0,-64,128,15000,13717.77734375,229.199996948242,8.56273460388184,-5.55816888809204
20180722,6,-64,128,15000,13708.9873046875,228,8.4480562210083,-5.49939918518066
20180722,12,-64,128,15000,13709.0029296875,227.624465942383,10.2212209701538,-6.8748779296875
20180722,18,-64,128,15000,13716.5888671875,226.885330200195,11.423134803772,-6.0093846321106
20180723,0,-64,128,15000,13716.1025390625,226.731689453125,12.5193872451782,-6.15857887268066
20180723,6,-64,128,15000,13687.2216796875,226.899978637695,12.1280565261841,-6.3523120880127
20180723,12,-64,128,15000,13671.4189453125,227.100006103516,12.9206447601318,-4.64233160018921
20180723,18,-64,128,15000,13660.1123046875,227.399993896484,15.1255760192871,-5.10355472564697
20180724,0,-64,128,15000,13643.521484375,228.899993896484,15.061559677124,-6.64304208755493
20180724,6,-64,128,15000,13609.337890625,230.731689453125,15.5826559066772,-6.16512680053711
20180724,12,-64,128,15000,13595.2333984375,232.278076171875,13.478645324707,-8.42384719848633
20180724,18,-64,128,15000,13602.7060546875,232,12.7419509887695,-11.1337938308716
20180725,0,-64,128,15000,13617.4765625,230.899993896484,11.5329446792603,-12.4779634475708
20180725,6,-64,128,15000,13620.58203125,229.199996948242,11.3189840316772,-12.8496732711792
20180725,12,-64,128,15000,13634.017578125,227.212814331055,13.2650003433228,-10.8280544281006
20180725,18,-64,128,15000,13649.9052734375,226.882766723633,16.2379150390625,-7.18050765991211
20180726,0,-64,128,15000,13656.1708984375,227.06364440918,17.1066951751709,-6.43532466888428
20180726,6,-64,128,15000,13648.97265625,226.800003051758,17.5680961608887,-4.45271015167236
20180726,12,-64,128,15000,13655.6650390625,226.329147338867,18.6840667724609,-1.66627442836761
20180726,18,-64,128,15000,13679.1962890625,226.358810424805,19.1822490692139,2.10883784294128
20180727,0,-64,128,15000,13682.17578125,227.324462890625,19.0738906860352,3.77032470703125
20180727,6,-64,128,15000,13654.3076171875,227.899993896484,16.1534175872803,6.90142822265625
20180727,12,-64,128,15000,13641.12109375,229,14.8541555404663,6.36894512176514
20180727,18,-64,128,15000,13637.806640625,230.088577270508,12.6347217559814,4.08313703536987
20180728,0,-64,128,15000,13638.587890625,230.214691162109,11.7747163772583,0.0502856448292732
20180728,6,-64,128,15000,13633.1845703125,229.485305786133,10.7802906036377,-1.65800297260284
20180728,12,-64,128,15000,13647.9697265625,229.399993896484,9.37901401519775,-3.08383798599243
20180728,18,-64,128,15000,13679.1923828125,228.5,8.28554916381836,-4.88184547424316
20180729,0,-64,128,15000,13713.833984375,227,6.25974130630493,-6.02126932144165
20180729,6,-64,128,15000,13723.91015625,225.668304443359,3.8408374786377,-4.7784743309021
20180729,12,-64,128,15000,13747.8203125,224.899978637695,3.05000972747803,-2.38692140579224
20180729,18,-64,128,15000,13769.7548828125,224.499969482422,3.70224618911743,1.29349851608276
20180730,0,-64,128,15000,13779.7001953125,224.999969482422,2.63644528388977,2.08484363555908
20180730,6,-64,128,15000,13762.0146484375,224.899993896484,2.64359378814697,2.50529289245605
20180730,12,-64,128,15000,13746.759765625,225.399993896484,1.623291015625,3.28093028068542
20180730,18,-64,128,15000,13742.1162109375,225.600006103516,2.71610832214355,4.14077615737915
20180731,0,-64,128,15000,13730.6064453125,226.048919677734,2.22000479698181,2.9199390411377
20180731,6,-64,128,15000,13704.7275390625,225.899993896484,1.92365717887878,3.81136727333069
20180731,12,-64,128,15000,13693.818359375,226.399993896484,2.40001964569092,4.08880853652954
20180731,18,-64,128,15000,13687.224609375,226.399993896484,2.62268543243408,5.11679697036743
20180801,0,-64,128,15000,13680.3154296875,226.66145324707,3.42004871368408,4.19440937042236
20180801,6,-64,128,15000,13655.982421875,227.399993896484,3.44250011444092,5.96823740005493
20180801,12,-64,128,15000,13638.72265625,228.5,4.23676252365112,6.1168360710144
20180801,18,-64,128,15000,13624.1572265625,230.199981689453,4.79574203491211,6.33219242095947
20180802,0,-64,128,15000,13613.0703125,230.899993896484,5.85947751998901,3.2752513885498
20180802,6,-64,128,15000,13602.6875,230.199996948242,6.68168449401855,1.75941896438599
20180802,12,-64,128,15000,13609.896484375,229.399993896484,8.2572774887085,1.62763178348541
20180802,18,-64,128,15000,13625.39453125,228.899993896484,9.16097164154053,2.09545660018921
20180803,0,-64,128,15000,13641.08984375,228.100006103516,8.61223411560059,1.54803228378296
20180803,6,-64,128,15000,13630.357421875,227.800003051758,7.57999515533447,3.6973340511322
20180803,12,-64,128,15000,13635.26171875,227.5,7.53600597381592,3.72402095794678
20180803,18,-64,128,15000,13643.068359375,227.399993896484,8.31916999816895,4.97345209121704
20180804,0,-64,128,15000,13640.8134765625,227.600006103516,8.23717308044434,4.31003189086914
20180804,6,-64,128,15000,13622.8798828125,228.100006103516,5.99777841567993,4.43010234832764
20180804,12,-64,128,15000,13622.59765625,229.199996948242,6.03833484649658,3.50610589981079
20180804,18,-64,128,15000,13634.3359375,229.699996948242,5.42000484466553,1.00657713413239
20180805,0,-64,128,15000,13656.6875,229.5,5.53461408615112,-4.1037745475769
20180805,6,-64,128,15000,13668.900390625,228.300003051758,4.66000986099243,-7.36267805099487
20180805,12,-64,128,15000,13699.2783203125,227.007476806641,4.86780738830566,-7.84251689910889
20180805,18,-64,128,15000,13724.8837890625,225.899978637695,6.04892587661743,-7.73415040969849
20180806,0,-64,128,15000,13756.4814453125,224.706985473633,7.44000959396362,-9.164794921875
20180806,6,-64,128,15000,13767.4560546875,222.600006103516,9.53999996185303,-8.4153003692627
20180806,12,-64,128,15000,13797.2685546875,220.314254760742,12.6000289916992,-10.1799736022949
20180806,18,-64,128,15000,13834.27734375,218.899993896484,12.9166507720947,-8.73377895355225
20180807,0,-64,128,15000,13861.587890625,218.521926879883,12.5005369186401,-4.97607660293579
20180807,6,-64,128,15000,13857.87109375,220.199996948242,12.2558107376099,-2.67636966705322
20180807,12,-64,128,15000,13864.7529296875,221.800003051758,9.97499752044678,0.339960932731628
20180807,18,-64,128,15000,13863.05859375,223.300003051758,8.69412803649902,3.40132069587708
20180808,0,-64,128,15000,13853.46484375,224.466705322266,6.80000734329224,4.70948505401611
20180808,6,-64,128,15000,13823.5302734375,225.100006103516,5.82999515533447,6.63890361785889
20180808,12,-64,128,15000,13804.59375,226.399978637695,5.05272483825684,6.13660144805908
20180808,18,-64,128,15000,13787.15234375,226.79997253418,5.43855476379395,8.72335910797119
20180809,0,-64,128,15000,13769.916015625,227.300247192383,6.85167503356934,7.33122539520264
20180809,6,-64,128,15000,13742.7265625,226.699996948242,8.03444862365723,5.89330816268921
20180809,12,-64,128,15000,13740.7001953125,226,7.6043553352356,3.28414797782898
20180809,18,-64,128,15000,13748.7353515625,225.006988525391,8.40473175048828,2.82894539833069
20180810,0,-64,128,15000,13765.009765625,223.899993896484,8.01179695129395,2.2300341129303
20180810,6,-64,128,15000,13758.84375,223.800003051758,8.12227535247803,2.16292238235474
20180810,12,-64,128,15000,13768.3720703125,223.236373901367,7.32379865646362,2.4747998714447
20180810,18,-64,128,15000,13781.5791015625,223.5,8.59768104553223,6.43605947494507
20180811,0,-64,128,15000,13793.72265625,223.5,9.02995586395264,6.40671396255493
20180811,6,-64,128,15000,13779.361328125,223.899993896484,8.72250938415527,7.57031965255737
20180811,12,-64,128,15000,13785.0322265625,224.100006103516,9.51157760620117,9.29041290283203
20180811,18,-64,128,15000,13790.5986328125,224.487213134766,8.49675750732422,10.3683423995972
20180812,0,-64,128,15000,13790.7861328125,224.318313598633,8.37649440765381,7.76029777526855
20180812,6,-64,128,15000,13763.3984375,224.576416015625,5.59000015258789,9.26015853881836
20180812,12,-64,128,15000,13749.447265625,224.5,5.5119481086731,6.80835914611816
20180812,18,-64,128,15000,13736.64453125,224.999969482422,4.69000482559204,7.8026123046875
20180813,0,-64,128,15000,13711.25,226.068313598633,2.84135746955872,5.8162989616394
20180813,6,-64,128,15000,13671.173828125,227.100006103516,1.72158205509186,5.05905294418335
20180813,12,-64,128,15000,13643.2216796875,227.999969482422,0.516674816608429,3.75210213661194
20180813,18,-64,128,15000,13625.1787109375,228.5,-0.263359367847443,4.14466285705566
20180814,0,-64,128,15000,13617.51171875,228.600006103516,-0.0403662100434303,1.98359370231628
20180814,6,-64,128,15000,13600.919921875,228.5,-0.0438769534230232,2.44674324989319
20180814,12,-64,128,15000,13602.95703125,228.100006103516,0.619619131088257,1.09999513626099
20180814,18,-64,128,15000,13617.9208984375,228.099975585938,3.13712882995605,3.35215330123901
20180815,0,-64,128,15000,13626.888671875,227.96337890625,4.50436544418335,0.989404320716858
20180815,6,-64,128,15000,13625.8564453125,227.599975585938,7.05228042602539,3.08104252815247
20180815,12,-64,128,15000,13630.5927734375,227.899993896484,7.97122049331665,4.62371826171875
20180815,18,-64,128,15000,13635.6708984375,227.800003051758,10.1599998474121,5.92693853378296
20180816,0,-64,128,15000,13630.353515625,228.399993896484,9.32999992370605,4.96671867370605
20180816,6,-64,128,15000,13599.7353515625,229.239791870117,7.03487777709961,4.80757093429565
20180816,12,-64,128,15000,13584.0439453125,229.800003051758,7.93462419509888,4.19365501403809
20180816,18,-64,128,15000,13587.9658203125,229.600006103516,9.25333499908447,1.94343256950378
20180817,0,-64,128,15000,13594.2138671875,228.861083984375,10.0400094985962,-1.91491210460663
20180817,6,-64,128,15000,13589.4697265625,227.800003051758,11.5600051879883,-1.12533688545227
20180817,12,-64,128,15000,13584.11328125,227.699996948242,11.3400001525879,0.804545879364014
20180817,18,-64,128,15000,13583.1025390625,228.029144287109,10.5344505310059,4.06381368637085
20180818,0,-64,128,15000,13568.0166015625,228.5,6.49919939041138,4.29199934005737
20180818,6,-64,128,15000,13538.7138671875,228.699996948242,5.01750469207764,3.43828368186951
20180818,12,-64,128,15000,13529.150390625,228.899993896484,3.33750486373901,3.01908445358276
20180818,18,-64,128,15000,13530.4248046875,228.799758911133,4.11390113830566,2.07389903068542
20180819,0,-64,128,15000,13536.3984375,228.499755859375,3.62361812591553,0.1939697265625
20180819,6,-64,128,15000,13524.7412109375,228.300003051758,4.62288570404053,0.578894019126892
20180819,12,-64,128,15000,13533.8046875,228.299758911133,4.5200047492981,-0.45452880859375
20180819,18,-64,128,15000,13554.73828125,228,6.81813955307007,-0.0763574242591858
20180820,0,-64,128,15000,13572.9541015625,226.907470703125,9.04524421691895,-2.78676509857178
20180820,6,-64,128,15000,13572.5849609375,225.800003051758,10.7546730041504,-1.44803714752197
20180820,12,-64,128,15000,13577.1083984375,224.999969482422,10.8155956268311,1.29489505290985
20180820,18,-64,128,15000,13576.6796875,225.699996948242,12.4300098419189,4.80232906341553
20180821,0,-64,128,15000,13554.96875,227.199996948242,10.1511087417603,5.32441425323486
20180821,6,-64,128,15000,13517.97265625,228.399993896484,9.85808563232422,5.54593753814697
20180821,12,-64,128,15000,13500.1025390625,229.399993896484,10.8208351135254,3.23521494865417
20180821,18,-64,128,15000,13501.11328125,229.70002746582,11.7599973678589,2.75158214569092
20180822,0,-64,128,15000,13509.4775390625,229.736373901367,11.9800052642822,1.02682375907898
20180822,6,-64,128,15000,13499.0224609375,229.236373901367,12.8599996566772,0.763232409954071
20180822,12,-64,128,15000,13516.4404296875,228.399993896484,14.9756002426147,0.934047877788544
20180822,18,-64,128,15000,13548.357421875,227.470855712891,20.3052883148193,0.864453136920929
20180823,0,-64,128,15000,13587.482421875,225.899993896484,23.5197696685791,-0.841342747211456
20180823,6,-64,128,15000,13605.208984375,224.813354492188,24.6320304870605,3.25406980514526
20180823,12,-64,128,15000,13622.1884765625,225.578079223633,24.3800144195557,3.39382076263428
20180823,18,-64,128,15000,13658.8896484375,223.5,25.3311176300049,5.03204345703125
20180824,0,-64,128,15000,13687.6162109375,221.79997253418,23.4100093841553,6.39826917648315
20180824,6,-64,128,15000,13669.0908203125,222.600006103516,16.5877742767334,10.2224903106689
20180824,12,-64,128,15000,13656.3974609375,223.899993896484,13.7966995239258,11.2774267196655
20180824,18,-64,128,15000,13651.32421875,223.800003051758,11.3481693267822,12.8938674926758
20180825,0,-64,128,15000,13624.619140625,224.699996948242,7.2726902961731,14.4341354370117
20180825,6,-64,128,15000,13579.6962890625,227.29997253418,4.33223628997803,13.0816259384155
20180825,12,-64,128,15000,13535.3720703125,228.300003051758,3.8716504573822,9.97701930999756
20180825,18,-64,128,15000,13513.4423828125,228.5,4.15527820587158,6.82064199447632
20180826,0,-64,128,15000,13496.7958984375,229.399993896484,4.179443359375,1.97697997093201
20180826,6,-64,128,15000,13478.4326171875,229.100006103516,3.15889167785645,-0.972888171672821
20180826,12,-64,128,15000,13476.8134765625,228.806976318359,3.35246086120605,-5.27415752410889
20180826,18,-64,128,15000,13494.0458984375,228,4.0411229133606,-6.37637948989868
20180827,0,-64,128,15000,13521.2685546875,225.399993896484,4.54230976104736,-11.4760208129883
20180827,6,-64,128,15000,13532.5126953125,223.29997253418,7.73000955581665,-8.57023906707764
20180827,12,-64,128,15000,13540.44140625,222.914703369141,11.3052883148193,-5.35734128952026
20180827,18,-64,128,15000,13550.45703125,222.5,15.1380567550659,-4.90182638168335
20180828,0,-64,128,15000,13556.3359375,222.699981689453,16.0055370330811,-3.50918459892273
20180828,6,-64,128,15000,13534.080078125,223.100006103516,15.6285400390625,-1.85138666629791
20180828,12,-64,128,15000,13531.583984375,223.399993896484,16.2599983215332,-1.20439696311951
20180828,18,-64,128,15000,13531.5439453125,223.800003051758,17.5149726867676,0.916447758674622
20180829,0,-64,128,15000,13535.119140625,224.29997253418,18.1199054718018,0.43658447265625
20180829,6,-64,128,15000,13515.53125,224.939407348633,16.2739200592041,4.99697494506836
20180829,12,-64,128,15000,13504.4658203125,226.100006103516,15.5896730422974,8.23148441314697
20180829,18,-64,128,15000,13498.9326171875,226.699996948242,15.1107912063599,12.555136680603
20180830,0,-64,128,15000,13483.5673828125,227.600006103516,13.0146484375,10.2108154296875
20180830,6,-64,128,15000,13451.2890625,228.099975585938,11.4567165374756,8.56157493591309
20180830,12,-64,128,15000,13433.9541015625,228.482757568359,10.5363473892212,6.84081315994263
20180830,18,-64,128,15000,13424.2451171875,228.79997253418,10.3400001525879,5.80579566955566
20180831,0,-64,128,15000,13417.1162109375,228.987945556641,9.44000244140625,3.65395998954773
20180831,6,-64,128,15000,13405.6259765625,228.859222412109,8.85555171966553,2.66516351699829
20180831,12,-64,128,15000,13409.7412109375,228.711181640625,7.6766209602356,0.980463862419128
20180831,18,-64,128,15000,13430.55859375,228.120941162109,8.5420503616333,-1.47356450557709
20180901,0,-64,128,15000,13457.2822265625,227.199981689453,9.86277866363525,-5.0755443572998
20180901,6,-64,128,15000,13468.9326171875,226.800003051758,11.7399997711182,-4.53218746185303
20180901,12,-64,128,15000,13489.1015625,226.300003051758,14.5600099563599,-5.99890613555908
20180901,18,-64,128,15000,13516.3779296875,225.600006103516,16.7422218322754,-4.6183009147644
20180902,0,-64,128,15000,13544.4248046875,224.699996948242,18.3794631958008,-4.56231212615967
20180902,6,-64,128,15000,13549.9501953125,223.800003051758,18.9419097900391,0.301821291446686
20180902,12,-64,128,15000,13549.9228515625,224.300003051758,17.7155513763428,4.82903337478638
20180902,18,-64,128,15000,13538.5673828125,226.600006103516,15.4106254577637,6.28436040878296
20180903,0,-64,128,15000,13535.787109375,227.399993896484,13.6204786300659,3.55504393577576
20180903,6,-64,128,15000,13534.4638671875,227.800003051758,13.540002822876,0.0787231475114822
20180903,12,-64,128,15000,13549.22265625,227.399993896484,14.3566408157349,-0.835202634334564
20180903,18,-64,128,15000,13562.8115234375,227.399993896484,14.8444509506226,0.36834716796875
20180904,0,-64,128,15000,13570.6240234375,227.100006103516,13.3621654510498,0.430305182933807
20180904,6,-64,128,15000,13568.7470703125,225.599975585938,13.7348680496216,1.26425051689148
20180904,12,-64,128,15000,13579.271484375,225,12.9091749191284,2.95122814178467
20180904,18,-64,128,15000,13591.4296875,223.999969482422,11.3733549118042,5.02819585800171
20180905,0,-64,128,15000,13598.099609375,224.100006103516,6.24186038970947,6.3941650390625
20180905,6,-64,128,15000,13576.138671875,225.800003051758,3.7849657535553,7.57666015625
20180905,12,-64,128,15000,13570.4248046875,226,2.30343270301819,7.31494140625
20180905,18,-64,128,15000,13572.6884765625,226.600006103516,2.1275098323822,5.85754871368408
20180906,0,-64,128,15000,13575.1259765625,226.700042724609,2.35000967979431,5.14208030700684
20180906,6,-64,128,15000,13553.3349609375,226.600006103516,2.74000477790833,5.88964128494263
20180906,12,-64,128,15000,13538.17578125,226.91943359375,3.78114008903503,4.63091802597046
20180906,18,-64,128,15000,13514.8564453125,228,4.47447776794434,6.30554914474487
20180907,0,-64,128,15000,13492.6640625,228.294219970703,3.04112315177917,6.14181900024414
20180907,6,-64,128,15000,13457.853515625,228.100006103516,1.40125977993011,7.72343015670776
20180907,12,-64,128,15000,13444.138671875,227.899993896484,-0.859174787998199,7.08944320678711
20180907,18,-64,128,15000,13440.0048828125,227.399993896484,-1.2783203125,6.41740703582764
20180908,0,-64,128,15000,13433.162109375,227.199981689453,-1.27831053733826,4.45535659790039
20180908,6,-64,128,15000,13409.21875,226.800003051758,-3.0599901676178,4.49600076675415
20180908,12,-64,128,15000,13395.3984375,227.099975585938,-2.35887932777405,3.58998775482178
20180908,18,-64,128,15000,13390.9521484375,226.79997253418,-1.25748538970947,4.88078355789185
20180909,0,-64,128,15000,13390.8134765625,226.399978637695,-0.983188450336456,2.77139401435852
20180909,6,-64,128,15000,13374.337890625,226.199996948242,-0.256337881088257,4.22684097290039
20180909,12,-64,128,15000,13370.3359375,226.300003051758,0.141032710671425,3.16273188591003
20180909,18,-64,128,15000,13369.798828125,226.399993896484,1.55002200603485,3.7079541683197
20180910,0,-64,128,15000,13374.31640625,226.199996948242,3.05001473426819,1.35664546489716
20180910,6,-64,128,15000,13369,225.861083984375,4.34778070449829,1.16381597518921
20180910,12,-64,128,15000,13379.806640625,225.399993896484,6.64099836349487,-0.206523433327675
20180910,18,-64,128,15000,13393.21875,225,9.166015625,0.911066889762878
20180911,0,-64,128,15000,13395.333984375,226.138916015625,10.5600242614746,0.342575669288635
20180911,6,-64,128,15000,13394.4326171875,227.300003051758,12.2880172729492,-1.69835937023163
20180911,12,-64,128,15000,13416.4140625,226.800003051758,14.0800142288208,-3.9596996307373
20180911,18,-64,128,15000,13448.98046875,226.327728271484,16.4805660247803,-4.06348896026611
20180912,0,-64,128,15000,13477.15234375,226.146606445313,17.7152881622314,-6.60246086120605
20180912,6,-64,128,15000,13488.990234375,226.491012573242,16.6752853393555,-6.96113300323486
20180912,12,-64,128,15000,13516.7470703125,225.946136474609,16.1377105712891,-8.1962718963623
20180912,18,-64,128,15000,13539.787109375,225.027542114258,16.1242351531982,-6.93335199356079
20180913,0,-64,128,15000,13552.0400390625,225.031692504883,15.1260957717896,-6.63774919509888
20180913,6,-64,128,15000,13522.0166015625,225.021926879883,13.7757816314697,-2.20356440544128
20180913,12,-64,128,15000,13509.9140625,225.099975585938,12.7836618423462,-1.12007319927216
20180913,18,-64,128,15000,13489.0537109375,225.5,12.0595626831055,0.534482419490814
20180914,12,-64,128,15000,13436.4140625,227.002487182617,13.3449850082397,-3.46402835845947
20180914,18,-64,128,15000,13427.9609375,226.300003051758,15.3241481781006,-4.39917469024658
20180915,0,-64,128,15000,13414.5390625,226.100006103516,15.7000122070313,-4.6775803565979
20180915,6,-64,128,15000,13381.6240234375,226.300003051758,15.2570333480835,-2.64543461799622
20180915,12,-64,128,15000,13355.2109375,226.199981689453,13.874192237854,-2.12703371047974
20180915,18,-64,128,15000,13335.2529296875,226.131683349609,13.4399099349976,-0.236306145787239
20180916,0,-64,128,15000,13312.1083984375,225.885284423828,11.5425853729248,-0.0159106440842152
20180916,12,-64,128,15000,13243.6484375,226.438919067383,7.77260971069336,3.43250966072083
20180916,18,-64,128,15000,13230.169921875,226.600006103516,5.92369890213013,4.15274906158447
20180917,0,-64,128,15000,13219.955078125,227,3.88083744049072,2.63784432411194
20180917,6,-64,128,15000,13208.958984375,226.699996948242,2.71751475334167,1.45219480991364
20180917,12,-64,128,15000,13214.7998046875,226.300003051758,2.10351085662842,0.149299323558807
20180917,18,-64,128,15000,13228.78515625,225.599975585938,2.34405279159546,-0.891586899757385
20180918,0,-64,128,15000,13240.7978515625,224.899978637695,2.46913075447083,-2.70617914199829
20180918,6,-64,128,15000,13246.0576171875,224,2.93377208709717,-1.90723872184753
20180918,12,-64,128,15000,13252.8349609375,223.800003051758,3.13324952125549,-1.71544194221497
20180918,18,-64,128,15000,13263.69140625,223.5,3.45590329170227,-1.10747075080872
20180919,0,-64,128,15000,13267.361328125,223.43635559082,3.71555423736572,-2.85462164878845
20180919,6,-64,128,15000,13262.7236328125,222.899993896484,4.22655010223389,-1.82132077217102
20180919,12,-64,128,15000,13266.041015625,222.820159912109,4.66314458847046,-2.14231204986572
20180919,18,-64,128,15000,13276.025390625,222.703216552734,6.01973152160645,-1.54742920398712
20180920,0,-64,128,15000,13275.9033203125,222.555053710938,6.71498537063599,-2.50574946403503
20180920,6,-64,128,15000,13263.865234375,222.199996948242,6.71969223022461,-1.92813229560852
20180920,12,-64,128,15000,13260.896484375,222.100021362305,7.13835191726685,-2.09790515899658
20180920,18,-64,128,15000,13259.544921875,221.800003051758,8.28965091705322,-0.543730497360229
20180921,0,-64,128,15000,13255.9404296875,221.800003051758,8.19833278656006,0.0750805661082268
20180921,6,-64,128,15000,13242.29296875,221.824462890625,8.04079627990723,0.441132813692093
20180921,12,-64,128,15000,13240.48828125,222.518890380859,8.52321243286133,2.06113028526306
20180921,18,-64,128,15000,13250.6064453125,223.399993896484,11.5458517074585,0.503291010856628
20180922,0,-64,128,15000,13273.4345703125,224.024459838867,14.9875001907349,-1.10282230377197
20180922,6,-64,128,15000,13282.0458984375,223.378082275391,19.1445503234863,0.0724462866783142
20180922,12,-64,128,15000,13306.35546875,222.100006103516,19.2992095947266,4.6609787940979
20180922,18,-64,128,15000,13330.9501953125,221.800003051758,17.8942108154297,9.37017822265625
20180923,0,-64,128,15000,13337.568359375,222.699996948242,11.5981302261353,12.6354904174805
20180923,6,-64,128,15000,13315.7939453125,223.800003051758,7.56706285476685,12.4998073577881
20180923,12,-64,128,15000,13290.9853515625,224.600006103516,3.40210938453674,12.0941381454468
20180923,18,-64,128,15000,13266.982421875,224.5,0.520683586597443,10.182089805603
20180924,0,-64,128,15000,13248.8740234375,225.5,0.616938471794128,6.84349632263184
20180924,6,-64,128,15000,13227.5791015625,224.899993896484,1.39963626861572,3.59828853607178
20180924,12,-64,128,15000,13230.130859375,224.800003051758,4.36325216293335,2.47159171104431
20180924,18,-64,128,15000,13229.6728515625,224.189987182617,5.5008373260498,1.56523442268372
20180925,0,-64,128,15000,13240.3896484375,224.308151245117,7.93896722793579,0.218837887048721
20180925,6,-64,128,15000,13245.291015625,224.300003051758,8.21597862243652,-1.19720947742462
20180925,12,-64,128,15000,13264.0029296875,224,10.4451999664307,-3.22128653526306
20180925,18,-64,128,15000,13285.037109375,223.100006103516,13.6141214370728,-4.60726547241211
20180926,0,-64,128,15000,13311.1591796875,222.399993896484,16.6700630187988,-3.94521975517273
20180926,6,-64,128,15000,13314.44140625,222.595626831055,17.913969039917,-0.220590814948082
20180926,12,-64,128,15000,13323.056640625,222.78564453125,18.7382144927979,1.29810547828674
20180926,18,-64,128,15000,13343.802734375,222.458038330078,22.7341651916504,4.76724100112915
20180927,0,-64,128,15000,13376.7109375,221.706253051758,25.5380706787109,4.90065431594849
20180927,6,-64,128,15000,13402.4697265625,220.100006103516,28.8396282196045,9.56676006317139
20180927,12,-64,128,15000,13435.3037109375,220.29997253418,25.6525344848633,17.4488430023193
20180927,18,-64,128,15000,13422.8974609375,223.300003051758,18.6628932952881,25.8686332702637
20180928,0,-64,128,15000,13361.3779296875,227.199996948242,16.1497287750244,17.9467620849609
20180928,6,-64,128,15000,13325.2783203125,225.899993896484,17.1505718231201,13.0076761245728
20180928,12,-64,128,15000,13325.517578125,225.199996948242,19.1017837524414,9.84153366088867
20180928,18,-64,128,15000,13343.3388671875,224.199981689453,23.1477890014648,8.60801792144775
20180929,0,-64,128,15000,13363.69140625,224,25.375316619873,7.42249488830566
20180929,6,-64,128,15000,13376.62109375,223,23.491979598999,9.97278118133545
20180929,12,-64,128,15000,13385.9150390625,222.300003051758,22.7453880310059,10.1954174041748
20180929,18,-64,128,15000,13398.7333984375,221.295562744141,22.2669773101807,13.4653100967407
20180930,0,-64,128,15000,13401.8896484375,221.600006103516,18.6749801635742,18.251989364624
20180930,6,-64,128,15000,13367.884765625,223.059448242188,12.5425052642822,20.2021865844727
20180930,12,-64,128,15000,13321.3203125,225.599975585938,10.8495063781738,20.7517356872559
20180930,18,-64,128,15000,13287.3095703125,226.499969482422,10.4073829650879,18.0781154632568
20181001,0,-64,128,15000,13252.4541015625,227.300003051758,10.1313724517822,15.4433736801147
20181001,6,-64,128,15000,13228.8564453125,226.699996948242,11.1133518218994,12.8512210845947
20181001,12,-64,128,15000,13232.02734375,226.099975585938,10.8633575439453,12.7998476028442
20181001,18,-64,128,15000,13230.232421875,225.600006103516,11.2418766021729,12.9475221633911
20181002,0,-64,128,15000,13217.103515625,225.600006103516,9.12792015075684,11.4534616470337
20181002,6,-64,128,15000,13197.2763671875,225.399993896484,7.32923603057861,11.5142631530762
20181002,12,-64,128,15000,13186.5390625,225.338912963867,7.32260990142822,10.9764013290405
20181002,18,-64,128,15000,13175.5126953125,225.5,6.9366455078125,8.36049842834473
20181003,0,-64,128,15000,13163.947265625,225.244094848633,6.8210129737854,6.88271474838257
20181003,6,-64,128,15000,13152.6513671875,224.699996948242,7.97861099243164,4.40732908248901
20181003,12,-64,128,15000,13158.451171875,224.399993896484,8.84056854248047,3.58179187774658
20181003,18,-64,128,15000,13171.6103515625,224.438919067383,11.4605665206909,2.27498292922974
20181004,0,-64,128,15000,13188.09765625,223.921920776367,12.5394506454468,0.785014629364014
20181004,6,-64,128,15000,13203.3212890625,223,14.3999214172363,-2.07832026481628
20181004,12,-64,128,15000,13251.923828125,221.414703369141,18.9894561767578,-6.30836915969849
20181004,18,-64,128,15000,13331.8984375,218.507476806641,25.9953289031982,-8.861647605896
20181005,0,-64,128,15000,13407.431640625,215.046142578125,26.7271003723145,-5.03889417648315
20181005,6,-64,128,15000,13397.2490234375,216.5,16.5628681182861,8.36822032928467
20181005,12,-64,128,15000,13340.8974609375,220.499969482422,6.59974384307861,15.0391483306885
20181005,18,-64,128,15000,13265.41796875,224.600006103516,1.13665771484375,13.6565160751343
20181006,0,-64,128,15000,13208.44921875,226.5,1.08937740325928,5.90964126586914
20181006,6,-64,128,15000,13166.0439453125,226.153884887695,2.41708254814148,1.35627925395966
20181006,12,-64,128,15000,13159.4677734375,226,4.74127197265625,-2.271240234375
20181006,18,-64,128,15000,13157.8916015625,225.348922729492,8.52302932739258,-2.10243153572083
20181007,0,-64,128,15000,13155.4296875,225.078079223633,7.96498394012451,-1.45177614688873
20181007,6,-64,128,15000,13138.884765625,224.621917724609,9.6140718460083,-2.32789301872253
20181007,12,-64,128,15000,13133.2109375,223.800003051758,8.31532287597656,-0.293536365032196
20181007,18,-64,128,15000,13127.517578125,223.821899414063,8.64969921112061,-0.684973120689392
20181008,0,-64,128,15000,13119.794921875,223.199996948242,7.46561288833618,-1.61240231990814
20181008,6,-64,128,15000,13104.349609375,222.79997253418,6.57148456573486,-3.24169921875
20181008,12,-64,128,15000,13103.7978515625,222.5,5.77257823944092,-3.92191886901855
20181008,18,-64,128,15000,13111.6171875,222.399993896484,6.95093727111816,-4.40786600112915
20181009,0,-64,128,15000,13114.3896484375,222.599761962891,8.23950958251953,-4.71164083480835
20181009,6,-64,128,15000,13099.6552734375,222.899993896484,9.06747817993164,-4.65677261352539
20181009,12,-64,128,15000,13091.830078125,223.699981689453,8.59755611419678,-3.70447754859924
20181009,18,-64,128,15000,13080.8291015625,224.307464599609,8.699951171875,-3.3809814453125
20181010,0,-64,128,15000,13076.0703125,224.738891601563,7.35526371002197,-3.8438184261322
20181010,6,-64,128,15000,13060.62109375,224.699996948242,5.97637224197388,-3.96376705169678
20181010,12,-64,128,15000,13064.13671875,224.399993896484,4.26333236694336,-4.83423566818237
20181010,18,-64,128,15000,13080.19140625,224.199996948242,2.52144050598145,-4.99720191955566
20181011,0,-64,128,15000,13111.162109375,223.106979370117,1.40019774436951,-6.96600818634033
20181011,6,-64,128,15000,13137.2646484375,222.300003051758,1.72521483898163,-8.84801769256592
20181011,12,-64,128,15000,13168.5263671875,222.300003051758,3.83008289337158,-9.41652297973633
20181011,18,-64,128,15000,13190.009765625,222.599975585938,6.05066871643066,-8.30785179138184
20181012,0,-64,128,15000,13201.2314453125,223.099975585938,5.74337911605835,-7.59794425964355
20181012,6,-64,128,15000,13197.396484375,222.5,3.84651374816895,-5.3587794303894
20181012,12,-64,128,15000,13189.80078125,222.300003051758,4.76344013214111,-5.05916500091553
20181012,18,-64,128,15000,13190.1201171875,222.199996948242,5.78840351104736,-4.23037099838257
20181013,0,-64,128,15000,13193.8359375,222.499755859375,9.40144729614258,-4.4860692024231
20181013,6,-64,128,15000,13193.0478515625,222.646118164063,11.5379829406738,-1.78905034065247
20181013,12,-64,128,15000,13195.244140625,223,11.5817451477051,1.03269529342651
20181013,18,-64,128,15000,13191.080078125,223.300003051758,12.156174659729,1.87339353561401
20181014,0,-64,128,15000,13184.1689453125,223.100006103516,11.3345460891724,0.897128880023956
20181014,6,-64,128,15000,13175.0771484375,222.800003051758,12.018762588501,1.63446283340454
20181014,12,-64,128,15000,13174.19140625,222.899993896484,12.1485080718994,2.17862296104431
20181014,18,-64,128,15000,13164.22265625,223.199996948242,13.4274101257324,2.05668950080872
20181015,0,-64,128,15000,13161.076171875,222.800003051758,12.4688692092896,2.56554198265076
20181015,6,-64,128,15000,13142.724609375,223.399993896484,13.7982540130615,3.66562509536743
20181015,12,-64,128,15000,13137.380859375,223.317230224609,13.514573097229,5.40551280975342
20181015,18,-64,128,15000,13128.412109375,224,17.5104789733887,7.80113792419434
20181016,0,-64,128,15000,13122.22265625,224.800003051758,16.4453144073486,10.1458644866943
20181016,6,-64,128,15000,13104.2958984375,226.099975585938,15.8444967269897,11.4171924591064
20181016,12,-64,128,15000,13106.19921875,226.699996948242,14.6236600875854,11.1158008575439
20181016,18,-64,128,15000,13118.1416015625,226.300003051758,15.7183475494385,10.9744291305542
20181017,0,-64,128,15000,13131.0185546875,225.800003051758,14.7414817810059,12.1471242904663
20181017,6,-64,128,15000,13121.603515625,225.406982421875,14.2430782318115,12.1440382003784
20181017,12,-64,128,15000,13121.9013671875,225.099975585938,11.5735692977905,13.4854440689087
20181017,18,-64,128,15000,13115.275390625,225.532135009766,11.3315963745117,12.6393136978149
20181018,0,-64,128,15000,13112.705078125,225.636383056641,8.39109897613525,13.5160131454468
20181018,6,-64,128,15000,13099.2138671875,225.699996948242,7.74834251403809,13.2849683761597
20181018,12,-64,128,15000,13093.3115234375,225.600006103516,5.51252174377441,12.0457124710083
20181018,18,-64,128,15000,13087.943359375,225.399993896484,6.25875234603882,11.8585891723633
20181019,0,-64,128,15000,13085.5654296875,225.300003051758,5.79953145980835,10.4641799926758
20181019,6,-64,128,15000,13072.9677734375,225.199996948242,5.24527359008789,11.1665964126587
20181019,18,-64,128,15000,13045.951171875,225.996536254883,3.93057370185852,11.0295362472534
20181020,0,-64,128,15000,13025.9033203125,226.100006103516,4.12328624725342,7.84136724472046
20181020,6,-64,128,15000,13011.7216796875,226,6.61061525344849,7.08687019348145
20181020,12,-64,128,15000,13021.8349609375,225.800003051758,8.71137428283691,6.21889877319336
20181020,18,-64,128,15000,13042.4404296875,225.29997253418,14.0112962722778,4.99592304229736
20181021,0,-64,128,15000,13080.5322265625,225.199996948242,17.2306804656982,4.37993669509888
20181021,6,-64,128,15000,13115.25390625,224.899993896484,19.9405632019043,7.43530511856079
20181021,12,-64,128,15000,13157.2275390625,224.638916015625,21.5229225158691,9.90811252593994
20181021,18,-64,128,15000,13171.6474609375,225.300003051758,21.8688011169434,14.4189987182617
20181022,0,-64,128,15000,13193.9189453125,225.600006103516,22.790002822876,14.4073753356934
20181022,6,-64,128,15000,13223.7275390625,225.164108276367,25.4220733642578,17.2040672302246
20181022,12,-64,128,15000,13267.11328125,224.343109130859,26.0543918609619,21.1979312896729
20181022,18,-64,128,15000,13298.8251953125,223.699996948242,25.6207466125488,22.9271087646484
20181023,0,-64,128,15000,13311.2509765625,223.899993896484,20.4122085571289,23.2550373077393
20181023,6,-64,128,15000,13301.5234375,223.569290161133,20.0198440551758,24.0547046661377
20181023,12,-64,128,15000,13291.5673828125,223.686126708984,16.6905345916748,21.4796390533447
20181023,18,-64,128,15000,13269.71484375,224.699996948242,16.0581321716309,19.0822563171387
20181024,0,-64,128,15000,13247.0810546875,224.5,13.6639404296875,15.3330516815186
20181024,6,-64,128,15000,13225.6728515625,224.499969482422,14.4257011413574,13.401406288147
20181024,12,-64,128,15000,13218.3896484375,223.884521484375,13.7345552444458,13.5313863754272
20181024,18,-64,128,15000,13206.923828125,223.5,16.1012897491455,12.7639236450195
20181025,0,-64,128,15000,13207.1103515625,222.294769287109,15.1641311645508,11.4769849777222
20181025,6,-64,128,15000,13211.8935546875,220.90559387207,17.4524898529053,11.7234449386597
20181025,12,-64,128,15000,13243.7998046875,220.29997253418,19.1130390167236,12.2414207458496
20181025,18,-64,128,15000,13287.048828125,218.913482666016,21.6686553955078,14.449987411499
20181026,0,-64,128,15000,13339.138671875,216.003463745117,21.5478363037109,16.6226634979248
20181026,6,-64,128,15000,13379.47265625,214.070846557617,19.8719730377197,20.2215194702148
20181026,12,-64,128,15000,13441.1015625,212.929153442383,19.1704807281494,23.0650901794434
20181026,18,-64,128,15000,13469.1103515625,210.867385864258,9.4660005569458,34.6773300170898
20181027,0,-64,128,15000,13376.21484375,220.438919067383,-12.4984321594238,28.8132171630859
20181027,6,-64,128,15000,13289.3310546875,224.5,0.605446755886078,23.9599418640137
20181027,12,-64,128,15000,13236.30859375,226.053375244141,6.07666254043579,18.9480514526367
20181027,18,-64,128,15000,13196.0771484375,226.100006103516,9.12000465393066,13.8952827453613
20181028,0,-64,128,15000,13165.8125,225,11.6400003433228,6.57369613647461
20181028,6,-64,128,15000,13153.9765625,223.399978637695,14.7036161422729,3.21860837936401
20181028,12,-64,128,15000,13161.0029296875,222.399993896484,17.9628753662109,-3.66471195220947
20181028,18,-64,128,15000,13186.80078125,221.499969482422,23.2676334381104,-6.94705057144165
20181029,0,-64,128,15000,13219.8876953125,221,28.7555980682373,-9.79731941223145
20181029,6,-64,128,15000,13248.23828125,221.499969482422,31.2744216918945,-9.80858421325684
20181029,12,-64,128,15000,13277.9365234375,220.099975585938,30.6516132354736,-10.5108890533447
20181029,18,-64,128,15000,13281.09765625,220.800003051758,27.9541454315186,-6.75890636444092
20181030,0,-64,128,15000,13263.990234375,221.899993896484,25.0394458770752,-6.70587873458862
20181030,6,-64,128,15000,13245.2861328125,222.11962890625,22.5306739807129,-5.55095720291138
20181030,12,-64,128,15000,13233.365234375,222.007476806641,21.2300128936768,-4.90971660614014
20181030,18,-64,128,15000,13225.3583984375,222,19.9980010986328,-3.50714349746704
20181031,0,-64,128,15000,13222.96484375,221.814697265625,17.8871574401855,-4.32147932052612
20181031,6,-64,128,15000,13208.3671875,221.699981689453,17.3233470916748,-3.26758289337158
20181031,12,-64,128,15000,13202.8935546875,222.100006103516,16.3177852630615,-2.14078617095947
20181031,18,-64,128,15000,13191.4560546875,222.5,16.3200740814209,-0.0463232435286045
20181101,0,-64,128,15000,13187.2900390625,222.600006103516,14.4138984680176,0.162016600370407
20181101,6,-64,128,15000,13175.39453125,222.5,14.7671737670898,1.25735354423523
20181101,12,-64,128,15000,13177.50390625,222.675537109375,14.3516712188721,1.97698736190796
20181101,18,-64,128,15000,13179.662109375,223.100006103516,15.3429899215698,3.9689257144928
20181102,0,-64,128,15000,13179.99609375,223.800003051758,14.0344266891479,6.76533699035645
20181102,6,-64,128,15000,13166.5341796875,223.800003051758,11.430251121521,8.59571266174316
20181102,12,-64,128,15000,13158.18359375,223.600021362305,9.90771102905273,8.94220733642578
20181102,18,-64,128,15000,13151.7373046875,223.568313598633,10.6907405853271,8.44288063049316
20181103,0,-64,128,15000,13144.5146484375,223.600006103516,11.3318367004395,7.77198219299316
20181103,6,-64,128,15000,13134.76171875,223.5,12.2523803710938,4.81647205352783
20181103,12,-64,128,15000,13138.4296875,223.600006103516,14.7572584152222,2.50087642669678
20181103,18,-64,128,15000,13147.1240234375,223.285308837891,17.3622016906738,2.55765628814697
20181104,0,-64,128,15000,13147.45703125,222.694534301758,19.9275970458984,1.51108396053314
20181104,6,-64,128,15000,13130.4521484375,221.800003051758,20.3982124328613,2.25117182731628
20181104,12,-64,128,15000,13116.4423828125,221.900024414063,19.3150100708008,4.17074728012085
20181104,18,-64,128,15000,13071.8759765625,222.143600463867,19.1931419372559,3.5730664730072
20181105,0,-64,128,15000,13036.2548828125,222.100006103516,13.821605682373,1.98266363143921
20181105,6,-64,128,15000,13002.7734375,222.2041015625,12.3448925018311,0.383491218090057
20181105,12,-64,128,15000,12993.7490234375,221.836380004883,9.2683277130127,-2.5085277557373
20181105,18,-64,128,15000,12996.4541015625,221.399993896484,9.2303466796875,-5.42918682098389
20181106,0,-64,128,15000,13015.6240234375,221.300003051758,7.85000228881836,-6.95990228652954
20181106,6,-64,128,15000,13037.3427734375,220.863647460938,8.36601543426514,-7.64904546737671
20181106,12,-64,128,15000,13074.5302734375,220.390182495117,8.44569110870361,-7.55802726745605
20181106,18,-64,128,15000,13113.8701171875,220.182861328125,10.6207370758057,-7.21028566360474
20181107,0,-64,128,15000,13163.630859375,220,11.3654222488403,-6.95219469070435
20181107,6,-64,128,15000,13203.9736328125,219.699996948242,13.7130737304688,-7.98225831985474
20181107,12,-64,128,15000,13245.00390625,219.620483398438,13.5506172180176,-3.99932861328125
20181107,18,-64,128,15000,13258.7802734375,219.266479492188,10.7429389953613,-1.08830571174622
20181108,0,-64,128,15000,13259.6416015625,219.399993896484,6.73334980010986,1.16534185409546
20181108,6,-64,128,15000,13247.1376953125,219.300003051758,3.99322986602783,0.539682626724243
20181108,12,-64,128,15000,13249.03515625,219,2.41061043739319,0.200729981064796
20181108,18,-64,128,15000,13247.1650390625,219,2.50193858146667,-0.577719748020172
20181109,0,-64,128,15000,13245.62890625,218.924468994141,2.74988770484924,-1.4202002286911
20181109,6,-64,128,15000,13231.0029296875,219,4.35793352127075,-1.06235599517822
20181109,12,-64,128,15000,13218.2587890625,218.899993896484,3.84949588775635,-1.11545169353485
20181109,18,-64,128,15000,13208.1240234375,218.800003051758,5.07495355606079,0.315810561180115
20181110,0,-64,128,15000,13199.853515625,218.699996948242,4.42159175872803,-0.158828124403954
20181110,6,-64,128,15000,13192.326171875,218.199996948242,4.37430429458618,2.30072259902954
20181110,12,-64,128,15000,13191.1513671875,218.100006103516,4.89485597610474,3.75654053688049
20181110,18,-64,128,15000,13189.8779296875,218,5.95277976989746,6.81193351745605
20181111,0,-64,128,15000,13182.6640625,218.199996948242,7.43375253677368,7.37504148483276
20181111,6,-64,128,15000,13176.923828125,217.300003051758,10.1005125045776,8.72181606292725
20181111,12,-64,128,15000,13163.1572265625,216.800003051758,8.31866931915283,9.32628154754639
20181111,18,-64,128,15000,13145.0751953125,216.199996948242,8.98275375366211,10.9704008102417
20181112,0,-64,128,15000,13121.63671875,215.800003051758,4.86464357376099,7.70187520980835
20181112,6,-64,128,15000,13094.6611328125,215.100006103516,3.13393068313599,7.6306004524231
20181112,12,-64,128,15000,13078.3779296875,214.800003051758,3.17525386810303,8.35066413879395
20181112,18,-64,128,15000,13065.396484375,214.399993896484,3.55129098892212,5.49367046356201
20181113,0,-64,128,15000,13054.8583984375,213.800003051758,3.74217367172241,5.74770212173462
20181113,6,-64,128,15000,13040.4091796875,213.600006103516,5.36882305145264,4.68730449676514
20181113,12,-64,128,15000,13026.6640625,213.399993896484,4.76155376434326,4.92712688446045
20181113,18,-64,128,15000,13014.4853515625,213.099975585938,6.24899005889893,6.81960773468018
20181114,0,-64,128,15000,12994.4677734375,212.600006103516,6.94894552230835,8.23215007781982
20181114,6,-64,128,15000,12967.3984375,212.5,5.90074443817139,9.73234558105469
20181114,12,-64,128,15000,12938.19921875,212.800003051758,2.87366700172424,11.8496189117432
20181114,18,-64,128,15000,12903.58984375,213.199996948242,2.43500733375549,12.3916940689087
20181115,0,-64,128,15000,12880.4208984375,213.800003051758,2.09999990463257,12.1447677612305
20181115,6,-64,128,15000,12854.91796875,213.5,1.92234253883362,10.6887111663818
20181115,12,-64,128,15000,12855.9111328125,213.100006103516,3.3715991973877,10.674186706543
20181115,18,-64,128,15000,12855.8623046875,213,4.99276351928711,11.2337865829468
20181116,0,-64,128,15000,12860.9599609375,213.600006103516,6.98417711257935,10.8899927139282
20181116,6,-64,128,15000,12883.208984375,214.01887512207,5.78962421417236,13.2581300735474
20181116,12,-64,128,15000,12912.6953125,214.34196472168,5.34375238418579,15.4788627624512
20181116,18,-64,128,15000,12937.3349609375,215.300933837891,4.47591543197632,14.9822902679443
20181117,0,-64,128,15000,12942.0849609375,216.610015869141,5.20586442947388,12.2876977920532
20181117,6,-64,128,15000,12941.4296875,217.600006103516,7.41914796829224,14.3224678039551
20181117,12,-64,128,15000,12967.9208984375,217.870849609375,6.60027599334717,14.241455078125
20181117,18,-64,128,15000,12980.2373046875,218.899993896484,7.75763654708862,15.6127395629883
20181118,0,-64,128,15000,12989.1611328125,218,7.13079357147217,17.0768356323242
20181118,6,-64,128,15000,12995.8271484375,217.800003051758,7.56445074081421,18.7788238525391
20181118,12,-64,128,15000,13022.572265625,217.300003051758,7.2835545539856,20.6022796630859
20181118,18,-64,128,15000,13051.12890625,216.899993896484,4.35714340209961,23.8987693786621
20181119,0,-64,128,15000,13072.3427734375,216.5,-0.823410630226135,27.1567287445068
20181119,6,-64,128,15000,13079.5810546875,216.092529296875,-5.51714849472046,27.7072849273682
20181119,12,-64,128,15000,13074.4150390625,217,-10.4858694076538,28.8964385986328
20181119,18,-64,128,15000,13060.380859375,217.899978637695,-13.2799949645996,29.0517158508301
20181120,0,-64,128,15000,13035.83203125,218.114700317383,-14.661491394043,28.9160175323486
20181120,6,-64,128,15000,13017.1611328125,218.146118164063,-12.8343086242676,26.9723148345947
20181120,12,-64,128,15000,13003.9150390625,218.399993896484,-11.804443359375,27.3401298522949
20181120,18,-64,128,15000,12990.97265625,219.399993896484,-9.16530513763428,24.525562286377
20181121,0,-64,128,15000,12975.2138671875,220.699996948242,-4.36444091796875,25.0060253143311
20181121,6,-64,128,15000,12964.73828125,220.899978637695,1.89000248908997,24.5345115661621
20181121,12,-64,128,15000,12977.7587890625,219.186447143555,5.28999280929565,26.4341945648193
20181121,18,-64,128,15000,13012.125,217.399978637695,8.23760223388672,28.1420211791992
20181122,0,-64,128,15000,13050.9423828125,214.899978637695,13.8792552947998,27.6518993377686
20181122,6,-64,128,15000,13093.1591796875,212.44660949707,7.7666015625,28.1546535491943
20181122,12,-64,128,15000,13111.5078125,212.699981689453,3.00674796104431,28.2912788391113
20181122,18,-64,128,15000,13106.541015625,214.899993896484,-2.57999753952026,29.7941265106201
20181123,0,-64,128,15000,13071.61328125,215.79997253418,-6.20284652709961,36.8795051574707
20181123,6,-64,128,15000,13074.275390625,216.099975585938,-0.466667473316193,33.1522598266602
20181123,12,-64,128,15000,13095.982421875,213.393020629883,-1.10000002384186,30.0845699310303
20181123,18,-64,128,15000,13115.375,213.600006103516,1.31555414199829,27.0884418487549
20181124,0,-64,128,15000,13141.5439453125,212.600006103516,-1.04777097702026,24.7104740142822
20181124,6,-64,128,15000,13167.3154296875,210.300003051758,-3.11873531341553,20.1399917602539
20181124,12,-64,128,15000,13195.3076171875,208.699981689453,-1.65023922920227,17.0345897674561
20181124,18,-64,128,15000,13213.7275390625,208.300003051758,-2.20943593978882,19.2143230438232
20181125,0,-64,128,15000,13239.8916015625,206.899993896484,3.23902821540833,12.9035110473633
20181125,6,-64,128,15000,13263.712890625,206,1.07925534248352,5.95449209213257
20181125,12,-64,128,15000,13281.337890625,205.699996948242,1.37864255905151,5.3382887840271
20181125,18,-64,128,15000,13280.5341796875,206.199996948242,0.653010249137878,0.742565929889679
20181126,0,-64,128,15000,13274.5849609375,208.188064575195,3.19077157974243,-0.623842775821686
20181126,6,-64,128,15000,13259.134765625,208.5,1.55724859237671,-2.16179203987122
20181126,12,-64,128,15000,13243.0810546875,209.100006103516,3.07332754135132,-2.70716786384583
20181126,18,-64,128,15000,13237.73828125,209.300003051758,5.46539783477783,-2.76297116279602
20181127,0,-64,128,15000,13225.02734375,209.100021362305,6.8657054901123,-1.79015135765076
20181127,6,-64,128,15000,13201.0654296875,208.894729614258,8.95637226104736,-1.16788578033447
20181127,12,-64,128,15000,13181.11328125,209.199996948242,10.5566844940186,-2.51248288154602
20181127,18,-64,128,15000,13159.9814453125,209.199996948242,11.1877145767212,-4.0072922706604
20181128,0,-64,128,15000,13136.611328125,209.300003051758,11.3508272171021,-3.53722167015076
20181128,6,-64,128,15000,13115.2685546875,208.987213134766,12.5520877838135,-4.85273933410645
20181128,12,-64,128,15000,13097.3984375,209.847457885742,11.9546480178833,-7.07123517990112
20181128,18,-64,128,15000,13093.02734375,210.899993896484,11.6292848587036,-8.27179908752441
20181129,0,-64,128,15000,13092.4609375,210.600006103516,12.4681301116943,-9.21212863922119
20181129,6,-64,128,15000,13086.5634765625,210.600006103516,13.3806076049805,-9.17620086669922
20181129,12,-64,128,15000,13086.869140625,210.27278137207,12.6717138290405,-10.8988208770752
20181129,18,-64,128,15000,13087.21484375,210,12.9891738891602,-10.7446947097778
20181130,0,-64,128,15000,13090.2177734375,209.431930541992,13.0175704956055,-10.3529272079468
20181130,6,-64,128,15000,13076.603515625,209.300003051758,11.931468963623,-10.6870994567871
20181130,12,-64,128,15000,13068.177734375,210.034454345703,11.2768516540527,-9.60982894897461
20181130,18,-64,128,15000,13060.5185546875,210,11.2993383407593,-9.41165542602539
20181201,0,-64,128,15000,13056.2626953125,210.800003051758,11.5296859741211,-8.73334980010986
20181201,6,-64,128,15000,13050.951171875,211.199996948242,11.1733665466309,-7.15388679504395
20181201,12,-64,128,15000,13043.4560546875,212.100006103516,12.3574075698853,-7.92447757720947
20181201,18,-64,128,15000,13035.6416015625,212.899993896484,14.1177845001221,-6.26445293426514
20181202,0,-64,128,15000,13025.4775390625,213.600006103516,14.954065322876,-5.9644603729248
20181202,6,-64,128,15000,13008.8720703125,214.5,16.2953300476074,-4.50832986831665
20181202,12,-64,128,15000,12996.6201171875,214.390411376953,16.386323928833,-4.67667007446289
20181202,18,-64,128,15000,12982.6875,215.346481323242,17.4249954223633,-3.00295400619507
20181203,0,-64,128,15000,12970.5322265625,216.100006103516,16.8527145385742,-3.34156250953674
20181203,6,-64,128,15000,12959.111328125,216.165557861328,16.8078689575195,-1.54237794876099
20181203,12,-64,128,15000,12945.619140625,215.799850463867,16.7962017059326,-1.05083250999451
20181203,18,-64,128,15000,12933.650390625,215.812789916992,17.2032051086426,2.5450611114502
20181204,0,-64,128,15000,12922.697265625,215.605545043945,15.1603603363037,4.02033185958862
20181204,6,-64,128,15000,12910.5126953125,215.90168762207,15.1208372116089,4.08357906341553
20181204,12,-64,128,15000,12913.642578125,216.399993896484,12.9881782531738,3.94014167785645
20181204,18,-64,128,15000,12919.3427734375,217.702911376953,12.9875240325928,4.36721420288086
20181205,0,-64,128,15000,12933.4365234375,218.87353515625,11.1874027252197,4.40405511856079
20181205,6,-64,128,15000,12943.7353515625,219,10.4860744476318,6.01716566085815
20181205,12,-64,128,15000,12952.6689453125,219.5,8.65387439727783,6.41069316864014
20181205,18,-64,128,15000,12965.861328125,219.899993896484,9.45459270477295,8.44438457489014
20181206,0,-64,128,15000,12976.5654296875,220.5,8.4013090133667,6.58321285247803
20181206,6,-64,128,15000,12983.326171875,220.085968017578,8.28502941131592,8.88749504089355
20181206,12,-64,128,15000,12988.6865234375,219.5,6.86300802230835,12.4369583129883
20181206,18,-64,128,15000,12983.0185546875,219.496246337891,8.01671409606934,16.1673049926758
20181207,0,-64,128,15000,12967.1328125,219.018951416016,9.63316917419434,17.2510719299316
20181207,6,-64,128,15000,12954.03125,217.499969482422,11.3414134979248,19.9082126617432
20181207,12,-64,128,15000,12930.00390625,216.084915161133,9.67278289794922,22.3538913726807
20181207,18,-64,128,15000,12901.35546875,215.090530395508,9.17283725738525,23.6361694335938
20181208,0,-64,128,15000,12875.1884765625,212.241363525391,8.25075435638428,22.60205078125
20181208,6,-64,128,15000,12842.0537109375,210.300003051758,5.18143081665039,21.0165176391602
20181208,12,-64,128,15000,12825.4765625,209.228637695313,5.05184555053711,19.6518840789795
20181208,18,-64,128,15000,12809.6552734375,208.500030517578,3.95179677009583,18.1323127746582
20181209,0,-64,128,15000,12797.1162109375,208.600006103516,2.88058352470398,17.3466873168945
20181209,6,-64,128,15000,12788.5927734375,208.5,1.7740136384964,14.8990478515625
20181209,12,-64,128,15000,12777.955078125,208.800003051758,1.51564693450928,14.0101289749146
20181209,18,-64,128,15000,12781.3203125,209.100006103516,2.15594244003296,12.1042776107788
20181210,0,-64,128,15000,12786.990234375,209.343902587891,1.91861820220947,11.9298629760742
20181210,6,-64,128,15000,12782.7060546875,209.100006103516,1.81707036495209,10.1188917160034
20181210,12,-64,128,15000,12779.9052734375,208.800003051758,-2.04262399673462,9.87344360351563
20181210,18,-64,128,15000,12775.2939453125,208.699996948242,-4.20120859146118,9.02373695373535
20181211,0,-64,128,15000,12772.697265625,209.4599609375,-4.75997924804688,5.50010061264038
20181211,6,-64,128,15000,12770.7509765625,208.900024414063,-5.88444805145264,4.13250017166138
20181211,12,-64,128,15000,12778.0458984375,209.108932495117,-9.37999725341797,1.39393067359924
20181211,18,-64,128,15000,12777.517578125,209.25358581543,-8.45903778076172,-0.310310065746307
20181212,0,-64,128,15000,12786.2412109375,209.5,-6.57638692855835,-3.96950197219849
20181212,6,-64,128,15000,12791.8125,209.600006103516,-3.99833011627197,-5.67523431777954
20181212,12,-64,128,15000,12818.556640625,210.200149536133,-0.782561063766479,-5.89434576034546
20181212,18,-64,128,15000,12855.7333984375,211,0.224155277013779,-6.58457517623901
20181213,0,-64,128,15000,12882.0009765625,211.800003051758,1.99729740619659,-6.791748046875
20181213,6,-64,128,15000,12896.8427734375,212.898071289063,1.54996335506439,-8.94892120361328
20181213,12,-64,128,15000,12918.259765625,213.899993896484,1.21000003814697,-10.1075344085693
20181213,18,-64,128,15000,12937.45703125,215.350830078125,-0.256059557199478,-12.4586086273193
20181214,0,-64,128,15000,12966.732421875,216.39924621582,0.150000005960464,-14.8406887054443
20181214,6,-64,128,15000,12990.00390625,216.899993896484,0.931789577007294,-14.2694234848022
20181214,12,-64,128,15000,13023.5498046875,217.256393432617,2.22769784927368,-12.5816650390625
20181214,18,-64,128,15000,13044.134765625,217.196243286133,4.51000738143921,-10.3622922897339
20181215,0,-64,128,15000,13062.7216796875,217.800003051758,5.54840564727783,-9.73695087432861
20181215,6,-64,128,15000,13055.67578125,218.358032226563,5.74277591705322,-6.75149917602539
20181215,12,-64,128,15000,13060.236328125,219,6.24001216888428,-6.4259934425354
20181215,18,-64,128,15000,13055.583984375,219.899993896484,7.04000473022461,-5.9402904510498
20181216,0,-64,128,15000,13061.869140625,220,7.60206031799316,-6.13662338256836
20181216,6,-64,128,15000,13066.6923828125,220,7.60003662109375,-5.08815908432007
20181216,12,-64,128,15000,13066.8046875,219.899993896484,8.30916213989258,-3.43338370323181
20181216,18,-64,128,15000,13051.458984375,219.03662109375,9.40876483917236,-0.194252923130989
20181217,0,-64,128,15000,13040.0791015625,217.980804443359,10.4688081741333,-2.58140134811401
20181217,6,-64,128,15000,13031.0908203125,217.419158935547,11.8656177520752,-5.68559074401855
20181217,12,-64,128,15000,13037.2275390625,216.899993896484,13.2665376663208,-6.42652320861816
20181217,18,-64,128,15000,13052.3466796875,216.399993896484,15.7398386001587,-6.5659031867981
20181218,0,-64,128,15000,13080.4248046875,215.933258056641,16.6375541687012,-3.22265148162842
20181218,6,-64,128,15000,13091.59765625,215.83576965332,17.7399787902832,0.525888681411743
20181218,12,-64,128,15000,13104.103515625,216.100006103516,16.6308879852295,2.42315912246704
