20180720,0,-6,-158,40000,7590.09326171875,256.700012207031,-5.29737234115601,1.61533200740814
20180720,6,-6,-158,40000,7589.1748046875,257.085266113281,-5.639892578125,1.47722172737122
20180720,12,-6,-158,40000,7594.45361328125,257.700012207031,-6.22316265106201,2.21162724494934
20180720,18,-6,-158,40000,7596.25048828125,257.685302734375,-6.22420024871826,2.78886723518372
20180721,0,-6,-158,40000,7599.72607421875,256.814697265625,-5.68672466278076,2.67933344841003
20180721,6,-6,-158,40000,7596.146484375,256.899963378906,-7.33490610122681,-0.183862298727036
20180721,12,-6,-158,40000,7597.50830078125,257.5,-5.61732769012451,0.104510501027107
20180721,18,-6,-158,40000,7609.01806640625,257.799987792969,-4.33057880401611,-0.00386352534405887
20180722,0,-6,-158,40000,7601.0595703125,256.5,-6.25118398666382,-1.53862309455872
20180722,6,-6,-158,40000,7598.912109375,256.799987792969,-5.50851440429688,2.21277475357056
20180722,12,-6,-158,40000,7603.134765625,258.200012207031,-1.96178591251373,3.06423950195313
20180722,18,-6,-158,40000,7616.16064453125,258.700012207031,-1.59509885311127,1.03031611442566
20180723,0,-6,-158,40000,7613.9619140625,258.599975585938,-2.88829350471497,-0.908404529094696
20180723,6,-6,-158,40000,7610.25244140625,257.799987792969,-3.66670227050781,-0.585607886314392
20180723,12,-6,-158,40000,7609.81982421875,258.899993896484,-6.34742450714111,1.4964691400528
20180723,18,-6,-158,40000,7607.16357421875,257.537750244141,-5.27225351333618,-0.560229480266571
20180724,0,-6,-158,40000,7604.359375,256.799987792969,1.8121337890625,0.104333497583866
20180724,6,-6,-158,40000,7597.46484375,257.100006103516,-1.68026733398438,-5.31623554229736
20180724,12,-6,-158,40000,7598.77392578125,257.899963378906,-6.62958240509033,-1.36609864234924
20180724,18,-6,-158,40000,7609.1591796875,258.098480224609,-3.43004894256592,2.30098628997803
20180725,0,-6,-158,40000,7604.49365234375,257.400054931641,-2.10058283805847,-0.547821044921875
20180725,6,-6,-158,40000,7599.22509765625,257,4.28696298599243,-2.83550405502319
20180725,12,-6,-158,40000,7599.9111328125,258.086029052734,2.73601675033569,-2.34141230583191
20180725,18,-6,-158,40000,7605.86669921875,258.299987792969,2.21292972564697,0.265976548194885
20180726,0,-6,-158,40000,7599.84423828125,257.168304443359,-1.64490234851837,-5.77487325668335
20180726,6,-6,-158,40000,7592.4501953125,257.331695556641,-1.05669927597046,-8.76258754730225
20180726,12,-6,-158,40000,7592.443359375,257.700012207031,0.218569338321686,-6.7724609375
20180726,18,-6,-158,40000,7596.86669921875,257.467864990234,-2.16065669059753,-4.40930652618408
20180727,0,-6,-158,40000,7601.24365234375,257.299987792969,-3.40501713752747,-2.09096193313599
20180727,6,-6,-158,40000,7596.1923828125,257,-4.51546621322632,-0.880297839641571
20180727,12,-6,-158,40000,7600.27734375,257.0751953125,-7.6701340675354,1.47715330123901
20180727,18,-6,-158,40000,7605.4169921875,257.377136230469,-11.1466989517212,-0.255849599838257
20180728,0,-6,-158,40000,7600.32763671875,256.499969482422,-8.85226058959961,-0.607597649097443
20180728,6,-6,-158,40000,7600.09423828125,256.200012207031,-10.1532516479492,-1.29457521438599
20180728,12,-6,-158,40000,7603.41796875,257.299987792969,-12.3144092559814,-0.521203637123108
20180728,18,-6,-158,40000,7595.93310546875,256.985748291016,-11.763671875,-0.0425390638411045
20180729,0,-6,-158,40000,7595.3701171875,256.700012207031,-10.0766258239746,-1.68415033817291
20180729,6,-6,-158,40000,7592.021484375,256.399993896484,-7.54426288604736,2.88590812683105
20180729,12,-6,-158,40000,7589.4638671875,257.5,-10.0122652053833,4.38976573944092
20180729,18,-6,-158,40000,7593.14013671875,257.5,-9.4523286819458,1.02437496185303
20180730,0,-6,-158,40000,7589.57421875,256.9453125,-8.37935543060303,0.0695312470197678
20180730,6,-6,-158,40000,7584.9111328125,256.836242675781,-6.63408946990967,-1.42389643192291
20180730,12,-6,-158,40000,7584.66064453125,256.914703369141,-7.50723552703857,1.90672612190247
20180730,18,-6,-158,40000,7580.55859375,256.721923828125,-8.48047351837158,1.25934565067291
20180731,0,-6,-158,40000,7582.103515625,256.092529296875,-6.94499826431274,-1.34140622615814
20180731,6,-6,-158,40000,7577.5380859375,256.199981689453,-7.31751108169556,-2.30263662338257
20180731,12,-6,-158,40000,7578.091796875,256.347229003906,-5.46236562728882,-3.89445805549622
20180731,18,-6,-158,40000,7577.43994140625,256.600677490234,-4.62790536880493,-2.39096689224243
20180801,0,-6,-158,40000,7581.6142578125,256.160583496094,-8.5026798248291,-1.5531952381134
20180801,6,-6,-158,40000,7573.50244140625,256.786041259766,-11.5498838424683,1.55806577205658
20180801,12,-6,-158,40000,7576.72021484375,256.800231933594,-9.12688636779785,1.43102419376373
20180801,18,-6,-158,40000,7580.44140625,256.700012207031,-11.0736112594604,-0.024993896484375
20180802,0,-6,-158,40000,7577.80615234375,256,-13.0888671875,1.60149538516998
20180802,6,-6,-158,40000,7576.88134765625,255,-13.7495212554932,4.298095703125
20180802,12,-6,-158,40000,7580.96240234375,255.899993896484,-11.4169282913208,3.8349609375
20180802,18,-6,-158,40000,7589.32958984375,256.200012207031,-10.9427518844604,4.11801767349243
20180803,0,-6,-158,40000,7589.0087890625,255.892532348633,-10.7606811523438,4.09735107421875
20180803,6,-6,-158,40000,7586.6591796875,255.238922119141,-12.5556583404541,2.20601797103882
20180803,12,-6,-158,40000,7589.86572265625,255.800003051758,-12.3936128616333,3.44675898551941
20180803,18,-6,-158,40000,7590.74365234375,256.821929931641,-10.8726043701172,3.12672114372253
20180804,0,-6,-158,40000,7589.4736328125,256.299987792969,-13.2172727584839,1.59893798828125
20180804,6,-6,-158,40000,7584.67138671875,255.600006103516,-13.5719909667969,2.66014409065247
20180804,12,-6,-158,40000,7582.94580078125,255.999969482422,-13.6295108795166,3.6999237537384
20180804,18,-6,-158,40000,7586.20263671875,256.307464599609,-14.3950681686401,6.63211059570313
20180805,0,-6,-158,40000,7587.26708984375,255.899993896484,-12.0034818649292,8.14874839782715
20180805,6,-6,-158,40000,7584.439453125,255.800003051758,-9.74386882781982,6.19407367706299
20180805,12,-6,-158,40000,7590.142578125,256.906982421875,-10.3317356109619,3.36864328384399
20180805,18,-6,-158,40000,7594.18994140625,256.953399658203,-10.8199949264526,2.42558598518372
20180806,0,-6,-158,40000,7597.0283203125,255.800003051758,-10.6289157867432,1.74680781364441
20180806,6,-6,-158,40000,7591.6298828125,256.151702880859,-13.3229837417603,-0.0894335955381393
20180806,12,-6,-158,40000,7589.59423828125,256.812438964844,-13.0989036560059,-1.63795900344849
20180806,18,-6,-158,40000,7586.73876953125,256.685638427734,-12.609902381897,-2.85452628135681
20180807,0,-6,-158,40000,7592.26318359375,256.287414550781,-14.0158739089966,-2.8156054019928
20180807,6,-6,-158,40000,7584.6279296875,256.199981689453,-13.5268306732178,-1.65291011333466
20180807,12,-6,-158,40000,7586.7080078125,256.850799560547,-14.2341184616089,-3.1802442073822
20180807,18,-6,-158,40000,7590.37109375,257.100006103516,-9.5782642364502,-6.59041500091553
20180808,0,-6,-158,40000,7585.5732421875,256.700012207031,-6.56995248794556,-2.97780752182007
20180808,6,-6,-158,40000,7584.30859375,256.570861816406,-10.4430332183838,-2.44523930549622
20180808,12,-6,-158,40000,7586.3017578125,256.790557861328,-10.3636169433594,-1.59410405158997
20180808,18,-6,-158,40000,7590.943359375,256.210052490234,-11.9455165863037,-0.138098150491714
20180809,0,-6,-158,40000,7584.67138671875,255.757568359375,-13.1917543411255,1.73363649845123
20180809,6,-6,-158,40000,7589.32421875,255.600006103516,-13.1903257369995,4.15350341796875
20180809,12,-6,-158,40000,7592.22314453125,255.410003662109,-11.6339139938354,3.01755380630493
20180809,18,-6,-158,40000,7599.21142578125,255.783538818359,-10.8322629928589,2.18985605239868
20180810,0,-6,-158,40000,7600.59619140625,255.800003051758,-11.4225740432739,1.65463864803314
20180810,6,-6,-158,40000,7595.810546875,255.03759765625,-10.0441465377808,0.230700686573982
20180810,12,-6,-158,40000,7598.67333984375,256.200012207031,-7.70008230209351,-0.472235113382339
20180810,18,-6,-158,40000,7600.68701171875,257.302032470703,-5.38821411132813,1.07791745662689
20180811,0,-6,-158,40000,7601.15234375,257.043609619141,-3.93233036994934,-0.594006359577179
20180811,6,-6,-158,40000,7588.0654296875,256.410034179688,-4.11697673797607,-0.267321765422821
20180811,12,-6,-158,40000,7583.4189453125,256.600006103516,-1.39998781681061,0.773950219154358
20180811,18,-6,-158,40000,7588.65625,256.943572998047,-2.60911250114441,2.55556035041809
20180812,0,-6,-158,40000,7587.74853515625,256.799987792969,-2.56739187240601,4.6264009475708
20180812,6,-6,-158,40000,7584.66064453125,256.200012207031,-0.495632946491241,4.62714242935181
20180812,12,-6,-158,40000,7588.0087890625,258,-1.94259333610535,2.10574960708618
20180812,18,-6,-158,40000,7591.66552734375,257.200012207031,-4.57121276855469,0.567004382610321
20180813,0,-6,-158,40000,7595.62353515625,256.711639404297,-7.90000009536743,2.29026484489441
20180813,6,-6,-158,40000,7588.34375,256.700012207031,-10.4982147216797,-0.531683325767517
20180813,12,-6,-158,40000,7593.705078125,257.636413574219,-11.8346862792969,-2.42515873908997
20180813,18,-6,-158,40000,7589.384765625,256.782775878906,-15.9326047897339,-4.90989971160889
20180814,0,-6,-158,40000,7585.53955078125,255.770843505859,-16.5352535247803,-0.881865262985229
20180814,6,-6,-158,40000,7584.7607421875,256.022155761719,-13.1005716323853,2.15841794013977
20180814,12,-6,-158,40000,7598.0244140625,257.5,-11.1220512390137,3.09550786018372
20180814,18,-6,-158,40000,7604.330078125,257.700012207031,-11.9892406463623,3.75832033157349
20180815,0,-6,-158,40000,7601.46826171875,257,-11.5456228256226,2.75765633583069
20180815,6,-6,-158,40000,7601.24072265625,256.899993896484,-10.7440748214722,-0.704404294490814
20180815,12,-6,-158,40000,7599.310546875,257.329162597656,-10.2873830795288,-0.501728534698486
20180815,18,-6,-158,40000,7596.7861328125,257.029144287109,-12.781325340271,1.03118169307709
20180816,0,-6,-158,40000,7599.45947265625,256.290679931641,-7.00716543197632,-1.22572755813599
20180816,6,-6,-158,40000,7598.69189453125,256.600006103516,-5.05534648895264,-3.11114740371704
20180816,12,-6,-158,40000,7596.7568359375,257.399993896484,-5.99068355560303,-1.7186279296875
20180816,18,-6,-158,40000,7599.13671875,257.7919921875,-5.18329334259033,-2.60271000862122
20180817,0,-6,-158,40000,7599.3544921875,257.200012207031,-8.34830570220947,-2.37605953216553
20180817,6,-6,-158,40000,7596.34765625,256.704437255859,-6.20819568634033,-1.980712890625
20180817,12,-6,-158,40000,7587.74609375,257.549163818359,-5.69541025161743,-1.93905639648438
20180817,18,-6,-158,40000,7587.13330078125,257.5,-8.02240562438965,-0.416580200195313
20180818,0,-6,-158,40000,7583.138671875,256.814758300781,-7.43728017807007,1.12913203239441
20180818,6,-6,-158,40000,7576.14208984375,256.100006103516,-9.26683330535889,0.439517199993134
20180818,12,-6,-158,40000,7582.82568359375,256.684204101563,-7.89653587341309,-1.59098637104034
20180818,18,-6,-158,40000,7585.01806640625,256.799987792969,-9.77660179138184,0.457409679889679
20180819,0,-6,-158,40000,7589.23388671875,256.299987792969,-7.21163082122803,2.96106433868408
20180819,6,-6,-158,40000,7584.08203125,256.099975585938,-7.10002946853638,2.00577139854431
20180819,12,-6,-158,40000,7588.31982421875,257.299987792969,-5.36761713027954,2.36825203895569
20180819,18,-6,-158,40000,7588.0556640625,257.221923828125,-4.49824476242065,3.4661865234375
20180820,0,-6,-158,40000,7586.77197265625,256.999969482422,-1.63743650913239,5.76629400253296
20180820,6,-6,-158,40000,7585.40478515625,256.646118164063,-0.412810057401657,4.77662086486816
20180820,12,-6,-158,40000,7580.22509765625,256.899963378906,0.0237597655504942,4.25146484375
20180820,18,-6,-158,40000,7588.09375,257.700012207031,1.0483740568161,0.971064448356628
20180821,0,-6,-158,40000,7583.435546875,256.599975585938,3.08141851425171,0.989780247211456
20180821,6,-6,-158,40000,7587.66259765625,256.553863525391,-2.12967777252197,-1.42239260673523
20180821,12,-6,-158,40000,7590.173828125,257.346130371094,-5.90779304504395,-2.3650438785553
20180821,18,-6,-158,40000,7594.38671875,257,-5.92209959030151,-1.43317866325378
20180822,0,-6,-158,40000,7592.70166015625,256.5,-8.33119487762451,-0.737170398235321
20180822,6,-6,-158,40000,7592.07421875,256.500244140625,-8.68672180175781,0.331884771585464
20180822,12,-6,-158,40000,7592.47021484375,256.899749755859,-10.069543838501,-0.695397973060608
20180822,18,-6,-158,40000,7592.32373046875,256.546112060547,-9.64321899414063,-2.59324955940247
20180823,0,-6,-158,40000,7586.1064453125,256.407470703125,-8.70711040496826,-2.08671879768372
20180823,6,-6,-158,40000,7585.572265625,256.607482910156,-8.91045188903809,-2.45302724838257
20180823,12,-6,-158,40000,7580.77490234375,256.799987792969,-6.62163686752319,-1.52317500114441
20180823,18,-6,-158,40000,7589.90478515625,256.799987792969,-6.99035358428955,-3.61391592025757
20180824,0,-6,-158,40000,7581.015625,256,-6.60902690887451,-3.68278813362122
20180824,6,-6,-158,40000,7577.93603515625,256.100006103516,-6.27010822296143,-1.3673095703125
20180824,12,-6,-158,40000,7578.43017578125,256.685302734375,-8.7549409866333,0.178619384765625
20180824,18,-6,-158,40000,7587.33056640625,256.299987792969,-7.77454853057861,-0.832727074623108
20180825,0,-6,-158,40000,7581.7919921875,255.899978637695,-7.67367553710938,0.176928713917732
20180825,6,-6,-158,40000,7588.078125,255.899993896484,-8.7000732421875,2.21668696403503
20180825,12,-6,-158,40000,7587.5224609375,256.600006103516,-6.39514780044556,-0.774713158607483
20180825,18,-6,-158,40000,7595.951171875,256.200012207031,-4.8936185836792,0.96136474609375
20180826,0,-6,-158,40000,7590.72705078125,255.699996948242,-3.68916630744934,-2.86934208869934
20180826,6,-6,-158,40000,7588.728515625,255.999969482422,-5.68422842025757,-3.08412480354309
20180826,12,-6,-158,40000,7590.939453125,256.068298339844,-4.24669790267944,-3.42898559570313
20180826,18,-6,-158,40000,7589.18505859375,256.700012207031,-5.72456359863281,-0.203082278370857
20180827,0,-6,-158,40000,7585.7138671875,256.599975585938,-7.6207275390625,-2.35584712028503
20180827,6,-6,-158,40000,7583.12939453125,256.800018310547,-11.4222011566162,0.444921880960464
20180827,12,-6,-158,40000,7581.9423828125,257.600006103516,-9.68196678161621,3.94942617416382
20180827,18,-6,-158,40000,7586.80078125,257.299987792969,-8.97347068786621,-0.12164306640625
20180828,0,-6,-158,40000,7585.1279296875,256.399993896484,-8.6694164276123,-1.14530766010284
20180828,6,-6,-158,40000,7581.4033203125,255.599975585938,-9.97535419464111,-0.500156223773956
20180828,12,-6,-158,40000,7583.64111328125,256.299987792969,-6.41029787063599,2.83365225791931
20180828,18,-6,-158,40000,7587.80322265625,256,-2.52711415290833,2.90812015533447
20180829,0,-6,-158,40000,7581.0986328125,256.038909912109,-4.65328121185303,0.283862292766571
20180829,6,-6,-158,40000,7583.484375,255.668304443359,-4.06840801239014,-0.531318366527557
20180829,12,-6,-158,40000,7585.634765625,256.346130371094,-3.60489249229431,0.414960950613022
20180829,18,-6,-158,40000,7584.90771484375,257.299987792969,-7.37803220748901,-2.87318849563599
20180830,0,-6,-158,40000,7577.880859375,256.399993896484,-8.63243389129639,-0.807598888874054
20180830,6,-6,-158,40000,7572.8544921875,256.100006103516,-7.7589111328125,0.992236316204071
20180830,12,-6,-158,40000,7575.7451171875,256.999969482422,-7.43709087371826,-0.490447998046875
20180830,18,-6,-158,40000,7575.18896484375,257.399993896484,-7.08527851104736,0.61419677734375
20180831,0,-6,-158,40000,7570.46240234375,256.800018310547,-6.56484365463257,5.48630380630493
20180831,6,-6,-158,40000,7572.0810546875,256.5,-8.04240703582764,1.88356328010559
20180831,12,-6,-158,40000,7576.85009765625,257.299987792969,-5.77340698242188,0.799145519733429
20180831,18,-6,-158,40000,7577.31982421875,256.299987792969,-7.02602529525757,-1.08767092227936
20180901,0,-6,-158,40000,7581.87744140625,256.200012207031,-6.88463735580444,1.80037844181061
20180901,6,-6,-158,40000,7582.8544921875,256.299987792969,-11.0590085983276,-2.59081411361694
20180901,12,-6,-158,40000,7582.86865234375,257.399963378906,-10.4119691848755,-0.334503173828125
20180901,18,-6,-158,40000,7583.67919921875,256.399993896484,-8.78432655334473,1.59648442268372
20180902,0,-6,-158,40000,7582.6591796875,256.399993896484,-9.51286888122559,-2.05803227424622
20180902,6,-6,-158,40000,7579.73046875,256.343597412109,-10.8499355316162,-0.0866790786385536
20180902,12,-6,-158,40000,7579.46875,256.643615722656,-10.8102111816406,-0.6319580078125
20180902,18,-6,-158,40000,7576.09619140625,257.210052490234,-12.2661924362183,-1.81334233283997
20180903,0,-6,-158,40000,7576.814453125,257,-6.09033823013306,-2.48554992675781
20180903,6,-6,-158,40000,7571.48388671875,256.5,-3.44744873046875,0.543682873249054
20180903,12,-6,-158,40000,7568.8173828125,256.846618652344,-5.89632892608643,2.13324284553528
20180903,18,-6,-158,40000,7575.634765625,256.406982421875,-4.33369445800781,2.16837453842163
20180904,0,-6,-158,40000,7578.88232421875,256.799987792969,-3.83298635482788,-0.396023571491241
20180904,6,-6,-158,40000,7578.46826171875,255.699996948242,-5.85758066177368,0.404821783304214
20180904,12,-6,-158,40000,7576.681640625,257,-5.33717060089111,0.100156247615814
20180904,18,-6,-158,40000,7584.232421875,256.899963378906,-7.36457538604736,4.05884265899658
20180905,0,-6,-158,40000,7579.72705078125,256.299987792969,-9.94001197814941,-1.61079096794128
20180905,6,-6,-158,40000,7585.90478515625,256.499969482422,-13.1058225631714,-1.83224487304688
20180905,12,-6,-158,40000,7586.7900390625,256.606994628906,-12.9048795700073,2.60003662109375
20180905,18,-6,-158,40000,7587.451171875,256.700012207031,-11.5362186431885,1.09786987304688
20180906,0,-6,-158,40000,7579.3330078125,256.200012207031,-11.5210647583008,2.41621589660645
20180906,6,-6,-158,40000,7581.35693359375,256.200012207031,-9.59270286560059,4.06967163085938
20180906,12,-6,-158,40000,7584.14208984375,256.399993896484,-6.73516845703125,2.61849975585938
20180906,18,-6,-158,40000,7586.140625,256.5,-8.0011043548584,3.03917241096497
20180907,0,-6,-158,40000,7575.0205078125,256.285308837891,-6.90109872817993,3.06269526481628
20180907,6,-6,-158,40000,7574.6533203125,256.199981689453,-6.1878662109375,-0.21951599419117
20180907,12,-6,-158,40000,7574.1904296875,257.299987792969,-6.86218547821045,-4.57709980010986
20180907,18,-6,-158,40000,7578.50732421875,256.892517089844,-6.102294921875,-4.89997577667236
20180908,0,-6,-158,40000,7581.86572265625,256.199981689453,-5.76184988021851,-3.84345698356628
20180908,6,-6,-158,40000,7575.28759765625,255.800003051758,-3.96454477310181,-2.806396484375
20180908,12,-6,-158,40000,7577.14501953125,256.199981689453,-7.83575439453125,0.900018334388733
20180908,18,-6,-158,40000,7583.6923828125,256.5,-8.26322364807129,-0.130053713917732
20180909,0,-6,-158,40000,7583.58251953125,256.5,-9.0792236328125,0.200592041015625
20180909,6,-6,-158,40000,7579.0126953125,255.5,-8.7616024017334,1.61956179141998
20180909,12,-6,-158,40000,7582.505859375,256.799987792969,-8.10645771026611,0.215893551707268
20180909,18,-6,-158,40000,7578.7314453125,256.899993896484,-8.36948490142822,-3.94631838798523
20180910,0,-6,-158,40000,7575.92578125,256.499969482422,-8.66758346557617,-3.70579099655151
20180910,6,-6,-158,40000,7573.6806640625,255,-8.86019325256348,-2.28474116325378
20180910,12,-6,-158,40000,7574.35986328125,256.200012207031,-4.71354961395264,1.91240239143372
20180910,18,-6,-158,40000,7585.78955078125,256.799987792969,-0.104809567332268,3.37202644348145
20180911,0,-6,-158,40000,7579.765625,255.899993896484,2.17957520484924,7.16048812866211
20180911,6,-6,-158,40000,7576.34765625,255.600006103516,-0.250503540039063,8.09928607940674
20180911,12,-6,-158,40000,7578.6650390625,256.799987792969,0.719525158405304,4.55414438247681
20180911,18,-6,-158,40000,7582.646484375,256.799987792969,-0.159198001027107,4.33701181411743
20180912,0,-6,-158,40000,7582.5283203125,256.385314941406,-2.47238159179688,5.50005483627319
20180912,6,-6,-158,40000,7579.509765625,256.399993896484,-2.33064579963684,3.27702951431274
20180912,12,-6,-158,40000,7573.96484375,256.714660644531,-2.06956171989441,2.94823002815247
20180912,18,-6,-158,40000,7582.26318359375,257.271545410156,-0.611309826374054,0.580920398235321
20180913,0,-6,-158,40000,7578.51123046875,256.399993896484,-4.95299053192139,0.865039050579071
20180913,6,-6,-158,40000,7575.72265625,255.70002746582,-5.96869516372681,-1.61078798770905
20180913,12,-6,-158,40000,7575.5693359375,257,-6.74451303482056,-0.617468237876892
20180913,18,-6,-158,40000,7581.7158203125,256.799987792969,-8.24273681640625,-1.34276735782623
20180914,12,-6,-158,40000,7580.71240234375,256.799987792969,-10.5577211380005,-2.27471303939819
20180914,18,-6,-158,40000,7585.11376953125,257.199981689453,-12.9861936569214,-0.742388904094696
20180915,0,-6,-158,40000,7585.62451171875,255.100006103516,-13.7001523971558,3.10150146484375
20180915,6,-6,-158,40000,7582.61083984375,255.399978637695,-10.7446804046631,1.37097775936127
20180915,12,-6,-158,40000,7578.08642578125,256.100006103516,-11.950719833374,2.208984375
20180915,18,-6,-158,40000,7587.3779296875,256.200012207031,-11.081561088562,-2.01532602310181
20180916,0,-6,-158,40000,7593.03369140625,255.599975585938,-8.00194358825684,-1.16424560546875
20180916,12,-6,-158,40000,7579.85546875,256.5,-8.53457069396973,2.54612421989441
20180916,18,-6,-158,40000,7586.64453125,256.899993896484,-8.82080364227295,0.4970703125
20180917,0,-6,-158,40000,7581.60302734375,255.800003051758,-8.99996376037598,0.178063958883286
20180917,6,-6,-158,40000,7577.416015625,255.600006103516,-9.52519798278809,3.17969965934753
20180917,12,-6,-158,40000,7573.87890625,257,-8.63020324707031,3.81722402572632
20180917,18,-6,-158,40000,7576.42041015625,256.799987792969,-9.47436809539795,2.02727651596069
20180918,0,-6,-158,40000,7577.40185546875,256.600006103516,-7.84086894989014,3.33889150619507
20180918,6,-6,-158,40000,7572.89453125,255.699996948242,-10.81396484375,-2.13401365280151
20180918,12,-6,-158,40000,7574.830078125,256.699981689453,-9.99240970611572,0.385463863611221
20180918,18,-6,-158,40000,7589.55078125,257.100006103516,-8.32253932952881,1.61563968658447
20180919,0,-6,-158,40000,7588.97607421875,256.399993896484,-7.26471900939941,3.53387689590454
20180919,6,-6,-158,40000,7582.28076171875,255.699996948242,-6.00459241867065,2.23997569084167
20180919,12,-6,-158,40000,7579.517578125,257.100006103516,-5.63406991958618,4.26018571853638
20180919,18,-6,-158,40000,7593.76708984375,257.299987792969,-4.58836364746094,0.922613501548767
20180920,0,-6,-158,40000,7583.1611328125,256.200012207031,-5.28627443313599,1.59032225608826
20180920,6,-6,-158,40000,7585.91015625,256.600006103516,-4.41334533691406,1.19996333122253
20180920,12,-6,-158,40000,7582.4638671875,257.099975585938,-4.17838144302368,-1.09346187114716
20180920,18,-6,-158,40000,7585.9638671875,256.700012207031,-3.44035649299622,-0.928969740867615
20180921,0,-6,-158,40000,7581.20556640625,256.531677246094,-5.21093273162842,1.62663090229034
20180921,6,-6,-158,40000,7579.541015625,256.199981689453,-5.26915597915649,1.1275634765625
20180921,12,-6,-158,40000,7576.59765625,256.629150390625,-4.47537851333618,0.32574462890625
20180921,18,-6,-158,40000,7585.7412109375,257.585754394531,-7.08624267578125,-1.26947629451752
20180922,0,-6,-158,40000,7580.64013671875,256.5,-7.63510751724243,-2.09751272201538
20180922,6,-6,-158,40000,7578.12109375,256.5,-7.74085092544556,-1.40665590763092
20180922,12,-6,-158,40000,7574.9033203125,257.799987792969,-5.78396320343018,1.31751096248627
20180922,18,-6,-158,40000,7590.77001953125,258.068298339844,-7.72577810287476,-0.428778082132339
20180923,0,-6,-158,40000,7588.57861328125,257.5,-6.71107482910156,-0.257226556539536
20180923,6,-6,-158,40000,7583.41748046875,256.899993896484,-5.73644733428955,-0.08001708984375
20180923,12,-6,-158,40000,7580.96826171875,258.199981689453,-5.64113140106201,-1.03180539608002
20180923,18,-6,-158,40000,7585.4638671875,258.299987792969,-5.70578622817993,-2.93333745002747
20180924,0,-6,-158,40000,7589.16015625,257.600006103516,-3.63376474380493,-1.19625854492188
20180924,6,-6,-158,40000,7581.90869140625,257.100006103516,-4.51005840301514,4.54464101791382
20180924,12,-6,-158,40000,7577.78955078125,256.799987792969,-4.46304321289063,1.60003352165222
20180924,18,-6,-158,40000,7592.62451171875,257,-1.91393733024597,-3.44558715820313
20180925,0,-6,-158,40000,7585.046875,256.599975585938,-0.555676281452179,-2.40611577033997
20180925,6,-6,-158,40000,7583.07958984375,255.5,-1.92309880256653,-1.41915285587311
20180925,12,-6,-158,40000,7577.31640625,256.899993896484,-1.17230832576752,-0.808605968952179
20180925,18,-6,-158,40000,7590.3330078125,256.700012207031,-0.132745355367661,0.583477795124054
20180926,0,-6,-158,40000,7588.47021484375,256.739410400391,2.70989990234375,-1.88154602050781
20180926,6,-6,-158,40000,7586.306640625,256.299987792969,1.36243283748627,-1.06332397460938
20180926,12,-6,-158,40000,7582.52734375,257.399993896484,2.48265075683594,0.807116687297821
20180926,18,-6,-158,40000,7591.630859375,258.200012207031,2.56180429458618,-0.433251947164536
20180927,0,-6,-158,40000,7580.2216796875,257.231689453125,1.22745966911316,-0.348361194133759
20180927,6,-6,-158,40000,7583.27001953125,256.200012207031,0.454348742961884,0.413116455078125
20180927,12,-6,-158,40000,7574.54052734375,256.921936035156,-2.31820058822632,0.758715808391571
20180927,18,-6,-158,40000,7588.0361328125,258.585266113281,-4.12229013442993,1.80341184139252
20180928,0,-6,-158,40000,7580.810546875,257.200012207031,-3.70745229721069,-1.91744387149811
20180928,6,-6,-158,40000,7585.4580078125,256.700012207031,-4.83262634277344,-2.126708984375
20180928,12,-6,-158,40000,7586.7919921875,257.200012207031,-7.82334280014038,-1.18006587028503
20180928,18,-6,-158,40000,7594.78955078125,257.899993896484,-6.2225341796875,-6.02229022979736
20180929,0,-6,-158,40000,7588.3076171875,257.600006103516,-3.56710934638977,-5.81374025344849
20180929,6,-6,-158,40000,7588.482421875,256.600006103516,-5.40001821517944,-4.38341665267944
20180929,12,-6,-158,40000,7581.955078125,256.975524902344,-5.12293720245361,-2.07805776596069
20180929,18,-6,-158,40000,7593.58251953125,258.075500488281,-5.34436321258545,-5.13668823242188
20180930,0,-6,-158,40000,7582.73486328125,256.600006103516,-5.43916606903076,-4.12203359603882
20180930,6,-6,-158,40000,7582.2001953125,256.5,-7.1572904586792,-2.24353647232056
20180930,12,-6,-158,40000,7579.19189453125,257.100006103516,-5.25590229034424,0.886358618736267
20180930,18,-6,-158,40000,7592.77734375,258.200012207031,-6.40606069564819,-3.84393930435181
20181001,0,-6,-158,40000,7586.0224609375,257.5,-6.17886638641357,-5.30002450942993
20181001,6,-6,-158,40000,7581.09619140625,256.809997558594,-8.33232116699219,-1.05626225471497
20181001,12,-6,-158,40000,7572.66357421875,257.899993896484,-6.75340890884399,-3.43870854377747
20181001,18,-6,-158,40000,7587.96728515625,258.700012207031,-11.460711479187,-3.19519662857056
20181002,0,-6,-158,40000,7579.39892578125,256.582763671875,-5.29230976104736,-3.53818964958191
20181002,6,-6,-158,40000,7581.57080078125,256.582763671875,-6.48040771484375,-4.38710308074951
20181002,12,-6,-158,40000,7579.18798828125,257.299987792969,-6.59503173828125,-3.42329096794128
20181002,18,-6,-158,40000,7590.09130859375,258.200012207031,-8.08807945251465,-5.8687744140625
20181003,0,-6,-158,40000,7581.7939453125,257,-6.25767803192139,-3.29932260513306
20181003,6,-6,-158,40000,7581.60498046875,256.817230224609,-7.33484363555908,-3.77829098701477
20181003,12,-6,-158,40000,7573.07666015625,256.5,-7.98985290527344,-0.391021728515625
20181003,18,-6,-158,40000,7588.724609375,256.899993896484,-7.58799076080322,1.85732424259186
20181004,0,-6,-158,40000,7586.35498046875,256.5,-4.84127187728882,-0.200018316507339
20181004,6,-6,-158,40000,7583.84521484375,256.899963378906,-5.65359783172607,-0.590042114257813
20181004,12,-6,-158,40000,7585.650390625,257.599975585938,-5.09401845932007,-0.0441101081669331
20181004,18,-6,-158,40000,7603.39794921875,258.700012207031,-3.90614247322083,-0.859350562095642
20181005,0,-6,-158,40000,7594.39013671875,257.508331298828,-4.80771970748901,-0.902065455913544
20181005,6,-6,-158,40000,7595.81103515625,256.600006103516,-6.51456308364868,-0.299942016601563
20181005,12,-6,-158,40000,7588.67333984375,257.399963378906,-7.96091318130493,-1.43229985237122
20181005,18,-6,-158,40000,7601.47021484375,257.822692871094,-9.09626483917236,-3.12916254997253
20181006,0,-6,-158,40000,7596.5673828125,257.200012207031,-9.48060894012451,-2.58244013786316
20181006,6,-6,-158,40000,7597.90478515625,257.399993896484,-8.69486618041992,-2.47881841659546
20181006,12,-6,-158,40000,7591.65869140625,257.531799316406,-9.12039470672607,-2.67918705940247
20181006,18,-6,-158,40000,7604.93115234375,257.899993896484,-7.82078838348389,-5.56428241729736
20181007,0,-6,-158,40000,7584.98828125,257.299987792969,-9.53009033203125,-1.76360476016998
20181007,6,-6,-158,40000,7593.4736328125,256.600006103516,-6.48540019989014,2.58565664291382
20181007,12,-6,-158,40000,7585.2373046875,256.678070068359,-3.25429391860962,5.04392099380493
20181007,18,-6,-158,40000,7598.84228515625,257.224426269531,-4.77517080307007,5.05870342254639
20181008,0,-6,-158,40000,7588.7744140625,256.600006103516,-3.32944941520691,4.10478496551514
20181008,6,-6,-158,40000,7588.498046875,256.182769775391,-2.1777172088623,3.65650868415833
20181008,12,-6,-158,40000,7576.14697265625,256.399993896484,-0.571176767349243,4.19222164154053
20181008,18,-6,-158,40000,7595.3193359375,258.100006103516,-1.13187742233276,-0.675527334213257
20181009,0,-6,-158,40000,7581.89501953125,257.100006103516,1.39469301700592,1.675048828125
20181009,6,-6,-158,40000,7576.37451171875,256.899993896484,-0.879867553710938,2.86335444450378
20181009,12,-6,-158,40000,7571.70166015625,257.100006103516,-0.139181524515152,2.48728036880493
20181009,18,-6,-158,40000,7586.11181640625,257.901184082031,-0.974023461341858,0.274316400289536
20181010,0,-6,-158,40000,7582.22119140625,257.341979980469,0.437799066305161,-1.58601689338684
20181010,6,-6,-158,40000,7581.65380859375,257.100006103516,-0.412295520305634,0.132098391652107
20181010,12,-6,-158,40000,7578.10888671875,257.597229003906,-1.20223999023438,-1.26529848575592
20181010,18,-6,-158,40000,7591.15234375,258,-2.81396794319153,-0.432507336139679
20181011,0,-6,-158,40000,7589.9306640625,257.243591308594,-4.01528024673462,-0.14892578125
20181011,6,-6,-158,40000,7588.8974609375,256.899993896484,-3.1788055896759,-0.359472662210464
20181011,12,-6,-158,40000,7584.00048828125,257.682769775391,-2.57211303710938,-0.194677740335464
20181011,18,-6,-158,40000,7587.86572265625,257.299987792969,-6.03763103485107,-2.03103637695313
20181012,0,-6,-158,40000,7586.1875,257.453369140625,-5.20209980010986,-1.19998776912689
20181012,6,-6,-158,40000,7587.65478515625,257,-3.99582815170288,2.54010009765625
20181012,12,-6,-158,40000,7579.31884765625,257,-5.91041564941406,1.63832402229309
20181012,18,-6,-158,40000,7593.72119140625,256.899993896484,-0.8145751953125,3.72974848747253
20181013,0,-6,-158,40000,7585.07177734375,256.5,-4.13497304916382,1.43245244026184
20181013,6,-6,-158,40000,7584.77978515625,256.424468994141,-4.74084758758545,1.77333986759186
20181013,12,-6,-158,40000,7582.74072265625,257.153869628906,-5.78462839126587,0.1212158203125
20181013,18,-6,-158,40000,7593.26171875,257.192535400391,-5.66300964355469,-1.38888549804688
20181014,0,-6,-158,40000,7592.466796875,257.429138183594,-5.7092924118042,-3.21237182617188
20181014,6,-6,-158,40000,7587.80859375,256.899993896484,-5.15316772460938,0.782885730266571
20181014,12,-6,-158,40000,7580.89013671875,256.899993896484,-2.04569697380066,2.39783334732056
20181014,18,-6,-158,40000,7593.26123046875,256.899993896484,-3.55801701545715,0.0632690414786339
20181015,0,-6,-158,40000,7587.1181640625,256.199981689453,-4.81859111785889,0.427203357219696
20181015,6,-6,-158,40000,7590.0869140625,256,-6.583984375,-0.726751685142517
20181015,12,-6,-158,40000,7591.224609375,256.700012207031,-8.18367958068848,-3.34136962890625
20181015,18,-6,-158,40000,7597.455078125,256.899993896484,-11.5231657028198,-0.306561291217804
20181016,0,-6,-158,40000,7590.40380859375,256.699981689453,-9.22316265106201,2.40017700195313
20181016,6,-6,-158,40000,7592.28857421875,256.299987792969,-10.0419464111328,2.38713383674622
20181016,12,-6,-158,40000,7590.68603515625,257.200012207031,-10.1424465179443,2.36361074447632
20181016,18,-6,-158,40000,7603.4580078125,257.746124267578,-8.52437114715576,0.48834228515625
20181017,0,-6,-158,40000,7589.44384765625,256.899993896484,-6.68150043487549,1.46144413948059
20181017,6,-6,-158,40000,7587.841796875,256.899993896484,-5.32620859146118,0.202032476663589
20181017,12,-6,-158,40000,7576.02392578125,257.299987792969,-6.56845712661743,-4.35831928253174
20181017,18,-6,-158,40000,7584.77294921875,257.600006103516,-9.62535381317139,-5.70552968978882
20181018,0,-6,-158,40000,7576.6513671875,256.899993896484,-9.82030963897705,-2.30127573013306
20181018,6,-6,-158,40000,7574.890625,257,-7.08950805664063,-2.34716796875
20181018,12,-6,-158,40000,7566.77978515625,256.999969482422,-6.64317607879639,-2.7630615234375
20181018,18,-6,-158,40000,7577.462890625,256.899993896484,-5.65148305892944,-2.04051518440247
20181019,0,-6,-158,40000,7570.2685546875,257,-3.69346308708191,0.262194812297821
20181019,6,-6,-158,40000,7578.0029296875,256.600006103516,-2.17040109634399,-0.706951916217804
20181019,18,-6,-158,40000,7583.97509765625,256.999969482422,-3.03065800666809,-0.579852283000946
20181020,0,-6,-158,40000,7576.89453125,256.899963378906,-3.07743525505066,0.965441882610321
20181020,6,-6,-158,40000,7588.583984375,257.467864990234,-4.40621662139893,0.422473132610321
20181020,12,-6,-158,40000,7589.68115234375,257.860595703125,-2.26604318618774,2.98696279525757
20181020,18,-6,-158,40000,7598.22314453125,258.399993896484,-0.717037975788116,2.09355473518372
20181021,0,-6,-158,40000,7584.6611328125,258.095581054688,0.627404808998108,1.15084230899811
20181021,6,-6,-158,40000,7583.255859375,256.892517089844,0.107858277857304,0.18048095703125
20181021,12,-6,-158,40000,7576.498046875,257.285308837891,0.689916968345642,1.05295407772064
20181021,18,-6,-158,40000,7595.92822265625,257.600006103516,2.93375253677368,-1.3367645740509
20181022,0,-6,-158,40000,7587.77685546875,256.399993896484,2.37637329101563,-2.09947824478149
20181022,6,-6,-158,40000,7580.3076171875,255.899993896484,0.734082043170929,-3.94412231445313
20181022,12,-6,-158,40000,7576.814453125,256.575531005859,-2.70541071891785,-7.751953125
20181022,18,-6,-158,40000,7590.55517578125,257.278106689453,-5.10850811004639,-9.1975154876709
20181023,0,-6,-158,40000,7581.04443359375,256.743835449219,-4.74385356903076,-5.67784404754639
20181023,6,-6,-158,40000,7584.6943359375,255.385299682617,-2.63107299804688,-0.665130615234375
20181023,12,-6,-158,40000,7578.205078125,256.438903808594,-0.0523498542606831,-0.750805675983429
20181023,18,-6,-158,40000,7594.4033203125,256.600036621094,0.490402221679688,1.90844118595123
20181024,0,-6,-158,40000,7585.41748046875,255.792526245117,1.95156252384186,5.69996356964111
20181024,6,-6,-158,40000,7583.568359375,254.800003051758,0.612408459186554,6.19002676010132
20181024,12,-6,-158,40000,7574.59814453125,255.899993896484,1.55599975585938,5.82246112823486
20181024,18,-6,-158,40000,7586.947265625,257.199981689453,0.444049060344696,7.17620229721069
20181025,0,-6,-158,40000,7586.8154296875,257,-0.580621361732483,6.35588359832764
20181025,6,-6,-158,40000,7582.64306640625,256.461090087891,-1.81365358829498,6.42575073242188
20181025,12,-6,-158,40000,7581.2451171875,256.592498779297,-0.012579346075654,3.90134882926941
20181025,18,-6,-158,40000,7591.68310546875,257.692565917969,2.57532358169556,2.89619135856628
20181026,0,-6,-158,40000,7586.45166015625,256.5,2.28026127815247,3.18563222885132
20181026,6,-6,-158,40000,7588.84130859375,255.899978637695,-2.16022944450378,0.40234375
20181026,12,-6,-158,40000,7585.876953125,256.807464599609,-3.04103708267212,-0.614202857017517
20181026,18,-6,-158,40000,7601.94580078125,257.100006103516,-0.383984386920929,2.05950927734375
20181027,0,-6,-158,40000,7605.32177734375,256.443450927734,-0.436871349811554,0.713122546672821
20181027,6,-6,-158,40000,7606.3251953125,255.682373046875,-2.55814504623413,0.300024420022964
20181027,12,-6,-158,40000,7602.24755859375,256.743469238281,-1.60467219352722,1.42937624454498
20181027,18,-6,-158,40000,7609.72998046875,257.099975585938,1.04655146598816,-1.02635502815247
20181028,0,-6,-158,40000,7604.97998046875,256.168304443359,-1.85736691951752,-1.1776123046875
20181028,6,-6,-158,40000,7602.41455078125,256.100006103516,-4.42484426498413,-1.44202876091003
20181028,12,-6,-158,40000,7599.16552734375,256.8203125,-7.38337707519531,-1.33299565315247
20181028,18,-6,-158,40000,7613.47705078125,258.097442626953,-6.30682373046875,-2.0166015625
20181029,0,-6,-158,40000,7600.01123046875,256.733337402344,-5.68211364746094,-4.47188091278076
20181029,6,-6,-158,40000,7601.59130859375,256.823059082031,-7.40311908721924,-1.4984130859375
20181029,12,-6,-158,40000,7596.525390625,256.941955566406,-4.99598979949951,-1.63461303710938
20181029,18,-6,-158,40000,7602.6923828125,257.799987792969,-4.09879779815674,-3.43030405044556
20181030,0,-6,-158,40000,7588.82421875,257.100006103516,-2.7077362537384,-5.30463266372681
20181030,6,-6,-158,40000,7586.95458984375,256.899993896484,-2.51429748535156,-4.24884033203125
20181030,12,-6,-158,40000,7584.86865234375,257.799987792969,-0.499105840921402,-5.43323373794556
20181030,18,-6,-158,40000,7586.88623046875,257.799987792969,-0.768084704875946,-3.99083256721497
20181031,0,-6,-158,40000,7579.43115234375,257.713073730469,0.501828014850616,-2.19999384880066
20181031,6,-6,-158,40000,7586.47705078125,258.000030517578,2.68842458724976,-2.90330815315247
20181031,12,-6,-158,40000,7582.787109375,258.600006103516,1.6707671880722,-5.20073223114014
20181031,18,-6,-158,40000,7588.67333984375,259.213073730469,1.22655642032623,-4.50296640396118
20181101,0,-6,-158,40000,7582.28515625,259.04052734375,1.31535649299622,-3.93337392807007
20181101,6,-6,-158,40000,7583.8486328125,259,2.10739755630493,-3.80291128158569
20181101,12,-6,-158,40000,7583.47607421875,258.799987792969,2.57642340660095,-4.32974624633789
20181101,18,-6,-158,40000,7589.130859375,258.337249755859,0.615350365638733,-3.25011587142944
20181102,0,-6,-158,40000,7581.7841796875,258.299987792969,0.785168468952179,0.684979259967804
20181102,6,-6,-158,40000,7584.05615234375,257.599975585938,-0.499133288860321,-1.91441655158997
20181102,12,-6,-158,40000,7580.609375,258.318878173828,2.47991633415222,-0.862512230873108
20181102,18,-6,-158,40000,7590.19873046875,257.849212646484,-1.65329897403717,-1.76744997501373
20181103,0,-6,-158,40000,7583.09521484375,257.084533691406,-2.57304072380066,0.8023681640625
20181103,6,-6,-158,40000,7583.5498046875,257.399993896484,-1.96229243278503,1.94294428825378
20181103,12,-6,-158,40000,7579.31689453125,258.511688232422,-3.1850860118866,0.995874047279358
20181103,18,-6,-158,40000,7592.1201171875,258,-1.2747802734375,-0.67486572265625
20181104,0,-6,-158,40000,7580.42041015625,256.799987792969,-0.94498598575592,-2.598876953125
20181104,6,-6,-158,40000,7583.86376953125,256.536376953125,-5.08544301986694,-0.373529046773911
20181104,12,-6,-158,40000,7585.2548828125,257.100006103516,-5.78587341308594,-2.78878164291382
20181104,18,-6,-158,40000,7598.2412109375,257.199981689453,-5.59265756607056,-3.54180908203125
20181105,0,-6,-158,40000,7583.728515625,256.599975585938,-5.64435720443726,-0.694421410560608
20181105,6,-6,-158,40000,7589.20556640625,257.399993896484,-6.29396343231201,-2.79449462890625
20181105,12,-6,-158,40000,7585.9111328125,258.024475097656,-6.54769897460938,-3.29983520507813
20181105,18,-6,-158,40000,7594.61572265625,258.100006103516,-5.91964721679688,-3.12891840934753
20181106,0,-6,-158,40000,7586.36181640625,258.200012207031,-4.97872018814087,-2.64521479606628
20181106,6,-6,-158,40000,7588.7392578125,257.808410644531,-5.2962646484375,-5.76570415496826
20181106,12,-6,-158,40000,7588.30126953125,257.656555175781,-5.32108449935913,-7.26898813247681
20181106,18,-6,-158,40000,7592.3876953125,258.700592041016,-5.31821918487549,-7.69984149932861
20181107,0,-6,-158,40000,7589.90869140625,258.049194335938,-6.65799570083618,-5.97313213348389
20181107,6,-6,-158,40000,7596.59814453125,257.26953125,-7.0693359375,-3.15228271484375
20181107,12,-6,-158,40000,7590.64013671875,257.732330322266,-6.86648559570313,-3.58940434455872
20181107,18,-6,-158,40000,7603.23291015625,258.405029296875,-7.91052532196045,-5.35673809051514
20181108,0,-6,-158,40000,7598.51123046875,257.925933837891,-8.92650127410889,-4.31911611557007
20181108,6,-6,-158,40000,7603.92822265625,258.137756347656,-10.4184627532959,-5.75459003448486
20181108,12,-6,-158,40000,7596.08203125,258.108795166016,-10.6534090042114,-6.57985830307007
20181108,18,-6,-158,40000,7601.11865234375,258.700012207031,-10.4542789459229,-6.14400005340576
20181109,0,-6,-158,40000,7586.0244140625,258.163635253906,-10.5650758743286,-7.23984384536743
20181109,6,-6,-158,40000,7591.77880859375,257.700012207031,-8.59382915496826,-8.22889423370361
20181109,12,-6,-158,40000,7590.54931640625,258.299987792969,-5.4267578125,-8.78435325622559
20181109,18,-6,-158,40000,7597.54248046875,258.527557373047,-3.39538264274597,-7.67073345184326
20181110,0,-6,-158,40000,7588.03857421875,257.799987792969,-1.90189206600189,-6.63962411880493
20181110,6,-6,-158,40000,7583.8095703125,257.100006103516,-1.85727536678314,-6.74614858627319
20181110,12,-6,-158,40000,7587.9951171875,257.700012207031,-2.41155695915222,-6.29999399185181
20181110,18,-6,-158,40000,7596.12939453125,257.282257080078,-2.66947627067566,-3.79922485351563
20181111,0,-6,-158,40000,7590.615234375,257.099975585938,-1.13740539550781,-3.43231821060181
20181111,6,-6,-158,40000,7594.33740234375,257.100006103516,-3.10753774642944,-3.70631098747253
20181111,12,-6,-158,40000,7597.6474609375,257.514709472656,-3.43667912483215,-2.18103647232056
20181111,18,-6,-158,40000,7604.09375,258.5,-3.86970210075378,-0.879406750202179
20181112,0,-6,-158,40000,7593.31494140625,258.600006103516,-2.70715951919556,-0.0643371567130089
20181112,6,-6,-158,40000,7599.609375,258.644958496094,-1.60255122184753,-2.72656869888306
20181112,12,-6,-158,40000,7598.248046875,258.799987792969,-2.54942941665649,-4.45847177505493
20181112,18,-6,-158,40000,7603.328125,259.006958007813,-3.408203125,-4.64776611328125
20181113,0,-6,-158,40000,7593.3662109375,258.100006103516,-3.13503408432007,-6.04891061782837
20181113,6,-6,-158,40000,7590.34423828125,257.799987792969,-4.16085195541382,-4.79611825942993
20181113,12,-6,-158,40000,7588.0966796875,258.478057861328,-3.52674865722656,-4.58615732192993
20181113,18,-6,-158,40000,7593.82666015625,259.024475097656,-3.44571542739868,-5.40764760971069
20181114,0,-6,-158,40000,7580.5244140625,258.299987792969,-4.53579425811768,-4.22362041473389
20181114,6,-6,-158,40000,7578.43896484375,257.700012207031,-5.67045593261719,-3.77353525161743
20181114,12,-6,-158,40000,7577.42236328125,257.607360839844,-6.94446706771851,-6.22907733917236
20181114,18,-6,-158,40000,7585.0126953125,258.200012207031,-4.85556650161743,-7.81651306152344
20181115,0,-6,-158,40000,7580.330078125,258.100006103516,-4.23176860809326,-7.17336416244507
20181115,6,-6,-158,40000,7587.1669921875,257.999969482422,-2.81466674804688,-10.4476413726807
20181115,12,-6,-158,40000,7588.55615234375,257.399993896484,-1.28627014160156,-13.1927461624146
20181115,18,-6,-158,40000,7590.45947265625,256.665252685547,-0.746005237102509,-15.2320556640625
20181116,0,-6,-158,40000,7581.61767578125,256.246154785156,-1.66448366641998,-13.4246368408203
20181116,6,-6,-158,40000,7589.517578125,257.200012207031,-3.27792978286743,-13.522931098938
20181116,12,-6,-158,40000,7595.0556640625,257.577819824219,-3.29719543457031,-13.3403930664063
20181116,18,-6,-158,40000,7600.02392578125,258,-5.38325214385986,-12.39137840271
20181117,0,-6,-158,40000,7591.7919921875,258.099975585938,-5.40828227996826,-10.2229280471802
20181117,6,-6,-158,40000,7592.2060546875,258.100006103516,-7.20009136199951,-9.86441612243652
20181117,12,-6,-158,40000,7585.0595703125,257.854034423828,-9.54611206054688,-7.61536884307861
20181117,18,-6,-158,40000,7596.0625,257.700012207031,-10.030252456665,-6.64781475067139
20181118,0,-6,-158,40000,7592.3681640625,256.859832763672,-10.2092924118042,-4.04001474380493
20181118,6,-6,-158,40000,7593.29638671875,257.011657714844,-9.65127277374268,-2.84113764762878
20181118,12,-6,-158,40000,7592.798828125,256.700012207031,-9.93822002410889,-3.86511850357056
20181118,18,-6,-158,40000,7599.9794921875,257.700012207031,-12.2652530670166,-3.99993276596069
20181119,0,-6,-158,40000,7592.10107421875,258,-11.0635805130005,-2.11961674690247
20181119,6,-6,-158,40000,7595.56982421875,257.799987792969,-10.2078733444214,-2.40437006950378
20181119,12,-6,-158,40000,7595.59521484375,257.599975585938,-11.9883365631104,-3.99799799919128
20181119,18,-6,-158,40000,7599.05419921875,258.399993896484,-12.6700868606567,-1.93494868278503
20181120,0,-6,-158,40000,7596.71728515625,258.601959228516,-13.5612001419067,-3.89996957778931
20181120,6,-6,-158,40000,7602.78173828125,257.799987792969,-14.5627012252808,-5.49854755401611
20181120,12,-6,-158,40000,7601.37109375,258,-13.3777341842651,-6.73171377182007
20181120,18,-6,-158,40000,7612.505859375,258.299987792969,-12.6202449798584,-6.40418100357056
20181121,0,-6,-158,40000,7599.43994140625,258.100006103516,-10.5943851470947,-5.50001811981201
20181121,6,-6,-158,40000,7604.85693359375,258.5,-10.4191379547119,-7.43085956573486
20181121,12,-6,-158,40000,7602.396484375,259.200012207031,-11.6300382614136,-8.89887714385986
20181121,18,-6,-158,40000,7608.7451171875,259.700012207031,-12.5135898590088,-8.35330772399902
20181122,0,-6,-158,40000,7597.10009765625,259.399993896484,-10.7113800048828,-8.17042827606201
20181122,6,-6,-158,40000,7592.19140625,259.399993896484,-11.9080810546875,-8.60446739196777
20181122,12,-6,-158,40000,7586.9970703125,258.902648925781,-13.8032684326172,-10.3403015136719
20181122,18,-6,-158,40000,7601.61083984375,258.728698730469,-13.8468446731567,-9.08695030212402
20181123,0,-6,-158,40000,7590.4033203125,258.305358886719,-11.2991209030151,-7.70005512237549
20181123,6,-6,-158,40000,7597.99951171875,257.533325195313,-10.108416557312,-5.90001821517944
20181123,12,-6,-158,40000,7596.12060546875,257.547790527344,-9.28279399871826,-6.77880859375
20181123,18,-6,-158,40000,7603.509765625,258.059448242188,-7.35352468490601,-8.6539306640625
20181124,0,-6,-158,40000,7597.12548828125,258.473846435547,-5.05144643783569,-5.94426250457764
20181124,6,-6,-158,40000,7600.32763671875,259.062286376953,-2.61024165153503,-4.05339956283569
20181124,12,-6,-158,40000,7605.21435546875,258.979736328125,-0.438122570514679,-4.25869750976563
20181124,18,-6,-158,40000,7616.1181640625,259.260681152344,0.121740721166134,-4.69741535186768
20181125,0,-6,-158,40000,7604.10546875,258.972473144531,1.49769902229309,-5.30696725845337
20181125,6,-6,-158,40000,7604.21875,258.799987792969,1.05477297306061,-5.42912292480469
20181125,12,-6,-158,40000,7601.81298828125,258.672454833984,-0.706630885601044,-6.33721685409546
20181125,18,-6,-158,40000,7603.05615234375,259.072479248047,-0.241884768009186,-6.15155267715454
20181126,0,-6,-158,40000,7592.6435546875,258.799987792969,0.27459716796875,-5.60116720199585
20181126,6,-6,-158,40000,7594.02685546875,258.840545654297,0.913287341594696,-1.99679565429688
20181126,12,-6,-158,40000,7589.16015625,258.899993896484,1.63743162155151,-2.10419917106628
20181126,18,-6,-158,40000,7593.18505859375,258.899993896484,3.23833608627319,-0.035980224609375
20181127,0,-6,-158,40000,7589.7568359375,258.100006103516,2.34678959846497,-0.31951904296875
20181127,6,-6,-158,40000,7595.82958984375,258.399993896484,2.25957632064819,-2.61779165267944
20181127,12,-6,-158,40000,7593.6982421875,259.172515869141,2.40370607376099,-2.35709953308105
20181127,18,-6,-158,40000,7601.853515625,259.600006103516,3.23940682411194,-2.51857423782349
20181128,0,-6,-158,40000,7591.1279296875,259.178680419922,2.91853260993958,-4.71886730194092
20181128,6,-6,-158,40000,7596.61865234375,259.000030517578,1.60511231422424,-5.3947606086731
20181128,12,-6,-158,40000,7602.19482421875,258.820892333984,0.0867919921875,-4.24772930145264
20181128,18,-6,-158,40000,7608.31396484375,258.799987792969,-1.99913573265076,-2.58019542694092
20181129,0,-6,-158,40000,7598.32568359375,259.289642333984,0.416784673929214,0.00171508791390806
20181129,6,-6,-158,40000,7597.09521484375,259.303894042969,1.49914240837097,0.281628429889679
20181129,12,-6,-158,40000,7596.779296875,259.200012207031,3.32877492904663,-1.699951171875
20181129,18,-6,-158,40000,7601.71630859375,259,0.214343264698982,1.03960454463959
20181130,0,-6,-158,40000,7592.6005859375,258.399993896484,-0.811599135398865,1.73225581645966
20181130,6,-6,-158,40000,7591.37255859375,258.100006103516,-0.878562033176422,-0.331660151481628
20181130,12,-6,-158,40000,7589.47265625,258.521026611328,2.42221188545227,-2.08614754676819
20181130,18,-6,-158,40000,7590.3388671875,258.433502197266,1.38460206985474,-4.99113273620605
20181201,0,-6,-158,40000,7583.21484375,258.184631347656,3.16136169433594,-6.56870746612549
20181201,6,-6,-158,40000,7589.80810546875,257.818786621094,2.98373413085938,-8.08564472198486
20181201,12,-6,-158,40000,7587.59814453125,257.700012207031,-1.50008237361908,-9.49812030792236
20181201,18,-6,-158,40000,7593.3955078125,257.740539550781,-3.02233576774597,-9.69329833984375
20181202,0,-6,-158,40000,7584.27685546875,256.894439697266,-5.08523559570313,-5.60400390625
20181202,6,-6,-158,40000,7578.74169921875,256.991088867188,-7.39584350585938,-5.59977436065674
20181202,12,-6,-158,40000,7574.41796875,257.626098632813,-4.30242013931274,-5.75327157974243
20181202,18,-6,-158,40000,7587.13671875,257.6162109375,-2.99540710449219,-6.73079204559326
20181203,0,-6,-158,40000,7574.638671875,257.127502441406,-3.55610656738281,-5.18668222427368
20181203,6,-6,-158,40000,7573.2255859375,256.912780761719,-5.29813241958618,-4.32004404067993
20181203,12,-6,-158,40000,7576.01171875,257.100006103516,-4.14152812957764,-3.69319462776184
20181203,18,-6,-158,40000,7582.3994140625,257.133697509766,-0.873260498046875,-4.72701406478882
20181204,0,-6,-158,40000,7577.81005859375,256.724548339844,-3.09013676643372,-2.58970952033997
20181204,6,-6,-158,40000,7583.77880859375,256.485382080078,-5.88634634017944,-2.5599365234375
20181204,12,-6,-158,40000,7586.2744140625,257.11328125,-6.35851764678955,-1.59465944766998
20181204,18,-6,-158,40000,7594.5654296875,257.599914550781,-7.51852416992188,-0.500268578529358
20181205,0,-6,-158,40000,7584.64990234375,257.199981689453,-8.99628257751465,-1.40001225471497
20181205,6,-6,-158,40000,7592.419921875,257.414611816406,-10.4294586181641,-0.202392578125
20181205,12,-6,-158,40000,7595.84814453125,257.399993896484,-9.8353214263916,-1.68394160270691
20181205,18,-6,-158,40000,7599.642578125,258.002410888672,-10.0732021331787,0.260662853717804
20181206,0,-6,-158,40000,7590.61572265625,257.400024414063,-11.2161436080933,2.17730712890625
20181206,6,-6,-158,40000,7594.42138671875,258.110748291016,-10.2639713287354,3.00308847427368
20181206,12,-6,-158,40000,7588.98828125,258.828979492188,-10.165997505188,2.18739008903503
20181206,18,-6,-158,40000,7593.021484375,259.127990722656,-10.3343257904053,2.37114858627319
20181207,0,-6,-158,40000,7584.09521484375,258.761444091797,-9.34022808074951,2.53721308708191
20181207,6,-6,-158,40000,7582.59765625,258.371765136719,-8.77484703063965,0.680072009563446
20181207,12,-6,-158,40000,7578.79296875,258.567840576172,-6.1025390625,-0.583508312702179
20181207,18,-6,-158,40000,7593.2119140625,258.500030517578,-3.95650148391724,0.480649411678314
20181208,0,-6,-158,40000,7583.42041015625,257.551330566406,-1.89141118526459,-0.492832034826279
20181208,6,-6,-158,40000,7588.13623046875,257.513885498047,-0.328544914722443,-1.27927732467651
20181208,12,-6,-158,40000,7590.8837890625,257.104461669922,3.12545657157898,-2.46426749229431
20181208,18,-6,-158,40000,7599.6123046875,257.418365478516,3.21394038200378,-0.437399297952652
20181209,0,-6,-158,40000,7594.078125,257.799987792969,5.26999759674072,-3.39323735237122
20181209,6,-6,-158,40000,7600.12890625,257.903991699219,6.26060485839844,-1.20704340934753
20181209,12,-6,-158,40000,7597.451171875,258,6.85465812683105,-4.32019519805908
20181209,18,-6,-158,40000,7605.65380859375,257.491394042969,2.97223663330078,-3.45729374885559
20181210,0,-6,-158,40000,7605.611328125,257.315795898438,1.67491459846497,-2.37518310546875
20181210,6,-6,-158,40000,7603.830078125,257.388854980469,1.07788693904877,-4.06249380111694
20181210,12,-6,-158,40000,7600.3681640625,256.9267578125,-0.646710216999054,-5.03022480010986
20181210,18,-6,-158,40000,7602.04638671875,257.799987792969,-3.52915954589844,-4.21503305435181
20181211,0,-6,-158,40000,7602.6669921875,257.276947021484,-3.20007944107056,-1.72453618049622
20181211,6,-6,-158,40000,7598.6923828125,256.85498046875,-3.55830383300781,-3.18925786018372
20181211,12,-6,-158,40000,7595.3974609375,256.772430419922,-5.10000610351563,-2.52938222885132
20181211,18,-6,-158,40000,7599.173828125,257.006774902344,-4.81897592544556,1.08449101448059
20181212,0,-6,-158,40000,7597.39794921875,256.380920410156,-3.64877939224243,-0.449002087116241
20181212,6,-6,-158,40000,7600.05517578125,256.5,-3.91487121582031,1.89217221736908
20181212,12,-6,-158,40000,7604.14306640625,256.985595703125,-4.66551828384399,-0.692153930664063
20181212,18,-6,-158,40000,7612.48681640625,257.787872314453,-5.5133638381958,1.01852416992188
20181213,0,-6,-158,40000,7604.06982421875,257.7275390625,-5.95173025131226,-0.783648669719696
20181213,6,-6,-158,40000,7605.72607421875,257.329162597656,-8.86896991729736,2.07324838638306
20181213,12,-6,-158,40000,7603.63427734375,257.299987792969,-8.40422058105469,-3.42385864257813
20181213,18,-6,-158,40000,7611.7392578125,257.700012207031,-10.3555784225464,-3.5457763671875
20181214,0,-6,-158,40000,7604.29541015625,257.820251464844,-11.8084506988525,-4.23353290557861
20181214,6,-6,-158,40000,7604.05810546875,258.200012207031,-11.7074460983276,-2.61910390853882
20181214,12,-6,-158,40000,7602.251953125,258.621643066406,-8.48276329040527,2.20086050033569
20181214,18,-6,-158,40000,7613.35302734375,259.200012207031,-10.3725337982178,3.32140493392944
20181215,0,-6,-158,40000,7605.78759765625,258.5,-7.82854604721069,2.10036015510559
20181215,6,-6,-158,40000,7609.302734375,257.160369873047,-8.09587383270264,2.82939457893372
20181215,12,-6,-158,40000,7603.46142578125,258.213073730469,-7.98727703094482,2.37369990348816
20181215,18,-6,-158,40000,7610.60546875,258.60498046875,-7.19972515106201,3.32893371582031
20181216,0,-6,-158,40000,7602.42138671875,257.999969482422,-4.49685668945313,3.51282048225403
20181216,6,-6,-158,40000,7603.09765625,257.299987792969,-3.24965214729309,6.03415822982788
20181216,12,-6,-158,40000,7602.869140625,258.300018310547,-1.55571293830872,2.36012887954712
20181216,18,-6,-158,40000,7616.0908203125,257.5,0.828466773033142,-3.08054494857788
20181217,0,-6,-158,40000,7604.22705078125,257.5,-2.56788635253906,-5.34306049346924
20181217,6,-6,-158,40000,7611.0693359375,257.700012207031,-2.31375122070313,-5.59995746612549
20181217,12,-6,-158,40000,7604.8349609375,256.50439453125,-5.17770671844482,-7.65520000457764
20181217,18,-6,-158,40000,7606.10302734375,257.041137695313,-7.78127431869507,-5.28256225585938
20181218,0,-6,-158,40000,7604.79443359375,256.77392578125,-8.79543781280518,-2.70676279067993
20181218,6,-6,-158,40000,7606.8505859375,257.534851074219,-6.99496173858643,0.122198484838009
20181218,12,-6,-158,40000,7604.4580078125,256.887756347656,-4.30833148956299,0.910595715045929
