20180720,0,-40,-35,15000,14279.486328125,213.714309692383,3.87111330032349,-6.04683589935303
20180720,6,-40,-35,15000,14292.5283203125,213,5.6683349609375,-8.09500026702881
20180720,12,-40,-35,15000,14307.0654296875,211.797210693359,1.8719482421875,-16.8517036437988
20180720,18,-40,-35,15000,14298.375,210.489990234375,0.998891592025757,-17.0942153930664
20180721,0,-40,-35,15000,14299.875,210,5.09999990463257,-10.9884519577026
20180721,6,-40,-35,15000,14301.30078125,211.117233276367,13.3027830123901,-9.17739295959473
20180721,12,-40,-35,15000,14279.361328125,211.699996948242,14.4799947738647,-18.2010822296143
20180721,18,-40,-35,15000,14247.9765625,208.862503051758,9.54444789886475,-24.8924617767334
20180722,0,-40,-35,15000,14252.77734375,209.600006103516,9.81273460388184,-29.5581684112549
20180722,6,-40,-35,15000,14260.947265625,210.600006103516,7.08805656433105,-34.7193984985352
20180722,12,-40,-35,15000,14263.4423828125,210.124465942383,7.08122062683105,-39.4948768615723
20180722,18,-40,-35,15000,14243.46875,210.385330200195,7.45313453674316,-37.8293838500977
20180723,0,-40,-35,15000,14255.7021484375,210.031692504883,7.19938707351685,-29.6685791015625
20180723,6,-40,-35,15000,14262.94140625,212.099975585938,10.9280567169189,-22.5523128509521
20180723,12,-40,-35,15000,14263.9384765625,213.600006103516,5.11064434051514,-20.3823318481445
20180723,18,-40,-35,15000,14235.5126953125,214.600006103516,6.59557628631592,-15.353554725647
20180724,0,-40,-35,15000,14229.8408203125,215.300003051758,10.9915599822998,-12.5930423736572
20180724,6,-40,-35,15000,14219.6171875,216.431686401367,14.5926561355591,-16.3351268768311
20180724,12,-40,-35,15000,14208.0341796875,217.878082275391,10.688645362854,-27.4338474273682
20180724,18,-40,-35,15000,14192.306640625,216.399993896484,2.02195072174072,-31.1037940979004
20180725,0,-40,-35,15000,14231.396484375,214.600006103516,-5.7170557975769,-28.2679634094238
20180725,6,-40,-35,15000,14265.90234375,213,-7.32101583480835,-27.7696723937988
20180725,12,-40,-35,15000,14295.77734375,210.81282043457,-10.7849998474121,-34.138053894043
20180725,18,-40,-35,15000,14288.8251953125,211.782760620117,-17.8620853424072,-26.5705070495605
20180726,0,-40,-35,15000,14311.0908203125,211.763641357422,-22.7733058929443,-16.4453239440918
20180726,6,-40,-35,15000,14321.33203125,211.399993896484,-22.1919040679932,-10.0527095794678
20180726,12,-40,-35,15000,14322.025390625,211.829147338867,-20.3859329223633,-7.8062744140625
20180726,18,-40,-35,15000,14304.236328125,211.658813476563,-18.6977519989014,-4.09116220474243
20180727,0,-40,-35,15000,14313.13671875,212.224456787109,-17.686107635498,1.61032474040985
20180727,6,-40,-35,15000,14322.02734375,212.199996948242,-11.286581993103,6.08142805099487
20180727,12,-40,-35,15000,14331.76171875,211.899993896484,1.78415524959564,5.06894540786743
20180727,18,-40,-35,15000,14315.166015625,210.588577270508,8.03472137451172,0.663137197494507
20180728,0,-40,-35,15000,14321.8271484375,210.114700317383,6.54471683502197,1.80028569698334
20180728,6,-40,-35,15000,14342.6650390625,210.185302734375,14.3802909851074,4.6719970703125
20180728,12,-40,-35,15000,14352.169921875,210.300003051758,17.9990139007568,-5.26383781433105
20180728,18,-40,-35,15000,14328.5927734375,210.100006103516,13.5355491638184,-9.71184539794922
20180729,0,-40,-35,15000,14325.0341796875,210.600006103516,6.72974109649658,-7.28126955032349
20180729,6,-40,-35,15000,14330.58984375,211.368316650391,5.62083721160889,-7.49847412109375
20180729,12,-40,-35,15000,14330.1396484375,211.899978637695,4.78000974655151,-10.3669214248657
20180729,18,-40,-35,15000,14294.2353515625,212.599975585938,-2.47775387763977,-10.1565017700195
20180730,0,-40,-35,15000,14304.33984375,212.79997253418,-13.3735542297363,-9.89515590667725
20180730,6,-40,-35,15000,14325.455078125,212.699996948242,-14.6264066696167,-10.4447069168091
20180730,12,-40,-35,15000,14333.6396484375,213.199996948242,-13.3067092895508,-13.009069442749
20180730,18,-40,-35,15000,14325.7958984375,213.5,-10.3438911437988,-13.4592237472534
20180731,0,-40,-35,15000,14334.2060546875,213.348922729492,-10.5399951934814,-16.930061340332
20180731,6,-40,-35,15000,14347.8876953125,212.600006103516,-10.0363426208496,-9.41863250732422
20180731,12,-40,-35,15000,14357.138671875,212,-6.62998056411743,-3.47119140625
20180731,18,-40,-35,15000,14330.8251953125,211,1.65268552303314,-5.033203125
20180801,0,-40,-35,15000,14321.03515625,211.061447143555,5.97004890441895,-6.86559104919434
20180801,6,-40,-35,15000,14310.54296875,211.5,13.1424999237061,-3.79176259040833
20180801,12,-40,-35,15000,14297.3623046875,212.199996948242,15.5367622375488,-14.3731641769409
20180801,18,-40,-35,15000,14273.3974609375,212.199981689453,12.6257419586182,-21.2278079986572
20180802,0,-40,-35,15000,14282.1103515625,211.699996948242,12.7394771575928,-29.484748840332
20180802,6,-40,-35,15000,14306.20703125,211,11.5416841506958,-19.9705810546875
20180802,12,-40,-35,15000,14315.9765625,212.100006103516,16.3472785949707,-14.3123683929443
20180802,18,-40,-35,15000,14291.03515625,213.600006103516,15.5609712600708,-15.6345434188843
20180803,0,-40,-35,15000,14292.6904296875,213.600006103516,16.5922336578369,-17.921968460083
20180803,6,-40,-35,15000,14292.837890625,213.199996948242,18.7799949645996,-18.3826656341553
20180803,12,-40,-35,15000,14299.1015625,211.899993896484,23.2360057830811,-19.4759788513184
20180803,18,-40,-35,15000,14279.228515625,212,17.1091690063477,-21.9665470123291
20180804,0,-40,-35,15000,14279.09375,212.5,16.8071727752686,-19.1599674224854
20180804,6,-40,-35,15000,14291.6396484375,213,20.7177791595459,-13.4898977279663
20180804,12,-40,-35,15000,14292.677734375,214.5,19.868335723877,-12.6138944625854
20180804,18,-40,-35,15000,14268.056640625,214.399993896484,19.4800052642822,-8.99342250823975
20180805,0,-40,-35,15000,14261.927734375,213.699996948242,20.824613571167,-5.42377424240112
20180805,6,-40,-35,15000,14261.4599609375,213.5,24.3300094604492,-3.13267827033997
20180805,12,-40,-35,15000,14246.119140625,214.107467651367,26.157808303833,-4.94251728057861
20180805,18,-40,-35,15000,14204.7236328125,214.79997253418,27.7789249420166,-2.21415042877197
20180806,0,-40,-35,15000,14180.12109375,215.206985473633,30.4700088500977,-1.19479489326477
20180806,6,-40,-35,15000,14184.7763671875,216,31.7700004577637,-6.83530044555664
20180806,12,-40,-35,15000,14217.228515625,214.314254760742,29.8300285339355,-7.6299729347229
20180806,18,-40,-35,15000,14224.037109375,214.600006103516,22.8266506195068,-13.7737789154053
20180807,0,-40,-35,15000,14262.2275390625,214.221923828125,17.9605369567871,-12.3360767364502
20180807,6,-40,-35,15000,14302.4716796875,213.800003051758,15.9658107757568,-7.31636953353882
20180807,12,-40,-35,15000,14327.79296875,213.199996948242,22.2449970245361,-4.73003911972046
20180807,18,-40,-35,15000,14317.5390625,212,22.0641288757324,-8.38867950439453
20180808,0,-40,-35,15000,14331.46484375,211.966705322266,15.6900072097778,-7.54051494598389
20180808,6,-40,-35,15000,14351.1298828125,211.899993896484,16.069995880127,-6.06109619140625
20180808,12,-40,-35,15000,14368.9140625,210.899978637695,14.7727241516113,-5.66339826583862
20180808,18,-40,-35,15000,14354.1923828125,210.29997253418,15.978554725647,-1.8966406583786
20180809,0,-40,-35,15000,14358.2763671875,209.800247192383,13.5616750717163,-3.60877442359924
20180809,6,-40,-35,15000,14367.9658203125,210.199996948242,17.134449005127,3.23330807685852
20180809,12,-40,-35,15000,14368.419921875,210.600006103516,20.7043552398682,7.46414804458618
20180809,18,-40,-35,15000,14315.0947265625,210.406982421875,20.1647319793701,2.7389452457428
20180810,0,-40,-35,15000,14298.73046875,211.300003051758,14.9117965698242,-0.429965823888779
20180810,6,-40,-35,15000,14297.923828125,211,18.7022762298584,8.00292205810547
20180810,12,-40,-35,15000,14277.892578125,211.836380004883,27.2037982940674,3.8647997379303
20180810,18,-40,-35,15000,14230.1787109375,212.699996948242,29.2076797485352,5.66605949401855
20180811,0,-40,-35,15000,14205.162109375,214.100006103516,30.2599563598633,10.9267139434814
20180811,6,-40,-35,15000,14205.80078125,214.399993896484,31.8525104522705,-0.829680204391479
20180811,12,-40,-35,15000,14226.83203125,213,24.9715766906738,-6.44958734512329
20180811,18,-40,-35,15000,14217.5986328125,212.687210083008,20.4867572784424,-5.25165748596191
20180812,0,-40,-35,15000,14223.986328125,211.918304443359,17.3664932250977,-1.58970212936401
20180812,6,-40,-35,15000,14231.5986328125,211.076416015625,19.7700004577637,-4.4798412322998
20180812,12,-40,-35,15000,14245.287109375,211,17.7719478607178,-9.98164081573486
20180812,18,-40,-35,15000,14230.3251953125,210.199981689453,19.0700054168701,-8.91738796234131
20180813,0,-40,-35,15000,14233.849609375,209.868316650391,22.4813575744629,-10.5137014389038
20180813,6,-40,-35,15000,14249.7734375,209.5,25.3515815734863,-9.77094745635986
20180813,12,-40,-35,15000,14261.4208984375,209.399978637695,22.8566741943359,-10.4678983688354
20180813,18,-40,-35,15000,14249.05859375,209.600006103516,21.1366405487061,-11.2853364944458
20180814,0,-40,-35,15000,14267.87109375,208.699996948242,23.3396339416504,-8.47640609741211
20180814,6,-40,-35,15000,14286.2802734375,208.199996948242,19.9361228942871,-9.39325714111328
20180814,12,-40,-35,15000,14302.4375,208.5,20.0496196746826,-5.93000507354736
20180814,18,-40,-35,15000,14292.3212890625,208.099975585938,20.1571292877197,-5.9178466796875
20180815,0,-40,-35,15000,14301.3291015625,207.663375854492,22.8443660736084,-3.95059561729431
20180815,6,-40,-35,15000,14307.13671875,207.599975585938,22.9522800445557,2.49104237556458
20180815,12,-40,-35,15000,14288.912109375,207.5,25.0712203979492,-0.516281723976135
20180815,18,-40,-35,15000,14256.3916015625,207.800003051758,26.5599994659424,3.40693855285645
20180816,0,-40,-35,15000,14245.7138671875,208.399993896484,27.2800006866455,5.47671890258789
20180816,6,-40,-35,15000,14228.7353515625,208.639801025391,25.2248783111572,12.5375709533691
20180816,12,-40,-35,15000,14155.763671875,210.199996948242,28.0146236419678,27.0536556243896
20180816,18,-40,-35,15000,14039.8466796875,215.600006103516,29.5033340454102,25.1634330749512
20180817,0,-40,-35,15000,13975.0537109375,219.861083984375,21.6500091552734,17.0250873565674
20180817,6,-40,-35,15000,13935.26953125,223.100006103516,16.8600044250488,6.13466310501099
20180817,12,-40,-35,15000,13938.3935546875,222.399993896484,8.61999988555908,-5.11545419692993
20180817,18,-40,-35,15000,13947.0224609375,220.429153442383,8.81445026397705,-18.5361862182617
20180818,0,-40,-35,15000,14017.13671875,216.100006103516,9.4891996383667,-26.3080005645752
20180818,6,-40,-35,15000,14102.3134765625,213.800003051758,14.2975044250488,-22.891716003418
20180818,12,-40,-35,15000,14165.58984375,213.100006103516,19.097505569458,-14.8409156799316
20180818,18,-40,-35,15000,14164.5849609375,213.499755859375,21.1139011383057,-7.83610105514526
20180819,0,-40,-35,15000,14163.478515625,213.999755859375,25.6036186218262,-2.40603017807007
20180819,6,-40,-35,15000,14160.861328125,214.699996948242,31.8528861999512,-2.72110605239868
20180819,12,-40,-35,15000,14170.64453125,214.699752807617,31.3800048828125,-10.9645290374756
20180819,18,-40,-35,15000,14164.978515625,213.600006103516,29.0581398010254,-15.0863571166992
20180820,0,-40,-35,15000,14194.4736328125,213.107467651367,27.8352432250977,-13.8367652893066
20180820,6,-40,-35,15000,14232.865234375,210.899993896484,27.2346725463867,-18.4580364227295
20180820,12,-40,-35,15000,14266.7490234375,209.699981689453,23.6655960083008,-18.4251041412354
20180820,18,-40,-35,15000,14268.48046875,208.300003051758,19.4500102996826,-15.3276710510254
20180821,0,-40,-35,15000,14293.0888671875,208.699996948242,19.8811092376709,-12.0055856704712
20180821,6,-40,-35,15000,14316.8125,209.5,23.7780857086182,-7.46406269073486
20180821,12,-40,-35,15000,14327.302734375,209.600006103516,22.280834197998,-4.72478532791138
20180821,18,-40,-35,15000,14306.353515625,209.500030517578,22.7799968719482,-3.5584180355072
20180822,0,-40,-35,15000,14315.1572265625,209.636383056641,23.3700046539307,0.176823735237122
20180822,6,-40,-35,15000,14321.7021484375,210.236373901367,22.9899997711182,-0.0867675766348839
20180822,12,-40,-35,15000,14323.759765625,210.100006103516,25.4656009674072,-3.61595225334167
20180822,18,-40,-35,15000,14302.7578125,210.170852661133,24.0552883148193,-5.49554681777954
20180823,0,-40,-35,15000,14313.72265625,210.300003051758,20.4697704315186,-10.4413423538208
20180823,6,-40,-35,15000,14333.44921875,209.813354492188,20.08203125,-13.8259305953979
20180823,12,-40,-35,15000,14358.98828125,209.878082275391,21.0100154876709,-11.5561790466309
20180823,18,-40,-35,15000,14355.41015625,209.699996948242,22.4411182403564,-12.2179565429688
20180824,0,-40,-35,15000,14355.2158203125,210.099975585938,20.1900100708008,-12.5517311096191
20180824,6,-40,-35,15000,14366.931640625,210.800003051758,23.2977733612061,-15.157509803772
20180824,12,-40,-35,15000,14372.8779296875,210.399993896484,22.4067001342773,-16.312572479248
20180824,18,-40,-35,15000,14365.8037109375,210.699996948242,17.1381683349609,-12.2061328887939
20180825,0,-40,-35,15000,14366.0986328125,212.399993896484,14.1326904296875,-11.9658641815186
20180825,6,-40,-35,15000,14363.81640625,212.699981689453,14.8422365188599,-9.57837390899658
20180825,12,-40,-35,15000,14363.33203125,211.800003051758,13.2216501235962,-6.0229811668396
20180825,18,-40,-35,15000,14332.8828125,211.399993896484,16.6452789306641,-3.43935799598694
20180826,0,-40,-35,15000,14319.076171875,212.100006103516,20.4994430541992,-0.593020021915436
20180826,6,-40,-35,15000,14301.1923828125,213,22.6988906860352,-1.50288820266724
20180826,12,-40,-35,15000,14277.8134765625,212.806976318359,27.2824611663818,-1.96415770053864
20180826,18,-40,-35,15000,14243.88671875,213.199996948242,29.2911224365234,-2.65637946128845
20180827,0,-40,-35,15000,14222.4287109375,212.699996948242,35.4623107910156,-2.50602054595947
20180827,6,-40,-35,15000,14212.552734375,211.499969482422,36.4300079345703,0.769760727882385
20180827,12,-40,-35,15000,14182.80078125,212.814697265625,37.3252868652344,0.892658710479736
20180827,18,-40,-35,15000,14138.697265625,214,33.3680572509766,-3.13182616233826
20180828,0,-40,-35,15000,14112.255859375,215.29997253418,34.6955375671387,-0.599184572696686
20180828,6,-40,-35,15000,14101.599609375,216.199996948242,30.6685409545898,-2.73138666152954
20180828,12,-40,-35,15000,14106.0234375,214.399993896484,28.0699977874756,-14.9743967056274
20180828,18,-40,-35,15000,14104.7841796875,212.699996948242,26.3049736022949,-21.0035514831543
20180829,0,-40,-35,15000,14131.9990234375,211.499969482422,31.4099044799805,-14.2934150695801
20180829,6,-40,-35,15000,14157.8916015625,209.739410400391,33.2339210510254,-6.14302492141724
20180829,12,-40,-35,15000,14168.505859375,210.399993896484,31.4296722412109,-6.20851564407349
20180829,18,-40,-35,15000,14156.732421875,210,31.8507919311523,0.235136717557907
20180830,0,-40,-35,15000,14154.3671875,211.100006103516,31.4746475219727,2.67081546783447
20180830,6,-40,-35,15000,14155.1689453125,211.79997253418,30.2467155456543,5.8315749168396
20180830,12,-40,-35,15000,14146.193359375,213.182769775391,35.0163459777832,-2.33918690681458
20180830,18,-40,-35,15000,14147.2451171875,211.399978637695,33.6500015258789,-6.83420419692993
20180831,0,-40,-35,15000,14159.67578125,210.987945556641,32.0300025939941,-6.38604021072388
20180831,6,-40,-35,15000,14175.90625,212.059234619141,27.4255523681641,0.965163588523865
20180831,12,-40,-35,15000,14174.021484375,211.811187744141,29.0066204071045,9.6604642868042
20180831,18,-40,-35,15000,14136.0791015625,212.020950317383,30.5420513153076,10.7364358901978
20180901,0,-40,-35,15000,14112.642578125,212.899978637695,29.1227779388428,19.3444557189941
20180901,6,-40,-35,15000,14088.4921875,213.899993896484,29.9699993133545,22.9878120422363
20180901,12,-40,-35,15000,14073.8212890625,213.5,35.4800109863281,18.9110946655273
20180901,18,-40,-35,15000,14040.857421875,213.699996948242,32.7722206115723,9.89169883728027
20180902,0,-40,-35,15000,14045.14453125,213.399993896484,24.3794631958008,4.65768814086914
20180902,6,-40,-35,15000,14064.0302734375,211.5,28.3519096374512,3.36182117462158
20180902,12,-40,-35,15000,14093.482421875,211.5,23.2355518341064,-3.490966796875
20180902,18,-40,-35,15000,14123.20703125,209.300003051758,18.6306247711182,-8.51563930511475
20180903,0,-40,-35,15000,14161.3076171875,210.300003051758,14.5604782104492,-7.82495594024658
20180903,6,-40,-35,15000,14200.7041015625,211.899993896484,17.0800018310547,-1.18127679824829
20180903,12,-40,-35,15000,14218.58203125,212.300003051758,17.9866409301758,-4.0652027130127
20180903,18,-40,-35,15000,14216.2109375,211.600006103516,18.8744506835938,-3.28165292739868
20180904,0,-40,-35,15000,14238.9033203125,211.300003051758,21.8921661376953,-2.17969489097595
20180904,6,-40,-35,15000,14276.587890625,211.29997253418,26.4448680877686,-0.775749504566193
20180904,12,-40,-35,15000,14280.3115234375,208.800003051758,22.8691749572754,1.41122806072235
20180904,18,-40,-35,15000,14264.150390625,210.79997253418,13.0133543014526,6.47819566726685
20180905,0,-40,-35,15000,14256.8203125,211.899993896484,7.35186052322388,15.5841646194458
20180905,6,-40,-35,15000,14236.2587890625,212.899993896484,17.5949649810791,22.1366596221924
20180905,12,-40,-35,15000,14218.3447265625,213.600006103516,19.6534328460693,18.7649421691895
20180905,18,-40,-35,15000,14189.48828125,214,20.8175106048584,18.737548828125
20180906,0,-40,-35,15000,14188.40625,214.000045776367,20.5000095367432,17.4720802307129
20180906,6,-40,-35,15000,14194.1748046875,213.699996948242,26.0100040435791,12.8496408462524
20180906,12,-40,-35,15000,14199.736328125,211.91943359375,27.8911399841309,7.22091817855835
20180906,18,-40,-35,15000,14197.3359375,211.600006103516,23.3944778442383,6.57554912567139
20180907,0,-40,-35,15000,14210.943359375,210.594207763672,23.2211227416992,7.76181888580322
20180907,6,-40,-35,15000,14237.3740234375,208.399993896484,23.9212589263916,8.88343048095703
20180907,12,-40,-35,15000,14248.69921875,209,20.0108261108398,12.1894435882568
20180907,18,-40,-35,15000,14240.4453125,207.899993896484,18.2916793823242,16.267406463623
20180908,0,-40,-35,15000,14247.5224609375,207.79997253418,19.731689453125,15.2953567504883
20180908,6,-40,-35,15000,14250.298828125,208,22.4200096130371,13.5160007476807
20180908,12,-40,-35,15000,14258.478515625,207.699981689453,20.4111213684082,13.2099876403809
20180908,18,-40,-35,15000,14249.5927734375,208.099975585938,16.9925155639648,13.4707832336426
20180909,0,-40,-35,15000,14251.173828125,207.899978637695,13.2868118286133,14.7313938140869
20180909,6,-40,-35,15000,14251.6171875,207.699996948242,14.9236621856689,13.5768404006958
20180909,12,-40,-35,15000,14236.0166015625,208.399993896484,11.2110328674316,8.93273162841797
20180909,18,-40,-35,15000,14203.87890625,208.5,10.7500219345093,11.3479537963867
20180910,0,-40,-35,15000,14185.916015625,208.699996948242,11.1400146484375,14.8266458511353
20180910,6,-40,-35,15000,14168.48046875,209.861083984375,17.8777809143066,17.2038154602051
20180910,12,-40,-35,15000,14149.3662109375,210.199996948242,22.0709991455078,15.7134761810303
20180910,18,-40,-35,15000,14105.4990234375,211.100006103516,27.416015625,13.8110666275024
20180911,0,-40,-35,15000,14090.333984375,212.038909912109,29.0300235748291,14.4725761413574
20180911,6,-40,-35,15000,14092.5126953125,212,33.0880165100098,6.27164077758789
20180911,12,-40,-35,15000,14094.5341796875,211.800003051758,32.6600151062012,4.93030023574829
20180911,18,-40,-35,15000,14076.1796875,211.927734375,29.0605659484863,-0.413488775491714
20180912,0,-40,-35,15000,14082.6328125,212.246612548828,26.2552871704102,-1.20246088504791
20180912,6,-40,-35,15000,14093.990234375,212.191009521484,26.1552848815918,0.168867185711861
20180912,12,-40,-35,15000,14079.34765625,212.946136474609,26.0977096557617,4.33372783660889
20180912,18,-40,-35,15000,14035.267578125,215.927536010742,25.8242359161377,6.35664796829224
20180913,0,-40,-35,15000,14010.759765625,217.831695556641,26.0960960388184,0.352250963449478
20180913,6,-40,-35,15000,14014.17578125,216.321929931641,34.3457794189453,-6.21356439590454
20180913,12,-40,-35,15000,14023.3134765625,215.79997253418,32.2036628723145,-5.96007347106934
20180913,18,-40,-35,15000,13985.8935546875,218.100006103516,29.4395637512207,-6.61551761627197
20180914,12,-40,-35,15000,14020.8134765625,214.102493286133,40.0549850463867,-16.9340286254883
20180914,18,-40,-35,15000,14017.521484375,213.100006103516,39.324146270752,-17.2391738891602
20180915,0,-40,-35,15000,14030.458984375,215.199996948242,36.880012512207,-10.1975803375244
20180915,6,-40,-35,15000,14050.103515625,214.600006103516,30.2070331573486,-7.15543460845947
20180915,12,-40,-35,15000,14084.6513671875,211.29997253418,31.1941909790039,-22.1970329284668
20180915,18,-40,-35,15000,14096.892578125,209.731689453125,31.0899105072021,-12.3163061141968
20180916,0,-40,-35,15000,14103.869140625,209.285278320313,32.4625854492188,-5.06591081619263
20180916,12,-40,-35,15000,14111.48828125,210.238922119141,35.3926086425781,-2.44749021530151
20180916,18,-40,-35,15000,14078.009765625,209.800003051758,38.8536987304688,1.43274903297424
20180917,0,-40,-35,15000,14044.35546875,211.300003051758,43.050838470459,4.82784414291382
20180917,6,-40,-35,15000,14008.0390625,213.600006103516,43.8275146484375,11.1221952438354
20180917,12,-40,-35,15000,13932.080078125,217.899993896484,39.8635101318359,11.4092988967896
20180917,18,-40,-35,15000,13877.5048828125,217.099975585938,39.9940528869629,-1.04158687591553
20180918,0,-40,-35,15000,13878.95703125,215.499969482422,41.4291305541992,-3.11617922782898
20180918,6,-40,-35,15000,13884.2978515625,215.600006103516,45.1637687683105,-2.31723880767822
20180918,12,-40,-35,15000,13853.4345703125,217.800003051758,43.2832527160645,-1.68544185161591
20180918,18,-40,-35,15000,13818.771484375,218.399993896484,41.9659042358398,-7.37747049331665
20180919,0,-40,-35,15000,13821.880859375,217.836349487305,41.4255561828613,-5.52462148666382
20180919,6,-40,-35,15000,13828.5234375,218.300003051758,36.0265502929688,-3.88132071495056
20180919,12,-40,-35,15000,13834.681640625,217.720169067383,37.7631454467773,-7.67231178283691
20180919,18,-40,-35,15000,13836.5048828125,216.80322265625,38.7497329711914,-12.3474292755127
20180920,0,-40,-35,15000,13863.0634765625,215.955047607422,44.7649841308594,-10.1657495498657
20180920,6,-40,-35,15000,13905.14453125,215.300003051758,46.4196929931641,-12.0281324386597
20180920,12,-40,-35,15000,13931.3359375,214.600021362305,50.7083511352539,-14.1779050827026
20180920,18,-40,-35,15000,13948.78515625,214.5,47.1496467590332,-15.613730430603
20180921,0,-40,-35,15000,14008.2998046875,212.899993896484,46.228328704834,-13.1649198532104
20180921,6,-40,-35,15000,14078.052734375,210.524459838867,46.0907974243164,-9.07886695861816
20180921,12,-40,-35,15000,14115.12890625,211.018890380859,41.9032135009766,-12.8988695144653
20180921,18,-40,-35,15000,14138.92578125,210.100006103516,42.805850982666,-6.72670888900757
20180922,0,-40,-35,15000,14171.1552734375,208.424468994141,42.2675018310547,-1.58282232284546
20180922,6,-40,-35,15000,14185.005859375,209.078079223633,38.2545509338379,8.36244583129883
20180922,12,-40,-35,15000,14190.275390625,208.300003051758,40.4492073059082,14.3009786605835
20180922,18,-40,-35,15000,14170.7099609375,208.699996948242,39.3442115783691,18.0801773071289
20180923,0,-40,-35,15000,14159.96875,208.5,39.7881317138672,20.2154903411865
20180923,6,-40,-35,15000,14149.5537109375,208.5,39.3970642089844,20.0298080444336
20180923,12,-40,-35,15000,14146.2646484375,209.399993896484,35.4821090698242,20.1541385650635
20180923,18,-40,-35,15000,14126.54296875,208.899993896484,34.45068359375,22.7420902252197
20180924,0,-40,-35,15000,14109.1533203125,208,32.9169387817383,26.7534961700439
20180924,6,-40,-35,15000,14100.7783203125,207.300003051758,33.6096343994141,20.2882881164551
20180924,12,-40,-35,15000,14095.2509765625,208.199996948242,30.7132511138916,24.4615917205811
20180924,18,-40,-35,15000,14065.1923828125,207.789993286133,29.4708366394043,26.7752342224121
20180925,0,-40,-35,15000,14054.0302734375,210.008148193359,32.748966217041,24.058837890625
20180925,6,-40,-35,15000,14036.8115234375,211.399993896484,36.2059783935547,23.2627906799316
20180925,12,-40,-35,15000,14018.5625,211.699996948242,36.5951995849609,22.8887138366699
20180925,18,-40,-35,15000,13989.0771484375,212.199996948242,36.034122467041,29.8827342987061
20180926,0,-40,-35,15000,13965.4384765625,212.5,35.9600639343262,29.824779510498
20180926,6,-40,-35,15000,13980.880859375,210.295623779297,37.2639694213867,20.739408493042
20180926,12,-40,-35,15000,13995.896484375,210.985641479492,40.2682151794434,19.30810546875
20180926,18,-40,-35,15000,13978.4423828125,211.958038330078,40.0041656494141,18.017240524292
20180927,0,-40,-35,15000,14006.791015625,212.106246948242,45.2380714416504,20.5906543731689
20180927,6,-40,-35,15000,14036.0302734375,211.300003051758,47.9896278381348,26.2867603302002
20180927,12,-40,-35,15000,14044.943359375,212.899978637695,41.6025352478027,29.4788436889648
20180927,18,-40,-35,15000,14001.77734375,216.100006103516,35.8028945922852,27.0786323547363
20180928,0,-40,-35,15000,13961.177734375,219.800003051758,40.4297294616699,13.3567628860474
20180928,6,-40,-35,15000,13975.478515625,217.699996948242,48.7705726623535,-0.662324190139771
20180928,12,-40,-35,15000,14027.837890625,214.399993896484,41.3217887878418,-0.028466796502471
20180928,18,-40,-35,15000,14018.978515625,212.699981689453,44.2477874755859,-1.09198236465454
20180929,0,-40,-35,15000,14010.9716796875,212.800003051758,51.2153167724609,-6.93750476837158
20180929,6,-40,-35,15000,14026.701171875,211.199996948242,58.6619834899902,-13.1172189712524
20180929,12,-40,-35,15000,14063.9150390625,209.5,60.8453903198242,-15.1045827865601
20180929,18,-40,-35,15000,14078.9736328125,209.995559692383,57.0469779968262,-11.6046895980835
20180930,0,-40,-35,15000,14112.76953125,209,57.8949813842773,-4.1780104637146
20180930,6,-40,-35,15000,14137.6845703125,210.059448242188,58.642505645752,6.02218770980835
20180930,12,-40,-35,15000,14164.5595703125,212.29997253418,45.6995086669922,14.9817361831665
20180930,18,-40,-35,15000,14167.7099609375,211.499969482422,36.4573822021484,21.5381145477295
20181001,0,-40,-35,15000,14188.7333984375,212.399993896484,38.7713737487793,18.6733741760254
20181001,6,-40,-35,15000,14166.6162109375,213,39.6333503723145,24.4512214660645
20181001,12,-40,-35,15000,14153.107421875,212.699981689453,36.0633583068848,31.6998481750488
20181001,18,-40,-35,15000,14099.6728515625,213.699996948242,31.6418762207031,36.6475219726563
20181002,0,-40,-35,15000,14057.423828125,213.800003051758,38.8179206848145,33.0734634399414
20181002,6,-40,-35,15000,14054.4365234375,213.5,43.3792381286621,30.7642631530762
20181002,12,-40,-35,15000,14045.4189453125,212.338912963867,46.8026084899902,28.3564014434814
20181002,18,-40,-35,15000,14033.072265625,212.5,49.7066459655762,25.1404972076416
20181003,0,-40,-35,15000,14035.66796875,211.044097900391,55.0010147094727,22.1027145385742
20181003,6,-40,-35,15000,14052.7314453125,209.800003051758,56.4886131286621,18.0573291778564
20181003,12,-40,-35,15000,14054.2509765625,210.800003051758,54.3805656433105,14.8217916488647
20181003,18,-40,-35,15000,14041.73046875,211.738922119141,57.1105651855469,8.44498252868652
20181004,0,-40,-35,15000,14067.4970703125,211.021926879883,53.9694519042969,0.225014641880989
20181004,6,-40,-35,15000,14091.201171875,210.600006103516,51.169921875,-4.71832036972046
20181004,12,-40,-35,15000,14111.6435546875,209.814697265625,47.6794548034668,-8.23836898803711
20181004,18,-40,-35,15000,14127.619140625,211.107467651367,38.0053291320801,-8.1716480255127
20181005,0,-40,-35,15000,14157.951171875,210.246139526367,36.337100982666,-2.36889410018921
20181005,6,-40,-35,15000,14188.4091796875,209.199996948242,33.7328681945801,-7.15177965164185
20181005,12,-40,-35,15000,14207.5771484375,208.999969482422,30.5497436523438,-5.79085206985474
20181005,18,-40,-35,15000,14207.0576171875,207.300003051758,30.456657409668,-5.12348365783691
20181006,0,-40,-35,15000,14211.96875,207,31.2893772125244,-4.66035890579224
20181006,6,-40,-35,15000,14219.244140625,207.653884887695,30.7570819854736,-0.0937207043170929
20181006,12,-40,-35,15000,14214.9873046875,208.300003051758,26.7912712097168,-3.46124029159546
20181006,18,-40,-35,15000,14193.3310546875,209.348922729492,21.8430290222168,0.697568356990814
20181007,0,-40,-35,15000,14170.0703125,209.778076171875,19.6649837493896,3.34822392463684
20181007,6,-40,-35,15000,14139.2451171875,211.121917724609,21.3140716552734,7.97210693359375
20181007,12,-40,-35,15000,14103.451171875,211,22.2153224945068,7.20646381378174
20181007,18,-40,-35,15000,14059.6376953125,211.021896362305,29.0497016906738,10.615026473999
20181008,0,-40,-35,15000,14030.71484375,211.800003051758,36.3056144714355,10.1375980377197
20181008,6,-40,-35,15000,14003.7099609375,212.199981689453,41.1214828491211,12.6183004379272
20181008,12,-40,-35,15000,13984.6376953125,212.600006103516,43.0325775146484,13.9180812835693
20181008,18,-40,-35,15000,13959.7373046875,213,46.6009368896484,11.6321334838867
20181009,0,-40,-35,15000,13959.7900390625,212.499755859375,47.4895133972168,11.4983596801758
20181009,6,-40,-35,15000,13970.3349609375,211.699996948242,47.6874809265137,15.8932275772095
20181009,12,-40,-35,15000,13981.830078125,212.199981689453,48.6775588989258,17.2455215454102
20181009,18,-40,-35,15000,13975.869140625,211.407470703125,46.4799499511719,16.2490177154541
20181010,0,-40,-35,15000,13981.3896484375,210.53889465332,45.0352630615234,20.5461807250977
20181010,6,-40,-35,15000,13996.78125,209.600006103516,46.0763702392578,22.176233291626
20181010,12,-40,-35,15000,14014.896484375,209.100006103516,44.2833290100098,23.1357650756836
20181010,18,-40,-35,15000,14013.03125,209,41.0614395141602,23.042797088623
20181011,0,-40,-35,15000,14026.9228515625,209.206985473633,37.6801986694336,24.2039909362793
20181011,6,-40,-35,15000,14035.544921875,209.600006103516,37.4152145385742,24.8219833374023
20181011,12,-40,-35,15000,14038.40625,209.699996948242,36.510082244873,25.8034763336182
20181011,18,-40,-35,15000,14019.6904296875,209.399978637695,34.3006706237793,28.8621482849121
20181012,0,-40,-35,15000,14009.111328125,210.199981689453,34.4933776855469,29.2420558929443
20181012,6,-40,-35,15000,13983.2763671875,210.399993896484,36.426513671875,31.5912208557129
20181012,12,-40,-35,15000,13946.76171875,212.600006103516,32.4934387207031,31.3008346557617
20181012,18,-40,-35,15000,13899.51953125,213.399993896484,40.8984031677246,24.7896289825439
20181013,0,-40,-35,15000,13895.0361328125,213.499755859375,40.5814476013184,25.2539310455322
20181013,6,-40,-35,15000,13897.087890625,211.44612121582,39.6479835510254,32.2209510803223
20181013,12,-40,-35,15000,13871.5234375,213.899993896484,34.8917465209961,30.2526950836182
20181013,18,-40,-35,15000,13822.48046875,215.199996948242,34.3661727905273,26.9233932495117
20181014,0,-40,-35,15000,13813.6884765625,216.399993896484,30.2645454406738,23.7571296691895
20181014,6,-40,-35,15000,13774.9970703125,217.5,32.4887619018555,20.1444625854492
20181014,12,-40,-35,15000,13768.791015625,217.300003051758,37.1885070800781,12.4186229705811
20181014,18,-40,-35,15000,13770.22265625,216.300003051758,39.4474105834961,10.5466890335083
20181015,0,-40,-35,15000,13778.8759765625,216.100006103516,39.5588684082031,10.0355415344238
20181015,6,-40,-35,15000,13780.884765625,214.699996948242,39.2582550048828,12.1956253051758
20181015,12,-40,-35,15000,13751.380859375,215.517242431641,39.4145736694336,11.7655124664307
20181015,18,-40,-35,15000,13718.5322265625,216.399993896484,36.2904777526855,8.09113788604736
20181016,0,-40,-35,15000,13726.0625,216.100006103516,38.065315246582,8.42586421966553
20181016,6,-40,-35,15000,13744.896484375,215.499969482422,42.3544960021973,8.17719268798828
20181016,12,-40,-35,15000,13770.0390625,215,40.7236595153809,12.1858005523682
20181016,18,-40,-35,15000,13759.541015625,214.5,39.9683456420898,25.1844291687012
20181017,0,-40,-35,15000,13727.4189453125,217.899993896484,32.9114837646484,19.7171249389648
20181017,6,-40,-35,15000,13719.1240234375,218.206985473633,40.1030769348145,18.4740371704102
20181017,12,-40,-35,15000,13744.541015625,217.599975585938,45.8235702514648,18.0854434967041
20181017,18,-40,-35,15000,13768.5546875,218.232131958008,49.6615982055664,20.9093132019043
20181018,0,-40,-35,15000,13788.2646484375,218.836380004883,47.2110977172852,27.3460140228271
20181018,6,-40,-35,15000,13783.9736328125,219.300003051758,44.9083404541016,25.4049682617188
20181018,12,-40,-35,15000,13782.9912109375,218.5,47.0625190734863,26.7657127380371
20181018,18,-40,-35,15000,13772.3037109375,216.300003051758,44.3187484741211,32.5685882568359
20181019,0,-40,-35,15000,13745.044921875,218.600006103516,39.8795318603516,33.3941802978516
20181019,6,-40,-35,15000,13729.4072265625,217.899993896484,37.5452728271484,28.6765975952148
20181019,18,-40,-35,15000,13687.791015625,217.396530151367,36.7605743408203,21.2795352935791
20181020,0,-40,-35,15000,13676.82421875,218.100006103516,36.8332862854004,22.7913665771484
20181020,6,-40,-35,15000,13670.6416015625,217.600006103516,34.8606147766113,22.9568710327148
20181020,12,-40,-35,15000,13662.8349609375,218.300003051758,33.8813743591309,21.4488983154297
20181020,18,-40,-35,15000,13645.3203125,217.79997253418,30.4312973022461,17.4259223937988
20181021,0,-40,-35,15000,13649.212890625,217.199996948242,26.5206813812256,15.7999362945557
20181021,6,-40,-35,15000,13659.2939453125,216.899993896484,26.6805648803711,12.4453048706055
20181021,12,-40,-35,15000,13672.6279296875,217.138916015625,25.5829219818115,6.0981125831604
20181021,18,-40,-35,15000,13684.6474609375,216,24.1788005828857,4.28899908065796
20181022,0,-40,-35,15000,13710.5185546875,215.600006103516,22.3800029754639,4.04737567901611
20181022,6,-40,-35,15000,13719.52734375,215.564117431641,26.3920726776123,11.4440670013428
20181022,12,-40,-35,15000,13718.193359375,215.743118286133,27.4943923950195,4.30793190002441
20181022,18,-40,-35,15000,13728.14453125,213.399993896484,27.1807479858398,1.787109375
20181023,0,-40,-35,15000,13745.4912109375,213.600006103516,23.9322090148926,8.44503688812256
20181023,6,-40,-35,15000,13744.923828125,213.869293212891,28.2898445129395,11.4147043228149
20181023,12,-40,-35,15000,13755.5673828125,215.486129760742,28.7305355072021,10.4596385955811
20181023,18,-40,-35,15000,13735.634765625,216.100006103516,31.5081329345703,15.312255859375
20181024,0,-40,-35,15000,13740.880859375,216.699996948242,28.7439403533936,13.7330513000488
20181024,6,-40,-35,15000,13731.392578125,215.099975585938,34.2657012939453,16.7214069366455
20181024,12,-40,-35,15000,13728.990234375,215.584518432617,31.7845554351807,16.8313865661621
20181024,18,-40,-35,15000,13702.9638671875,216.199996948242,31.2112884521484,12.3439235687256
20181025,0,-40,-35,15000,13712.26953125,216.994781494141,26.5541305541992,13.2069845199585
20181025,6,-40,-35,15000,13706.2939453125,216.805587768555,26.2824897766113,10.5034446716309
20181025,12,-40,-35,15000,13711.8798828125,217.399978637695,32.0630378723145,6.87142086029053
20181025,18,-40,-35,15000,13702.2490234375,217.8134765625,33.3186531066895,3.80998778343201
20181026,0,-40,-35,15000,13723.4990234375,217.003463745117,36.2178382873535,-0.567336440086365
20181026,6,-40,-35,15000,13759.79296875,215.870849609375,42.461971282959,-2.5684814453125
20181026,12,-40,-35,15000,13810.1015625,214.629150390625,43.2804794311523,-0.104909665882587
20181026,18,-40,-35,15000,13819.349609375,213.867385864258,47.8660011291504,5.8573317527771
20181027,0,-40,-35,15000,13839.0546875,215.038909912109,51.6715660095215,11.3932180404663
20181027,6,-40,-35,15000,13834.01171875,213.800003051758,60.275447845459,20.1999416351318
20181027,12,-40,-35,15000,13845.98828125,215.353363037109,54.8166618347168,21.8380508422852
20181027,18,-40,-35,15000,13819.4375,215.800003051758,60.8600044250488,21.1252822875977
20181028,0,-40,-35,15000,13805.4921875,215.800003051758,66.4599990844727,17.8136959075928
20181028,6,-40,-35,15000,13817.255859375,216.999969482422,63.2436141967773,19.3586082458496
20181028,12,-40,-35,15000,13822.0029296875,215.300003051758,68.0928726196289,27.3752880096436
20181028,18,-40,-35,15000,13813.361328125,214.899978637695,68.8776397705078,27.3329486846924
20181029,0,-40,-35,15000,13812.0478515625,214.199996948242,64.1655960083008,33.7626800537109
20181029,6,-40,-35,15000,13804.7587890625,215.899978637695,63.284423828125,32.2714157104492
20181029,12,-40,-35,15000,13799.736328125,217.79997253418,61.7616119384766,33.8191108703613
20181029,18,-40,-35,15000,13761.77734375,218,57.2641448974609,35.62109375
20181030,0,-40,-35,15000,13722.0302734375,219.300003051758,62.1494445800781,31.9441204071045
20181030,6,-40,-35,15000,13694.6064453125,218.61962890625,59.3206748962402,24.8790435791016
20181030,12,-40,-35,15000,13643.0048828125,220.407470703125,52.6900100708008,18.3602828979492
20181030,18,-40,-35,15000,13608.798828125,222.100006103516,52.697998046875,13.2228565216064
20181031,0,-40,-35,15000,13603.525390625,222.214691162109,51.8771591186523,7.90852069854736
20181031,6,-40,-35,15000,13609.1279296875,220.79997253418,51.3233489990234,5.8524169921875
20181031,12,-40,-35,15000,13611.333984375,221.300003051758,47.1377830505371,2.82921385765076
20181031,18,-40,-35,15000,13610.9765625,221.600006103516,40.8500747680664,-0.846323251724243
20181101,0,-40,-35,15000,13622.25,220.800003051758,37.2639007568359,-3.43798351287842
20181101,6,-40,-35,15000,13650.8349609375,218.899993896484,37.8671722412109,-6.6026463508606
20181101,12,-40,-35,15000,13667.103515625,218.175537109375,36.0316696166992,-2.63301277160645
20181101,18,-40,-35,15000,13655.0224609375,218.199996948242,33.1929893493652,-5.33107423782349
20181102,0,-40,-35,15000,13675.8359375,217.399993896484,32.7744255065918,-8.77466297149658
20181102,6,-40,-35,15000,13687.0537109375,215.899993896484,31.5202522277832,-9.21428680419922
20181102,12,-40,-35,15000,13693.7841796875,214.100021362305,29.8177108764648,-9.46779251098633
20181102,18,-40,-35,15000,13687.7373046875,213.968307495117,29.2707424163818,-9.08711910247803
20181103,0,-40,-35,15000,13706.39453125,215.699996948242,28.6518363952637,-11.7280178070068
20181103,6,-40,-35,15000,13730.5615234375,217.100006103516,28.7923812866211,-11.1435279846191
20181103,12,-40,-35,15000,13764.23046875,217.100006103516,31.1672592163086,-13.969123840332
20181103,18,-40,-35,15000,13780.8837890625,216.785308837891,34.8622016906738,-12.1823434829712
20181104,0,-40,-35,15000,13795.8173828125,216.89453125,36.9475975036621,-6.64891624450684
20181104,6,-40,-35,15000,13775.412109375,217.5,39.7482147216797,-1.46882808208466
20181104,12,-40,-35,15000,13771.0029296875,217.300018310547,38.5550079345703,2.54074716567993
20181104,18,-40,-35,15000,13742.556640625,216.443603515625,35.8031425476074,-1.32693362236023
20181105,0,-40,-35,15000,13752.0546875,215.399993896484,35.3616065979004,-3.41733646392822
20181105,6,-40,-35,15000,13754.5341796875,215.004104614258,38.324893951416,1.22349119186401
20181105,12,-40,-35,15000,13756.94921875,215.936370849609,39.4883270263672,4.23147201538086
20181105,18,-40,-35,15000,13753.173828125,215.600006103516,39.1203460693359,1.35081303119659
20181106,0,-40,-35,15000,13772.18359375,215.5,37.4900016784668,3.84009766578674
20181106,6,-40,-35,15000,13761.9423828125,215.363647460938,39.8060150146484,10.3809547424316
20181106,12,-40,-35,15000,13748.330078125,217.790191650391,44.1256942749023,8.4619722366333
20181106,18,-40,-35,15000,13734.3896484375,216.582855224609,41.830738067627,8.54971408843994
20181107,0,-40,-35,15000,13740.791015625,214.399993896484,36.3354225158691,12.0578050613403
20181107,6,-40,-35,15000,13724.4541015625,212.699996948242,35.5630722045898,11.7877416610718
20181107,12,-40,-35,15000,13721.32421875,213.32048034668,33.2906188964844,11.3706712722778
20181107,18,-40,-35,15000,13701.2197265625,212.266479492188,29.0429401397705,7.30169439315796
20181108,0,-40,-35,15000,13717.9208984375,212.199996948242,26.5433502197266,4.23534202575684
20181108,6,-40,-35,15000,13735.537109375,210.800003051758,22.943229675293,2.66968250274658
20181108,12,-40,-35,15000,13759.115234375,210.100006103516,22.780611038208,0.670729994773865
20181108,18,-40,-35,15000,13769.6845703125,208.800003051758,22.1719379425049,-0.407719731330872
20181109,0,-40,-35,15000,13788.2685546875,208.124465942383,21.5498886108398,5.4197998046875
20181109,6,-40,-35,15000,13787.162109375,207.600006103516,22.6479339599609,8.11764430999756
20181109,12,-40,-35,15000,13782.5390625,210.100006103516,22.4194965362549,5.02454853057861
20181109,18,-40,-35,15000,13767.4833984375,209.300003051758,24.6549530029297,4.86581039428711
20181110,0,-40,-35,15000,13770.6533203125,209.399993896484,21.4715919494629,12.411171913147
20181110,6,-40,-35,15000,13738.92578125,211.699996948242,22.7843036651611,17.1407222747803
20181110,12,-40,-35,15000,13702.19140625,215.199996948242,22.8348560333252,13.5565404891968
20181110,18,-40,-35,15000,13654.4775390625,218.199996948242,21.6127777099609,12.3319339752197
20181111,0,-40,-35,15000,13649.3837890625,219.300003051758,21.213752746582,7.31504154205322
20181111,6,-40,-35,15000,13644.68359375,218.600006103516,26.7305126190186,2.98181629180908
20181111,12,-40,-35,15000,13661.9970703125,217.100006103516,26.4786701202393,2.71628165245056
20181111,18,-40,-35,15000,13648.1953125,216.399993896484,24.1827545166016,6.7704005241394
20181112,0,-40,-35,15000,13636.5166015625,217.600006103516,25.104642868042,8.97187519073486
20181112,6,-40,-35,15000,13619.26171875,218.199996948242,25.5539302825928,7.39060068130493
20181112,12,-40,-35,15000,13602.537109375,219.100006103516,28.0552539825439,8.7406644821167
20181112,18,-40,-35,15000,13582.076171875,218.5,28.7512912750244,9.3936710357666
20181113,0,-40,-35,15000,13578.8583984375,218.800003051758,29.942174911499,7.84770202636719
20181113,6,-40,-35,15000,13576.4091796875,218.199996948242,29.5688228607178,9.08730506896973
20181113,12,-40,-35,15000,13572.6240234375,218.899993896484,28.7615547180176,10.9271268844604
20181113,18,-40,-35,15000,13558.8447265625,219.099975585938,26.7489891052246,9.01960754394531
20181114,0,-40,-35,15000,13563.5478515625,219.5,23.5489463806152,8.73215007781982
20181114,6,-40,-35,15000,13541.9189453125,220.600006103516,24.7007446289063,9.23234558105469
20181114,12,-40,-35,15000,13532.0390625,221.899993896484,26.8136672973633,4.51961898803711
20181114,18,-40,-35,15000,13525.830078125,221.899993896484,24.8050079345703,0.451694339513779
20181115,0,-40,-35,15000,13525.78125,222.100006103516,26.9400005340576,2.08476805686951
20181115,6,-40,-35,15000,13523.4375,221.300003051758,29.0423431396484,2.16871094703674
20181115,12,-40,-35,15000,13535.4716796875,219.899993896484,30.4415988922119,0.0641870126128197
20181115,18,-40,-35,15000,13535.54296875,217.800003051758,30.7527637481689,-1.83621335029602
20181116,0,-40,-35,15000,13540.1201171875,217.199996948242,30.6941776275635,0.919992685317993
20181116,6,-40,-35,15000,13540.2890625,216.318878173828,32.1396255493164,0.828129887580872
20181116,12,-40,-35,15000,13529.615234375,217.541961669922,38.6737518310547,4.77886247634888
20181116,18,-40,-35,15000,13509.5751953125,217.800933837891,39.0859146118164,4.54229021072388
20181117,0,-40,-35,15000,13507.044921875,218.510009765625,37.6358642578125,4.01769781112671
20181117,6,-40,-35,15000,13511.669921875,218.300003051758,43.439151763916,2.65246820449829
20181117,12,-40,-35,15000,13545.0009765625,218.270843505859,45.8302726745605,2.23145508766174
20181117,18,-40,-35,15000,13543.2373046875,218.800003051758,45.6576385498047,2.22273921966553
20181118,0,-40,-35,15000,13546.9208984375,218.399993896484,44.3007926940918,0.866835951805115
20181118,6,-40,-35,15000,13557.8271484375,216.800003051758,47.3944549560547,0.818823218345642
20181118,12,-40,-35,15000,13572.33203125,216.399993896484,41.6235542297363,2.48228025436401
20181118,18,-40,-35,15000,13569.4091796875,216.5,42.2571449279785,6.02876949310303
20181119,0,-40,-35,15000,13579.822265625,219.5,44.5865936279297,2.06672859191895
20181119,6,-40,-35,15000,13595.0615234375,218.392532348633,53.0628509521484,3.97728514671326
20181119,12,-40,-35,15000,13614.775390625,220.899993896484,51.7041320800781,6.74643802642822
20181119,18,-40,-35,15000,13585.4609375,223.099975585938,50.0400047302246,10.3417167663574
20181120,0,-40,-35,15000,13560.9921875,223.114700317383,47.0585060119629,9.14601802825928
20181120,6,-40,-35,15000,13544.12109375,220.44612121582,47.7656936645508,11.4023141860962
20181120,12,-40,-35,15000,13508.5947265625,221.899993896484,53.1555557250977,9.04012966156006
20181120,18,-40,-35,15000,13478.412109375,224.199996948242,51.4446983337402,6.78556156158447
20181121,0,-40,-35,15000,13470.2939453125,224.600006103516,52.945556640625,1.69602537155151
20181121,6,-40,-35,15000,13474.7783203125,222.79997253418,59.9599990844727,4.0145115852356
20181121,12,-40,-35,15000,13512.19921875,220.986450195313,59.0099906921387,7.1741943359375
20181121,18,-40,-35,15000,13506.4453125,218.699981689453,65.7376022338867,3.56202149391174
20181122,0,-40,-35,15000,13539.22265625,214.599975585938,76.3792572021484,6.91189956665039
20181122,6,-40,-35,15000,13554.4384765625,213.846603393555,76.0966033935547,16.4046535491943
20181122,12,-40,-35,15000,13541.34765625,217.79997253418,63.1167488098145,20.5412788391113
20181122,18,-40,-35,15000,13491.6611328125,219.899993896484,67.1500015258789,18.0241260528564
20181123,0,-40,-35,15000,13445.494140625,217.399978637695,72.7071533203125,21.0195064544678
20181123,6,-40,-35,15000,13431.6748046875,217.79997253418,74.043327331543,19.4222602844238
20181123,12,-40,-35,15000,13427.58203125,217.393020629883,66,22.9845695495605
20181123,18,-40,-35,15000,13408.4150390625,218.199996948242,59.7955551147461,21.498441696167
20181124,0,-40,-35,15000,13419.7841796875,219.100006103516,53.592227935791,17.9504737854004
20181124,6,-40,-35,15000,13414.955078125,219.5,50.6712646484375,16.1899929046631
20181124,12,-40,-35,15000,13412.267578125,219.499969482422,48.1997604370117,13.2145900726318
20181124,18,-40,-35,15000,13419.6474609375,218.5,44.1005668640137,7.76432371139526
20181125,0,-40,-35,15000,13447.01171875,218.600006103516,44.5290298461914,3.46351075172424
20181125,6,-40,-35,15000,13474.8720703125,218.399993896484,46.3492584228516,1.16449213027954
20181125,12,-40,-35,15000,13511.177734375,218,50.418643951416,-0.00171142583712935
20181125,18,-40,-35,15000,13498.61328125,216.899993896484,56.4530067443848,-1.87743413448334
20181126,0,-40,-35,15000,13539.6650390625,216.288055419922,53.850772857666,-6.65384292602539
20181126,6,-40,-35,15000,13591.7353515625,215.600006103516,55.8972473144531,-6.74179220199585
20181126,12,-40,-35,15000,13630.6416015625,214.699996948242,53.0033302307129,-0.837167978286743
20181126,18,-40,-35,15000,13651.5791015625,217,55.4253997802734,1.80702877044678
20181127,0,-40,-35,15000,13659.3876953125,216.20002746582,59.1357040405273,1.24984860420227
20181127,6,-40,-35,15000,13673.6650390625,216.0947265625,57.0363731384277,4.42211437225342
20181127,12,-40,-35,15000,13644.3134765625,215.600006103516,64.7466812133789,6.31751728057861
20181127,18,-40,-35,15000,13633.7412109375,215.699996948242,63.217716217041,5.86270761489868
20181128,0,-40,-35,15000,13624.7314453125,215.100006103516,61.7008285522461,13.7227783203125
20181128,6,-40,-35,15000,13605.228515625,215.087203979492,68.6020889282227,15.1872606277466
20181128,12,-40,-35,15000,13625.1591796875,216.247467041016,62.954647064209,17.0087642669678
20181128,18,-40,-35,15000,13603.2275390625,218.5,64.4092864990234,13.9282007217407
20181129,0,-40,-35,15000,13603.181640625,220,64.0781326293945,18.6578712463379
20181129,6,-40,-35,15000,13557.2041015625,221.699996948242,62.9106063842773,17.5337982177734
20181129,12,-40,-35,15000,13501.2685546875,221.572784423828,58.681713104248,19.1911792755127
20181129,18,-40,-35,15000,13433.375,222.699996948242,56.6991729736328,16.7653045654297
20181130,0,-40,-35,15000,13405.017578125,222.531936645508,53.5775680541992,13.1970729827881
20181130,6,-40,-35,15000,13384.84375,220.199996948242,51.6714706420898,7.01290035247803
20181130,12,-40,-35,15000,13377.4970703125,219.734451293945,48.6368522644043,9.28017044067383
20181130,18,-40,-35,15000,13361.2783203125,219.100006103516,49.6393356323242,4.66834449768066
20181201,0,-40,-35,15000,13365.7421875,217.399993896484,55.3996887207031,5.47665023803711
20181201,6,-40,-35,15000,13400.19140625,218.699996948242,55.2733688354492,2.23611330986023
20181201,12,-40,-35,15000,13449.17578125,219.899993896484,52.6274070739746,-4.06447744369507
20181201,18,-40,-35,15000,13468.361328125,219.399993896484,46.0777816772461,-3.94445323944092
20181202,0,-40,-35,15000,13506.9970703125,218.899993896484,39.9340667724609,-1.65446043014526
20181202,6,-40,-35,15000,13531.6328125,217.600006103516,36.8453330993652,-4.40832996368408
20181202,12,-40,-35,15000,13553.5400390625,216.590408325195,35.1063232421875,-6.38667011260986
20181202,18,-40,-35,15000,13571.4072265625,215.646484375,38.1849937438965,-8.13295364379883
20181203,0,-40,-35,15000,13587.4921875,215.699996948242,39.3727149963379,-5.6015625
20181203,6,-40,-35,15000,13600.7509765625,211.86555480957,38.1678695678711,-8.96237754821777
20181203,12,-40,-35,15000,13624.37890625,210.599853515625,41.9561996459961,-9.63083267211914
20181203,18,-40,-35,15000,13625.6103515625,209.812789916992,41.9632034301758,-9.14493942260742
20181204,0,-40,-35,15000,13634.697265625,209.605545043945,44.3203620910645,-8.18966770172119
20181204,6,-40,-35,15000,13649.6328125,205.701690673828,43.8308410644531,-4.39642095565796
20181204,12,-40,-35,15000,13651.322265625,208.699996948242,47.0081787109375,0.100141599774361
20181204,18,-40,-35,15000,13616.142578125,209.502899169922,51.4275245666504,6.2872142791748
20181205,0,-40,-35,15000,13584.076171875,212.673538208008,50.3574028015137,8.88405513763428
20181205,6,-40,-35,15000,13527.21484375,214.699996948242,52.8960723876953,15.9871654510498
20181205,12,-40,-35,15000,13497.94921875,215.5,54.9238777160645,11.0706930160522
20181205,18,-40,-35,15000,13475.701171875,214,53.144588470459,5.56438493728638
20181206,0,-40,-35,15000,13495.7646484375,211.899993896484,52.2513084411621,8.90321254730225
20181206,6,-40,-35,15000,13507.2060546875,213.78596496582,50.6050300598145,6.60749530792236
20181206,12,-40,-35,15000,13530.56640625,210.100006103516,51.9330062866211,15.2969579696655
20181206,18,-40,-35,15000,13522.619140625,213.996246337891,47.1967124938965,15.6573047637939
20181207,0,-40,-35,15000,13502.412109375,215.9189453125,47.5631675720215,13.9210720062256
20181207,6,-40,-35,15000,13444.9111328125,216.999969482422,57.5414161682129,15.1182126998901
20181207,12,-40,-35,15000,13437.244140625,215.184906005859,62.2327842712402,9.6138916015625
20181207,18,-40,-35,15000,13417.794921875,216.490524291992,65.6628341674805,8.39616966247559
20181208,0,-40,-35,15000,13415.30859375,218.841354370117,67.5907516479492,11.6520509719849
20181208,6,-40,-35,15000,13394.0537109375,218.199996948242,69.4114303588867,10.6065187454224
20181208,12,-40,-35,15000,13398.556640625,219.428634643555,68.1218490600586,11.9818849563599
20181208,18,-40,-35,15000,13375.6552734375,218.600021362305,65.6617965698242,14.9123115539551
20181209,0,-40,-35,15000,13388.556640625,219.600006103516,62.3005867004395,12.3666868209839
20181209,6,-40,-35,15000,13374.79296875,220.399993896484,63.7540130615234,8.53904819488525
20181209,12,-40,-35,15000,13359.9951171875,220,61.8256454467773,3.91012930870056
20181209,18,-40,-35,15000,13348.599609375,219,62.4759407043457,2.29427742958069
20181210,0,-40,-35,15000,13357.0703125,218.943893432617,59.5486183166504,1.25986325740814
20181210,6,-40,-35,15000,13369.42578125,219.600006103516,61.5670700073242,-0.381108403205872
20181210,12,-40,-35,15000,13388.025390625,221.699996948242,57.557373046875,-2.82655644416809
20181210,18,-40,-35,15000,13388.3740234375,221.699996948242,57.5987930297852,-3.77626347541809
20181211,0,-40,-35,15000,13433.41796875,221.559967041016,56.5400199890137,2.00010061264038
20181211,6,-40,-35,15000,13476.8310546875,221.400024414063,55.0855522155762,4.76249980926514
20181211,12,-40,-35,15000,13495.7265625,220.308929443359,60.5699996948242,4.34393072128296
20181211,18,-40,-35,15000,13504.7578125,218.453582763672,70.2309646606445,5.36968994140625
20181212,0,-40,-35,15000,13557.880859375,216.600006103516,72.5936126708984,13.8404979705811
20181212,6,-40,-35,15000,13546.2529296875,216.800003051758,69.6016693115234,22.1247653961182
20181212,12,-40,-35,15000,13518.396484375,219.600143432617,62.0074424743652,22.5856552124023
20181212,18,-40,-35,15000,13436.25390625,221.100006103516,68.0641555786133,10.9154243469238
20181213,0,-40,-35,15000,13429.44140625,220.800003051758,68.0472946166992,11.3182516098022
20181213,6,-40,-35,15000,13413.6826171875,220.298065185547,68.4299621582031,14.4710788726807
20181213,12,-40,-35,15000,13408.9404296875,220.399993896484,65.6999969482422,16.0124664306641
20181213,18,-40,-35,15000,13400.45703125,220.850830078125,61.5339393615723,12.0913915634155
20181214,0,-40,-35,15000,13386.6923828125,221.099243164063,62.7999992370605,11.4793119430542
20181214,6,-40,-35,15000,13394.763671875,221.800003051758,56.2017860412598,7.9805760383606
20181214,12,-40,-35,15000,13405.0302734375,222.356399536133,51.9376945495605,6.19833517074585
20181214,18,-40,-35,15000,13380.0146484375,223.396240234375,45.3300094604492,2.5077075958252
20181215,0,-40,-35,15000,13378.3212890625,223.399993896484,42.3284072875977,-0.366950690746307
20181215,6,-40,-35,15000,13389.236328125,222.458038330078,36.9127769470215,-1.1614990234375
20181215,12,-40,-35,15000,13407.076171875,221.300003051758,39.4500122070313,-2.95599365234375
20181215,18,-40,-35,15000,13408.86328125,220.899993896484,42.0500030517578,-0.650290548801422
20181216,0,-40,-35,15000,13436.0283203125,219.600006103516,43.4920616149902,-1.60662353038788
20181216,6,-40,-35,15000,13452.0927734375,219.699996948242,52.2100372314453,4.81184101104736
20181216,12,-40,-35,15000,13468.8447265625,219.800003051758,56.6091613769531,10.3466157913208
20181216,18,-40,-35,15000,13459.298828125,220.336624145508,57.8487663269043,10.3457469940186
20181217,0,-40,-35,15000,13472.1591796875,220.980804443359,55.7388076782227,12.0385990142822
20181217,6,-40,-35,15000,13480.1708984375,219.81916809082,55.3456153869629,20.3544082641602
20181217,12,-40,-35,15000,13425.3876953125,222.399993896484,49.8265380859375,22.4534759521484
20181217,18,-40,-35,15000,13381.8662109375,222.600006103516,49.7498397827148,21.2440967559814
20181218,0,-40,-35,15000,13344.3447265625,223.933258056641,50.2475547790527,23.0873489379883
20181218,6,-40,-35,15000,13313.837890625,225.235763549805,45.5999794006348,23.7458877563477
20181218,12,-40,-35,15000,13276.103515625,225.899993896484,45.660888671875,17.0531597137451
