20180720,0,40,-75,40000,6991.453125,240.800003051758,30.1026268005371,16.71533203125
20180720,6,40,-75,40000,7037.5751953125,241.58528137207,34.860107421875,-4.7227783203125
20180720,12,40,-75,40000,7000.333984375,240.699996948242,34.5768356323242,-13.2883729934692
20180720,18,40,-75,40000,6906.8505859375,239.285308837891,49.075798034668,-24.2111320495605
20180721,0,40,-75,40000,6728.4462890625,236.414703369141,56.0132751464844,-18.0206661224365
20180721,6,40,-75,40000,6653.90625,229.399978637695,36.2650947570801,-6.98386240005493
20180721,12,40,-75,40000,6665.34814453125,224.699996948242,36.8826713562012,1.00451052188873
20180721,18,40,-75,40000,6694.818359375,230.600006103516,31.4694213867188,5.49613666534424
20180722,0,40,-75,40000,6682.7392578125,232.899993896484,36.8488159179688,15.9613771438599
20180722,6,40,-75,40000,6858.15185546875,237.199996948242,32.4914855957031,50.1127738952637
20180722,12,40,-75,40000,6991.65478515625,238.199996948242,39.038215637207,26.3642387390137
20180722,18,40,-75,40000,7025.00048828125,238.899993896484,35.7049026489258,15.7303161621094
20180723,0,40,-75,40000,7051.162109375,238.599975585938,29.3117065429688,11.2915954589844
20180723,6,40,-75,40000,7070.09228515625,237.999969482422,22.7332973480225,1.21439206600189
20180723,12,40,-75,40000,7072.81982421875,236.399993896484,24.5525760650635,2.79646921157837
20180723,18,40,-75,40000,7055.84375,235.237747192383,28.9277458190918,-5.16022968292236
20180724,0,40,-75,40000,7040.19921875,238.399993896484,34.8121337890625,-10.9956665039063
20180724,6,40,-75,40000,6988.18505859375,237.899993896484,32.5197334289551,-18.0162353515625
20180724,12,40,-75,40000,6934.37353515625,235.399978637695,30.9104175567627,-18.096097946167
20180724,18,40,-75,40000,6900.599609375,235.498489379883,28.4399509429932,-36.5690155029297
20180725,0,40,-75,40000,7012.81396484375,238.900054931641,5.79941701889038,30.1521797180176
20180725,6,40,-75,40000,7130.625,242.5,23.5869636535645,15.3644962310791
20180725,12,40,-75,40000,7185.03125,243.286041259766,31.5360164642334,5.35858774185181
20180725,18,40,-75,40000,7184.5068359375,243.300003051758,35.7929306030273,-9.45402336120605
20180726,0,40,-75,40000,7136.564453125,242.268310546875,37.8850975036621,-18.5148735046387
20180726,6,40,-75,40000,7091.89013671875,241.131683349609,37.5532989501953,-18.8725872039795
20180726,12,40,-75,40000,7043.72314453125,238.699996948242,38.8385696411133,-17.4424610137939
20180726,18,40,-75,40000,7012.06689453125,235.56787109375,36.269344329834,-0.809306621551514
20180727,0,40,-75,40000,7082.7236328125,237.800003051758,37.3749847412109,26.5090389251709
20180727,6,40,-75,40000,7167.03271484375,239.899993896484,29.0645332336426,9.8197021484375
20180727,12,40,-75,40000,7198.79736328125,240.175201416016,29.7998657226563,4.0671534538269
20180727,18,40,-75,40000,7208.056640625,241.877151489258,37.9933013916016,-3.14584970474243
20180728,0,40,-75,40000,7176.20751953125,242.099975585938,42.0477409362793,-16.9475975036621
20180728,6,40,-75,40000,7086.29443359375,241.699996948242,54.9267463684082,-23.8345756530762
20180728,12,40,-75,40000,7026.25830078125,240.800003051758,58.4355926513672,-14.5512037277222
20180728,18,40,-75,40000,6973.77294921875,238.285736083984,55.4163284301758,-7.67253923416138
20180729,0,40,-75,40000,6944.490234375,234.699996948242,47.1933746337891,3.61584949493408
20180729,6,40,-75,40000,7003.62109375,236.600006103516,37.6857376098633,29.1659088134766
20180729,12,40,-75,40000,7102.74365234375,238.899993896484,28.7877349853516,18.1697654724121
20180729,18,40,-75,40000,7138.580078125,239.5,28.9676704406738,10.2143745422363
20180730,0,40,-75,40000,7152.17431640625,239.845306396484,24.8906440734863,1.44953119754791
20180730,6,40,-75,40000,7144.51123046875,240.13623046875,25.6259098052979,-4.07389640808105
20180730,12,40,-75,40000,7119.54052734375,240.414703369141,34.1927642822266,-7.89327383041382
20180730,18,40,-75,40000,7060.07861328125,239.921920776367,41.1095275878906,-15.2706546783447
20180731,0,40,-75,40000,6956.3837890625,237.692535400391,48.3550033569336,-20.94140625
20180731,6,40,-75,40000,6846.818359375,232.899978637695,35.682487487793,-17.20263671875
20180731,12,40,-75,40000,6775.3720703125,225.74723815918,19.2376346588135,-12.3944578170776
20180731,18,40,-75,40000,6759.27978515625,226.500686645508,19.572093963623,8.60903358459473
20180801,0,40,-75,40000,6834.33447265625,231.160598754883,23.6973209381104,42.5468063354492
20180801,6,40,-75,40000,7003.34228515625,237.586029052734,28.7501163482666,48.958065032959
20180801,12,40,-75,40000,7119,241.000244140625,31.4731140136719,32.3310241699219
20180801,18,40,-75,40000,7177.12109375,242.600006103516,33.0263900756836,22.1750068664551
20180802,0,40,-75,40000,7181.24609375,243.800003051758,38.3111343383789,15.301495552063
20180802,6,40,-75,40000,7152.60107421875,244,48.9504776000977,9.49809551239014
20180802,12,40,-75,40000,7096.84228515625,241.100006103516,52.3830680847168,11.5349607467651
20180802,18,40,-75,40000,7047.609375,236.300003051758,47.8572463989258,15.4180173873901
20180803,0,40,-75,40000,7036.68896484375,234.592529296875,40.1393203735352,18.7973518371582
20180803,6,40,-75,40000,7043.0595703125,235.238922119141,36.6443405151367,30.5060176849365
20180803,12,40,-75,40000,7091.78564453125,236.300003051758,19.0063877105713,46.7467575073242
20180803,18,40,-75,40000,7178.50390625,238.721923828125,17.4273948669434,34.3267211914063
20180804,0,40,-75,40000,7249.03369140625,240.999969482422,14.6827268600464,29.7989387512207
20180804,6,40,-75,40000,7306.71142578125,243.699996948242,16.5280094146729,20.5601444244385
20180804,12,40,-75,40000,7336.10546875,243.399978637695,20.6704902648926,14.6999235153198
20180804,18,40,-75,40000,7357.04248046875,243.807464599609,20.2049312591553,13.3321104049683
20180805,0,40,-75,40000,7359.90673828125,244.600006103516,27.4965171813965,8.14874839782715
20180805,6,40,-75,40000,7361.87939453125,244.899993896484,23.1561317443848,4.59407329559326
20180805,12,40,-75,40000,7348.302734375,243.906982421875,29.2682647705078,2.66864323616028
20180805,18,40,-75,40000,7309.06982421875,243.353393554688,34.8900032043457,-6.59441423416138
20180806,0,40,-75,40000,7213.14794921875,241,40.3710861206055,-17.1531925201416
20180806,6,40,-75,40000,7091.02978515625,241.751708984375,57.017017364502,2.91056632995605
20180806,12,40,-75,40000,7140.71435546875,240.512451171875,47.3310928344727,25.1920413970947
20180806,18,40,-75,40000,7165.61865234375,240.085647583008,38.2200965881348,7.61547374725342
20180807,0,40,-75,40000,7135.02294921875,239.487396240234,35.3341255187988,-5.84560537338257
20180807,6,40,-75,40000,7083.14794921875,240.79997253418,43.9831695556641,-9.27291011810303
20180807,12,40,-75,40000,7015.0283203125,240.150802612305,50.3858795166016,-12.6902437210083
20180807,18,40,-75,40000,6929.7314453125,236.800003051758,53.1017379760742,-17.8804149627686
20180808,0,40,-75,40000,6843.61328125,232.800003051758,43.3300476074219,-20.077808380127
20180808,6,40,-75,40000,6806.5888671875,230.270843505859,23.0569667816162,-2.54523921012878
20180808,12,40,-75,40000,6807.70166015625,229.090545654297,14.0363826751709,10.1058959960938
20180808,18,40,-75,40000,6844.02294921875,228.510055541992,14.9544830322266,16.3619022369385
20180809,0,40,-75,40000,6917.55126953125,233.457565307617,17.6082458496094,42.6336364746094
20180809,6,40,-75,40000,7078.08447265625,236.899993896484,12.8096742630005,44.4535026550293
20180809,12,40,-75,40000,7211.38330078125,239.510009765625,19.1660861968994,28.0175533294678
20180809,18,40,-75,40000,7264.4912109375,241.383544921875,24.2677364349365,16.889856338501
20180810,0,40,-75,40000,7296.236328125,243.5,20.0774269104004,9.85463905334473
20180810,6,40,-75,40000,7310.33056640625,243.437591552734,23.1558532714844,-1.06929934024811
20180810,12,40,-75,40000,7292.67333984375,243.5,26.5999183654785,-12.772234916687
20180810,18,40,-75,40000,7247.126953125,243.802032470703,32.8117866516113,-9.32208251953125
20180811,0,40,-75,40000,7217.552734375,243.643600463867,30.6676692962646,-16.6940059661865
20180811,6,40,-75,40000,7185.3056640625,243.910034179688,35.8830223083496,-20.0673217773438
20180811,12,40,-75,40000,7147.57861328125,243.699996948242,36.0000114440918,-33.526050567627
20180811,18,40,-75,40000,7080.25634765625,241.84358215332,30.3908882141113,-42.7444381713867
20180812,0,40,-75,40000,7010.5888671875,239.699996948242,45.4326095581055,-44.7735977172852
20180812,6,40,-75,40000,7002.70068359375,238.899993896484,48.2043685913086,-47.2728576660156
20180812,12,40,-75,40000,6998.208984375,239.600006103516,43.5574073791504,-51.4942512512207
20180812,18,40,-75,40000,6935.70556640625,236.300003051758,30.7287864685059,-35.2329940795898
20180813,0,40,-75,40000,6863.18359375,232.311645507813,23.3999996185303,-11.6097354888916
20180813,6,40,-75,40000,6855.98388671875,235.699996948242,33.2017860412598,28.1683158874512
20180813,12,40,-75,40000,6966.4248046875,238.436431884766,34.8653144836426,39.5748405456543
20180813,18,40,-75,40000,7084.30517578125,241.082763671875,27.867395401001,21.9901008605957
20180814,0,40,-75,40000,7137.939453125,242.570846557617,32.4047470092773,9.75813484191895
20180814,6,40,-75,40000,7150.4404296875,241.022171020508,31.009428024292,5.4884181022644
20180814,12,40,-75,40000,7176.8642578125,240.5,27.3479499816895,6.23550796508789
20180814,18,40,-75,40000,7165.56982421875,239.199996948242,27.8207588195801,-0.821679711341858
20180815,0,40,-75,40000,7143.587890625,237.600006103516,22.9943771362305,2.71765613555908
20180815,6,40,-75,40000,7131.32080078125,236.699996948242,30.4859256744385,1.99559569358826
20180815,12,40,-75,40000,7114.91064453125,235.429153442383,33.8026161193848,3.76827144622803
20180815,18,40,-75,40000,7074.26611328125,234.829147338867,40.818675994873,3.38118171691895
20180816,0,40,-75,40000,7078.939453125,236.990676879883,34.5328330993652,21.7342720031738
20180816,6,40,-75,40000,7122.57177734375,236.5,28.4946537017822,14.6088523864746
20180816,12,40,-75,40000,7151.6767578125,238.100006103516,22.5793170928955,8.14137172698975
20180816,18,40,-75,40000,7148.296875,238.891998291016,22.836706161499,0.487290024757385
20180817,0,40,-75,40000,7133.1943359375,238,24.8516941070557,0.133940428495407
20180817,6,40,-75,40000,7143.947265625,238.504440307617,26.9918041229248,-2.29071283340454
20180817,12,40,-75,40000,7159.0263671875,240.849166870117,33.20458984375,0.360943615436554
20180817,18,40,-75,40000,7163.693359375,241.699996948242,33.6775932312012,-8.81657981872559
20180818,0,40,-75,40000,7142.2587890625,241.014770507813,33.862720489502,-17.8708686828613
20180818,6,40,-75,40000,7106.70166015625,240.5,32.6331672668457,-26.0604820251465
20180818,12,40,-75,40000,7075.3056640625,238.784210205078,36.8834648132324,-31.5209865570068
20180818,18,40,-75,40000,7098.7783203125,238.699996948242,-2.57660222053528,23.2574100494385
20180819,0,40,-75,40000,7212.75390625,240.399978637695,-11.7816305160522,25.2310638427734
20180819,6,40,-75,40000,7279.60205078125,241.399978637695,-7.280029296875,11.8657712936401
20180819,12,40,-75,40000,7303.47998046875,242.899993896484,0.222382813692093,5.21825218200684
20180819,18,40,-75,40000,7283.69580078125,243.121917724609,6.98175525665283,0.0161865241825581
20180820,0,40,-75,40000,7238.2119140625,242.099975585938,17.5925636291504,-5.85370588302612
20180820,6,40,-75,40000,7166.72509765625,240.246124267578,28.8571891784668,-15.2233791351318
20180820,12,40,-75,40000,7040.06494140625,235.499969482422,32.6537590026855,-11.4485349655151
20180820,18,40,-75,40000,7018.37353515625,235.199996948242,22.3583736419678,30.7310638427734
20180821,0,40,-75,40000,7123.79541015625,237.399978637695,12.8114185333252,29.1497802734375
20180821,6,40,-75,40000,7203.2626953125,239.353851318359,7.9403223991394,22.1476078033447
20180821,12,40,-75,40000,7265.37353515625,239.846115112305,9.33220672607422,15.6149559020996
20180821,18,40,-75,40000,7283.94677734375,240.399993896484,16.1879005432129,8.29682159423828
20180822,0,40,-75,40000,7289.86181640625,240.199996948242,19.5688056945801,6.76282978057861
20180822,6,40,-75,40000,7297.79443359375,240.600250244141,21.5132789611816,0.831884741783142
20180822,12,40,-75,40000,7301.06982421875,241.099761962891,22.430456161499,-1.79539799690247
20180822,18,40,-75,40000,7289.28369140625,242.146118164063,19.1567802429199,-3.99324941635132
20180823,0,40,-75,40000,7272.58642578125,242.107467651367,16.7928886413574,-7.78671884536743
20180823,6,40,-75,40000,7251.8125,242.207473754883,17.8895473480225,-11.5530271530151
20180823,12,40,-75,40000,7217.5751953125,242,19.1783638000488,-9.52317523956299
20180823,18,40,-75,40000,7182.5048828125,240.79997253418,24.409646987915,-11.2139158248901
20180824,0,40,-75,40000,7156.775390625,239.100006103516,29.7909736633301,-10.1827878952026
20180824,6,40,-75,40000,7128.8564453125,237.699996948242,36.7298927307129,-11.9673099517822
20180824,12,40,-75,40000,7094.18994140625,236.185302734375,40.1450576782227,-14.3213806152344
20180824,18,40,-75,40000,7063.57080078125,234.899978637695,27.125452041626,-4.73272705078125
20180825,0,40,-75,40000,7083.27197265625,234.399978637695,-2.77367544174194,12.0769290924072
20180825,6,40,-75,40000,7124.51806640625,234.199996948242,-19.500072479248,13.816686630249
20180825,12,40,-75,40000,7160.24267578125,234.800003051758,-15.8951473236084,11.7252864837646
20180825,18,40,-75,40000,7165.55126953125,235.899993896484,-5.69361877441406,9.66136455535889
20180826,0,40,-75,40000,7158.36669921875,236.199996948242,1.31083369255066,5.63065814971924
20180826,6,40,-75,40000,7141.80859375,236.29997253418,8.415771484375,1.81587529182434
20180826,12,40,-75,40000,7114.41943359375,236.068313598633,15.653302192688,-5.92898559570313
20180826,18,40,-75,40000,7060.8251953125,236.300003051758,23.6754360198975,-10.5030822753906
20180827,0,40,-75,40000,6961.95361328125,232.599975585938,21.9792728424072,-8.35584735870361
20180827,6,40,-75,40000,6891.5693359375,230.20002746582,18.2777976989746,-14.6550779342651
20180827,12,40,-75,40000,6842.1025390625,231.600006103516,7.51803302764893,-2.65057373046875
20180827,18,40,-75,40000,6881.08056640625,232.800003051758,-6.27347087860107,14.0783567428589
20180828,0,40,-75,40000,6981.64794921875,232.800003051758,-13.7894163131714,30.1846923828125
20180828,6,40,-75,40000,7102.68310546875,237.999969482422,-26.3953533172607,40.9598426818848
20180828,12,40,-75,40000,7204.84130859375,240.399993896484,-18.150297164917,33.3136520385742
20180828,18,40,-75,40000,7259.962890625,242.300003051758,-8.24711418151855,29.7081203460693
20180829,0,40,-75,40000,7290.458984375,243.738922119141,-2.70328116416931,23.9938621520996
20180829,6,40,-75,40000,7307.32421875,244.768310546875,5.7415919303894,13.2486820220947
20180829,12,40,-75,40000,7307.9951171875,243.746124267578,9.39510726928711,4.79496097564697
20180829,18,40,-75,40000,7291.3076171875,241.399993896484,6.84196758270264,5.4968113899231
20180830,0,40,-75,40000,7283.24072265625,240.800003051758,2.06756591796875,7.19240093231201
20180830,6,40,-75,40000,7283.25439453125,241.5,5.44108867645264,6.69223642349243
20180830,12,40,-75,40000,7271.98486328125,241.999969482422,11.2629089355469,7.70955181121826
20180830,18,40,-75,40000,7255.2685546875,242,12.2147216796875,9.31419658660889
20180831,0,40,-75,40000,7253.78271484375,241.300018310547,11.2351560592651,11.3863039016724
20180831,6,40,-75,40000,7265.3212890625,240.399993896484,11.1575927734375,11.5835628509521
20180831,12,40,-75,40000,7269.2900390625,239.800003051758,13.7265930175781,10.5991458892822
20180831,18,40,-75,40000,7268.43994140625,239,15.4739742279053,7.11232900619507
20180901,0,40,-75,40000,7258.95751953125,238.399993896484,14.4153623580933,1.90037846565247
20180901,6,40,-75,40000,7252.494140625,238.399993896484,15.2409915924072,-5.19081401824951
20180901,12,40,-75,40000,7226.78857421875,238.499969482422,13.9880313873291,-10.134503364563
20180901,18,40,-75,40000,7189.4794921875,239,14.4156742095947,-13.0035152435303
20180902,0,40,-75,40000,7150.25927734375,240,15.8871307373047,-11.9580326080322
20180902,6,40,-75,40000,7104.0107421875,240.043609619141,22.5500640869141,-19.286678314209
20180902,12,40,-75,40000,7018.10888671875,238.243606567383,28.0897884368896,-26.2319583892822
20180902,18,40,-75,40000,6852.37646484375,235.710052490234,32.7338066101074,-24.4133415222168
20180903,0,40,-75,40000,6905.01416015625,232.800003051758,31.7096614837646,-0.685549914836884
20180903,6,40,-75,40000,6863.923828125,230.300003051758,33.2525520324707,-1.05631709098816
20180903,12,40,-75,40000,6856.61767578125,233.046600341797,48.4036712646484,5.43324279785156
20180903,18,40,-75,40000,6858.59521484375,232.406982421875,46.6663055419922,8.2683744430542
20180904,0,40,-75,40000,6869.72265625,237.399978637695,38.6670150756836,36.2039756774902
20180904,6,40,-75,40000,6991.587890625,240.399993896484,33.7424201965332,47.2048225402832
20180904,12,40,-75,40000,7114.001953125,240.100006103516,18.5528297424316,25.7901554107666
20180904,18,40,-75,40000,7155.232421875,239.399978637695,18.4554252624512,16.8488426208496
20180905,0,40,-75,40000,7141.76708984375,237,16.119987487793,7.28920888900757
20180905,6,40,-75,40000,7186.02490234375,242.29997253418,9.39417743682861,17.3677558898926
20180905,12,40,-75,40000,7203.58984375,240.906982421875,20.8951206207275,6.50003671646118
20180905,18,40,-75,40000,7184.21142578125,240.899993896484,19.663782119751,12.1978702545166
20180906,0,40,-75,40000,7177.4130859375,241,19.8289356231689,13.6462154388428
20180906,6,40,-75,40000,7153.47705078125,241.399993896484,34.3072967529297,6.16967153549194
20180906,12,40,-75,40000,7113.662109375,240.100006103516,38.1648330688477,14.5184993743896
20180906,18,40,-75,40000,7129.46044921875,240,29.0988960266113,26.939172744751
20180907,0,40,-75,40000,7176.900390625,242.385299682617,31.698902130127,24.4626960754395
20180907,6,40,-75,40000,7212.373046875,244.29997253418,31.7121334075928,15.5804843902588
20180907,12,40,-75,40000,7230.4306640625,245.800003051758,35.2378158569336,12.222900390625
20180907,18,40,-75,40000,7221.54736328125,246.592529296875,49.1977043151855,12.7000246047974
20180908,0,40,-75,40000,7208.2255859375,247.79997253418,46.3381500244141,1.65654301643372
20180908,6,40,-75,40000,7195.5673828125,246.199996948242,38.0354537963867,-6.90639638900757
20180908,12,40,-75,40000,7150.6650390625,246.199981689453,40.9642448425293,-13.999981880188
20180908,18,40,-75,40000,7090.892578125,245.100006103516,43.5367774963379,-21.630054473877
20180909,0,40,-75,40000,7006.70263671875,242.300003051758,50.220775604248,-28.0994071960449
20180909,6,40,-75,40000,6957.41259765625,238,42.738395690918,-14.180438041687
20180909,12,40,-75,40000,6904.66552734375,235.100006103516,47.0935440063477,-12.7841062545776
20180909,18,40,-75,40000,6864.93115234375,233.300003051758,42.8205184936523,3.62368154525757
20180910,0,40,-75,40000,6927.60546875,234.29997253418,38.2024154663086,35.564208984375
20180910,6,40,-75,40000,7098.400390625,239.300003051758,28.339807510376,31.4152584075928
20180910,12,40,-75,40000,7199.7998046875,242.399993896484,25.2764511108398,20.7224025726318
20180910,18,40,-75,40000,7261.82958984375,244.199996948242,24.8451900482178,17.2420272827148
20180911,0,40,-75,40000,7295.9658203125,244.600006103516,24.3495750427246,12.6204881668091
20180911,6,40,-75,40000,7313.3876953125,245.800003051758,26.4494972229004,6.09928607940674
20180911,12,40,-75,40000,7294.384765625,245.899993896484,34.2195243835449,6.55414438247681
20180911,18,40,-75,40000,7265.5263671875,244.699996948242,41.0408020019531,12.1370115280151
20180912,0,40,-75,40000,7240.4482421875,244.885299682617,40.927619934082,15.9000549316406
20180912,6,40,-75,40000,7215.31005859375,246.399993896484,44.2693557739258,9.77702903747559
20180912,12,40,-75,40000,7168.96484375,246.314666748047,50.7304382324219,12.148229598999
20180912,18,40,-75,40000,7125.02294921875,246.271530151367,53.288688659668,15.8809204101563
20180913,0,40,-75,40000,7106.9912109375,244.699996948242,53.3470077514648,26.4650382995605
20180913,6,40,-75,40000,7139.28271484375,242.500030517578,41.7313041687012,28.6892127990723
20180913,12,40,-75,40000,7196.88916015625,241.899993896484,32.5554885864258,27.1825313568115
20180913,18,40,-75,40000,7232.6357421875,242.100006103516,19.7572631835938,19.9572334289551
20180914,12,40,-75,40000,7328.95263671875,244.099975585938,28.5422782897949,2.22528696060181
20180914,18,40,-75,40000,7297.03369140625,243.599975585938,34.5138053894043,-6.94238901138306
20180915,0,40,-75,40000,7240.9443359375,243.100006103516,39.8998489379883,-11.2984981536865
20180915,6,40,-75,40000,7177.41064453125,240.599975585938,43.0553207397461,-14.6290225982666
20180915,12,40,-75,40000,7104.3662109375,238.300003051758,43.2492790222168,-16.1910152435303
20180915,18,40,-75,40000,7045.25830078125,234.800003051758,23.1184387207031,4.58467388153076
20180916,0,40,-75,40000,7062.7138671875,234.099975585938,20.0980567932129,24.8357543945313
20180916,12,40,-75,40000,7190.29541015625,237.5,24.5654296875,13.7461242675781
20180916,18,40,-75,40000,7205.16455078125,237,14.1791963577271,21.7970695495605
20180917,0,40,-75,40000,7248.36328125,238,10.500036239624,17.0780639648438
20180917,6,40,-75,40000,7295.896484375,239.899993896484,10.1748018264771,20.3796997070313
20180917,12,40,-75,40000,7347.07861328125,242.100006103516,7.66979694366455,14.9172239303589
20180917,18,40,-75,40000,7363.78076171875,241.599975585938,16.5256309509277,8.8272762298584
20180918,0,40,-75,40000,7379.841796875,243.899993896484,13.8391304016113,11.6688919067383
20180918,6,40,-75,40000,7388.494140625,244.899993896484,17.4760360717773,0.315986335277557
20180918,12,40,-75,40000,7377.22998046875,245.099975585938,27.0475902557373,-4.22453594207764
20180918,18,40,-75,40000,7346.470703125,245.199996948242,27.0874614715576,-6.04436016082764
20180919,0,40,-75,40000,7313.81640625,244.600006103516,32.7752799987793,-7.55612325668335
20180919,6,40,-75,40000,7283.12060546875,244,35.8754081726074,-13.5400247573853
20180919,12,40,-75,40000,7216.03759765625,243.800003051758,38.5159301757813,-23.4998149871826
20180919,18,40,-75,40000,7114.76708984375,241.599975585938,44.4116363525391,-28.8773860931396
20180920,0,40,-75,40000,7037.4814453125,240.800003051758,52.0437240600586,-25.9296779632568
20180920,6,40,-75,40000,7034.75,239.199996948242,33.9866561889648,-6.40003681182861
20180920,12,40,-75,40000,7069.50390625,237.099975585938,23.4716186523438,-3.04346179962158
20180920,18,40,-75,40000,7073.32373046875,235.800003051758,15.8296432495117,-3.11896967887878
20180921,0,40,-75,40000,7073.685546875,235.231689453125,11.0890674591064,-3.72336912155151
20180921,6,40,-75,40000,7079.62109375,234.699981689453,8.13084411621094,-4.8724365234375
20180921,12,40,-75,40000,7090.3974609375,234.429153442383,5.42462158203125,-2.57425546646118
20180921,18,40,-75,40000,7098.861328125,234.885772705078,2.91375732421875,4.53052377700806
20180922,0,40,-75,40000,7128.0400390625,237.399993896484,9.264892578125,9.90248680114746
20180922,6,40,-75,40000,7169.28125,242.699996948242,14.1591491699219,5.9933443069458
20180922,12,40,-75,40000,7182.5029296875,242.399993896484,11.1160373687744,-8.88248920440674
20180922,18,40,-75,40000,7150.85009765625,239.268310546875,10.0742216110229,-16.6287784576416
20180923,0,40,-75,40000,7121.1787109375,238.100006103516,12.0889253616333,-22.5572261810303
20180923,6,40,-75,40000,7110.65771484375,237.100006103516,6.56355285644531,-23.7800178527832
20180923,12,40,-75,40000,7064.00830078125,236.499969482422,-1.04113161563873,-16.8318061828613
20180923,18,40,-75,40000,7031.66357421875,234,7.49421405792236,-6.63333749771118
20180924,0,40,-75,40000,7036.56005859375,234.399993896484,7.96623516082764,3.60374140739441
20180924,6,40,-75,40000,7101.14892578125,239.800003051758,16.18994140625,29.6446418762207
20180924,12,40,-75,40000,7199.94921875,240.399978637695,22.3369560241699,20.9000339508057
20180924,18,40,-75,40000,7237.30419921875,240.699996948242,23.1860618591309,6.25441265106201
20180925,0,40,-75,40000,7228.64697265625,240.499969482422,25.144323348999,-8.10611534118652
20180925,6,40,-75,40000,7185.2392578125,238.800003051758,28.6769008636475,-17.7191524505615
20180925,12,40,-75,40000,7122.55615234375,236.699996948242,32.2276916503906,-3.70860600471497
20180925,18,40,-75,40000,7128.85302734375,237.300003051758,33.1672554016113,16.2834777832031
20180926,0,40,-75,40000,7191.990234375,237.339401245117,27.3099002838135,10.1184539794922
20180926,6,40,-75,40000,7215.22705078125,238.599975585938,32.362434387207,3.53667593002319
20180926,12,40,-75,40000,7215.7275390625,238.699996948242,29.6826515197754,0.207116693258286
20180926,18,40,-75,40000,7208.11083984375,238,30.3618049621582,-0.133251950144768
20180927,0,40,-75,40000,7212.501953125,236.831695556641,26.0274600982666,2.55163884162903
20180927,6,40,-75,40000,7229.91015625,236.600006103516,18.0543479919434,2.71311640739441
20180927,12,40,-75,40000,7237.3408203125,237.021926879883,13.0817995071411,2.5587158203125
20180927,18,40,-75,40000,7231.99609375,236.58528137207,10.9777097702026,-0.396588146686554
20180928,0,40,-75,40000,7238.7705078125,240.300003051758,-1.30745244026184,7.98255634307861
20180928,6,40,-75,40000,7278.337890625,243.800003051758,-5.33262634277344,14.9732913970947
20180928,12,40,-75,40000,7309.5517578125,245.399993896484,0.376657098531723,11.4199342727661
20180928,18,40,-75,40000,7310.9892578125,245.300003051758,5.47746562957764,7.17771005630493
20180929,0,40,-75,40000,7304.70751953125,245.5,11.8728904724121,6.81625986099243
20180929,6,40,-75,40000,7296.04248046875,245.800003051758,20.7999820709229,2.11658334732056
20180929,12,40,-75,40000,7273.6748046875,244.775543212891,28.4770622253418,-1.07805788516998
20180929,18,40,-75,40000,7231.22265625,243.675506591797,35.8556365966797,-2.03668832778931
20180930,0,40,-75,40000,7207.455078125,242.300003051758,36.8608322143555,-1.32203364372253
20180930,6,40,-75,40000,7203.64013671875,240.600006103516,34.3427085876465,0.156463623046875
20180930,12,40,-75,40000,7275.7119140625,241.300003051758,-14.5559024810791,18.0863590240479
20180930,18,40,-75,40000,7349.25732421875,243.199996948242,-9.60606098175049,14.4560604095459
20181001,0,40,-75,40000,7390.9423828125,244.899993896484,-7.67886638641357,7.39997577667236
20181001,6,40,-75,40000,7408.09619140625,245.610015869141,-3.33232116699219,3.74373769760132
20181001,12,40,-75,40000,7412.50390625,245.899993896484,-0.253408819437027,0.861291527748108
20181001,18,40,-75,40000,7397.447265625,245.199996948242,4.33928823471069,-3.29519653320313
20181002,0,40,-75,40000,7388.99853515625,244.082763671875,8.70769023895264,-1.93818974494934
20181002,6,40,-75,40000,7398.21044921875,243.582763671875,10.119592666626,-0.887103259563446
20181002,12,40,-75,40000,7402.22802734375,243.300003051758,11.304967880249,-4.123291015625
20181002,18,40,-75,40000,7391.81103515625,242.600006103516,12.0119199752808,-7.56877422332764
20181003,0,40,-75,40000,7380.11376953125,242.699996948242,13.9423217773438,-6.19932270050049
20181003,6,40,-75,40000,7371.365234375,242.617233276367,12.8351564407349,-7.32829093933105
20181003,12,40,-75,40000,7364.35693359375,243.199996948242,9.91014671325684,-4.29102182388306
20181003,18,40,-75,40000,7342.484375,242.5,8.34200954437256,0.0873242169618607
20181004,0,40,-75,40000,7329.43505859375,241.800003051758,8.45872783660889,3.39998173713684
20181004,6,40,-75,40000,7317.125,242.599975585938,11.0464019775391,0.209957882761955
20181004,12,40,-75,40000,7300.6904296875,242.199981689453,13.8059816360474,1.05588984489441
20181004,18,40,-75,40000,7276.23828125,242.500030517578,17.7938575744629,-0.939350605010986
20181005,0,40,-75,40000,7269.35009765625,242.70832824707,15.8322801589966,5.96793460845947
20181005,6,40,-75,40000,7274.37109375,242.800003051758,16.4854373931885,6.70005798339844
20181005,12,40,-75,40000,7284.873046875,242.899978637695,13.4390869140625,2.66770029067993
20181005,18,40,-75,40000,7276.27001953125,242.722686767578,13.9037351608276,2.87083745002747
20181006,0,40,-75,40000,7279.4873046875,242.600006103516,10.4193906784058,4.81755971908569
20181006,6,40,-75,40000,7294.94482421875,244,10.9151344299316,2.88118171691895
20181006,12,40,-75,40000,7300.89892578125,244.131805419922,7.7796049118042,-4.27918720245361
20181006,18,40,-75,40000,7278.6513671875,241.399993896484,4.57921123504639,-6.06428241729736
20181007,0,40,-75,40000,7264.14794921875,239.600006103516,0.369909673929214,-6.16360473632813
20181007,6,40,-75,40000,7267.7939453125,239.800003051758,-1.38540041446686,-4.81434345245361
20181007,12,40,-75,40000,7281.677734375,240.878082275391,-3.0542938709259,3.6439208984375
20181007,18,40,-75,40000,7297.12255859375,241.324432373047,-3.97517085075378,9.35870361328125
20181008,0,40,-75,40000,7306.494140625,242.100006103516,-7.32944965362549,7.50478506088257
20181008,6,40,-75,40000,7311.5380859375,241.782760620117,-7.03771734237671,5.31650876998901
20181008,12,40,-75,40000,7307.70703125,241.600006103516,-4.84117698669434,5.93222188949585
20181008,18,40,-75,40000,7284.3994140625,241.5,-0.621877431869507,5.1944727897644
20181009,0,40,-75,40000,7278.01513671875,241.600006103516,2.99469304084778,4.37504863739014
20181009,6,40,-75,40000,7277.6943359375,241.800003051758,6.72013235092163,-0.136645510792732
20181009,12,40,-75,40000,7267.70166015625,242,9.86081886291504,-1.4127197265625
20181009,18,40,-75,40000,7249.7919921875,241.601165771484,11.6259765625,-6.82568359375
20181010,0,40,-75,40000,7228.46142578125,240.84196472168,13.1377992630005,-9.48601722717285
20181010,6,40,-75,40000,7212.1337890625,241,16.7877044677734,-11.6679019927979
20181010,12,40,-75,40000,7192.18896484375,239.697219848633,16.1977596282959,-8.26529884338379
20181010,18,40,-75,40000,7175.3125,239.600006103516,13.8860321044922,-9.73250770568848
20181011,0,40,-75,40000,7154.810546875,239.143585205078,17.1847190856934,-11.0489253997803
20181011,6,40,-75,40000,7146.53759765625,239.199996948242,12.7211942672729,-19.3594722747803
20181011,12,40,-75,40000,7089.80078125,238.382766723633,12.3278865814209,-22.9946784973145
20181011,18,40,-75,40000,7047.2255859375,237.100006103516,12.5623683929443,0.468963623046875
20181012,0,40,-75,40000,7055.66748046875,239.753372192383,18.597900390625,-2.49998784065247
20181012,6,40,-75,40000,7030.455078125,240.600006103516,20.6041717529297,-15.5599002838135
20181012,12,40,-75,40000,6947.03857421875,236.199996948242,21.9895839691162,-12.6616764068604
20181012,18,40,-75,40000,6910.1611328125,231.899993896484,20.5854244232178,-0.870251476764679
20181013,0,40,-75,40000,6888.03173828125,231.5,16.1650276184082,-6.76754760742188
20181013,6,40,-75,40000,6940.419921875,237.624465942383,14.0591526031494,31.7733402252197
20181013,12,40,-75,40000,7092.380859375,243.553863525391,19.0153713226318,36.921215057373
20181013,18,40,-75,40000,7175.3818359375,244.792526245117,23.936990737915,10.1111145019531
20181014,0,40,-75,40000,7167.7470703125,243.829147338867,28.6907081604004,-0.712371826171875
20181014,6,40,-75,40000,7162.8486328125,244.600006103516,38.2468338012695,-6.31711435317993
20181014,12,40,-75,40000,7147.41015625,245.300003051758,46.6543045043945,-8.40216636657715
20181014,18,40,-75,40000,7125.94140625,243.800003051758,47.6419830322266,-11.936731338501
20181015,0,40,-75,40000,7116.63818359375,243.099975585938,43.0814094543457,-16.6727962493896
20181015,6,40,-75,40000,7114.20703125,241.399993896484,41.1160163879395,-14.6267518997192
20181015,12,40,-75,40000,7126.1845703125,240.699996948242,34.9163208007813,-15.1413698196411
20181015,18,40,-75,40000,7101.73486328125,240.5,34.7768325805664,-18.2065620422363
20181016,0,40,-75,40000,7085.00390625,240.899978637695,35.876838684082,-25.6998233795166
20181016,6,40,-75,40000,7057.0087890625,241.399978637695,31.2580528259277,-38.3128662109375
20181016,12,40,-75,40000,6993.24609375,240,34.2575531005859,-43.8363876342773
20181016,18,40,-75,40000,6924.05810546875,238.44612121582,27.4756278991699,-39.7116584777832
20181017,0,40,-75,40000,6877.48388671875,234.699996948242,17.7185001373291,-22.0385551452637
20181017,6,40,-75,40000,6881.841796875,235.100006103516,9.87379169464111,-9.49796772003174
20181017,12,40,-75,40000,6911.62353515625,237.599975585938,5.53154277801514,24.1416816711426
20181017,18,40,-75,40000,7024.533203125,241.5,5.87464618682861,42.8944702148438
20181018,0,40,-75,40000,7106.5712890625,243.699996948242,20.8796901702881,39.2987251281738
20181018,6,40,-75,40000,7154.57080078125,243.800003051758,24.8104915618896,25.0528316497803
20181018,12,40,-75,40000,7206.3798828125,244.899978637695,21.0568237304688,26.8369388580322
20181018,18,40,-75,40000,7245.462890625,245.699996948242,24.0485172271729,8.95948505401611
20181019,0,40,-75,40000,7259.6689453125,247.199996948242,28.6065368652344,6.96219491958618
20181019,6,40,-75,40000,7258.72314453125,246.699996948242,31.4295997619629,-1.50695192813873
20181019,18,40,-75,40000,7136.294921875,246.399978637695,50.4693412780762,-12.9798526763916
20181020,0,40,-75,40000,7019.09423828125,238.999969482422,45.6225662231445,-3.73455810546875
20181020,6,40,-75,40000,6963.3037109375,237.267868041992,46.493782043457,2.92247319221497
20181020,12,40,-75,40000,6940.4013671875,237.060592651367,41.7339553833008,14.4869632720947
20181020,18,40,-75,40000,6984.5029296875,238.199996948242,47.0829620361328,32.1935539245605
20181021,0,40,-75,40000,7084.8212890625,240.095581054688,42.4274063110352,29.3508415222168
20181021,6,40,-75,40000,7150.0556640625,240.992523193359,35.6078567504883,20.6804809570313
20181021,12,40,-75,40000,7191.658203125,242.785308837891,35.2899169921875,21.852954864502
20181021,18,40,-75,40000,7238.408203125,245.100006103516,30.7337532043457,17.3632354736328
20181022,0,40,-75,40000,7264.0966796875,245,22.9763736724854,10.3005218505859
20181022,6,40,-75,40000,7273.70751953125,243.899993896484,25.0340824127197,6.75587749481201
20181022,12,40,-75,40000,7242.41455078125,243.775543212891,32.1945877075195,-2.95195317268372
20181022,18,40,-75,40000,7183.955078125,241.978103637695,32.2914924621582,1.90248417854309
20181023,0,40,-75,40000,7147.80419921875,240.243850708008,38.3561477661133,5.22215557098389
20181023,6,40,-75,40000,7105.8544921875,238.285308837891,21.5689277648926,9.43486976623535
20181023,12,40,-75,40000,7196.125,240.638916015625,4.64765024185181,33.1491928100586
20181023,18,40,-75,40000,7303.76318359375,246.800018310547,8.19040203094482,26.2084407806396
20181024,0,40,-75,40000,7377.77734375,249.792526245117,15.6515626907349,19.3999633789063
20181024,6,40,-75,40000,7410.328125,250.899993896484,21.1124076843262,8.79002666473389
20181024,12,40,-75,40000,7420.318359375,251.800003051758,29.2560005187988,8.0224609375
20181024,18,40,-75,40000,7415.427734375,250.399978637695,41.4440498352051,1.77620244026184
20181025,0,40,-75,40000,7395.2158203125,250.899993896484,43.5193786621094,-0.3441162109375
20181025,6,40,-75,40000,7370.48291015625,249.661087036133,44.7863464355469,-2.17424917221069
20181025,12,40,-75,40000,7331.2451171875,246.792510986328,41.7874221801758,-8.69865131378174
20181025,18,40,-75,40000,7293.962890625,243.69255065918,32.4753227233887,-1.40380859375
20181026,0,40,-75,40000,7350.2919921875,246,19.6802616119385,7.68563222885132
20181026,6,40,-75,40000,7373.4814453125,247.499969482422,29.2397708892822,-0.197656244039536
20181026,12,40,-75,40000,7385.31689453125,247.907470703125,31.958963394165,-0.714202880859375
20181026,18,40,-75,40000,7385.10546875,247.699996948242,31.7160148620605,-3.04049062728882
20181027,0,40,-75,40000,7386.56201171875,248.04345703125,35.5631294250488,-0.0868774428963661
20181027,6,40,-75,40000,7397.0849609375,247.282379150391,32.841854095459,-2.29997563362122
20181027,12,40,-75,40000,7379.96728515625,247.043487548828,33.6953277587891,-8.07062339782715
20181027,18,40,-75,40000,7341.77001953125,248.099975585938,37.5465507507324,-12.226354598999
20181028,0,40,-75,40000,7283.93994140625,246.568313598633,43.0426330566406,-17.1776123046875
20181028,6,40,-75,40000,7215.01416015625,244.600006103516,48.475154876709,-19.2420291900635
20181028,12,40,-75,40000,7129.005859375,242.920318603516,56.9166259765625,-14.9329957962036
20181028,18,40,-75,40000,7092.876953125,240.597442626953,39.5931777954102,-4.61660146713257
20181029,0,40,-75,40000,7077.771484375,238.83332824707,33.717887878418,-0.471881091594696
20181029,6,40,-75,40000,7095.31103515625,237.123046875,25.3968811035156,8.60158729553223
20181029,12,40,-75,40000,7146.845703125,238.741943359375,24.3040103912354,9.66538715362549
20181029,18,40,-75,40000,7158.53271484375,239.199996948242,23.1012020111084,0.469696044921875
20181030,0,40,-75,40000,7142.984375,237.699996948242,21.7922630310059,-1.80463254451752
20181030,6,40,-75,40000,7129.474609375,238.600006103516,22.1857032775879,-3.24884033203125
20181030,12,40,-75,40000,7094.74853515625,238.599975585938,27.8008937835693,-4.43323373794556
20181030,18,40,-75,40000,7040.2060546875,237.199996948242,30.7319145202637,-7.59083271026611
20181031,0,40,-75,40000,7017.75146484375,234.313064575195,19.7018280029297,6.50000619888306
20181031,6,40,-75,40000,7070.23681640625,238.300018310547,9.78842449188232,23.5966911315918
20181031,12,40,-75,40000,7147.02685546875,244.300003051758,14.9707670211792,25.7992668151855
20181031,18,40,-75,40000,7198.63330078125,247.21305847168,14.8265562057495,32.5970344543457
20181101,0,40,-75,40000,7248.52490234375,249.740524291992,15.2153568267822,26.366626739502
20181101,6,40,-75,40000,7311.36865234375,249.199996948242,15.3073978424072,20.9970893859863
20181101,12,40,-75,40000,7353.87646484375,248.300003051758,16.7264232635498,12.4402542114258
20181101,18,40,-75,40000,7362.49072265625,244.937255859375,13.9153499603271,3.74988412857056
20181102,0,40,-75,40000,7366.82421875,244.100006103516,10.2851686477661,6.78497934341431
20181102,6,40,-75,40000,7365.6162109375,245.099975585938,16.600866317749,1.38558351993561
20181102,12,40,-75,40000,7341.28955078125,244.718872070313,18.4799156188965,4.13748788833618
20181102,18,40,-75,40000,7324.87890625,244.94921875,15.0467014312744,8.43255043029785
20181103,0,40,-75,40000,7325.53515625,247.484527587891,21.1269588470459,4.90236806869507
20181103,6,40,-75,40000,7299.43017578125,248.899993896484,36.4377059936523,3.74294424057007
20181103,12,40,-75,40000,7246.7568359375,248.31169128418,45.4149131774902,5.69587421417236
20181103,18,40,-75,40000,7205.2001953125,246.199996948242,51.025218963623,10.1251344680786
20181104,0,40,-75,40000,7142.58056640625,245.5,55.5550155639648,12.5011234283447
20181104,6,40,-75,40000,7041.86376953125,240.036376953125,49.6145553588867,17.9264717102051
20181104,12,40,-75,40000,7087.4150390625,236.199996948242,28.2141265869141,27.3112182617188
20181104,18,40,-75,40000,7103.0810546875,236.79997253418,25.6073417663574,20.858190536499
20181105,0,40,-75,40000,7128.48876953125,237.999969482422,19.2556419372559,23.2055778503418
20181105,6,40,-75,40000,7162.92578125,238.699996948242,17.4060363769531,20.3055057525635
20181105,12,40,-75,40000,7201.111328125,239.524459838867,12.7523012161255,27.1001644134521
20181105,18,40,-75,40000,7269.73583984375,243.199996948242,10.6803531646729,23.3710823059082
20181106,0,40,-75,40000,7318.64208984375,246.399993896484,12.9212799072266,11.2547855377197
20181106,6,40,-75,40000,7306.45947265625,245.708404541016,17.7037353515625,-1.96570432186127
20181106,12,40,-75,40000,7255.94140625,243.156539916992,23.6789150238037,-9.06898784637451
20181106,18,40,-75,40000,7177.86767578125,241.200592041016,28.8817806243896,-7.89984130859375
20181107,0,40,-75,40000,7199.18896484375,243.849197387695,17.5420036315918,24.9268684387207
20181107,6,40,-75,40000,7244.63818359375,243.669525146484,15.3306636810303,10.6477174758911
20181107,12,40,-75,40000,7277.60009765625,242.732330322266,4.53351449966431,17.3105964660645
20181107,18,40,-75,40000,7322.0732421875,244.405029296875,2.9894745349884,15.4432621002197
20181108,0,40,-75,40000,7352.271484375,246.025924682617,5.47349834442139,13.9808835983276
20181108,6,40,-75,40000,7375.76806640625,247.03776550293,5.38153696060181,10.7454099655151
20181108,12,40,-75,40000,7385.162109375,247.608795166016,10.2465915679932,6.42014169692993
20181108,18,40,-75,40000,7377.798828125,247.5,14.5457210540771,4.15599966049194
20181109,0,40,-75,40000,7360.12451171875,246.663619995117,17.9349250793457,1.86015629768372
20181109,6,40,-75,40000,7342.77880859375,246.300003051758,21.2061710357666,2.27110600471497
20181109,12,40,-75,40000,7324.94921875,246.399993896484,22.8732414245605,3.21564626693726
20181109,18,40,-75,40000,7306.1025390625,245.627563476563,18.00461769104,2.42926645278931
20181110,0,40,-75,40000,7291.6787109375,245.199996948242,17.4981079101563,7.66037607192993
20181110,6,40,-75,40000,7304.20947265625,245.5,18.7427253723145,17.3538513183594
20181110,12,40,-75,40000,7336.31494140625,247.800003051758,16.1884422302246,17.9000053405762
20181110,18,40,-75,40000,7357.4892578125,249.382247924805,22.1305236816406,20.3007755279541
20181111,0,40,-75,40000,7373.89501953125,249.699981689453,22.6625938415527,16.2676811218262
20181111,6,40,-75,40000,7395.7373046875,251,24.5924625396729,14.0936889648438
20181111,12,40,-75,40000,7387.7275390625,250.014724731445,33.6633224487305,9.21896362304688
20181111,18,40,-75,40000,7369.8935546875,248,29.630298614502,7.52059316635132
20181112,0,40,-75,40000,7359.71484375,247.199996948242,29.3928413391113,6.03566265106201
20181112,6,40,-75,40000,7341.12939453125,246.844970703125,31.4974479675293,-0.426568597555161
20181112,12,40,-75,40000,7308.80810546875,245.29997253418,36.5505714416504,3.24152827262878
20181112,18,40,-75,40000,7279.60791015625,243.80696105957,40.1917953491211,5.25223398208618
20181113,0,40,-75,40000,7267.72607421875,244.699996948242,44.3649673461914,8.25108909606934
20181113,6,40,-75,40000,7277.54443359375,245,42.4391479492188,8.00388145446777
20181113,12,40,-75,40000,7281.4169921875,245.478057861328,37.4732513427734,6.71384286880493
20181113,18,40,-75,40000,7271.3466796875,245.224456787109,40.7542839050293,1.69235229492188
20181114,0,40,-75,40000,7275.244140625,244.699981689453,39.5642051696777,3.37637948989868
20181114,6,40,-75,40000,7281.5986328125,245.399993896484,34.6295433044434,-2.97353506088257
20181114,12,40,-75,40000,7252.8623046875,244.20735168457,37.3555335998535,-4.4290771484375
20181114,18,40,-75,40000,7286.21240234375,243.899993896484,17.2444343566895,14.0834865570068
20181115,0,40,-75,40000,7330.77001953125,245,15.9682312011719,5.12663555145264
20181115,6,40,-75,40000,7358.0869140625,245.699981689453,15.485333442688,0.352358996868134
20181115,12,40,-75,40000,7357.43603515625,245.5,17.6137294769287,-3.5927460193634
20181115,18,40,-75,40000,7353.41943359375,245.865264892578,15.2539949417114,1.16794431209564
20181116,0,40,-75,40000,7347.9375,246.946136474609,11.8355159759521,-7.32463693618774
20181116,6,40,-75,40000,7317.11767578125,246.899993896484,17.4220695495605,-11.4229307174683
20181116,12,40,-75,40000,7277.8955078125,245.877807617188,21.2028045654297,-14.7403926849365
20181116,18,40,-75,40000,7216.2236328125,244.100006103516,24.6167488098145,-18.5913791656494
20181117,0,40,-75,40000,7177.251953125,243.499969482422,27.3917179107666,-10.8229274749756
20181117,6,40,-75,40000,7154.7861328125,240.600006103516,31.8999080657959,-5.16441631317139
20181117,12,40,-75,40000,7121.17919921875,239.154022216797,34.0538864135742,-3.11536860466003
20181117,18,40,-75,40000,7093.78271484375,238,33.9697494506836,10.0521850585938
20181118,0,40,-75,40000,7128.5283203125,239.15983581543,29.0907077789307,11.8599853515625
20181118,6,40,-75,40000,7162.93603515625,239.11164855957,23.6487274169922,16.8588619232178
20181118,12,40,-75,40000,7194.55859375,239.800003051758,24.0617790222168,17.8348808288574
20181118,18,40,-75,40000,7224.939453125,240,16.0347480773926,18.7000675201416
20181119,0,40,-75,40000,7266.34130859375,239.800003051758,8.73641967773438,14.2803831100464
20181119,6,40,-75,40000,7303.52978515625,240.600006103516,4.99212646484375,10.4956302642822
20181119,12,40,-75,40000,7339.8349609375,242.79997253418,-4.68833637237549,9.10200214385986
20181119,18,40,-75,40000,7358.89453125,244.399993896484,-5.27008676528931,3.26505136489868
20181120,0,40,-75,40000,7366.6376953125,244.601959228516,-5.96119976043701,0.400030523538589
20181120,6,40,-75,40000,7374.02197265625,245.099975585938,-6.96270132064819,-3.29854726791382
20181120,12,40,-75,40000,7360.21142578125,244.5,-7.57773447036743,-4.83171367645264
20181120,18,40,-75,40000,7338.505859375,244.5,-6.92024517059326,-8.50418090820313
20181121,0,40,-75,40000,7303.56005859375,243.600006103516,-6.39438486099243,-10.1000185012817
20181121,6,40,-75,40000,7261.93701171875,242.5,-6.01913738250732,-13.7308597564697
20181121,12,40,-75,40000,7214.47607421875,240.600006103516,4.7699613571167,-10.6988773345947
20181121,18,40,-75,40000,7184.705078125,240.600006103516,10.9864101409912,1.14669191837311
20181122,0,40,-75,40000,7194.14013671875,241.899993896484,6.88861989974976,13.5295715332031
20181122,6,40,-75,40000,7231.1513671875,243.699996948242,5.99191904067993,12.8955326080322
20181122,12,40,-75,40000,7246.63671875,244.302658081055,10.7967319488525,7.35969829559326
20181122,18,40,-75,40000,7242.21044921875,244.4287109375,14.5531558990479,0.113049313426018
20181123,0,40,-75,40000,7216.76318359375,244.105377197266,20.2008781433105,-1.00005495548248
20181123,6,40,-75,40000,7201.83935546875,243.133331298828,27.1915836334229,-5.90001821517944
20181123,12,40,-75,40000,7159.8408203125,240.547775268555,30.1172065734863,-3.77880859375
20181123,18,40,-75,40000,7111.9501953125,240.25944519043,35.0464744567871,2.14606928825378
20181124,0,40,-75,40000,7047.60546875,238.573852539063,29.3485527038574,10.2557373046875
20181124,6,40,-75,40000,7086.84765625,239.962280273438,13.789758682251,21.6466007232666
20181124,12,40,-75,40000,7167.41455078125,245.479736328125,5.86187744140625,43.2413024902344
20181124,18,40,-75,40000,7258.998046875,248.960662841797,2.82174062728882,35.5025863647461
20181125,0,40,-75,40000,7318.82568359375,248.572479248047,3.89769887924194,23.1930332183838
20181125,6,40,-75,40000,7370.93896484375,248.800003051758,6.55477285385132,17.8708763122559
20181125,12,40,-75,40000,7390.09326171875,249.072463989258,8.84336948394775,10.642783164978
20181125,18,40,-75,40000,7384.8564453125,249.172485351563,14.6381149291992,-1.03155279159546
20181126,0,40,-75,40000,7359.923828125,248.300003051758,19.2345962524414,-4.58116722106934
20181126,6,40,-75,40000,7324.68701171875,247.140548706055,24.2132873535156,-9.79679584503174
20181126,12,40,-75,40000,7258.60009765625,245.300003051758,28.9774322509766,-15.3741989135742
20181126,18,40,-75,40000,7195.52490234375,243.899993896484,23.9383354187012,20.4640197753906
20181127,0,40,-75,40000,7276.35693359375,246,21.746789932251,18.0804805755615
20181127,6,40,-75,40000,7304.66943359375,247.699996948242,23.6595764160156,13.8822078704834
20181127,12,40,-75,40000,7316.51806640625,249.272506713867,24.5237064361572,12.9029006958008
20181127,18,40,-75,40000,7312.07373046875,248.800003051758,29.1594066619873,7.84142589569092
20181128,0,40,-75,40000,7287.76806640625,246.47868347168,34.4785308837891,0.841132819652557
20181128,6,40,-75,40000,7274.4189453125,244.900024414063,37.1951141357422,12.3252391815186
20181128,12,40,-75,40000,7277.69482421875,244.4208984375,38.2567901611328,17.3222713470459
20181128,18,40,-75,40000,7282.93359375,244.199996948242,34.5008659362793,14.5398044586182
20181129,0,40,-75,40000,7297.08544921875,243.589645385742,20.916784286499,15.1017150878906
20181129,6,40,-75,40000,7328.59521484375,245.003875732422,16.7991428375244,12.2816286087036
20181129,12,40,-75,40000,7340.9794921875,246.899993896484,20.5287742614746,13.800048828125
20181129,18,40,-75,40000,7338.93603515625,248.300003051758,23.0143432617188,12.1596040725708
20181130,0,40,-75,40000,7341.24072265625,249.199996948242,22.5884017944336,17.9922561645508
20181130,6,40,-75,40000,7374.03271484375,250.199996948242,18.8714370727539,22.1683406829834
20181130,12,40,-75,40000,7404.33251953125,251.621017456055,15.0322122573853,23.5738525390625
20181130,18,40,-75,40000,7416.61865234375,251.133499145508,12.9646024703979,12.5188674926758
20181201,0,40,-75,40000,7420.134765625,249.984649658203,18.1613616943359,3.73129272460938
20181201,6,40,-75,40000,7411.54833984375,249.718780517578,21.0837345123291,-1.98564457893372
20181201,12,40,-75,40000,7384.59814453125,248.199996948242,22.5999183654785,-2.99812006950378
20181201,18,40,-75,40000,7360.3955078125,247.540557861328,25.5776634216309,-5.79329824447632
20181202,0,40,-75,40000,7352.6767578125,246.594436645508,22.2147636413574,-1.60400390625
20181202,6,40,-75,40000,7350.162109375,246.791091918945,17.9041557312012,-3.89977407455444
20181202,12,40,-75,40000,7328.1181640625,247.42610168457,19.7975807189941,-8.65327167510986
20181202,18,40,-75,40000,7295.97705078125,247.916213989258,24.7045936584473,-13.9307918548584
20181203,0,40,-75,40000,7260.81884765625,246.927520751953,31.6438941955566,-16.886682510376
20181203,6,40,-75,40000,7220.36572265625,246.112762451172,33.7018661499023,-18.720043182373
20181203,12,40,-75,40000,7165.251953125,244.899993896484,39.5584716796875,-17.7931938171387
20181203,18,40,-75,40000,7090.01953125,242.933685302734,46.4267387390137,-25.1270141601563
20181204,0,40,-75,40000,7004.58984375,240.024566650391,47.9098625183105,-18.1897087097168
20181204,6,40,-75,40000,6994.37890625,239.085372924805,47.2136535644531,-13.1599369049072
20181204,12,40,-75,40000,6957.494140625,236.713287353516,46.0414810180664,-14.4946594238281
20181204,18,40,-75,40000,6976.3857421875,234.799926757813,20.3814754486084,-1.80026853084564
20181205,0,40,-75,40000,6999.08984375,233.899978637695,13.0037174224854,2.69998788833618
20181205,6,40,-75,40000,7057.7001953125,237.214630126953,0.270541369915009,28.9976081848145
20181205,12,40,-75,40000,7145.26806640625,240.699996948242,4.36467885971069,26.3160591125488
20181205,18,40,-75,40000,7206.66259765625,243.202423095703,13.7267971038818,20.0606632232666
20181206,0,40,-75,40000,7219.515625,244.000030517578,23.8838558197021,8.27730751037598
20181206,6,40,-75,40000,7208.8212890625,242.610748291016,29.6360282897949,5.60308837890625
20181206,12,40,-75,40000,7187.5283203125,241.228973388672,33.6340026855469,4.88739013671875
20181206,18,40,-75,40000,7182.14111328125,239.927978515625,29.3656730651855,10.7711486816406
20181207,0,40,-75,40000,7227.5751953125,244.261444091797,19.7597713470459,18.1372127532959
20181207,6,40,-75,40000,7266.3173828125,245.871780395508,24.1251525878906,6.58007192611694
20181207,12,40,-75,40000,7264.31298828125,246.167846679688,26.0974617004395,4.81649160385132
20181207,18,40,-75,40000,7250.171875,244.70002746582,24.203498840332,1.34064936637878
20181208,0,40,-75,40000,7226.380859375,243.051345825195,31.7785892486572,1.54716801643372
20181208,6,40,-75,40000,7252.17626953125,242.013885498047,26.5314559936523,19.9207229614258
20181208,12,40,-75,40000,7304.40380859375,243.804473876953,15.5954561233521,11.7657327651978
20181208,18,40,-75,40000,7324.37255859375,244.818359375,16.0139408111572,0.762600719928741
20181209,0,40,-75,40000,7321.39794921875,244.600006103516,17.7299976348877,1.48676264286041
20181209,6,40,-75,40000,7328.80859375,245.60400390625,17.3606052398682,0.692956566810608
20181209,12,40,-75,40000,7312.7314453125,247.399993896484,20.9346580505371,-2.42019534111023
20181209,18,40,-75,40000,7299.09375,248.391403198242,22.8722362518311,-0.757293701171875
20181210,0,40,-75,40000,7281.01123046875,248.01579284668,29.7749137878418,7.72481679916382
20181210,6,40,-75,40000,7293.47021484375,248.38883972168,28.4778861999512,5.53750610351563
20181210,12,40,-75,40000,7264.72802734375,247.326751708984,33.1532897949219,2.86977529525757
20181210,18,40,-75,40000,7255.08642578125,247.899978637695,36.5708389282227,9.78496742248535
20181211,0,40,-75,40000,7227.86669921875,247.376953125,49.1999206542969,21.3754634857178
20181211,6,40,-75,40000,7290.0126953125,248.554977416992,33.3416976928711,18.8107414245605
20181211,12,40,-75,40000,7343.15771484375,249.772430419922,25.5999946594238,18.9706172943115
20181211,18,40,-75,40000,7404.65380859375,251.006759643555,23.1810245513916,7.78449106216431
20181212,0,40,-75,40000,7425.39794921875,252.380935668945,20.5512199401855,0.450997918844223
20181212,6,40,-75,40000,7428.21484375,252,27.0851287841797,-1.4078277349472
20181212,12,40,-75,40000,7416.06298828125,251.985595703125,32.1344833374023,-9.09215354919434
20181212,18,40,-75,40000,7381.2470703125,250.987869262695,33.7866363525391,-18.6814765930176
20181213,0,40,-75,40000,7342.02978515625,250.027542114258,35.3482704162598,-20.6836490631104
20181213,6,40,-75,40000,7306.3662109375,248.729156494141,36.631031036377,-25.6267509460449
20181213,12,40,-75,40000,7256.67431640625,246.300003051758,37.4957809448242,-19.0238590240479
20181213,18,40,-75,40000,7220.7392578125,243.000030517578,34.8444213867188,-16.1457767486572
20181214,0,40,-75,40000,7225.45556640625,243.020263671875,32.3915481567383,-10.1335325241089
20181214,6,40,-75,40000,7201.93798828125,242.300003051758,29.5925540924072,-11.5191040039063
20181214,12,40,-75,40000,7165.81201171875,238.621658325195,24.8172359466553,-7.09913921356201
20181214,18,40,-75,40000,7190.1533203125,239.699996948242,1.0274658203125,22.6214046478271
20181215,0,40,-75,40000,7268.3076171875,242,-1.12854611873627,23.4003601074219
20181215,6,40,-75,40000,7323.90234375,244.360382080078,2.90412592887878,15.5293941497803
20181215,12,40,-75,40000,7345.38134765625,245.4130859375,10.5127229690552,8.37370014190674
20181215,18,40,-75,40000,7362.525390625,248.304977416992,9.70027446746826,19.0289344787598
20181216,0,40,-75,40000,7395.06103515625,250.699981689453,14.1031436920166,15.2128200531006
20181216,6,40,-75,40000,7399.25732421875,251.399978637695,20.4503479003906,9.13415813446045
20181216,12,40,-75,40000,7401.42919921875,250.300018310547,25.3442878723145,4.26012897491455
20181216,18,40,-75,40000,7377.33056640625,248.399993896484,32.7284660339355,1.91945493221283
20181217,0,40,-75,40000,7355.4267578125,245.800003051758,29.8321132659912,0.556939721107483
20181217,6,40,-75,40000,7338.26953125,245,29.1862487792969,-3.99995732307434
20181217,12,40,-75,40000,7315.27490234375,243.704391479492,25.7222938537598,1.5447998046875
20181217,18,40,-75,40000,7287.30322265625,242.041137695313,22.7187252044678,-0.382562249898911
20181218,0,40,-75,40000,7287.3544921875,242.573928833008,21.7045631408691,4.6932373046875
20181218,6,40,-75,40000,7305.7705078125,243.034866333008,15.1050386428833,3.42219853401184
20181218,12,40,-75,40000,7317.658203125,243.887741088867,18.9916687011719,5.71059560775757
