20180720,0,-43,38,15000,14060.40625,217.614303588867,10.14111328125,5.09316396713257
20180720,6,-43,38,15000,14064.4091796875,217.300003051758,10.0083351135254,4.20499992370605
20180720,12,-43,38,15000,14047.384765625,216.497222900391,10.0519485473633,5.20829582214355
20180720,18,-43,38,15000,14043.615234375,216.389984130859,8.07889175415039,4.49578380584717
20180721,0,-43,38,15000,14053.875,216,6.82999992370605,6.62154769897461
20180721,6,-43,38,15000,14056.021484375,217.017242431641,7.32278299331665,6.93260765075684
20180721,12,-43,38,15000,14035.201171875,217.600006103516,8.08999538421631,6.19891834259033
20180721,18,-43,38,15000,14033.0166015625,218.462493896484,6.40444803237915,6.49753904342651
20180722,0,-43,38,15000,14044.8974609375,218.699996948242,7.84273433685303,5.90183115005493
20180722,6,-43,38,15000,14051.4677734375,218.899993896484,7.95805644989014,4.14060068130493
20180722,12,-43,38,15000,14036.6025390625,218.924468994141,6.85122060775757,4.83512210845947
20180722,18,-43,38,15000,14039.46875,219.28532409668,6.3531346321106,4.84061527252197
20180723,0,-43,38,15000,14048.142578125,218.931686401367,5.20938730239868,4.86142110824585
20180723,6,-43,38,15000,14055.181640625,219.699981689453,3.96805667877197,4.58768796920776
20180723,12,-43,38,15000,14034.619140625,219.899993896484,4.35064458847046,2.89766836166382
20180723,18,-43,38,15000,14032.3125,220.5,3.965576171875,2.58644533157349
20180724,0,-43,38,15000,14040.76171875,219.899993896484,4.52156019210815,2.27695798873901
20180724,6,-43,38,15000,14041.9775390625,219.631683349609,3.45265626907349,1.6548730134964
20180724,12,-43,38,15000,14028.7939453125,219.278076171875,2.33864498138428,2.49615240097046
20180724,18,-43,38,15000,14032.9462890625,218.899993896484,0.911950707435608,4.07620620727539
20180725,0,-43,38,15000,14041.755859375,219.100006103516,0.592944324016571,5.70203590393066
20180725,6,-43,38,15000,14048.3427734375,219.600006103516,-0.501015603542328,6.28032732009888
20180725,12,-43,38,15000,14035.2177734375,219.912811279297,-1.08500003814697,8.52194595336914
20180725,18,-43,38,15000,14038.705078125,219.982757568359,-2.59208488464355,8.92949199676514
20180726,0,-43,38,15000,14048.611328125,220.56364440918,-3.9433057308197,8.2446756362915
20180726,6,-43,38,15000,14051.97265625,221.300003051758,-3.04190421104431,8.08728981018066
20180726,12,-43,38,15000,14034.865234375,221.229156494141,-3.71593260765076,7.54372549057007
20180726,18,-43,38,15000,14038.8759765625,221.95881652832,-3.93775153160095,7.47883796691895
20180727,0,-43,38,15000,14050.736328125,222.124465942383,-2.87610840797424,6.72032451629639
20180727,6,-43,38,15000,14049.02734375,222.199996948242,-1.69658207893372,5.88142824172974
20180727,12,-43,38,15000,14029.6015625,222.5,-2.17584466934204,4.74894523620605
20180727,18,-43,38,15000,14030.326171875,222.088577270508,-3.37527823448181,4.30313730239868
20180728,0,-43,38,15000,14036.7470703125,222.214691162109,-2.77528309822083,4.39028549194336
20180728,6,-43,38,15000,14034.4248046875,222.285308837891,-2.78970956802368,3.13199710845947
20180728,12,-43,38,15000,14013.4501953125,222.199996948242,-3.49098634719849,3.44616222381592
20180728,18,-43,38,15000,14012.5126953125,222.399993896484,-4.48445081710815,3.94815421104431
20180729,0,-43,38,15000,14016.9541015625,222.600006103516,-3.97025871276855,3.75873041152954
20180729,6,-43,38,15000,14021.23046875,222.568313598633,-3.89916253089905,2.37152576446533
20180729,12,-43,38,15000,14008.01953125,222.599975585938,-3.53999018669128,1.52307856082916
20180729,18,-43,38,15000,14008.634765625,222.499969482422,-3.31775379180908,0.783498525619507
20180730,0,-43,38,15000,14019.4599609375,222.79997253418,-2.42355465888977,1.0548437833786
20180730,6,-43,38,15000,14026.134765625,222.800003051758,-1.56640625,-1.13470697402954
20180730,12,-43,38,15000,14008.400390625,223,-2.0567090511322,-1.69906985759735
20180730,18,-43,38,15000,14013.916015625,222.699996948242,-2.21389150619507,-1.84922361373901
20180731,0,-43,38,15000,14022.9658203125,222.64892578125,-2.19999504089355,-2.37006092071533
20180731,6,-43,38,15000,14025.3671875,223.100006103516,-1.98634278774261,-3.30863285064697
20180731,12,-43,38,15000,14010.73828125,222.800003051758,-1.67998051643372,-3.43119144439697
20180731,18,-43,38,15000,14018.5048828125,222.800003051758,-2.57731437683105,-3.54320311546326
20180801,0,-43,38,15000,14024.0751953125,222.761444091797,-0.869951188564301,-2.79559087753296
20180801,6,-43,38,15000,14026.302734375,222.899993896484,-1.54750001430511,-3.57176280021667
20180801,12,-43,38,15000,14005.5224609375,222.600006103516,-0.603237330913544,-1.57316410541534
20180801,18,-43,38,15000,14004.1171875,222.599975585938,-0.164257809519768,-1.3778076171875
20180802,0,-43,38,15000,14010.4296875,222.399993896484,0.799477517604828,0.00525146489962935
20180802,6,-43,38,15000,14012.927734375,222.199996948242,1.37168455123901,-1.95058107376099
20180802,12,-43,38,15000,13994.056640625,222,1.53727781772614,-2.38236808776855
20180802,18,-43,38,15000,13997.3154296875,221.800003051758,0.470971673727036,-3.06454348564148
20180803,0,-43,38,15000,14016.25,221.5,1.10223388671875,-2.65196776390076
20180803,6,-43,38,15000,14031.7978515625,220.699996948242,-0.6300048828125,-5.3726658821106
20180803,12,-43,38,15000,14027.5810546875,218.899993896484,-0.613994121551514,-8.1759786605835
20180803,18,-43,38,15000,14043.388671875,215.699996948242,-0.720830082893372,-11.8965482711792
20180804,0,-43,38,15000,14057.4140625,213.399993896484,6.55717277526855,-10.3299684524536
20180804,6,-43,38,15000,14035.6796875,215,18.2777786254883,-5.17989730834961
20180804,12,-43,38,15000,13977.5576171875,220,17.9983348846436,-8.26389408111572
20180804,18,-43,38,15000,13960.0166015625,221.300003051758,13.4600048065186,-11.9034233093262
20180805,0,-43,38,15000,13964.447265625,221.399993896484,14.3646144866943,-14.8837747573853
20180805,6,-43,38,15000,13966.5,220.300003051758,19.0600090026855,-20.0226783752441
20180805,12,-43,38,15000,13942.23828125,220.907470703125,21.7078075408936,-15.4925174713135
20180805,18,-43,38,15000,13917.5634765625,223.699981689453,19.3889255523682,-9.68415069580078
20180806,0,-43,38,15000,13905.041015625,225.006988525391,16.7900104522705,-4.33479499816895
20180806,6,-43,38,15000,13895.49609375,226.699996948242,10.6400003433228,-2.84530019760132
20180806,12,-43,38,15000,13867.9091796875,227.314254760742,7.6400294303894,-0.729973137378693
20180806,18,-43,38,15000,13866.517578125,227.899993896484,2.43665027618408,0.716220676898956
20180807,0,-43,38,15000,13874.0673828125,228.021926879883,1.51053714752197,2.86392331123352
20180807,6,-43,38,15000,13877.8310546875,228.100006103516,-0.474189460277557,1.38363039493561
20180807,12,-43,38,15000,13863.552734375,227.600006103516,-0.945002436637878,2.11996102333069
20180807,18,-43,38,15000,13862.9384765625,227.600006103516,-3.24587154388428,0.79132080078125
20180808,0,-43,38,15000,13872.9453125,227.266693115234,-4.58999252319336,0.839484870433807
20180808,6,-43,38,15000,13879.76953125,227,-6.68000507354736,-2.37109613418579
20180808,12,-43,38,15000,13880.11328125,225.79997253418,-7.32727527618408,-4.90339851379395
20180808,18,-43,38,15000,13907.9521484375,224.29997253418,-8.44144535064697,-8.76664066314697
20180809,0,-43,38,15000,13943.31640625,223.300247192383,-4.62832498550415,-11.3987741470337
20180809,6,-43,38,15000,13983.486328125,220.800003051758,-2.71555185317993,-19.2966918945313
20180809,12,-43,38,15000,13987.099609375,219.399993896484,1.97435545921326,-22.1858520507813
20180809,18,-43,38,15000,14015.21484375,219.106979370117,2.9047315120697,-21.5210552215576
20180810,0,-43,38,15000,14048.490234375,217.699996948242,8.57179641723633,-21.0999660491943
20180810,6,-43,38,15000,14074.1640625,215.899993896484,9.13227558135986,-16.5570774078369
20180810,12,-43,38,15000,14075.9326171875,215.236373901367,13.3037986755371,-10.5251998901367
20180810,18,-43,38,15000,14084.3388671875,216,15.5276803970337,-7.37394046783447
20180811,0,-43,38,15000,14098.3623046875,216,15.0999565124512,-3.30328607559204
20180811,6,-43,38,15000,14099.4013671875,215.800003051758,15.0025100708008,-2.25968027114868
20180811,12,-43,38,15000,14077.7529296875,216.899993896484,15.0615768432617,-0.799587428569794
20180811,18,-43,38,15000,14072.23828125,218.38720703125,10.7667579650879,-3.35165762901306
20180812,0,-43,38,15000,14081.2265625,219.218307495117,8.8464937210083,-4.82970237731934
20180812,6,-43,38,15000,14088.23828125,219.576416015625,5.6399998664856,-6.3698410987854
20180812,12,-43,38,15000,14082.087890625,219.399993896484,5.30194807052612,-7.19164085388184
20180812,18,-43,38,15000,14084.0849609375,219.099975585938,2.32000494003296,-8.93738746643066
20180813,0,-43,38,15000,14089.650390625,219.068313598633,0.761357426643372,-10.1637010574341
20180813,6,-43,38,15000,14095.25390625,219.199996948242,-5.53841781616211,-11.510947227478
20180813,12,-43,38,15000,14080.3408203125,219.099975585938,-8.99332523345947,-9.15789794921875
20180813,18,-43,38,15000,14092.73828125,217.5,-13.6333589553833,-10.5953369140625
20180814,0,-43,38,15000,14105.271484375,215.300003051758,-14.2203664779663,-6.72640609741211
20180814,6,-43,38,15000,14107.5595703125,213.699996948242,-11.4638767242432,-8.79325675964355
20180814,12,-43,38,15000,14072.6376953125,213.899993896484,-11.0203809738159,-7.61000490188599
20180814,18,-43,38,15000,14058.44140625,213.79997253418,-8.2528715133667,-5.51784658432007
20180815,0,-43,38,15000,14048.48828125,214.163375854492,-5.78563499450684,-6.64059591293335
20180815,6,-43,38,15000,14031.736328125,213.999969482422,-4.49771976470947,-5.04895734786987
20180815,12,-43,38,15000,14002.912109375,213.800003051758,-1.94877934455872,-3.03628182411194
20180815,18,-43,38,15000,14000.3515625,213.300003051758,-0.239999994635582,-0.863061547279358
20180816,0,-43,38,15000,14005.7939453125,213.300003051758,0.0599999986588955,1.16671872138977
20180816,6,-43,38,15000,14006.9345703125,213.039794921875,1.8748779296875,2.85757088661194
20180816,12,-43,38,15000,13992.603515625,213.899993896484,1.44462406635284,4.9036545753479
20180816,18,-43,38,15000,13991.2060546875,216.399993896484,4.77333498001099,9.82343292236328
20180817,0,-43,38,15000,14007.4541015625,217.261077880859,8.21000957489014,10.715087890625
20180817,6,-43,38,15000,14018.509765625,217.800003051758,8.43000507354736,11.1946630477905
20180817,12,-43,38,15000,14009.8740234375,218.5,6.65999984741211,10.7245454788208
20180817,18,-43,38,15000,14011.2626953125,219.629150390625,6.27445077896118,12.6038131713867
20180818,0,-43,38,15000,14019.056640625,220.399993896484,7.08919906616211,10.1419992446899
20180818,6,-43,38,15000,14029.353515625,220.800003051758,7.29750490188599,8.74828338623047
20180818,12,-43,38,15000,14029.26953125,219.5,9.44750499725342,6.11908435821533
20180818,18,-43,38,15000,14063.8251953125,213.699752807617,10.1739015579224,-2.97610116004944
20180819,0,-43,38,15000,14107.9990234375,210.699752807617,7.53361797332764,-0.896030247211456
20180819,6,-43,38,15000,14129.701171875,210.100006103516,2.93288564682007,5.44889402389526
20180819,12,-43,38,15000,14124.7646484375,209.199752807617,2.27000498771667,9.86547088623047
20180819,18,-43,38,15000,14127.1787109375,209.5,0.0081396484747529,11.4136428833008
20180820,0,-43,38,15000,14135.1533203125,211.107467651367,2.18524408340454,12.3132352828979
20180820,6,-43,38,15000,14140.224609375,212.399993896484,2.27467274665833,10.011962890625
20180820,12,-43,38,15000,14132.30859375,213.79997253418,3.07559561729431,11.4648952484131
20180820,18,-43,38,15000,14129.240234375,214.5,3.18000984191895,11.9423294067383
20180821,0,-43,38,15000,14134.6484375,215.5,5.28110837936401,11.2544136047363
20180821,6,-43,38,15000,14138.4521484375,216.300003051758,5.34808588027954,10.3559379577637
20180821,12,-43,38,15000,14124.7021484375,216,7.54083490371704,7.30521488189697
20180821,18,-43,38,15000,14129.7138671875,216.000030517578,5.93999767303467,3.23158192634583
20180822,0,-43,38,15000,14146.59765625,215.036376953125,5.41000509262085,1.70682370662689
20180822,6,-43,38,15000,14149.9423828125,213.236373901367,6.17999982833862,-0.926767587661743
20180822,12,-43,38,15000,14130.1201171875,213.100006103516,8.19560050964355,-1.66595220565796
20180822,18,-43,38,15000,14128.3173828125,212.970855712891,9.76528835296631,-1.36554682254791
20180823,0,-43,38,15000,14123.962890625,213.100006103516,11.3797702789307,-1.62134277820587
20180823,6,-43,38,15000,14118.0087890625,213.51335144043,11.0720310211182,-4.77593040466309
20180823,12,-43,38,15000,14102.3486328125,212.878082275391,6.77001476287842,-7.94617938995361
20180823,18,-43,38,15000,14105.6103515625,210.600006103516,2.31111812591553,-8.21795654296875
20180824,0,-43,38,15000,14113.13671875,209.199981689453,0.640009760856628,-7.11173105239868
20180824,6,-43,38,15000,14120.451171875,208.899993896484,1.10777342319489,-7.17750978469849
20180824,12,-43,38,15000,14110.2373046875,208.399993896484,3.45669913291931,-7.66257333755493
20180824,18,-43,38,15000,14102.5634765625,209,4.00816917419434,-9.92613315582275
20180825,0,-43,38,15000,14103.5390625,209.800003051758,2.50269031524658,-11.3458642959595
20180825,6,-43,38,15000,14108.65625,210.899978637695,-4.92776346206665,-8.98837375640869
20180825,12,-43,38,15000,14106.0927734375,208.899993896484,-8.08834934234619,-5.74298095703125
20180825,18,-43,38,15000,14124.6025390625,207.5,-11.2347221374512,-5.53935813903809
20180826,0,-43,38,15000,14147.2763671875,206.600006103516,-12.6305570602417,-1.61302006244659
20180826,6,-43,38,15000,14155.072265625,206.800003051758,-11.6511087417603,0.757111787796021
20180826,12,-43,38,15000,14153.9736328125,206.406982421875,-11.267539024353,2.02584218978882
20180826,18,-43,38,15000,14161.6865234375,206.199996948242,-9.91887664794922,3.68362069129944
20180827,0,-43,38,15000,14170.388671875,206.600006103516,-6.32769060134888,3.76397943496704
20180827,6,-43,38,15000,14171.79296875,206.79997253418,-4.94999027252197,1.65976071357727
20180827,12,-43,38,15000,14156.4013671875,206.914703369141,-3.35471200942993,-1.39734125137329
20180827,18,-43,38,15000,14152.337890625,208.800003051758,-2.19194340705872,-3.50182628631592
20180828,0,-43,38,15000,14152.8564453125,209.899978637695,0.115537106990814,-5.72918462753296
20180828,6,-43,38,15000,14142.7197265625,210.699996948242,-2.18145990371704,-9.59138679504395
20180828,12,-43,38,15000,14118.50390625,211,-2.83000254631042,-9.34439659118652
20180828,18,-43,38,15000,14116.6640625,210.399993896484,-5.21502685546875,-8.76355266571045
20180829,0,-43,38,15000,14127.3583984375,210.999969482422,-4.06009531021118,-11.8434152603149
20180829,6,-43,38,15000,14127.9716796875,212.339401245117,-3.09607911109924,-15.5830249786377
20180829,12,-43,38,15000,14117.0263671875,212.100006103516,-6.04032707214355,-20.2085151672363
20180829,18,-43,38,15000,14130.5322265625,210.399993896484,-11.8092088699341,-24.5648632049561
20180830,0,-43,38,15000,14155.3271484375,212.199996948242,-6.80535173416138,-22.339183807373
20180830,6,-43,38,15000,14156.2890625,213.499969482422,-7.71328353881836,-26.7284259796143
20180830,12,-43,38,15000,14148.2333984375,212.782760620117,-9.84365272521973,-24.9391860961914
20180830,18,-43,38,15000,14157.365234375,211.699981689453,-11.4499998092651,-18.5342044830322
20180831,0,-43,38,15000,14170.076171875,211.787933349609,-7.60999774932861,-13.7960395812988
20180831,6,-43,38,15000,14179.9462890625,212.259231567383,-3.58444833755493,-10.6148366928101
20180831,12,-43,38,15000,14156.7412109375,212.511184692383,1.41662108898163,-6.68953609466553
20180831,18,-43,38,15000,14144.0390625,213.420944213867,3.66205072402954,-5.35356426239014
20180901,0,-43,38,15000,14124.8828125,214.29997253418,6.02277851104736,-4.08554458618164
20180901,6,-43,38,15000,14114.732421875,214.800003051758,5.86999988555908,-2.21218752861023
20180901,12,-43,38,15000,14091.62109375,214.600006103516,6.67000961303711,0.141093745827675
20180901,18,-43,38,15000,14081.6572265625,214.800003051758,6.56222152709961,0.941699206829071
20180902,0,-43,38,15000,14078.3447265625,215.199996948242,6.74946308135986,3.81768798828125
20180902,6,-43,38,15000,14075.6298828125,215.600006103516,7.52190923690796,3.86182117462158
20180902,12,-43,38,15000,14051.8427734375,215.300003051758,8.34555149078369,4.42903327941895
20180902,18,-43,38,15000,14046.0078125,215.5,8.60062503814697,4.65436029434204
20180903,0,-43,38,15000,14048.02734375,214.800003051758,10.4804782867432,4.5450439453125
20180903,6,-43,38,15000,14044.0234375,215.399993896484,11.9600028991699,5.33872318267822
20180903,12,-43,38,15000,14034.822265625,215,14.1566410064697,6.04479742050171
20180903,18,-43,38,15000,14033.451171875,215.100006103516,17.2244510650635,7.45834732055664
20180904,0,-43,38,15000,14033.2236328125,214.800003051758,21.8621654510498,8.34030532836914
20180904,6,-43,38,15000,14030.267578125,215.099975585938,23.2548675537109,8.39425086975098
20180904,12,-43,38,15000,13998.951171875,215.5,25.7191753387451,11.221227645874
20180904,18,-43,38,15000,13968.3896484375,216.899978637695,27.7933540344238,12.3481960296631
20180905,0,-43,38,15000,13935.6201171875,217.399993896484,28.9918594360352,10.5741653442383
20180905,6,-43,38,15000,13907.1787109375,219.399993896484,26.4649658203125,8.03666019439697
20180905,12,-43,38,15000,13867.6650390625,219.800003051758,25.3734321594238,7.64494132995605
20180905,18,-43,38,15000,13850.48828125,221,21.3675098419189,7.90754890441895
20180906,0,-43,38,15000,13847.4462890625,221.600051879883,19.4400100708008,9.0720796585083
20180906,6,-43,38,15000,13842.6552734375,222.199996948242,16.850004196167,7.90964126586914
20180906,12,-43,38,15000,13823.7763671875,222.41943359375,15.5411405563354,8.94091796875
20180906,18,-43,38,15000,13817.736328125,222.399993896484,15.3944778442383,7.91554927825928
20180907,0,-43,38,15000,13826.4638671875,222.094207763672,16.3111228942871,6.86181879043579
20180907,6,-43,38,15000,13841.494140625,221.5,17.3612594604492,3.91343021392822
20180907,12,-43,38,15000,13840.8984375,220.100006103516,18.690824508667,-0.900556623935699
20180907,18,-43,38,15000,13864.96484375,218,19.9616794586182,-0.692592799663544
20180908,0,-43,38,15000,13895.08203125,217.29997253418,24.0916900634766,1.26535642147064
20180908,6,-43,38,15000,13919.3388671875,216.5,25.9700088500977,-3.10399913787842
20180908,12,-43,38,15000,13950.5185546875,213.499969482422,22.6711196899414,-8.65001201629639
20180908,18,-43,38,15000,13989.392578125,213.899978637695,17.6825141906738,-1.85921633243561
20180909,0,-43,38,15000,13993.013671875,213.999969482422,15.4368114471436,2.49139404296875
20180909,6,-43,38,15000,13970.337890625,216.199996948242,18.7936630249023,4.23684072494507
20180909,12,-43,38,15000,13941.65625,216.699996948242,26.8410320281982,4.18273210525513
20180909,18,-43,38,15000,13940.798828125,216,30.8800220489502,6.75795412063599
20180910,0,-43,38,15000,13949.9560546875,215.399993896484,30.3900146484375,8.23664569854736
20180910,6,-43,38,15000,13949.9599609375,215.061080932617,28.5377807617188,4.15381574630737
20180910,12,-43,38,15000,13945.5263671875,215.100006103516,27.1909980773926,2.33347654342651
20180910,18,-43,38,15000,13947.37890625,215.199996948242,28.7860164642334,0.881066918373108
20180911,0,-43,38,15000,13950.2138671875,216.038909912109,27.1300239562988,-4.30742454528809
20180911,6,-43,38,15000,13952.9521484375,217.699996948242,25.8880176544189,-9.7583589553833
20180911,12,-43,38,15000,13942.1337890625,216.899993896484,26.0400142669678,-14.6497001647949
20180911,18,-43,38,15000,13942.7802734375,215.927734375,26.8505668640137,-16.943489074707
20180912,0,-43,38,15000,13952.3125,216.546600341797,27.3052883148193,-20.6824607849121
20180912,6,-43,38,15000,13944.509765625,217.291015625,22.8052864074707,-23.4511337280273
20180912,12,-43,38,15000,13927.66796875,217.946136474609,19.057710647583,-21.9162712097168
20180912,18,-43,38,15000,13909.5478515625,219.327545166016,11.304235458374,-17.9133529663086
20180913,0,-43,38,15000,13911.1201171875,218.031692504883,5.22609615325928,-17.0077495574951
20180913,6,-43,38,15000,13915.8564453125,218.321929931641,0.225781247019768,-22.0935649871826
20180913,12,-43,38,15000,13928.673828125,216.499969482422,-6.09633779525757,-29.1600723266602
20180913,18,-43,38,15000,13958.2939453125,213.5,-9.47043704986572,-33.5255165100098
20180914,12,-43,38,15000,14003.2939453125,212.802490234375,4.74498558044434,-18.704029083252
20180914,18,-43,38,15000,13987.6015625,213.600006103516,6.3441481590271,-15.1491746902466
20180915,0,-43,38,15000,13980.7783203125,213.199996948242,7.47001218795776,-16.5975799560547
20180915,6,-43,38,15000,13974.423828125,211.699996948242,5.9270339012146,-21.7154350280762
20180915,12,-43,38,15000,13961.01171875,211.699981689453,4.57419204711914,-23.4470329284668
20180915,18,-43,38,15000,13967.65234375,210.531692504883,3.33990955352783,-21.9363059997559
20180916,0,-43,38,15000,13984.2685546875,210.485275268555,6.0425853729248,-16.7459106445313
20180916,12,-43,38,15000,13947.5283203125,214.338912963867,18.5826091766357,-7.82749032974243
20180916,18,-43,38,15000,13920.2099609375,217,18.5836982727051,-7.43725109100342
20180917,0,-43,38,15000,13908.5947265625,218,16.5108375549316,-10.1021556854248
20180917,6,-43,38,15000,13917.478515625,216.399993896484,16.7875137329102,-12.5478048324585
20180917,12,-43,38,15000,13910.6796875,216.300003051758,18.4635105133057,-13.6307010650635
20180917,18,-43,38,15000,13913.2646484375,215.79997253418,16.8940525054932,-11.7115869522095
20180918,0,-43,38,15000,13923.357421875,213.899978637695,19.5391311645508,-9.0361795425415
20180918,6,-43,38,15000,13928.5771484375,212.899993896484,23.5237712860107,-7.36723899841309
20180918,12,-43,38,15000,13918.875,210.600006103516,25.9432487487793,-8.73544216156006
20180918,18,-43,38,15000,13932.291015625,210.399993896484,26.0859031677246,-7.44747066497803
20180919,0,-43,38,15000,13952.880859375,209.736358642578,27.2955551147461,-4.94462156295776
20180919,6,-43,38,15000,13955.36328125,209.5,26.2065505981445,-0.0713208019733429
20180919,12,-43,38,15000,13942.44140625,209.520172119141,25.7531452178955,2.95768809318542
20180919,18,-43,38,15000,13934.544921875,209.403228759766,25.7097320556641,3.63257074356079
20180920,0,-43,38,15000,13925.34375,209.75505065918,27.8649845123291,7.24425029754639
20180920,6,-43,38,15000,13907.9853515625,211.300003051758,26.589693069458,7.53186750411987
20180920,12,-43,38,15000,13872.17578125,212.900024414063,27.1083526611328,10.3920946121216
20180920,18,-43,38,15000,13840.7451171875,215.300003051758,26.1696510314941,5.54626941680908
20180921,0,-43,38,15000,13844.7802734375,216.600006103516,23.2983322143555,1.45508050918579
20180921,6,-43,38,15000,13847.6123046875,216.624465942383,20.660795211792,-1.9288672208786
20180921,12,-43,38,15000,13840.6484375,216.618896484375,18.5832138061523,-1.96886968612671
20180921,18,-43,38,15000,13847.5263671875,217.600006103516,13.6658515930176,-4.28670883178711
20180922,0,-43,38,15000,13863.35546875,217.324462890625,10.9075002670288,-6.98282241821289
20180922,6,-43,38,15000,13888.6064453125,215.578079223633,4.98455095291138,-14.1875534057617
20180922,12,-43,38,15000,13911.03515625,213.5,-0.530791044235229,-15.7890205383301
20180922,18,-43,38,15000,13950.4296875,210.399993896484,-2.83578848838806,-19.4898223876953
20180923,0,-43,38,15000,13989.12890625,207.100006103516,-7.64187002182007,-16.5445098876953
20180923,6,-43,38,15000,14025.4736328125,206.5,-8.89293670654297,-12.1501932144165
20180923,12,-43,38,15000,14036.9052734375,206.399993896484,-6.59789085388184,-6.01586198806763
20180923,18,-43,38,15000,14042.2626953125,207.100006103516,-5.95931625366211,-2.25791025161743
20180924,0,-43,38,15000,14055.43359375,207,-2.72306156158447,-0.0265039056539536
20180924,6,-43,38,15000,14057.1787109375,207.100006103516,-2.97036385536194,0.208288580179214
20180924,12,-43,38,15000,14053.1708984375,207.100006103516,-4.11674785614014,2.82159185409546
20180924,18,-43,38,15000,14061.0322265625,207.089996337891,-1.91916263103485,3.615234375
20180925,0,-43,38,15000,14068.4697265625,206.908157348633,-1.30103266239166,0.228837892413139
20180925,6,-43,38,15000,14078.5712890625,207.600006103516,-4.59402084350586,1.85279047489166
20180925,12,-43,38,15000,14074.5224609375,208.300003051758,-2.93479990959167,2.14871335029602
20180925,18,-43,38,15000,14077.6376953125,208.5,-4.52587890625,0.422734379768372
20180926,0,-43,38,15000,14089.5185546875,208.5,-5.6699366569519,1.64478027820587
20180926,6,-43,38,15000,14090.76171875,209.595626831055,-8.35603046417236,1.16940915584564
20180926,12,-43,38,15000,14084.4560546875,209.985641479492,-9.09178447723389,1.31810545921326
20180926,18,-43,38,15000,14080.04296875,210.258026123047,-8.93583488464355,2.89724111557007
20180927,0,-43,38,15000,14085.2314453125,211.106246948242,-8.58192825317383,0.830654323101044
20180927,6,-43,38,15000,14074.9501953125,212.199996948242,-8.72037124633789,-1.53323972225189
20180927,12,-43,38,15000,14056.3037109375,212.699981689453,-7.25746583938599,-1.91115725040436
20180927,18,-43,38,15000,14046.6171875,213,-7.16710710525513,1.2586327791214
20180928,0,-43,38,15000,14040.41796875,211.600006103516,-3.39027094841003,5.76676273345947
20180928,6,-43,38,15000,14031.6787109375,210.399993896484,1.36057126522064,5.37767601013184
20180928,12,-43,38,15000,14007.3173828125,209.699996948242,2.3117847442627,9.11153316497803
20180928,18,-43,38,15000,13959.8583984375,211.899978637695,-3.44221186637878,13.7780179977417
20180929,0,-43,38,15000,13918.69140625,214.699996948242,-1.15468263626099,16.8324947357178
20180929,6,-43,38,15000,13880.5810546875,215.699996948242,-2.86802005767822,13.232780456543
20180929,12,-43,38,15000,13852.474609375,216.100006103516,-0.544611811637878,11.7354173660278
20180929,18,-43,38,15000,13839.333984375,217.495559692383,6.28697776794434,6.38531017303467
20180930,0,-43,38,15000,13836.2900390625,218.699996948242,7.87498044967651,1.52198970317841
20180930,6,-43,38,15000,13830.1650390625,219.959442138672,6.40250492095947,-4.10781240463257
20180930,12,-43,38,15000,13839.080078125,218.499969482422,2.7995069026947,-13.5382642745972
20180930,18,-43,38,15000,13880.91015625,215.699981689453,3.83738279342651,-23.9218845367432
20181001,0,-43,38,15000,13944.4541015625,212.899993896484,7.79137229919434,-31.2566261291504
20181001,6,-43,38,15000,13988.056640625,211.399993896484,11.973352432251,-28.6887798309326
20181001,12,-43,38,15000,14003.107421875,210.499969482422,12.0633573532104,-25.5001525878906
20181001,18,-43,38,15000,14016.9921875,209.800003051758,13.1418762207031,-22.5524787902832
20181002,0,-43,38,15000,14045.0234375,208.800003051758,15.5879201889038,-16.026538848877
20181002,6,-43,38,15000,14058.63671875,208,16.7692356109619,-10.1157369613647
20181002,12,-43,38,15000,14040.2587890625,207.838912963867,19.5926094055176,-2.60359859466553
20181002,18,-43,38,15000,14007.47265625,208.800003051758,25.406644821167,6.72049808502197
20181003,0,-43,38,15000,13961.70703125,209.344085693359,25.9510135650635,2.62271475791931
20181003,6,-43,38,15000,13920.2509765625,212.600006103516,22.7386112213135,-5.01267099380493
20181003,12,-43,38,15000,13934.69140625,212.600006103516,10.8605690002441,-26.1482086181641
20181003,18,-43,38,15000,13988.5703125,212.338912963867,11.3905668258667,-25.2450180053711
20181004,0,-43,38,15000,14025.8173828125,212.021926879883,15.4494504928589,-16.0549850463867
20181004,6,-43,38,15000,14049.041015625,212.100006103516,15.879921913147,-12.6683206558228
20181004,12,-43,38,15000,14042.1640625,212.214691162109,17.9894561767578,-2.30836915969849
20181004,18,-43,38,15000,14028.818359375,212.607467651367,22.9453296661377,4.12835216522217
20181005,0,-43,38,15000,14036.4716796875,210.946136474609,23.9170989990234,-5.0088939666748
20181005,6,-43,38,15000,14049.208984375,211.300003051758,29.572868347168,-9.77178001403809
20181005,12,-43,38,15000,14065.4970703125,210.79997253418,28.9097442626953,-13.7908515930176
20181005,18,-43,38,15000,14099.5771484375,208.800003051758,23.956657409668,-19.4134845733643
20181006,0,-43,38,15000,14139.48828125,207.5,15.1093778610229,-16.1403579711914
20181006,6,-43,38,15000,14168.1640625,207.853881835938,15.4870824813843,-5.98372077941895
20181006,12,-43,38,15000,14179.1875,208.5,13.9412717819214,-4.17124032974243
20181006,18,-43,38,15000,14191.451171875,208.64892578125,10.0330295562744,-2.41243171691895
20181007,0,-43,38,15000,14211.0302734375,209.178070068359,7.46498394012451,-1.25177609920502
20181007,6,-43,38,15000,14213.4853515625,209.121917724609,3.61407160758972,-0.427893072366714
20181007,12,-43,38,15000,14206.2109375,209.100006103516,3.21532297134399,4.10646343231201
20181007,18,-43,38,15000,14196.4775390625,209.62190246582,3.8496994972229,5.11502695083618
20181008,0,-43,38,15000,14197.794921875,210.199996948242,2.44561290740967,8.29759788513184
20181008,6,-43,38,15000,14180.9501953125,210.399978637695,4.24148416519165,11.5983009338379
20181008,12,-43,38,15000,14152.517578125,210.600006103516,7.76257801055908,12.4880809783936
20181008,18,-43,38,15000,14134.537109375,210.100006103516,9.56093788146973,8.84213352203369
20181009,0,-43,38,15000,14112.1103515625,210.799758911133,8.84950923919678,6.79835939407349
20181009,6,-43,38,15000,14100.4150390625,211.100006103516,9.3074779510498,1.19322752952576
20181009,12,-43,38,15000,14083.3095703125,211.499969482422,10.6975564956665,-0.944477558135986
20181009,18,-43,38,15000,14075.30859375,212.007476806641,7.92995119094849,-7.32098150253296
20181010,0,-43,38,15000,14082.9501953125,212.03889465332,-1.23473632335663,-11.2338180541992
20181010,6,-43,38,15000,14097.1416015625,211.699996948242,-3.71362781524658,-8.83376693725586
20181010,12,-43,38,15000,14086.6962890625,211.300003051758,-2.2266674041748,-4.63423585891724
20181010,18,-43,38,15000,14079.55078125,210.800003051758,-1.88855957984924,-1.88720214366913
20181011,0,-43,38,15000,14062.1220703125,210.806976318359,-1.25980222225189,5.6239914894104
20181011,6,-43,38,15000,14038.8251953125,211.100006103516,1.61521482467651,11.1319828033447
20181011,12,-43,38,15000,14001.7265625,211.100006103516,4.88008308410645,17.4334774017334
20181011,18,-43,38,15000,13970.1298828125,211.499969482422,9.89066886901855,19.4421482086182
20181012,0,-43,38,15000,13949.791015625,212.099975585938,12.96337890625,13.3220558166504
20181012,6,-43,38,15000,13937.916015625,212.800003051758,11.7465133666992,11.3412208557129
20181012,12,-43,38,15000,13918.361328125,213.199996948242,12.0034399032593,13.5708351135254
20181012,18,-43,38,15000,13912.3203125,213.800003051758,12.1784029006958,13.5096292495728
20181013,0,-43,38,15000,13905.0361328125,214.299758911133,12.0514478683472,10.9039306640625
20181013,6,-43,38,15000,13903.9677734375,213.846115112305,10.4979829788208,12.6209497451782
20181013,12,-43,38,15000,13890.32421875,213.600006103516,11.751745223999,13.0926952362061
20181013,18,-43,38,15000,13888.6396484375,213.699996948242,9.72617435455322,16.9633941650391
20181014,0,-43,38,15000,13889.728515625,213.100006103516,11.7745456695557,16.1971282958984
20181014,6,-43,38,15000,13884.5576171875,213.399993896484,12.3987617492676,14.0844631195068
20181014,12,-43,38,15000,13872.3916015625,213.699996948242,12.3185081481934,11.7686233520508
20181014,18,-43,38,15000,13869.7021484375,213.699996948242,8.2374095916748,12.146689414978
20181015,0,-43,38,15000,13868.755859375,213.800003051758,8.68886947631836,9.98554229736328
20181015,6,-43,38,15000,13862.4052734375,213.800003051758,7.79825448989868,5.16562509536743
20181015,12,-43,38,15000,13859.5810546875,212.517242431641,7.35457277297974,2.82551264762878
20181015,18,-43,38,15000,13876.33203125,211.5,10.6104784011841,5.49113750457764
20181016,0,-43,38,15000,13881.8623046875,212.100006103516,19.3953151702881,8.60586452484131
20181016,6,-43,38,15000,13893.65625,213.899978637695,22.8044967651367,5.77719259262085
20181016,12,-43,38,15000,13889.19921875,215,24.0136604309082,7.70580101013184
20181016,18,-43,38,15000,13890.30078125,213.600006103516,23.7983474731445,11.3844289779663
20181017,0,-43,38,15000,13880.5791015625,213.300003051758,25.3814811706543,13.2271242141724
20181017,6,-43,38,15000,13873.36328125,212.706985473633,23.8630790710449,11.4240379333496
20181017,12,-43,38,15000,13864.30078125,210.79997253418,27.3535690307617,7.13544416427612
20181017,18,-43,38,15000,13869.8349609375,209.032135009766,31.3815975189209,6.42931413650513
20181018,0,-43,38,15000,13886.8251953125,206.836380004883,29.6110992431641,5.27601337432861
20181018,6,-43,38,15000,13897.93359375,207.5,22.1983413696289,11.9549684524536
20181018,12,-43,38,15000,13883.9111328125,208.300003051758,19.8425216674805,18.5857124328613
20181018,18,-43,38,15000,13866.0234375,210.399993896484,20.3087520599365,24.3185882568359
20181019,0,-43,38,15000,13832.4453125,212.699996948242,19.5495319366455,27.5241794586182
20181019,6,-43,38,15000,13803.927734375,214.600006103516,20.7952728271484,28.6165962219238
20181019,18,-43,38,15000,13791.9111328125,213.296539306641,18.3205738067627,18.6495361328125
20181020,0,-43,38,15000,13799.7841796875,212.300003051758,17.5032863616943,16.6213665008545
20181020,6,-43,38,15000,13796.12109375,212.5,16.2306156158447,14.4968700408936
20181020,12,-43,38,15000,13780.1953125,213.100006103516,16.5813751220703,10.2188987731934
20181020,18,-43,38,15000,13775.6396484375,213.199981689453,15.1912965774536,4.12592267990112
20181021,0,-43,38,15000,13773.212890625,213.300003051758,15.9306812286377,5.63993644714355
20181021,6,-43,38,15000,13759.2138671875,215.5,17.6105632781982,8.52530479431152
20181021,12,-43,38,15000,13721.3076171875,215.138916015625,21.2529220581055,11.9581127166748
20181021,18,-43,38,15000,13690.1279296875,215.5,23.9388008117676,14.1989994049072
20181022,0,-43,38,15000,13656.478515625,216.899993896484,24.4000015258789,18.2573757171631
20181022,6,-43,38,15000,13610.087890625,218.964111328125,25.992073059082,18.494068145752
20181022,12,-43,38,15000,13559.193359375,220.343109130859,23.9243927001953,15.0779323577881
20181022,18,-43,38,15000,13524.224609375,222.800003051758,21.0307464599609,11.1071090698242
20181023,0,-43,38,15000,13517.9716796875,223.300003051758,22.882209777832,2.96503663063049
20181023,6,-43,38,15000,13561.923828125,220.569290161133,28.8298435211182,-8.4752950668335
20181023,12,-43,38,15000,13634.9677734375,216.2861328125,33.5005340576172,-11.8203611373901
20181023,18,-43,38,15000,13720.5146484375,214.600006103516,31.2881317138672,-11.5177440643311
20181024,0,-43,38,15000,13796.361328125,213,45.6939392089844,-10.9069480895996
20181024,6,-43,38,15000,13851.47265625,213.79997253418,42.8957023620605,-2.56859374046326
20181024,12,-43,38,15000,13846.830078125,215.784515380859,37.7045555114746,9.96138668060303
20181024,18,-43,38,15000,13824.0439453125,217.5,38.7512893676758,18.3439235687256
20181025,0,-43,38,15000,13778.4296875,218.294769287109,42.4041290283203,22.9269847869873
20181025,6,-43,38,15000,13731.09375,218.205596923828,44.552490234375,26.0134449005127
20181025,12,-43,38,15000,13688.240234375,217.899978637695,41.9630355834961,26.111421585083
20181025,18,-43,38,15000,13663.568359375,217.513473510742,41.3386535644531,25.1099872589111
20181026,0,-43,38,15000,13633.619140625,218.403472900391,42.0878372192383,28.9826641082764
20181026,6,-43,38,15000,13591.79296875,219.570846557617,40.4819717407227,25.5915184020996
20181026,12,-43,38,15000,13546.30078125,220.629150390625,37.7004814147949,23.3950901031494
20181026,18,-43,38,15000,13516.990234375,220.467376708984,30.0360012054443,23.8873310089111
20181027,0,-43,38,15000,13478.375,221.138916015625,25.451566696167,22.9032173156738
20181027,6,-43,38,15000,13449.291015625,222,23.6954460144043,20.1099414825439
20181027,12,-43,38,15000,13425.7490234375,222.953369140625,24.9266624450684,12.9880514144897
20181027,18,-43,38,15000,13435.59765625,222.800003051758,29.4900054931641,2.18528318405151
20181028,0,-43,38,15000,13475.0927734375,220.600006103516,34.0099983215332,-4.9763035774231
20181028,6,-43,38,15000,13523.056640625,218.899978637695,38.6536140441895,-6.52139139175415
20181028,12,-43,38,15000,13562.8828125,216.899993896484,41.0028762817383,-12.2647123336792
20181028,18,-43,38,15000,13640.3212890625,214.699981689453,42.5076370239258,-13.2770509719849
20181029,0,-43,38,15000,13725.087890625,211.100006103516,45.3555946350098,-14.9373197555542
20181029,6,-43,38,15000,13789.3984375,213.399978637695,40.3344230651855,-13.2185840606689
20181029,12,-43,38,15000,13827.65625,209.199981689453,49.4416122436523,-7.98088884353638
20181029,18,-43,38,15000,13882.45703125,207,44.4641456604004,-1.75890624523163
20181030,0,-43,38,15000,13918.830078125,206.800003051758,44.9694442749023,3.59412097930908
20181030,6,-43,38,15000,13937.56640625,208.11962890625,43.130672454834,8.37904262542725
20181030,12,-43,38,15000,13949.7646484375,205.107467651367,37.9100112915039,9.16028308868408
20181030,18,-43,38,15000,13958.6787109375,203.800003051758,38.4480018615723,8.83285617828369
20181031,0,-43,38,15000,13990.0849609375,203.514678955078,39.6571578979492,6.80852031707764
20181031,6,-43,38,15000,14014.3671875,205.199981689453,34.8833465576172,4.4924168586731
20181031,12,-43,38,15000,14014.3740234375,204.699996948242,33.4677848815918,12.1692142486572
20181031,18,-43,38,15000,14001.9765625,206.100006103516,28.8000736236572,25.3336772918701
20181101,0,-43,38,15000,13981.8095703125,209.600006103516,25.8738994598389,28.7020168304443
20181101,6,-43,38,15000,13944.955078125,213.699996948242,25.777172088623,30.1873531341553
20181101,12,-43,38,15000,13903.0634765625,215.575531005859,29.0816707611084,31.6069869995117
20181101,18,-43,38,15000,13870.662109375,217.399993896484,28.4529876708984,27.6789264678955
20181102,0,-43,38,15000,13860.8359375,215.600006103516,30.8644256591797,20.0953369140625
20181102,6,-43,38,15000,13890.6533203125,212,31.9802513122559,1.37571287155151
20181102,12,-43,38,15000,13937.82421875,209.300018310547,22.4077091217041,-0.407792955636978
20181102,18,-43,38,15000,13994.45703125,207.468307495117,23.7507419586182,-3.71711921691895
20181103,0,-43,38,15000,14046.474609375,206.399993896484,25.8618354797363,-7.42801761627197
20181103,6,-43,38,15000,14072.7216796875,206.699996948242,31.4623794555664,-9.50352764129639
20181103,12,-43,38,15000,14094.91015625,207.100006103516,33.7072601318359,-4.90912342071533
20181103,18,-43,38,15000,14109.603515625,208.585296630859,34.7422027587891,-2.32234382629395
20181104,0,-43,38,15000,14121.45703125,208.294525146484,34.9075965881348,-2.5689160823822
20181104,6,-43,38,15000,14130.8525390625,209.600006103516,30.3882122039795,-4.798828125
20181104,12,-43,38,15000,14131.40234375,210.000030517578,28.5650100708008,3.68074703216553
20181104,18,-43,38,15000,14116.5966796875,210.343597412109,25.3931427001953,2.61306643486023
20181105,0,-43,38,15000,14104.89453125,210.5,25.1116065979004,3.25266361236572
20181105,6,-43,38,15000,14090.013671875,211.104095458984,21.7448921203613,3.16349124908447
20181105,12,-43,38,15000,14062.30859375,211.936370849609,20.3083267211914,4.5414719581604
20181105,18,-43,38,15000,14034.693359375,212.300003051758,17.3703460693359,5.91081285476685
20181106,0,-43,38,15000,14002.6240234375,212.5,15.2100028991699,6.93009757995605
20181106,6,-43,38,15000,13976.7822265625,212.963653564453,14.2860155105591,8.150954246521
20181106,12,-43,38,15000,13943.009765625,212.790191650391,17.5356903076172,9.54197311401367
20181106,18,-43,38,15000,13911.1103515625,213.882858276367,20.8807373046875,14.8297147750854
20181107,0,-43,38,15000,13889.5908203125,214.800003051758,23.9454231262207,14.0978050231934
20181107,6,-43,38,15000,13886.8935546875,216.600006103516,26.0730743408203,8.20774173736572
20181107,12,-43,38,15000,13879.4033203125,217.32048034668,27.7006168365479,8.16067123413086
20181107,18,-43,38,15000,13892.1796875,216.46647644043,27.0829391479492,7.79169416427612
20181108,0,-43,38,15000,13899.521484375,216.300003051758,27.6533489227295,10.4453420639038
20181108,6,-43,38,15000,13904.9775390625,216.199996948242,27.773229598999,11.4596824645996
20181108,12,-43,38,15000,13897.275390625,216.399993896484,26.1006107330322,12.4407300949097
20181108,18,-43,38,15000,13891.365234375,215.600006103516,22.8619384765625,11.2622804641724
20181109,0,-43,38,15000,13878.228515625,214.124465942383,20.4098873138428,11.2997999191284
20181109,6,-43,38,15000,13877.1220703125,213.100006103516,19.497932434082,10.0776443481445
20181109,12,-43,38,15000,13857.73828125,211.600006103516,18.849494934082,6.95454835891724
20181109,18,-43,38,15000,13851.6435546875,211.5,17.6049537658691,6.90581035614014
20181110,0,-43,38,15000,13842.61328125,211.899993896484,19.3315925598145,5.66117191314697
20181110,6,-43,38,15000,13841.166015625,212.699996948242,18.4143047332764,8.82072257995605
20181110,12,-43,38,15000,13820.4716796875,212.5,16.9448566436768,13.376540184021
20181110,18,-43,38,15000,13806.59765625,212.800003051758,13.9927797317505,17.4419326782227
20181111,0,-43,38,15000,13793.6240234375,212.399993896484,15.5537528991699,20.8550415039063
20181111,6,-43,38,15000,13774.7236328125,213.800003051758,15.6505126953125,23.4318161010742
20181111,12,-43,38,15000,13735.95703125,216.199996948242,12.4786691665649,30.0262813568115
20181111,18,-43,38,15000,13693.5947265625,218.899993896484,11.3027534484863,28.2404003143311
20181112,0,-43,38,15000,13654.396484375,217,8.00464344024658,35.3718757629395
20181112,6,-43,38,15000,13611.1416015625,218.899993896484,6.23393058776855,32.9806022644043
20181112,12,-43,38,15000,13561.9775390625,220.699996948242,12.3152542114258,31.1706638336182
20181112,18,-43,38,15000,13540.396484375,221.199996948242,16.1512908935547,22.6936702728271
20181113,0,-43,38,15000,13551.21875,219.899993896484,28.2421760559082,19.1477012634277
20181113,6,-43,38,15000,13599.048828125,215.899993896484,32.368824005127,19.2873039245605
20181113,12,-43,38,15000,13622.4638671875,215.199996948242,34.6615524291992,15.5271272659302
20181113,18,-43,38,15000,13662.125,213.199981689453,34.1489906311035,7.61960744857788
20181114,0,-43,38,15000,13707.107421875,211.399993896484,31.0489444732666,8.23215007781982
20181114,6,-43,38,15000,13743.638671875,211.199996948242,26.7007446289063,6.33234548568726
20181114,12,-43,38,15000,13754.1591796875,211,23.913667678833,4.65961933135986
20181114,18,-43,38,15000,13770.6298828125,211.800003051758,19.9750080108643,4.65169429779053
20181115,0,-43,38,15000,13770.1015625,212.100006103516,18.1599998474121,5.71476793289185
20181115,6,-43,38,15000,13777.3173828125,212.600006103516,16.1523418426514,7.05871105194092
20181115,12,-43,38,15000,13758.271484375,214.800003051758,15.8715991973877,9.75418663024902
20181115,18,-43,38,15000,13748.22265625,217.600006103516,15.4627637863159,12.1637868881226
20181116,0,-43,38,15000,13739.16015625,218.699996948242,13.0141773223877,13.9699926376343
20181116,6,-43,38,15000,13726.369140625,218.418869018555,10.1296243667603,12.4881296157837
20181116,12,-43,38,15000,13710.8154296875,219.34196472168,6.90375232696533,13.1888618469238
20181116,18,-43,38,15000,13701.89453125,219.900924682617,6.30591535568237,9.35229015350342
20181117,0,-43,38,15000,13697.7646484375,219.710006713867,3.55586433410645,6.94769763946533
20181117,6,-43,38,15000,13700.349609375,219.899993896484,0.179147943854332,3.52246832847595
20181117,12,-43,38,15000,13698.361328125,219.570846557617,0.940275907516479,1.79145503044128
20181117,18,-43,38,15000,13707.037109375,218,1.87763667106628,-1.27726078033447
20181118,0,-43,38,15000,13713.80078125,217.199996948242,5.04079341888428,-4.30316400527954
20181118,6,-43,38,15000,13720.3076171875,215.899993896484,5.0944504737854,-7.60117673873901
20181118,12,-43,38,15000,13718.6923828125,214,9.01355457305908,-4.43771982192993
20181118,18,-43,38,15000,13699.8486328125,216.199996948242,14.1371431350708,1.85876953601837
20181119,0,-43,38,15000,13663.8623046875,218.600006103516,15.9565896987915,5.66672849655151
20181119,6,-43,38,15000,13624.9814453125,220.092529296875,19.8628520965576,7.90728521347046
20181119,12,-43,38,15000,13572.294921875,222.100006103516,18.8641300201416,8.23643779754639
20181119,18,-43,38,15000,13532.94140625,222.899978637695,15.3500051498413,8.84171676635742
20181120,0,-43,38,15000,13491.9521484375,223.014694213867,15.4485082626343,10.1560182571411
20181120,6,-43,38,15000,13466.3212890625,223.046112060547,11.3856906890869,1.75231444835663
20181120,12,-43,38,15000,13449.7548828125,222.300003051758,10.155556678772,-1.21987056732178
20181120,18,-43,38,15000,13451.2529296875,221.100006103516,7.63469505310059,-5.34443855285645
20181121,0,-43,38,15000,13453.6533203125,219,12.0855588912964,-9.93397426605225
20181121,6,-43,38,15000,13460.5791015625,218.399978637695,12.9300022125244,-11.0454883575439
20181121,12,-43,38,15000,13451.23828125,218.78645324707,17.6799926757813,-9.95580577850342
20181121,18,-43,38,15000,13457.9248046875,218.79997253418,18.467601776123,-14.1879787445068
20181122,0,-43,38,15000,13489.90234375,216.399978637695,24.0692558288574,-20.0381011962891
20181122,6,-43,38,15000,13547.638671875,214.246612548828,25.1066017150879,-25.3453464508057
20181122,12,-43,38,15000,13604.34765625,212.699981689453,24.9467487335205,-23.5487213134766
20181122,18,-43,38,15000,13652.541015625,214.300003051758,25.5300025939941,-15.3858737945557
20181123,0,-43,38,15000,13701.013671875,215.699981689453,23.4471530914307,-15.5204935073853
20181123,6,-43,38,15000,13756.634765625,217.499969482422,22.8133316040039,-14.1777391433716
20181123,12,-43,38,15000,13791.6220703125,217.593017578125,21,-7.71542978286743
20181123,18,-43,38,15000,13799.89453125,218.699996948242,19.155553817749,-0.00155761721543968
20181124,0,-43,38,15000,13778.82421875,219.600006103516,19.5322284698486,9.59047317504883
20181124,6,-43,38,15000,13733.474609375,222.699996948242,19.4612655639648,16.529993057251
20181124,12,-43,38,15000,13671.9072265625,221.599975585938,21.5697612762451,13.4445896148682
20181124,18,-43,38,15000,13650.1279296875,218.800003051758,22.9705638885498,9.26432418823242
20181125,0,-43,38,15000,13647.931640625,217.5,24.909029006958,12.6435108184814
20181125,6,-43,38,15000,13621.83203125,216.899993896484,23.449254989624,16.8944931030273
20181125,12,-43,38,15000,13574.6572265625,218.699996948242,29.1186428070068,16.7982883453369
20181125,18,-43,38,15000,13529.7734375,220.699996948242,29.2630100250244,22.0325660705566
20181126,0,-43,38,15000,13493.544921875,222.388061523438,35.0807723999023,21.5361576080322
20181126,6,-43,38,15000,13482.89453125,223.199996948242,35.3272476196289,19.0582084655762
20181126,12,-43,38,15000,13469.44140625,223.399993896484,34.9733276367188,16.3928318023682
20181126,18,-43,38,15000,13461.3388671875,224.100006103516,34.9553985595703,11.4670286178589
20181127,0,-43,38,15000,13464.3076171875,223.900024414063,35.9357070922852,8.34984874725342
20181127,6,-43,38,15000,13486.9453125,222.994720458984,39.5163726806641,6.14211416244507
20181127,12,-43,38,15000,13496.9541015625,222.5,44.2266845703125,7.3475170135498
20181127,18,-43,38,15000,13467.1015625,223.100006103516,36.2077140808105,10.9727077484131
20181128,0,-43,38,15000,13410.5712890625,224.800003051758,28.6508274078369,13.1227779388428
20181128,6,-43,38,15000,13374.94921875,224.38720703125,21.9120864868164,5.66726064682007
20181128,12,-43,38,15000,13361.1591796875,223.447463989258,21.0746479034424,-1.07123529911041
20181128,18,-43,38,15000,13385.9873046875,222.300003051758,21.9592838287354,-7.55179929733276
20181129,0,-43,38,15000,13439.0615234375,219.699996948242,26.0181293487549,-11.5421285629272
20181129,6,-43,38,15000,13499.1640625,216.399993896484,31.7806072235107,-11.7662010192871
20181129,12,-43,38,15000,13547.068359375,214.172775268555,33.9517135620117,-7.3088207244873
20181129,18,-43,38,15000,13573.3349609375,214.399993896484,29.4691753387451,-1.63469481468201
20181130,0,-43,38,15000,13583.41796875,213.531936645508,33.9775695800781,-0.202927246689796
20181130,6,-43,38,15000,13577.6435546875,215.800003051758,37.7814712524414,-3.51709961891174
20181130,12,-43,38,15000,13589.6171875,216.234451293945,38.0268516540527,-1.62982904911041
20181130,18,-43,38,15000,13600.87890625,212.899993896484,46.6693344116211,-7.24165534973145
20181201,0,-43,38,15000,13621.142578125,213.5,38.5296859741211,-8.41334915161133
20181201,6,-43,38,15000,13650.3515625,213.5,33.3733673095703,-6.39388656616211
20181201,12,-43,38,15000,13661.49609375,212.5,29.3774070739746,-4.91447734832764
20181201,18,-43,38,15000,13675.28125,216.199996948242,19.8177852630615,-7.88445329666138
20181202,0,-43,38,15000,13690.27734375,218.600006103516,17.454065322876,-2.15446043014526
20181202,6,-43,38,15000,13691.4326171875,219.899993896484,20.7253322601318,-0.168330073356628
20181202,12,-43,38,15000,13666.66015625,221.590408325195,22.4863224029541,4.3033299446106
20181202,18,-43,38,15000,13651.8876953125,222.746490478516,19.2349948883057,9.35704612731934
20181203,0,-43,38,15000,13627.3720703125,223.600006103516,15.4827136993408,11.7284374237061
20181203,6,-43,38,15000,13609.03125,224.065551757813,8.44786834716797,6.05762195587158
20181203,12,-43,38,15000,13612.8984375,222.799850463867,6.19620132446289,-1.59083247184753
20181203,18,-43,38,15000,13643.0498046875,220.61279296875,8.16320419311523,-13.524938583374
20181204,0,-43,38,15000,13689.3779296875,220.305541992188,12.520359992981,-20.4296684265137
20181204,6,-43,38,15000,13733.1123046875,220.201690673828,16.3608379364014,-18.3664207458496
20181204,12,-43,38,15000,13743.802734375,220.100006103516,18.9981784820557,-11.2898588180542
20181204,18,-43,38,15000,13751.22265625,220.502899169922,23.1975250244141,-10.892786026001
20181205,0,-43,38,15000,13756.7158203125,220.173538208008,25.5074024200439,-10.9459447860718
20181205,6,-43,38,15000,13777.775390625,219.899993896484,25.1860733032227,-10.0828342437744
20181205,12,-43,38,15000,13770.62890625,218.899993896484,29.0038738250732,-8.04930686950684
20181205,18,-43,38,15000,13750.78125,220,29.2945919036865,0.144384771585464
20181206,0,-43,38,15000,13719.7646484375,219.399993896484,30.7613086700439,5.61321306228638
20181206,6,-43,38,15000,13687.8466796875,218.985961914063,29.405029296875,12.5874948501587
20181206,12,-43,38,15000,13624.486328125,220.300003051758,24.7630081176758,15.7769584655762
20181206,18,-43,38,15000,13565.818359375,219.096237182617,24.2367134094238,18.9073047637939
20181207,0,-43,38,15000,13487.9326171875,220.218948364258,18.2631683349609,16.8310718536377
20181207,6,-43,38,15000,13440.2314453125,221.399978637695,18.5314140319824,10.4782133102417
20181207,12,-43,38,15000,13418.9638671875,221.184906005859,21.602783203125,7.55389165878296
20181207,18,-43,38,15000,13394.8349609375,222.390533447266,19.4928359985352,12.3961696624756
20181208,0,-43,38,15000,13373.9091796875,222.541351318359,18.6107540130615,13.8720512390137
20181208,6,-43,38,15000,13376.5341796875,223.100006103516,15.6914310455322,12.6465187072754
20181208,12,-43,38,15000,13371.076171875,223.128631591797,14.351845741272,12.3518848419189
20181208,18,-43,38,15000,13369.6953125,223.600021362305,13.591796875,6.22231197357178
20181209,0,-43,38,15000,13375.99609375,222.800003051758,15.1805839538574,3.35668706893921
20181209,6,-43,38,15000,13412.3125,221.699996948242,17.2440128326416,-5.55095195770264
20181209,12,-43,38,15000,13446.0751953125,220.399993896484,18.6456470489502,-8.55987071990967
20181209,18,-43,38,15000,13500.400390625,218.800003051758,17.5559425354004,-12.1457223892212
20181210,0,-43,38,15000,13567.1904296875,215.143890380859,18.2486190795898,-17.0401363372803
20181210,6,-43,38,15000,13644.06640625,214.199996948242,18.4070701599121,-19.9411087036133
20181210,12,-43,38,15000,13699.9853515625,210.300003051758,18.3573760986328,-21.2265567779541
20181210,18,-43,38,15000,13755.25390625,209.199996948242,21.298791885376,-17.1762638092041
20181211,0,-43,38,15000,13765.697265625,208.359954833984,28.5400199890137,-7.39989948272705
20181211,6,-43,38,15000,13757.3515625,209.500030517578,34.265552520752,-0.157499998807907
20181211,12,-43,38,15000,13711.7666015625,212.308929443359,37.9200019836426,3.88393068313599
20181211,18,-43,38,15000,13681.517578125,212.053588867188,43.3809623718262,-6.75030994415283
20181212,0,-43,38,15000,13679.4814453125,209.899993896484,44.0436134338379,-3.68950200080872
20181212,6,-43,38,15000,13678.65234375,205,50.711669921875,-2.30523443222046
20181212,12,-43,38,15000,13656.4765625,206.500152587891,48.7374420166016,1.59565424919128
20181212,18,-43,38,15000,13623.09375,209.199996948242,42.9241561889648,8.63542461395264
20181213,0,-43,38,15000,13580.28125,210.399993896484,42.2372932434082,20.4282512664795
20181213,6,-43,38,15000,13516.2822265625,215.898071289063,35.5699615478516,22.8910789489746
20181213,12,-43,38,15000,13438.5400390625,220.600006103516,26.9200000762939,23.2624664306641
20181213,18,-43,38,15000,13398.7373046875,224.050827026367,22.5239410400391,10.9613914489746
20181214,0,-43,38,15000,13396.212890625,223.099243164063,23.7099990844727,-5.56068849563599
20181214,6,-43,38,15000,13457.923828125,219.899993896484,27.6417903900146,-15.659423828125
20181214,12,-43,38,15000,13521.91015625,215.756393432617,30.9776973724365,-5.52166509628296
20181214,18,-43,38,15000,13529.6953125,218.396240234375,25.1800079345703,0.107707522809505
20181215,0,-43,38,15000,13485.4013671875,219.800003051758,34.7284049987793,7.31304931640625
20181215,6,-43,38,15000,13418.396484375,223.458038330078,33.7327766418457,11.5985012054443
20181215,12,-43,38,15000,13332.1162109375,225.699996948242,28.0900115966797,12.8840065002441
20181215,18,-43,38,15000,13293.263671875,227.100006103516,23.7300052642822,8.9997091293335
20181216,0,-43,38,15000,13287.1884765625,226.899993896484,23.5320606231689,1.58337640762329
20181216,6,-43,38,15000,13328.33203125,226.199996948242,23.8400363922119,-7.36815929412842
20181216,12,-43,38,15000,13378.884765625,224.800003051758,29.0891628265381,-12.5133838653564
20181216,18,-43,38,15000,13467.0185546875,221.936614990234,37.2587661743164,-17.4742527008057
20181217,0,-43,38,15000,13585.55859375,219.980804443359,40.9888076782227,-16.8114013671875
20181217,6,-43,38,15000,13640.9716796875,217.919158935547,59.1856155395508,-13.6055908203125
20181217,12,-43,38,15000,13671.4677734375,218.100006103516,56.276538848877,-3.55652332305908
20181217,18,-43,38,15000,13664.74609375,219.800003051758,48.2298393249512,8.98409652709961
20181218,0,-43,38,15000,13633.544921875,222.833251953125,48.4675521850586,16.1573486328125
20181218,6,-43,38,15000,13615.2373046875,223.935760498047,47.7799797058105,14.9358882904053
20181218,12,-43,38,15000,13582.3837890625,223.699996948242,45.3308868408203,19.6231594085693
