20180720,0,-40,-150,15000,14101.166015625,222.714309692383,27.6011123657227,-1.18683588504791
20180720,6,-40,-150,15000,14120.6484375,220.399993896484,30.4283351898193,-5.38500022888184
20180720,12,-40,-150,15000,14160.8251953125,219.397216796875,32.2919464111328,-3.9417040348053
20180720,18,-40,-150,15000,14185.974609375,219.189987182617,31.3488922119141,1.47578370571136
20180721,0,-40,-150,15000,14199.7548828125,218.5,33.7900009155273,-0.698452174663544
20180721,6,-40,-150,15000,14214.8212890625,217.017242431641,28.7827835083008,-3.71739268302917
20180721,12,-40,-150,15000,14243.4814453125,216.199996948242,23.6799945831299,-2.2510814666748
20180721,18,-40,-150,15000,14245.896484375,216.0625,24.904447555542,4.74753904342651
20180722,0,-40,-150,15000,14229.0576171875,216.300003051758,33.802734375,4.51183128356934
20180722,6,-40,-150,15000,14221.587890625,216.399993896484,34.2480583190918,0.220600590109825
20180722,12,-40,-150,15000,14214.08203125,216.924468994141,32.7012214660645,2.03512215614319
20180722,18,-40,-150,15000,14187.8291015625,217.085327148438,36.9931335449219,6.41061544418335
20180723,0,-40,-150,15000,14166.7021484375,217.831695556641,38.8993873596191,4.42142105102539
20180723,6,-40,-150,15000,14155.181640625,217.29997253418,36.8380584716797,-0.43231201171875
20180723,12,-40,-150,15000,14139.4189453125,217.100006103516,35.0006446838379,5.53766822814941
20180723,18,-40,-150,15000,14114.232421875,218.199996948242,32.2555770874023,18.7664451599121
20180724,0,-40,-150,15000,14071.3212890625,219.199996948242,33.9015617370605,24.8969573974609
20180724,6,-40,-150,15000,14031.337890625,221.331695556641,21.5126571655273,14.744873046875
20180724,12,-40,-150,15000,14038.9541015625,221.478073120117,17.2586441040039,14.80615234375
20180724,18,-40,-150,15000,14051.2666015625,220.699996948242,16.5519504547119,20.9062061309814
20180725,0,-40,-150,15000,14024.8759765625,222.800003051758,16.3029441833496,15.3220357894897
20180725,6,-40,-150,15000,14036.6220703125,222.399993896484,19.0789852142334,8.16032695770264
20180725,12,-40,-150,15000,14098.1376953125,219.212814331055,22.7849998474121,13.6219453811646
20180725,18,-40,-150,15000,14131.4248046875,219.982757568359,19.5979156494141,20.8394927978516
20180726,0,-40,-150,15000,14146.291015625,219.763641357422,22.4466934204102,22.3146743774414
20180726,6,-40,-150,15000,14152.4521484375,220.199996948242,17.3080959320068,24.9772891998291
20180726,12,-40,-150,15000,14182.384765625,219.829147338867,18.8940677642822,29.8137264251709
20180726,18,-40,-150,15000,14216.63671875,218.258819580078,20.4922485351563,30.3588371276855
20180727,0,-40,-150,15000,14230.056640625,217.824462890625,22.2838916778564,31.4203243255615
20180727,6,-40,-150,15000,14227.947265625,218.100006103516,16.8934173583984,29.8214282989502
20180727,12,-40,-150,15000,14233.6416015625,218.100006103516,15.0941553115845,30.7889461517334
20180727,18,-40,-150,15000,14239.0458984375,218.588577270508,15.8447217941284,27.0431365966797
20180728,0,-40,-150,15000,14220.2275390625,219.014694213867,19.2047176361084,22.4602851867676
20180728,6,-40,-150,15000,14212.224609375,218.685302734375,16.0402908325195,20.0319976806641
20180728,12,-40,-150,15000,14231.76953125,217.800003051758,16.5890140533447,21.5561618804932
20180728,18,-40,-150,15000,14237.5927734375,218,18.1555500030518,21.9481544494629
20180729,0,-40,-150,15000,14226.0341796875,218.699996948242,19.2997417449951,21.3787307739258
20180729,6,-40,-150,15000,14201.9501953125,219.268310546875,13.3608369827271,23.6915264129639
20180729,12,-40,-150,15000,14220.1796875,219.29997253418,14.0900096893311,28.1130790710449
20180729,18,-40,-150,15000,14232.875,219.099975585938,18.6922454833984,25.6034984588623
20180730,0,-40,-150,15000,14230.1396484375,218.499969482422,18.6864452362061,25.2548446655273
20180730,6,-40,-150,15000,14220.8154296875,218,17.0935935974121,25.17529296875
20180730,12,-40,-150,15000,14244.919921875,218.100006103516,14.3832912445068,29.4409294128418
20180730,18,-40,-150,15000,14259.7958984375,217.399993896484,15.9761085510254,28.140775680542
20180731,0,-40,-150,15000,14257.40625,218.348922729492,17.4400043487549,22.5399398803711
20180731,6,-40,-150,15000,14230.927734375,217.899993896484,14.8436574935913,24.5913677215576
20180731,12,-40,-150,15000,14238.2587890625,217.899993896484,15.6400194168091,26.6288089752197
20180731,18,-40,-150,15000,14246.9453125,217.600006103516,18.8526859283447,22.6467971801758
20180801,0,-40,-150,15000,14246.9150390625,216.861450195313,21.3900489807129,16.7344093322754
20180801,6,-40,-150,15000,14240.7021484375,216,18.8824996948242,13.4482374191284
20180801,12,-40,-150,15000,14260.40234375,215.699996948242,17.6767635345459,13.6268358230591
20180801,18,-40,-150,15000,14267.2373046875,215.499969482422,21.8257427215576,9.92219257354736
20180802,0,-40,-150,15000,14254.3095703125,214.699996948242,22.119478225708,4.40525150299072
20180802,6,-40,-150,15000,14242.9677734375,214.399993896484,20.7316837310791,4.48941898345947
20180802,12,-40,-150,15000,14251.4560546875,214.399993896484,20.577278137207,5.96763181686401
20180802,18,-40,-150,15000,14250.875,213.699996948242,23.2309722900391,4.44545650482178
20180803,0,-40,-150,15000,14230.5302734375,214.100006103516,25.0822334289551,3.6080322265625
20180803,6,-40,-150,15000,14207.9970703125,213.899993896484,23.0799942016602,2.24733400344849
20180803,12,-40,-150,15000,14212.78125,214,21.5860061645508,4.54402112960815
20180803,18,-40,-150,15000,14207.869140625,214.300003051758,21.5391693115234,7.6634521484375
20180804,0,-40,-150,15000,14179.173828125,215.5,23.8971729278564,12.7100315093994
20180804,6,-40,-150,15000,14151.919921875,216.199996948242,22.9977779388428,10.8201026916504
20180804,12,-40,-150,15000,14155.357421875,216.399993896484,24.7583351135254,10.836106300354
20180804,18,-40,-150,15000,14161.9765625,216.899993896484,23.5500049591064,10.7265768051147
20180805,0,-40,-150,15000,14159.9677734375,217.300003051758,22.9446144104004,13.6662254333496
20180805,6,-40,-150,15000,14150.4599609375,216.899993896484,22.6000099182129,14.3773221969604
20180805,12,-40,-150,15000,14167.71875,217.207473754883,21.677806854248,19.1274833679199
20180805,18,-40,-150,15000,14183.84375,216.599975585938,21.8289260864258,19.3258495330811
20180806,0,-40,-150,15000,14172.7216796875,216.006988525391,22.5300102233887,19.2652053833008
20180806,6,-40,-150,15000,14155.17578125,216.100006103516,18.6399993896484,16.1147003173828
20180806,12,-40,-150,15000,14156.8291015625,216.514251708984,15.8900289535522,16.9300270080566
20180806,18,-40,-150,15000,14146.0771484375,218,15.1566505432129,13.7662210464478
20180807,0,-40,-150,15000,14120.3876953125,218.721923828125,13.4105367660522,13.693922996521
20180807,6,-40,-150,15000,14100.4716796875,218.899993896484,14.3158102035522,9.71363067626953
20180807,12,-40,-150,15000,14111.912109375,219,15.0249977111816,10.6499605178833
20180807,18,-40,-150,15000,14122.458984375,219.5,13.9641284942627,5.7113208770752
20180808,0,-40,-150,15000,14105.10546875,218.966705322266,14.6200075149536,3.76948475837708
20180808,6,-40,-150,15000,14101.41015625,218.399993896484,15.0599946975708,0.348903805017471
20180808,12,-40,-150,15000,14121.07421875,218.099975585938,16.6227245330811,1.43660151958466
20180808,18,-40,-150,15000,14145.0322265625,217.79997253418,19.3685550689697,1.693359375
20180809,0,-40,-150,15000,14146.8759765625,217.000244140625,19.7016754150391,5.41122579574585
20180809,6,-40,-150,15000,14140.6064453125,218,13.4644479751587,6.34330797195435
20180809,12,-40,-150,15000,14145.8203125,218.699996948242,11.9143552780151,6.42414808273315
20180809,18,-40,-150,15000,14152.4150390625,218.706985473633,13.9247312545776,6.51894521713257
20180810,0,-40,-150,15000,14148.5302734375,218.399993896484,15.9717969894409,6.9100341796875
20180810,6,-40,-150,15000,14151.32421875,218.600006103516,16.082275390625,7.9629225730896
20180810,12,-40,-150,15000,14158.4521484375,218.836380004883,14.3637990951538,10.4547996520996
20180810,18,-40,-150,15000,14163.9384765625,219.800003051758,12.4576807022095,10.2860593795776
20180811,0,-40,-150,15000,14144.7626953125,220.199996948242,7.95995616912842,1.3467139005661
20180811,6,-40,-150,15000,14144.80078125,219.199996948242,9.11250972747803,-1.79968023300171
20180811,12,-40,-150,15000,14166.15234375,218.399993896484,13.9115772247314,-1.95958745479584
20180811,18,-40,-150,15000,14195.318359375,216.287200927734,16.6467571258545,1.03834223747253
20180812,0,-40,-150,15000,14197.1064453125,216.118316650391,19.2064933776855,5.63029766082764
20180812,6,-40,-150,15000,14185.2783203125,215.776412963867,21.2399997711182,9.10015869140625
20180812,12,-40,-150,15000,14186.9677734375,215.399993896484,19.341947555542,10.358359336853
20180812,18,-40,-150,15000,14170.125,215.499969482422,21.5400047302246,11.6526126861572
20180813,0,-40,-150,15000,14138.169921875,216.868316650391,24.4413566589355,11.1962985992432
20180813,6,-40,-150,15000,14109.013671875,218.800003051758,23.2515811920166,8.03905296325684
20180813,12,-40,-150,15000,14097.861328125,220.29997253418,19.7266750335693,3.70210194587708
20180813,18,-40,-150,15000,14096.0986328125,219.800003051758,22.4366397857666,0.894663095474243
20180814,0,-40,-150,15000,14107.5908203125,218,29.4196338653564,-2.30640625953674
20180814,6,-40,-150,15000,14130.759765625,215.899993896484,25.8861236572266,-2.90325689315796
20180814,12,-40,-150,15000,14153.037109375,215.100006103516,26.1396198272705,2.37999510765076
20180814,18,-40,-150,15000,14163.880859375,215.199981689453,26.7371292114258,5.38215351104736
20180815,0,-40,-150,15000,14154.2490234375,215.263381958008,26.5443649291992,8.89940452575684
20180815,6,-40,-150,15000,14143.896484375,215.599975585938,25.7922801971436,11.6310424804688
20180815,12,-40,-150,15000,14148.9521484375,216.199996948242,24.0412216186523,14.1437187194824
20180815,18,-40,-150,15000,14147.5908203125,217,25.0499992370605,15.2669382095337
20180816,0,-40,-150,15000,14135.0341796875,217.5,29.2999992370605,16.5667190551758
20180816,6,-40,-150,15000,14132.4150390625,216.139801025391,31.3548774719238,17.9075698852539
20180816,12,-40,-150,15000,14151.6435546875,215.300003051758,30.3046245574951,19.8736553192139
20180816,18,-40,-150,15000,14155.166015625,216.300003051758,26.8933353424072,22.8134326934814
20180817,0,-40,-150,15000,14137.57421875,217.561080932617,27.6000099182129,18.8050880432129
20180817,6,-40,-150,15000,14147.5498046875,216.699996948242,31.850004196167,9.22466278076172
20180817,12,-40,-150,15000,14184.1533203125,215.800003051758,26.3700008392334,7.25454568862915
20180817,18,-40,-150,15000,14194.90234375,216.129150390625,24.4844512939453,9.27381324768066
20180818,0,-40,-150,15000,14184.736328125,216.399993896484,27.8091983795166,7.9419994354248
20180818,6,-40,-150,15000,14179.353515625,215.600006103516,25.2975044250488,0.0482836924493313
20180818,12,-40,-150,15000,14189.8701171875,215.399993896484,21.2475051879883,1.58908450603485
20180818,18,-40,-150,15000,14197.8251953125,214.899749755859,25.3939018249512,5.81389904022217
20180819,0,-40,-150,15000,14195.119140625,215.599761962891,29.1436176300049,5.31396961212158
20180819,6,-40,-150,15000,14173.4609375,215.399993896484,31.6928863525391,3.12889409065247
20180819,12,-40,-150,15000,14173.7646484375,215.899749755859,26.8900051116943,4.9654712677002
20180819,18,-40,-150,15000,14174.1787109375,216.399993896484,27.8881397247314,10.8936424255371
20180820,0,-40,-150,15000,14154.43359375,217.107467651367,30.8452434539795,11.5632352828979
20180820,6,-40,-150,15000,14136.025390625,216.800003051758,30.6046733856201,10.5819625854492
20180820,12,-40,-150,15000,14149.869140625,216.499969482422,28.7955951690674,13.8148946762085
20180820,18,-40,-150,15000,14161.83984375,216.800003051758,29.1400089263916,16.7023296356201
20180821,0,-40,-150,15000,14154.96875,217.5,31.9011077880859,20.2944145202637
20180821,6,-40,-150,15000,14145.1728515625,217.300003051758,31.3480854034424,14.8259372711182
20180821,12,-40,-150,15000,14161.6220703125,217.100006103516,29.2408351898193,13.5852146148682
20180821,18,-40,-150,15000,14178.353515625,216.800018310547,29.3599967956543,12.7715816497803
20180822,0,-40,-150,15000,14188.8779296875,216.836380004883,32.3500061035156,11.4468240737915
20180822,6,-40,-150,15000,14194.3828125,215.736373901367,34.0900001525879,7.4532322883606
20180822,12,-40,-150,15000,14217.080078125,215.5,30.9456005096436,8.98404788970947
20180822,18,-40,-150,15000,14237.6376953125,215.370849609375,30.595287322998,12.6244535446167
20180823,0,-40,-150,15000,14239.6826171875,215.600006103516,29.359769821167,12.9286575317383
20180823,6,-40,-150,15000,14234.96875,215.213348388672,23.5320320129395,10.7240695953369
20180823,12,-40,-150,15000,14241.94921875,214.978073120117,18.3900146484375,14.5638208389282
20180823,18,-40,-150,15000,14235.1298828125,214.699996948242,23.8411178588867,17.1220436096191
20180824,0,-40,-150,15000,14228.65625,214.899978637695,26.4300098419189,15.4782686233521
20180824,6,-40,-150,15000,14226.611328125,214.800003051758,27.7877731323242,13.8724899291992
20180824,12,-40,-150,15000,14241.59765625,213.899993896484,25.8366985321045,16.437427520752
20180824,18,-40,-150,15000,14246.1240234375,213.199996948242,26.1281681060791,19.7138671875
20180825,0,-40,-150,15000,14240.6591796875,212.699996948242,28.0326900482178,21.5941352844238
20180825,6,-40,-150,15000,14232.3359375,212.399978637695,30.9822368621826,17.7916259765625
20180825,12,-40,-150,15000,14240.65234375,212.5,27.0316505432129,15.0870189666748
20180825,18,-40,-150,15000,14238.5224609375,212.699996948242,24.835277557373,16.6306419372559
20180826,0,-40,-150,15000,14228.9560546875,213,27.5394439697266,15.7469797134399
20180826,6,-40,-150,15000,14214.5126953125,213.300003051758,29.3188915252686,14.1971120834351
20180826,12,-40,-150,15000,14214.9736328125,214.006988525391,27.1924610137939,16.7458419799805
20180826,18,-40,-150,15000,14196.0859375,214.199996948242,30.1911239624023,21.5736198425293
20180827,0,-40,-150,15000,14180.46875,214.399993896484,31.792308807373,20.3839797973633
20180827,6,-40,-150,15000,14163.2724609375,214.699981689453,28.7300090789795,21.6897602081299
20180827,12,-40,-150,15000,14155.12109375,215.414703369141,25.0352878570557,27.1626586914063
20180827,18,-40,-150,15000,14133.5771484375,216.5,24.9380569458008,29.5581741333008
20180828,0,-40,-150,15000,14106.4560546875,217.599975585938,26.2455368041992,27.5708160400391
20180828,6,-40,-150,15000,14077.16015625,217.600006103516,20.2985401153564,21.9086132049561
20180828,12,-40,-150,15000,14072.3837890625,217.600006103516,16.0499973297119,18.6456031799316
20180828,18,-40,-150,15000,14066.7041015625,218.399993896484,16.8249740600586,18.1164474487305
20180829,0,-40,-150,15000,14051.6787109375,218.999969482422,11.519905090332,13.9965848922729
20180829,6,-40,-150,15000,14047.53125,218.839401245117,13.0739212036133,6.28697490692139
20180829,12,-40,-150,15000,14081.306640625,217.300003051758,13.7096729278564,8.31148433685303
20180829,18,-40,-150,15000,14098.1328125,216.800003051758,16.060791015625,8.31513690948486
20180830,0,-40,-150,15000,14102.2470703125,217.399993896484,16.3546485900879,7.6008152961731
20180830,6,-40,-150,15000,14102.7685546875,217.099975585938,16.8567161560059,6.09157466888428
20180830,12,-40,-150,15000,14129.11328125,216.982757568359,18.7163467407227,3.64081287384033
20180830,18,-40,-150,15000,14169.525390625,215.199981689453,26.6900005340576,-0.204204097390175
20180831,0,-40,-150,15000,14182.31640625,215.087936401367,22.040002822876,2.07396006584167
20180831,6,-40,-150,15000,14196.9462890625,214.359222412109,20.8955516815186,2.61516356468201
20180831,12,-40,-150,15000,14223.8212890625,213.311187744141,21.9966201782227,2.79046392440796
20180831,18,-40,-150,15000,14247.318359375,213.320953369141,20.8820514678955,4.19643545150757
20180901,0,-40,-150,15000,14249.962890625,213.599975585938,21.0827789306641,8.73445510864258
20180901,6,-40,-150,15000,14250.4921875,213.5,21.8799991607666,10.967812538147
20180901,12,-40,-150,15000,14259.62109375,213.100006103516,21.7400093078613,11.5410938262939
20180901,18,-40,-150,15000,14257.8974609375,212.800003051758,23.3222217559814,11.0616989135742
20180902,0,-40,-150,15000,14242.9453125,213.199996948242,24.4694633483887,10.0376882553101
20180902,6,-40,-150,15000,14231.3896484375,212.899993896484,23.2719097137451,8.22182083129883
20180902,12,-40,-150,15000,14235.4423828125,212.600006103516,20.9655513763428,8.48903274536133
20180902,18,-40,-150,15000,14226.3271484375,211.899993896484,20.9706249237061,8.2843599319458
20180903,0,-40,-150,15000,14196.1474609375,212.100006103516,21.6804790496826,10.1750440597534
20180903,6,-40,-150,15000,14164.6240234375,213,23.8800029754639,8.50872325897217
20180903,12,-40,-150,15000,14139.3427734375,213.399993896484,28.7866401672363,11.954797744751
20180903,18,-40,-150,15000,14121.1708984375,213.5,31.8344497680664,10.5683469772339
20180904,0,-40,-150,15000,14100.744140625,214.100006103516,34.5321655273438,9.59030532836914
20180904,6,-40,-150,15000,14074.587890625,214.199981689453,31.3648681640625,5.94425058364868
20180904,12,-40,-150,15000,14080.3115234375,212.699996948242,28.249174118042,6.17122793197632
20180904,18,-40,-150,15000,14063.6298828125,213.29997253418,29.6533546447754,8.30819606781006
20180905,0,-40,-150,15000,14042.6201171875,215,29.311861038208,4.98416519165039
20180905,6,-40,-150,15000,14027.8583984375,214.699996948242,29.7549667358398,2.61666011810303
20180905,12,-40,-150,15000,14032.384765625,214.399993896484,29.1834335327148,0.394941419363022
20180905,18,-40,-150,15000,14021.1689453125,215.800003051758,28.9375095367432,3.87754893302917
20180906,0,-40,-150,15000,14004.646484375,216.400054931641,32.1400108337402,3.71208000183105
20180906,6,-40,-150,15000,13995.5751953125,216.300003051758,30.7800045013428,0.169641107320786
20180906,12,-40,-150,15000,14006.65625,217.019439697266,25.8311405181885,-1.06908202171326
20180906,18,-40,-150,15000,14010.9365234375,217.899993896484,20.3544769287109,2.16554927825928
20180907,0,-40,-150,15000,14004.34375,217.794219970703,21.651123046875,-0.128181159496307
20180907,6,-40,-150,15000,14000.494140625,217.399993896484,19.8012599945068,-2.77656984329224
20180907,12,-40,-150,15000,14011.37890625,218.300003051758,15.1108255386353,-0.120556637644768
20180907,18,-40,-150,15000,14014.0849609375,218.699996948242,15.011679649353,2.05740714073181
20180908,0,-40,-150,15000,13998.40234375,219.699981689453,17.4116897583008,2.30535650253296
20180908,6,-40,-150,15000,13974.8984375,220.300003051758,14.8600101470947,-0.283999025821686
20180908,12,-40,-150,15000,13974.3984375,220.099975585938,12.361120223999,1.10998773574829
20180908,18,-40,-150,15000,13964.2724609375,220.79997253418,12.9625148773193,3.0707836151123
20180909,0,-40,-150,15000,13937.61328125,221.499969482422,16.0068111419678,1.77139401435852
20180909,6,-40,-150,15000,13919.09765625,221.800003051758,11.3036623001099,-0.383159190416336
20180909,12,-40,-150,15000,13920.416015625,220.800003051758,10.4610328674316,1.37273192405701
20180909,18,-40,-150,15000,13914.87890625,220.800003051758,10.1600217819214,-0.122045896947384
20180910,0,-40,-150,15000,13892.4365234375,221,10.2100143432617,-0.3133544921875
20180910,6,-40,-150,15000,13878.919921875,220.561080932617,11.4677810668945,-0.176184087991714
20180910,12,-40,-150,15000,13892.0458984375,219.699996948242,11.2009983062744,-2.46652340888977
20180910,18,-40,-150,15000,13906.458984375,219.100006103516,10.1060152053833,-2.32893300056458
20180911,0,-40,-150,15000,13898.013671875,218.038909912109,13.5100240707397,-2.92742443084717
20180911,6,-40,-150,15000,13896.712890625,217.899993896484,12.0480175018311,-2.48835945129395
20180911,12,-40,-150,15000,13909.5341796875,217.5,11.4100151062012,-0.489699721336365
20180911,18,-40,-150,15000,13912.580078125,218.427734375,8.15056610107422,2.44651126861572
20180912,0,-40,-150,15000,13912.3125,218.94660949707,8.40528774261475,4.96753883361816
20180912,6,-40,-150,15000,13915.7900390625,219.391021728516,5.10528564453125,4.39886713027954
20180912,12,-40,-150,15000,13932.5078125,219.746139526367,3.40771007537842,6.45372819900513
20180912,18,-40,-150,15000,13940.5478515625,219.527542114258,3.05423593521118,10.526647567749
20180913,0,-40,-150,15000,13926.599609375,219.931686401367,3.37609624862671,12.2422513961792
20180913,6,-40,-150,15000,13910.5361328125,220.821929931641,0.985781252384186,11.8964357376099
20180913,12,-40,-150,15000,13915.193359375,220.79997253418,4.15366220474243,15.0099267959595
20180913,18,-40,-150,15000,13911.09375,219.800003051758,5.42956304550171,7.2344822883606
20180914,12,-40,-150,15000,13922.0537109375,218.302490234375,10.0649852752686,-0.714028298854828
20180914,18,-40,-150,15000,13938.44140625,217.300003051758,10.1541481018066,0.0508251935243607
20180915,0,-40,-150,15000,13940.21875,217,12.0100126266479,-0.887580573558807
20180915,6,-40,-150,15000,13949.1435546875,215.899993896484,10.6470336914063,-2.36543464660645
20180915,12,-40,-150,15000,13966.611328125,214.699981689453,10.9941921234131,0.402966320514679
20180915,18,-40,-150,15000,13972.97265625,215.031692504883,13.0999097824097,2.19369387626648
20180916,0,-40,-150,15000,13957.1083984375,215.685272216797,13.9925851821899,0.414089351892471
20180916,12,-40,-150,15000,13949.48828125,215.338912963867,14.1426095962524,0.292509764432907
20180916,18,-40,-150,15000,13948.6103515625,215.699996948242,11.3436985015869,-0.687250971794128
20180917,0,-40,-150,15000,13927.4345703125,215.899993896484,10.9208374023438,-1.07215571403503
20180917,6,-40,-150,15000,13920.3984375,215.199996948242,10.0775146484375,-2.53780508041382
20180917,12,-40,-150,15000,13926.3603515625,214.399993896484,10.3735103607178,-3.41070079803467
20180917,18,-40,-150,15000,13931.025390625,213.999969482422,8.47405242919922,-6.31158685684204
20180918,0,-40,-150,15000,13926.1171875,213.599975585938,9.7991304397583,-3.65617918968201
20180918,6,-40,-150,15000,13931.2978515625,213.300003051758,11.6337718963623,-1.96723878383636
20180918,12,-40,-150,15000,13941.275390625,213.5,10.8532495498657,-2.20544195175171
20180918,18,-40,-150,15000,13951.7314453125,214.399993896484,8.31590366363525,-1.91747069358826
20180919,0,-40,-150,15000,13949.76171875,215.036346435547,8.9255542755127,-0.0746215805411339
20180919,6,-40,-150,15000,13945.603515625,215.199996948242,5.12655019760132,-0.781320810317993
20180919,12,-40,-150,15000,13952.44140625,215.520172119141,4.42314434051514,1.49768793582916
20180919,18,-40,-150,15000,13957.78515625,216.603225708008,3.72973155975342,2.86257076263428
20180920,0,-40,-150,15000,13941.6640625,216.75505065918,5.72498512268066,3.90425038337708
20180920,6,-40,-150,15000,13927.8251953125,216.600006103516,4.51969242095947,2.64186763763428
20180920,12,-40,-150,15000,13928.81640625,216.70002746582,5.11835193634033,2.55209469795227
20180920,18,-40,-150,15000,13927.8251953125,216.600006103516,7.2496509552002,-0.0337304696440697
20180921,0,-40,-150,15000,13916.8603515625,216.100006103516,8.76833248138428,-2.56491947174072
20180921,6,-40,-150,15000,13922.9326171875,214.124465942383,11.0807962417603,-4.82886695861816
20180921,12,-40,-150,15000,13941.80859375,212.818893432617,12.8132133483887,-4.23886966705322
20180921,18,-40,-150,15000,13958.3662109375,212,12.7058525085449,-1.97670900821686
20180922,0,-40,-150,15000,13954.6748046875,212.124465942383,13.4975004196167,-2.44282221794128
20180922,6,-40,-150,15000,13957.4462890625,212.878082275391,12.4945507049561,-2.66755366325378
20180922,12,-40,-150,15000,13972.3154296875,213,11.8892087936401,-4.31902122497559
20180922,18,-40,-150,15000,13993.0703125,213.5,11.8442115783691,-3.7098217010498
20180923,0,-40,-150,15000,13996.0888671875,213.899993896484,15.7681303024292,-3.49450922012329
20180923,6,-40,-150,15000,14010.43359375,214,10.8470630645752,-9.22019290924072
20180923,12,-40,-150,15000,14049.3046875,210.800003051758,5.70210933685303,-10.2658615112305
20180923,18,-40,-150,15000,14070.0224609375,209.899993896484,2.48068356513977,-7.81791019439697
20180924,0,-40,-150,15000,14069.0341796875,210.5,3.9169385433197,-2.82650399208069
20180924,6,-40,-150,15000,14060.298828125,210,3.90963625907898,0.0782885774970055
20180924,12,-40,-150,15000,14055.0908203125,210.300003051758,4.67325210571289,3.65159177780151
20180924,18,-40,-150,15000,14024.79296875,211.489990234375,11.0008373260498,6.96523427963257
20180925,0,-40,-150,15000,13991.1103515625,212.508148193359,17.308967590332,0.448837876319885
20180925,6,-40,-150,15000,13964.53125,212.199996948242,17.4759788513184,0.432790517807007
20180925,12,-40,-150,15000,13958.322265625,211.300003051758,19.6152000427246,2.31871342658997
20180925,18,-40,-150,15000,13936.837890625,211.800003051758,23.4441204071045,4.14273452758789
20180926,0,-40,-150,15000,13897.71875,214.199996948242,25.9000625610352,5.36478042602539
20180926,6,-40,-150,15000,13870.28125,215.295623779297,26.9639701843262,6.27940940856934
20180926,12,-40,-150,15000,13864.576171875,216.185638427734,24.6282157897949,6.63810539245605
20180926,18,-40,-150,15000,13874.7626953125,217.15803527832,18.0341644287109,8.63724136352539
20180927,0,-40,-150,15000,13886.19140625,216.40625,17.4680709838867,10.4006538391113
20180927,6,-40,-150,15000,13911.3095703125,215.199996948242,13.5496292114258,6.52676010131836
20180927,12,-40,-150,15000,13950.6640625,213.899978637695,11.5625343322754,10.0188426971436
20180927,18,-40,-150,15000,13974.2177734375,214.699996948242,19.8128929138184,9.60863304138184
20180928,0,-40,-150,15000,13988.537109375,214.5,21.1697292327881,8.53676223754883
20180928,6,-40,-150,15000,14000.71875,214.100006103516,17.0605716705322,6.2576756477356
20180928,12,-40,-150,15000,14009.7177734375,213.199996948242,17.3217849731445,9.84153366088867
20180928,18,-40,-150,15000,14006.298828125,214.699981689453,12.0877876281738,13.8280172348022
20180929,0,-40,-150,15000,13974.37109375,215.899993896484,13.8353176116943,18.6924953460693
20180929,6,-40,-150,15000,13941.94140625,216.899993896484,13.5419797897339,14.7227811813354
20180929,12,-40,-150,15000,13918.3154296875,217.600006103516,13.3053884506226,16.5854167938232
20180929,18,-40,-150,15000,13901.494140625,216.795562744141,15.1869773864746,14.6653099060059
20180930,0,-40,-150,15000,13888.3701171875,216.699996948242,15.60498046875,10.9319896697998
20180930,6,-40,-150,15000,13881.28515625,215.359451293945,13.7525053024292,7.69218730926514
20180930,12,-40,-150,15000,13888.0400390625,214.899978637695,9.44950675964355,7.6217360496521
20180930,18,-40,-150,15000,13887.3896484375,215.199981689453,8.94738292694092,8.93811511993408
20181001,0,-40,-150,15000,13871.8134765625,215.399993896484,10.4513721466064,9.71337413787842
20181001,6,-40,-150,15000,13856.4560546875,215.5,8.15335178375244,11.3212203979492
20181001,12,-40,-150,15000,13853.3076171875,216.599975585938,8.66335773468018,12.2998476028442
20181001,18,-40,-150,15000,13854.1923828125,217.5,9.34187602996826,9.14752197265625
20181002,0,-40,-150,15000,13846.5439453125,216.699996948242,12.5979194641113,7.45346212387085
20181002,6,-40,-150,15000,13860.99609375,214.899993896484,15.3992357254028,2.63426280021667
20181002,12,-40,-150,15000,13891.5791015625,214.738922119141,15.1926097869873,6.17640113830566
20181002,18,-40,-150,15000,13909.232421875,214.300003051758,14.1966457366943,5.89049816131592
20181003,0,-40,-150,15000,13901.8271484375,214.244094848633,17.0910129547119,6.78271484375
20181003,6,-40,-150,15000,13899.611328125,213,17.1786117553711,7.59732913970947
20181003,12,-40,-150,15000,13910.8515625,213.399993896484,18.9005680084229,7.8517918586731
20181003,18,-40,-150,15000,13902.41015625,214.438919067383,20.2505664825439,3.89498281478882
20181004,0,-40,-150,15000,13891.017578125,213.421920776367,19.4894504547119,2.10501456260681
20181004,6,-40,-150,15000,13879.0810546875,214.300003051758,21.3399219512939,4.19167947769165
20181004,12,-40,-150,15000,13881.2841796875,213.414703369141,22.4494552612305,2.77163076400757
20181004,18,-40,-150,15000,13885.4189453125,212.907470703125,21.3053302764893,-1.44164800643921
20181005,0,-40,-150,15000,13887.271484375,211.446136474609,20.6471004486084,-2.29889392852783
20181005,6,-40,-150,15000,13886.1689453125,211.199996948242,17.6728687286377,-2.0917797088623
20181005,12,-40,-150,15000,13897.77734375,211.499969482422,15.5397434234619,-2.80085206031799
20181005,18,-40,-150,15000,13899.5771484375,211.800003051758,11.036657333374,-0.703483879566193
20181006,0,-40,-150,15000,13888.0087890625,212.199996948242,9.56937789916992,-2.23035883903503
20181006,6,-40,-150,15000,13887.9638671875,211.753875732422,4.58708238601685,-1.4737206697464
20181006,12,-40,-150,15000,13891.7470703125,211.199996948242,7.28127193450928,-0.691240251064301
20181006,18,-40,-150,15000,13887.0908203125,212.048919677734,4.09302997589111,0.0775683596730232
20181007,0,-40,-150,15000,13866.990234375,211.678070068359,5.66498422622681,0.948223888874054
20181007,6,-40,-150,15000,13853.64453125,212.521926879883,3.91407155990601,1.67210698127747
20181007,12,-40,-150,15000,13854.2509765625,213.100006103516,6.81532287597656,1.40646362304688
20181007,18,-40,-150,15000,13848.91796875,213.921905517578,5.3496994972229,2.01502680778503
20181008,0,-40,-150,15000,13834.275390625,214.5,6.77561283111572,3.44759774208069
20181008,6,-40,-150,15000,13825.5498046875,214.79997253418,6.04148435592651,3.36830067634583
20181008,12,-40,-150,15000,13830.9970703125,215,6.33257818222046,2.77808094024658
20181008,18,-40,-150,15000,13830.017578125,215.399993896484,5.30093765258789,2.21213388442993
20181009,0,-40,-150,15000,13820.9501953125,216.399749755859,5.0895094871521,2.19835948944092
20181009,6,-40,-150,15000,13817.5751953125,216.600006103516,4.83747816085815,0.503227531909943
20181009,12,-40,-150,15000,13828.990234375,216.499969482422,4.35755634307861,0.695522487163544
20181009,18,-40,-150,15000,13827.869140625,216.907470703125,2.46995115280151,0.32901856303215
20181010,0,-40,-150,15000,13827.26953125,217.03889465332,3.4652636051178,1.44618165493011
20181010,6,-40,-150,15000,13821.8212890625,217.300003051758,1.52637207508087,1.37623286247253
20181010,12,-40,-150,15000,13827.255859375,217.100006103516,1.15333247184753,0.0857641622424126
20181010,18,-40,-150,15000,13829.431640625,217.899993896484,-0.618559598922729,2.21279788017273
20181011,0,-40,-150,15000,13823.3623046875,218.006988525391,-0.0898022428154945,0.343991696834564
20181011,6,-40,-150,15000,13816.14453125,217.899993896484,-1.38478517532349,-0.378017574548721
20181011,12,-40,-150,15000,13821.166015625,217.899993896484,-1.83991694450378,0.0434765629470348
20181011,18,-40,-150,15000,13826.3701171875,217.79997253418,-1.4393310546875,0.4521484375
20181012,0,-40,-150,15000,13821.87109375,218.099975585938,-2.83662104606628,-0.467944324016571
20181012,6,-40,-150,15000,13821.076171875,217.800003051758,-4.073486328125,1.0912207365036
20181012,12,-40,-150,15000,13835.041015625,217.5,-3.38655996322632,0.0108349611982703
20181012,18,-40,-150,15000,13845.3203125,217.300003051758,-3.79159665107727,1.71962893009186
20181013,0,-40,-150,15000,13842.5166015625,216.399749755859,-1.12855219841003,2.55393075942993
20181013,6,-40,-150,15000,13847.0078125,215.846115112305,-1.88201665878296,1.31094968318939
20181013,12,-40,-150,15000,13859.2041015625,215.300003051758,-0.328254401683807,1.20269536972046
20181013,18,-40,-150,15000,13863.2001953125,215,2.51617431640625,1.91339349746704
20181014,0,-40,-150,15000,13864.3291015625,215.100006103516,2.07454586029053,1.06712889671326
20181014,6,-40,-150,15000,13857.4775390625,214.399993896484,4.21876239776611,0.764462888240814
20181014,12,-40,-150,15000,13860.19140625,214.699996948242,3.70850825309753,-1.09137690067291
20181014,18,-40,-150,15000,13856.1025390625,215.300003051758,1.73740971088409,-0.753310561180115
20181015,0,-40,-150,15000,13849.4765625,215.600006103516,2.75886964797974,0.865541994571686
20181015,6,-40,-150,15000,13843.3251953125,215.800003051758,-1.04174566268921,2.00562500953674
20181015,12,-40,-150,15000,13842.541015625,216.017242431641,-1.10542726516724,2.54551267623901
20181015,18,-40,-150,15000,13848.4521484375,216.100006103516,-1.97952151298523,1.25113773345947
20181016,0,-40,-150,15000,13839.5029296875,215.600006103516,-0.374685049057007,0.675864279270172
20181016,6,-40,-150,15000,13842.13671875,214.999969482422,-0.105502933263779,-1.39280760288239
20181016,12,-40,-150,15000,13848.23828125,214.800003051758,1.10365962982178,-2.00419926643372
20181016,18,-40,-150,15000,13852.62109375,214.699996948242,1.87834715843201,-3.52557134628296
20181017,0,-40,-150,15000,13843.6591796875,214.300003051758,3.72148203849792,-3.23287606239319
20181017,6,-40,-150,15000,13837.00390625,214.406982421875,4.20307874679565,-1.96596193313599
20181017,12,-40,-150,15000,13840.7412109375,213.899978637695,5.36356925964355,-1.61455571651459
20181017,18,-40,-150,15000,13839.115234375,214.132125854492,4.83159685134888,-0.210686028003693
20181018,0,-40,-150,15000,13827.544921875,213.836380004883,7.67109870910645,0.946013212203979
20181018,6,-40,-150,15000,13823.93359375,213.5,7.6583423614502,-0.435031741857529
20181018,12,-40,-150,15000,13826.791015625,212.899993896484,9.27252197265625,0.985712885856628
20181018,18,-40,-150,15000,13829.3837890625,213.100006103516,7.74875259399414,0.0985888689756393
20181019,0,-40,-150,15000,13822.4052734375,212.899993896484,7.91953134536743,1.72417974472046
20181019,6,-40,-150,15000,13816.447265625,213.699996948242,7.25527334213257,1.56659662723541
20181019,18,-40,-150,15000,13805.7109375,214.596527099609,8.00057411193848,0.189536139369011
20181020,0,-40,-150,15000,13793.7841796875,214.800003051758,8.36328601837158,-2.80863285064697
20181020,6,-40,-150,15000,13782.28125,214.399993896484,10.2106151580811,-3.54312992095947
20181020,12,-40,-150,15000,13781.5146484375,214,11.2813749313354,-3.08110117912292
20181020,18,-40,-150,15000,13766.7197265625,215.099975585938,12.6712961196899,-2.03407716751099
20181021,0,-40,-150,15000,13741.4521484375,216.199996948242,11.660680770874,-1.52006351947784
20181021,6,-40,-150,15000,13730.61328125,215.800003051758,11.460563659668,-4.50469493865967
20181021,12,-40,-150,15000,13745.947265625,215.038909912109,11.7029228210449,-1.99188721179962
20181021,18,-40,-150,15000,13746.6474609375,215.5,11.6088008880615,2.80899906158447
20181022,0,-40,-150,15000,13736.638671875,216,12.5600023269653,4.33737564086914
20181022,6,-40,-150,15000,13730.16796875,216.964111328125,10.8120727539063,5.62406730651855
20181022,12,-40,-150,15000,13727.5537109375,216.843109130859,11.9743919372559,5.70793199539185
20181022,18,-40,-150,15000,13726.9052734375,217.199996948242,12.8707466125488,2.51710939407349
20181023,0,-40,-150,15000,13730.4111328125,215.300003051758,16.3522090911865,1.22503662109375
20181023,6,-40,-150,15000,13738.244140625,214.769287109375,16.2598438262939,1.66470456123352
20181023,12,-40,-150,15000,13749.607421875,213.7861328125,19.1705341339111,1.05963861942291
20181023,18,-40,-150,15000,13749.35546875,213.100006103516,17.9181327819824,1.7222558259964
20181024,0,-40,-150,15000,13730.80078125,213.300003051758,19.9039402008057,3.5730516910553
20181024,6,-40,-150,15000,13716.1923828125,213.29997253418,19.6457004547119,1.42140626907349
20181024,12,-40,-150,15000,13707.4296875,211.684524536133,20.514554977417,1.32138669490814
20181024,18,-40,-150,15000,13682.083984375,213.600006103516,20.0812892913818,1.86392331123352
20181025,0,-40,-150,15000,13636.8701171875,215.694778442383,27.6341304779053,2.13698482513428
20181025,6,-40,-150,15000,13618.2138671875,216.005584716797,27.0424900054932,-1.12655520439148
20181025,12,-40,-150,15000,13636.400390625,217.999969482422,19.4130401611328,-2.92857909202576
20181025,18,-40,-150,15000,13647.1689453125,217.3134765625,17.4186553955078,-3.97001218795776
20181026,0,-40,-150,15000,13651.619140625,216.403472900391,11.7678365707397,-9.2873363494873
20181026,6,-40,-150,15000,13680.912109375,212.870849609375,10.9319725036621,-10.7984809875488
20181026,12,-40,-150,15000,13719.701171875,207.929153442383,14.5904808044434,-12.3749094009399
20181026,18,-40,-150,15000,13746.1904296875,206.267379760742,16.2860012054443,-10.9026679992676
20181027,0,-40,-150,15000,13754.375,206.738922119141,21.7415676116943,-11.5567817687988
20181027,6,-40,-150,15000,13773.8115234375,206,19.8054466247559,-14.020058631897
20181027,12,-40,-150,15000,13811.98828125,203.353363037109,18.5466632843018,-13.1619482040405
20181027,18,-40,-150,15000,13846.357421875,202.300003051758,12.9900045394897,-6.48471689224243
20181028,0,-40,-150,15000,13850.732421875,201.699981689453,11.5900001525879,2.55369639396667
20181028,6,-40,-150,15000,13854.5361328125,202.499969482422,10.8436155319214,8.54860877990723
20181028,12,-40,-150,15000,13865.2021484375,203.699996948242,12.6628761291504,7.22528791427612
20181028,18,-40,-150,15000,13877.9208984375,205.199981689453,11.9376344680786,4.02294921875
20181029,0,-40,-150,15000,13877.287109375,205.800003051758,11.5355978012085,2.93268060684204
20181029,6,-40,-150,15000,13890.5185546875,205.29997253418,13.204421043396,-2.12858390808105
20181029,12,-40,-150,15000,13909.056640625,204.399978637695,16.4516143798828,-0.650888681411743
20181029,18,-40,-150,15000,13918.77734375,204.300003051758,17.2541446685791,1.14109373092651
20181030,0,-40,-150,15000,13908.91015625,204.600006103516,14.5394458770752,2.17412114143372
20181030,6,-40,-150,15000,13898.6865234375,205.61962890625,10.2006740570068,2.12904286384583
20181030,12,-40,-150,15000,13892.4853515625,206.207473754883,12.2600126266479,3.07028317451477
20181030,18,-40,-150,15000,13894.19921875,207.100006103516,10.8580007553101,-1.40714359283447
20181031,0,-40,-150,15000,13886.60546875,205.814697265625,8.61715793609619,-3.06147956848145
20181031,6,-40,-150,15000,13887.4873046875,204.999969482422,8.55334758758545,-1.49758303165436
20181031,12,-40,-150,15000,13900.6533203125,205.5,9.39778518676758,-3.05078601837158
20181031,18,-40,-150,15000,13910.0966796875,205.800003051758,9.38007354736328,-5.67632341384888
20181101,0,-40,-150,15000,13907.4501953125,206.600006103516,7.6538987159729,-7.70798349380493
20181101,6,-40,-150,15000,13916.9951171875,205.899993896484,6.00717401504517,-11.1926460266113
20181101,12,-40,-150,15000,13928.6640625,205.575531005859,3.73167109489441,-11.2230129241943
20181101,18,-40,-150,15000,13941.7021484375,205.5,2.08298945426941,-12.6810741424561
20181102,0,-40,-150,15000,13935.8759765625,204.5,3.20442628860474,-15.4646635055542
20181102,6,-40,-150,15000,13925.25390625,205.399993896484,2.7402515411377,-14.854287147522
20181102,12,-40,-150,15000,13922.34375,205.400024414063,3.60771107673645,-16.3577938079834
20181102,18,-40,-150,15000,13918.017578125,205.768310546875,2.13074088096619,-17.547119140625
20181103,0,-40,-150,15000,13900.9150390625,206,2.3818371295929,-19.0580177307129
20181103,6,-40,-150,15000,13888.2412109375,207.100006103516,-0.0376196280121803,-20.3635272979736
20181103,12,-40,-150,15000,13886.91015625,207.5,-1.64274168014526,-18.2591228485107
20181103,18,-40,-150,15000,13882.2841796875,207.285308837891,-0.437797844409943,-17.1223430633545
20181104,0,-40,-150,15000,13861.537109375,207.39453125,2.02759766578674,-16.3289165496826
20181104,6,-40,-150,15000,13844.33203125,208.899993896484,-1.96178710460663,-15.4988279342651
20181104,12,-40,-150,15000,13844.0029296875,208.900024414063,-2.1849901676178,-11.9892530441284
20181104,18,-40,-150,15000,13837.076171875,208.843597412109,-3.35685801506042,-11.5169334411621
20181105,0,-40,-150,15000,13822.4951171875,209.600006103516,-0.148394778370857,-8.30733680725098
20181105,6,-40,-150,15000,13802.6533203125,210.504104614258,1.1048926115036,-9.22650909423828
20181105,12,-40,-150,15000,13799.1884765625,210.536376953125,-0.3616723716259,-7.11852788925171
20181105,18,-40,-150,15000,13789.173828125,212.199996948242,-5.1596531867981,-5.49918699264526
20181106,0,-40,-150,15000,13786.4638671875,212.399993896484,-3.11999750137329,-2.69990229606628
20181106,6,-40,-150,15000,13784.662109375,212.163650512695,-4.29398441314697,-4.50904560089111
20181106,12,-40,-150,15000,13800.0498046875,212.590179443359,-3.58430910110474,-3.39802742004395
20181106,18,-40,-150,15000,13808.8701171875,212.482864379883,-1.67926263809204,-4.0602855682373
20181107,0,-40,-150,15000,13808.87109375,212.199996948242,1.08542239665985,-3.43219470977783
20181107,6,-40,-150,15000,13799.4140625,211.800003051758,1.51307368278503,-2.36225819587708
20181107,12,-40,-150,15000,13797.443359375,211.32048034668,5.98061752319336,-1.86932861804962
20181107,18,-40,-150,15000,13784.7802734375,212.066482543945,3.36293935775757,-4.89830589294434
20181108,0,-40,-150,15000,13766.0009765625,212.899993896484,6.91334962844849,-3.8446581363678
20181108,6,-40,-150,15000,13746.1376953125,213.100006103516,4.97322988510132,-4.61031723022461
20181108,12,-40,-150,15000,13732.0751953125,213.800003051758,4.3906102180481,-3.14927005767822
20181108,18,-40,-150,15000,13716.5654296875,214.399993896484,2.28193855285645,-3.93771982192993
20181109,0,-40,-150,15000,13707.6689453125,214.424468994141,1.76988768577576,-5.3302001953125
20181109,6,-40,-150,15000,13707.162109375,213.800003051758,0.0179333500564098,-8.54235553741455
20181109,12,-40,-150,15000,13713.73828125,213.399993896484,3.31949591636658,-9.00545120239258
20181109,18,-40,-150,15000,13719.443359375,212.800003051758,2.71495366096497,-14.2641897201538
20181110,0,-40,-150,15000,13712.4541015625,212.199996948242,6.33159160614014,-11.8588285446167
20181110,6,-40,-150,15000,13704.2060546875,211.600006103516,9.0543041229248,-13.6992769241333
20181110,12,-40,-150,15000,13718.271484375,211.199996948242,10.6048555374146,-11.8234596252441
20181110,18,-40,-150,15000,13721.1171875,210.800003051758,9.27277946472168,-6.59806632995605
20181111,0,-40,-150,15000,13719.3837890625,210.899993896484,9.81375217437744,-4.32495832443237
20181111,6,-40,-150,15000,13723.443359375,211,9.83051300048828,-3.5681836605072
20181111,12,-40,-150,15000,13735.677734375,210.699996948242,10.098669052124,-3.35371828079224
20181111,18,-40,-150,15000,13742.6748046875,210.699996948242,9.70275402069092,-5.16959953308105
20181112,0,-40,-150,15000,13748.63671875,211.899993896484,8.43464374542236,-9.15812492370605
20181112,6,-40,-150,15000,13756.1416015625,213,5.02393054962158,-12.9493989944458
20181112,12,-40,-150,15000,13776.6572265625,213,0.915253877639771,-17.2693367004395
20181112,18,-40,-150,15000,13795.916015625,214.100006103516,0.351290881633759,-17.4063301086426
20181113,0,-40,-150,15000,13792.818359375,214.300003051758,2.84217381477356,-13.8522977828979
20181113,6,-40,-150,15000,13785.4091796875,214.199996948242,4.36882305145264,-13.5126953125
20181113,12,-40,-150,15000,13782.2236328125,214.199996948242,6.96155405044556,-14.7728729248047
20181113,18,-40,-150,15000,13770.9248046875,214.599975585938,8.24899005889893,-17.1803932189941
20181114,0,-40,-150,15000,13741.947265625,214.5,12.5489454269409,-13.8678493499756
20181114,6,-40,-150,15000,13698.7587890625,214,15.6007442474365,-13.6676540374756
20181114,12,-40,-150,15000,13669.3984375,213.800003051758,16.7436676025391,-12.2203807830811
20181114,18,-40,-150,15000,13622.58984375,214.5,16.8950080871582,-10.3083057403564
20181115,0,-40,-150,15000,13569.1416015625,216.699996948242,19.1599998474121,-5.77523183822632
20181115,6,-40,-150,15000,13526.837890625,218.600006103516,15.422342300415,-9.93128871917725
20181115,12,-40,-150,15000,13509.3916015625,219.600006103516,13.021598815918,-7.91581296920776
20181115,18,-40,-150,15000,13498.8623046875,220.800003051758,11.6327638626099,-6.23621320724487
20181116,0,-40,-150,15000,13486.240234375,221,12.8941774368286,-5.30000734329224
20181116,6,-40,-150,15000,13491.888671875,220.118865966797,12.8696241378784,-3.02187013626099
20181116,12,-40,-150,15000,13512.53515625,219.541961669922,16.0337524414063,-1.75113773345947
20181116,18,-40,-150,15000,13531.2548828125,219.300933837891,15.525915145874,-2.40771007537842
20181117,0,-40,-150,15000,13540.7646484375,218.910003662109,16.6158638000488,1.46769773960114
20181117,6,-40,-150,15000,13561.3896484375,218.199996948242,18.4691486358643,2.38246822357178
20181117,12,-40,-150,15000,13578.521484375,217.170852661133,20.7202758789063,3.4214551448822
20181117,18,-40,-150,15000,13589.7978515625,217.399993896484,18.5976371765137,1.30273926258087
20181118,0,-40,-150,15000,13588.8408203125,216.100006103516,19.0607929229736,1.38683593273163
20181118,6,-40,-150,15000,13584.7470703125,216.5,18.1444511413574,0.37882325053215
20181118,12,-40,-150,15000,13590.5322265625,214.699996948242,18.9735546112061,1.70228028297424
20181118,18,-40,-150,15000,13590.12890625,214.699996948242,17.8571434020996,2.74876952171326
20181119,0,-40,-150,15000,13584.822265625,214.199996948242,17.6565895080566,-0.933271467685699
20181119,6,-40,-150,15000,13606.541015625,211.392532348633,20.8128509521484,-2.00271487236023
20181119,12,-40,-150,15000,13639.294921875,211,24.5541305541992,-0.173562005162239
20181119,18,-40,-150,15000,13654.26171875,211.999969482422,29.2100048065186,-1.81828367710114
20181120,0,-40,-150,15000,13655.6728515625,211.114700317383,29.2385082244873,-5.54398202896118
20181120,6,-40,-150,15000,13682.6015625,207.246124267578,31.2856903076172,-8.64768600463867
20181120,12,-40,-150,15000,13714.0751953125,207.600006103516,30.2455558776855,-5.11987066268921
20181120,18,-40,-150,15000,13725.33203125,207.600006103516,33.0146942138672,-3.29443836212158
20181121,0,-40,-150,15000,13704.61328125,209.699996948242,30.7555599212646,-3.43397450447083
20181121,6,-40,-150,15000,13679.619140625,211.699981689453,22.3400020599365,-0.33548828959465
20181121,12,-40,-150,15000,13660.6787109375,213.986450195313,21.4399929046631,1.12419438362122
20181121,18,-40,-150,15000,13638.125,215.699981689453,16.7976016998291,-1.91797852516174
20181122,0,-40,-150,15000,13614.3828125,216.199981689453,13.8392553329468,-4.62810039520264
20181122,6,-40,-150,15000,13601.0390625,216.746612548828,11.1966018676758,-4.77534675598145
20181122,12,-40,-150,15000,13591.66796875,217.099975585938,11.6567478179932,-5.20872068405151
20181122,18,-40,-150,15000,13590.541015625,217.699996948242,11.8600025177002,-8.15587425231934
20181123,0,-40,-150,15000,13580.93359375,217.599975585938,10.8071537017822,-9.22049331665039
20181123,6,-40,-150,15000,13575.9150390625,216.79997253418,9.51333236694336,-11.2177391052246
20181123,12,-40,-150,15000,13598.8623046875,216.193023681641,10.8000001907349,-13.8154296875
20181123,18,-40,-150,15000,13621.615234375,216.199996948242,12.8755540847778,-18.0515575408936
20181124,0,-40,-150,15000,13640.7841796875,216.399993896484,14.9722290039063,-20.7795257568359
20181124,6,-40,-150,15000,13661.1552734375,216.600006103516,16.7712650299072,-19.2000064849854
20181124,12,-40,-150,15000,13679.8271484375,217.699981689453,22.1697616577148,-18.3554096221924
20181124,18,-40,-150,15000,13691.84765625,217.699996948242,25.0105648040771,-16.3656768798828
20181125,0,-40,-150,15000,13682.01171875,217.800003051758,25.0690288543701,-13.1264896392822
20181125,6,-40,-150,15000,13673.79296875,216.399993896484,24.5592555999756,-9.1455078125
20181125,12,-40,-150,15000,13669.9775390625,216.100006103516,27.3686428070068,-7.14171123504639
20181125,18,-40,-150,15000,13665.8935546875,216.399993896484,26.373010635376,-5.18743419647217
20181126,0,-40,-150,15000,13658.625,216.688064575195,25.3607711791992,-0.733842790126801
20181126,6,-40,-150,15000,13638.7353515625,216.100006103516,23.5572490692139,7.56820821762085
20181126,12,-40,-150,15000,13618.041015625,215.800003051758,19.9933280944824,7.92283201217651
20181126,18,-40,-150,15000,13606.6591796875,215.5,21.3953971862793,5.16702890396118
20181127,0,-40,-150,15000,13607.6279296875,212.900024414063,22.2857055664063,3.44984865188599
20181127,6,-40,-150,15000,13605.3447265625,211.794723510742,21.4663715362549,0.462114244699478
20181127,12,-40,-150,15000,13614.2734375,212.5,22.2366847991943,5.42751693725586
20181127,18,-40,-150,15000,13618.9814453125,211.399993896484,25.2877140045166,5.09270763397217
20181128,0,-40,-150,15000,13599.0908203125,212.5,25.3908271789551,16.2827777862549
20181128,6,-40,-150,15000,13572.869140625,215.987213134766,21.852087020874,14.7472610473633
20181128,12,-40,-150,15000,13562.798828125,218.947463989258,17.8546485900879,8.81876468658447
20181128,18,-40,-150,15000,13549.8271484375,218.899993896484,17.1092853546143,9.86820030212402
20181129,0,-40,-150,15000,13543.7412109375,218.800003051758,14.5781297683716,9.24787139892578
20181129,6,-40,-150,15000,13537.8037109375,219.199996948242,13.6206083297729,6.99379873275757
20181129,12,-40,-150,15000,13541.548828125,218.472778320313,11.7017135620117,7.27117919921875
20181129,18,-40,-150,15000,13545.89453125,219.399993896484,9.19917392730713,5.2953052520752
20181130,0,-40,-150,15000,13538.5771484375,219.23193359375,7.73757076263428,6.18707275390625
20181130,6,-40,-150,15000,13529.5234375,219.899993896484,7.22146844863892,5.55290031433105
20181130,12,-40,-150,15000,13536.77734375,219.434448242188,8.39685153961182,4.12017107009888
20181130,18,-40,-150,15000,13559.3984375,218.300003051758,7.90933847427368,-1.17165529727936
20181201,0,-40,-150,15000,13581.5029296875,217.199996948242,12.7196865081787,-5.64334964752197
20181201,6,-40,-150,15000,13606.3916015625,216.5,15.833366394043,-5.18388652801514
20181201,12,-40,-150,15000,13643.3759765625,215,19.6574077606201,-4.44447755813599
20181201,18,-40,-150,15000,13668.1611328125,216.199996948242,17.537784576416,1.12554693222046
20181202,0,-40,-150,15000,13667.4775390625,217.199996948242,20.1440658569336,7.23553943634033
20181202,6,-40,-150,15000,13655.0322265625,219,17.3053302764893,11.251669883728
20181202,12,-40,-150,15000,13636.4599609375,219.190399169922,14.5663232803345,11.0033302307129
20181202,18,-40,-150,15000,13625.7275390625,218.546478271484,11.7549953460693,7.80704593658447
20181203,0,-40,-150,15000,13611.29296875,218.300003051758,9.61271381378174,4.11843729019165
20181203,6,-40,-150,15000,13608.791015625,218.065551757813,8.75786876678467,3.6876220703125
20181203,12,-40,-150,15000,13597.619140625,218.399856567383,8.69620132446289,2.34916758537292
20181203,18,-40,-150,15000,13603.490234375,218.812789916992,7.59320449829102,1.51506102085114
20181204,0,-40,-150,15000,13590.4970703125,219.50553894043,9.02035999298096,2.24033212661743
20181204,6,-40,-150,15000,13582.9921875,220.501678466797,7.19083738327026,2.69357919692993
20181204,12,-40,-150,15000,13577.6826171875,220.600006103516,8.52817916870117,2.2701416015625
20181204,18,-40,-150,15000,13577.2626953125,220.902908325195,7.86752462387085,2.21721434593201
20181205,0,-40,-150,15000,13563.916015625,220.573532104492,8.99740219116211,6.45405530929565
20181205,6,-40,-150,15000,13542.85546875,220.899993896484,6.76607418060303,5.97716569900513
20181205,12,-40,-150,15000,13529.0283203125,220.300003051758,7.66387462615967,3.72069334983826
20181205,18,-40,-150,15000,13512.2216796875,220.100006103516,9.2545919418335,-1.98561525344849
20181206,0,-40,-150,15000,13494.724609375,219.899993896484,11.1213083267212,-3.03678703308105
20181206,6,-40,-150,15000,13479.1259765625,219.085968017578,11.6050291061401,-5.17250490188599
20181206,12,-40,-150,15000,13471.806640625,218.300003051758,12.6630077362061,-6.04304218292236
20181206,18,-40,-150,15000,13470.9384765625,217.996246337891,12.4667139053345,-7.08269548416138
20181207,0,-40,-150,15000,13470.052734375,216.9189453125,12.9131689071655,-7.27892827987671
20181207,6,-40,-150,15000,13477.630859375,216.29997253418,10.4214134216309,-9.36178684234619
20181207,12,-40,-150,15000,13495.5634765625,215.484909057617,11.1727828979492,-10.2361087799072
20181207,18,-40,-150,15000,13514.3154296875,214.990524291992,7.61283683776855,-13.4438304901123
20181208,0,-40,-150,15000,13526.388671875,215.541351318359,9.15075397491455,-13.7779493331909
20181208,6,-40,-150,15000,13545.25390625,215,8.6514310836792,-18.1334819793701
20181208,12,-40,-150,15000,13587.556640625,212.52864074707,7.30184555053711,-18.5881156921387
20181208,18,-40,-150,15000,13627.0546875,212.500030517578,8.0317964553833,-9.81768798828125
20181209,0,-40,-150,15000,13632.916015625,214,13.270583152771,4.4966869354248
20181209,6,-40,-150,15000,13600.4326171875,216.5,15.1040134429932,7.09904766082764
20181209,12,-40,-150,15000,13577.3154296875,218.199996948242,14.4556465148926,3.64012932777405
20181209,18,-40,-150,15000,13568.3603515625,219.300003051758,16.5259418487549,2.37427735328674
20181210,0,-40,-150,15000,13542.830078125,218.943893432617,18.6986179351807,6.4998631477356
20181210,6,-40,-150,15000,13530.5859375,219.300003051758,16.8070697784424,-0.181108400225639
20181210,12,-40,-150,15000,13512.5849609375,221,19.4573764801025,8.67344379425049
20181210,18,-40,-150,15000,13493.693359375,222.100006103516,16.3987922668457,9.52373695373535
20181211,0,-40,-150,15000,13459.017578125,223.159957885742,15.9400205612183,8.10010051727295
20181211,6,-40,-150,15000,13443.3115234375,224.20002746582,15.7155513763428,4.0625
20181211,12,-40,-150,15000,13450.005859375,224.608932495117,16.8600025177002,4.14393043518066
20181211,18,-40,-150,15000,13451.2373046875,224.953582763672,13.1709623336792,2.09968996047974
20181212,0,-40,-150,15000,13443.880859375,224.800003051758,17.3636131286621,0.680498063564301
20181212,6,-40,-150,15000,13449.65234375,226.5,17.6616706848145,0.264765620231628
20181212,12,-40,-150,15000,13454.31640625,225.000152587891,24.6674385070801,1.66565430164337
20181212,18,-40,-150,15000,13484.61328125,223.199996948242,28.7741546630859,-1.68457520008087
20181213,0,-40,-150,15000,13534.5615234375,221.800003051758,36.287296295166,-4.22174787521362
20181213,6,-40,-150,15000,13549.962890625,222.798065185547,31.0599632263184,5.19107913970947
20181213,12,-40,-150,15000,13524.0595703125,222.199996948242,31.4699993133545,4.09246587753296
20181213,18,-40,-150,15000,13514.77734375,221.950836181641,26.4139404296875,1.42139160633087
20181214,0,-40,-150,15000,13531.732421875,219.199249267578,27.6700000762939,-1.64068841934204
20181214,6,-40,-150,15000,13562.8037109375,217.199996948242,29.8017902374268,-7.95942401885986
20181214,12,-40,-150,15000,13620.0703125,216.756393432617,30.8376979827881,-2.71166515350342
20181214,18,-40,-150,15000,13638.4150390625,217.696243286133,26.2300071716309,3.51770758628845
20181215,0,-40,-150,15000,13620.6015625,217.5,23.0384063720703,6.87304925918579
20181215,6,-40,-150,15000,13589.3564453125,217.758026123047,20.5727767944336,9.51850128173828
20181215,12,-40,-150,15000,13575.236328125,217.300003051758,23.6700115203857,12.2040061950684
20181215,18,-40,-150,15000,13568.3837890625,218,20.5100040435791,9.00970935821533
20181216,0,-40,-150,15000,13567.9091796875,218.399993896484,18.4520606994629,10.133376121521
20181216,6,-40,-150,15000,13546.2529296875,218.899993896484,16.2000370025635,10.6318407058716
20181216,12,-40,-150,15000,13551.044921875,219.399993896484,16.4591617584229,7.44661617279053
20181216,18,-40,-150,15000,13559.5791015625,219.336624145508,15.6487646102905,3.37574696540833
20181217,0,-40,-150,15000,13554.798828125,219.080810546875,16.1088085174561,1.17859864234924
20181217,6,-40,-150,15000,13542.01171875,217.81916809082,15.2656173706055,-2.26559090614319
20181217,12,-40,-150,15000,13541.70703125,217.5,17.6565380096436,-2.47652339935303
20181217,18,-40,-150,15000,13545.666015625,218.199996948242,20.2298393249512,-0.575903296470642
20181218,0,-40,-150,15000,13543.1845703125,219.033248901367,18.5175533294678,3.21734857559204
20181218,6,-40,-150,15000,13530.8779296875,218.935760498047,19.3699779510498,4.99588871002197
20181218,12,-40,-150,15000,13518.7841796875,219.399993896484,16.4008884429932,8.54315948486328
