20180720,0,58,14,2000,25821.197265625,208.117233276367,70.4424133300781,-13.3918647766113
20180720,6,58,14,2000,25755.376953125,207.100006103516,73.640022277832,-14.512412071228
20180720,12,58,14,2000,25702.779296875,209,86.5647277832031,-12.3866453170776
20180720,18,58,14,2000,25660.408203125,207.999969482422,94.7748794555664,-14.7661323547363
20180721,0,58,14,2000,25675.314453125,209.099975585938,95.140007019043,-21.4298820495605
20180721,6,58,14,2000,25554.884765625,208.096267700195,92.5760192871094,-26.5485820770264
20180721,12,58,14,2000,25417.904296875,207.399993896484,80.7300033569336,-21.2732906341553
20180721,18,58,14,2000,25320.46484375,207,78.7400054931641,-7.6660304069519
20180722,0,58,14,2000,25369.58203125,207.899993896484,79.5000076293945,3.72996091842651
20180722,6,58,14,2000,25485.16015625,208.100006103516,78.0366439819336,12.4287939071655
20180722,12,58,14,2000,25573.470703125,207,76.1542358398438,8.52143287658691
20180722,18,58,14,2000,25614.740234375,206.999969482422,73.3600082397461,4.76538324356079
20180723,0,58,14,2000,25630.869140625,207.099975585938,74.010009765625,-0.523693859577179
20180723,6,58,14,2000,25554.099609375,206.999969482422,77.3600006103516,-2.66630363464355
20180723,12,58,14,2000,25473.001953125,206.399993896484,78.8400115966797,-3.59464478492737
20180723,18,58,14,2000,25372.205078125,205.5,78.716667175293,-4.18878173828125
20180724,0,58,14,2000,25316.255859375,205.379684448242,77.5204620361328,-0.0286523438990116
20180724,6,58,14,2000,25239.01953125,203.599975585938,78.2100067138672,5.81122541427612
20180724,12,58,14,2000,25192.599609375,201.999984741211,75.120002746582,10.5403833389282
20180724,18,58,14,2000,25165.1796875,200.599990844727,73.2600860595703,10.6504936218262
20180725,0,58,14,2000,25168.11328125,200.099990844727,72.9599990844727,11.4095706939697
20180725,6,58,14,2000,25126.900390625,197.899993896484,74.1451721191406,15.4331026077271
20180725,12,58,14,2000,25106.53515625,198.199996948242,74.6900024414063,16.7048015594482
20180725,18,58,14,2000,25084.134765625,198.699981689453,78.4899978637695,18.6714096069336
20180726,0,58,14,2000,25107.92578125,198.499969482422,83.3305892944336,15.7238235473633
20180726,6,58,14,2000,25107.955078125,198.199981689453,89.7699966430664,16.3638801574707
20180726,12,58,14,2000,25168.837890625,198.999984741211,92.8300018310547,12.9960842132568
20180726,18,58,14,2000,25199.306640625,199.29997253418,93.0802917480469,6.56876468658447
20180727,0,58,14,2000,25209.365234375,199.499969482422,90.4966888427734,-1.73785400390625
20180727,6,58,14,2000,25189.91015625,199.899993896484,86.3966979980469,-7.0145263671875
20180727,12,58,14,2000,25154.767578125,200.199981689453,82.8000030517578,-9.34442138671875
20180727,18,58,14,2000,25076.939453125,200.099975585938,77.4966735839844,-12.8763008117676
20180728,0,58,14,2000,25022.26171875,199.599990844727,70.640007019043,-16.7162990570068
20180728,6,58,14,2000,24941.3125,198.899993896484,65.9796981811523,-12.2504196166992
20180728,12,58,14,2000,24918.515625,199.099990844727,60.7769546508789,-7.02025032043457
20180728,18,58,14,2000,24921.4375,197.199981689453,63.6824188232422,-0.541013181209564
20180729,0,58,14,2000,24973.66796875,195.999984741211,64.4400024414063,-0.0451843254268169
20180729,6,58,14,2000,24989.5234375,196.199981689453,63.8400001525879,0.0601293928921223
20180729,12,58,14,2000,24997.474609375,197.399978637695,63.1000061035156,-3.09080815315247
20180729,18,58,14,2000,24971.90234375,197.199981689453,65.2467346191406,-3.81668090820313
20180730,0,58,14,2000,24960.294921875,197.399978637695,65.8901596069336,-3.29343748092651
20180730,6,58,14,2000,24928.10546875,198.906967163086,67.3400039672852,-1.20802736282349
20180730,12,58,14,2000,24905.330078125,196.999969482422,67.6380920410156,-4.6465916633606
20180730,18,58,14,2000,24862.349609375,195.499984741211,69.4199981689453,0.0736486837267876
20180731,0,58,14,2000,24886.033203125,196.699981689453,66.2777938842773,-0.0761877447366714
20180731,6,58,14,2000,24867.490234375,195.099975585938,64.8703384399414,1.19656980037689
20180731,12,58,14,2000,24842.578125,194.100006103516,63.57666015625,2.71364498138428
20180731,18,58,14,2000,24843.578125,195.099975585938,60.6803016662598,6.25757789611816
20180801,0,58,14,2000,24889.447265625,196.599975585938,57.1400108337402,11.9107007980347
20180801,6,58,14,2000,24940.876953125,197.199996948242,59.2833213806152,21.3462753295898
20180801,12,58,14,2000,25059.22265625,199.199981689453,63.4500007629395,32.5675964355469
20180801,18,58,14,2000,25195.669921875,201.999969482422,68.8105621337891,37.1155242919922
20180802,0,58,14,2000,25340.607421875,203.800003051758,71.6694030761719,32.1750946044922
20180802,6,58,14,2000,25404.1484375,204.399978637695,74.8386688232422,26.8900909423828
20180802,12,58,14,2000,25432.8359375,204.999969482422,74.5,21.2820434570313
20180802,18,58,14,2000,25425.525390625,205.399993896484,73.7800216674805,20.85009765625
20180803,0,58,14,2000,25438.0625,207.300003051758,73.4800033569336,22.2840747833252
20180803,6,58,14,2000,25458.552734375,208,72.7733917236328,24.1246185302734
20180803,12,58,14,2000,25500.3203125,206.93212890625,70.2799987792969,25.7398681640625
20180803,18,58,14,2000,25506.07421875,205.399993896484,69.3302612304688,24.1195659637451
20180804,0,58,14,2000,25544.48046875,204.799987792969,65.879997253418,23.4947566986084
20180804,6,58,14,2000,25539.29296875,203.699981689453,66.7400054931641,17.8227653503418
20180804,12,58,14,2000,25498.85546875,202.099975585938,69.540153503418,14.6736450195313
20180804,18,58,14,2000,25423.046875,201.299987792969,73.0799942016602,10.6013278961182
20180805,0,58,14,2000,25380.953125,200.399993896484,74.9764556884766,7.2774658203125
20180805,6,58,14,2000,25254.462890625,198.999984741211,78.3227844238281,3.37994623184204
20180805,12,58,14,2000,25122.98046875,197.399993896484,79.9600067138672,0.736711442470551
20180805,18,58,14,2000,25006.76171875,198.199996948242,73.5957794189453,-0.0172131340950727
20180806,0,58,14,2000,24922.123046875,197.399993896484,73.5997848510742,0.0204333495348692
20180806,6,58,14,2000,24852.392578125,196.499984741211,72.6357727050781,3.96479988098145
20180806,12,58,14,2000,24835.6015625,196.499984741211,69.5397872924805,4.9269323348999
20180806,18,58,14,2000,24801.029296875,194.499969482422,72.0817642211914,4.53446531295776
20180807,0,58,14,2000,24800.21484375,194.199981689453,69.0434112548828,5.66504049301147
20180807,6,58,14,2000,24792.1796875,192.899993896484,67.4367980957031,7.42062854766846
20180807,12,58,14,2000,24800.53515625,190.899978637695,64.9412307739258,10.707218170166
20180807,18,58,14,2000,24831.14453125,190.999984741211,63.3030853271484,14.3957595825195
20180808,0,58,14,2000,24897.5078125,191.199981689453,63.0472640991211,17.158618927002
20180808,6,58,14,2000,24977.189453125,191.29997253418,63.9404792785645,21.9713668823242
20180808,12,58,14,2000,25061.607421875,192,65.010009765625,26.3515605926514
20180808,18,58,14,2000,25164.0234375,192.899993896484,67.9700088500977,29.5620651245117
20180809,0,58,14,2000,25288.5078125,194.750732421875,66.7600021362305,28.7573776245117
20180809,6,58,14,2000,25371.537109375,195.699981689453,70.9186553955078,24.8478984832764
20180809,12,58,14,2000,25424.240234375,195.999969482422,71.8800201416016,21.0228385925293
20180809,18,58,14,2000,25440.67578125,196.299987792969,73.9783325195313,14.2361526489258
20180810,0,58,14,2000,25445.0078125,197.699981689453,75.5800094604492,4.50993633270264
20180810,6,58,14,2000,25361.240234375,197.699981689453,78.760009765625,-2.32248044013977
20180810,12,58,14,2000,25269.16796875,197.528625488281,75.3200073242188,-4.12560558319092
20180810,18,58,14,2000,25167.1640625,197.599990844727,76.5000076293945,-3.06525874137878
20180811,0,58,14,2000,25134.1796875,197.299346923828,75.8000183105469,-0.612175285816193
20180811,6,58,14,2000,25106.0546875,197.399978637695,76.6000366210938,0.976252436637878
20180811,12,58,14,2000,25077.869140625,195.79997253418,76.0000076293945,-0.185612797737122
20180811,18,58,14,2000,25054.318359375,196.199981689453,75.5400161743164,-0.196181640028954
20180812,0,58,14,2000,25043.005859375,195.899993896484,74.3400115966797,0.3624047935009
20180812,6,58,14,2000,25009.052734375,195.599975585938,73.7400054931641,2.82588744163513
20180812,12,58,14,2000,24992.8359375,194.799987792969,72.0404815673828,4.3799147605896
20180812,18,58,14,2000,24986.224609375,194.999984741211,70.308219909668,6.11992168426514
20180813,0,58,14,2000,25021.232421875,194.79997253418,68.8000106811523,7.66723489761353
20180813,6,58,14,2000,25067.875,194.899978637695,71.8000106811523,9.46523094177246
20180813,12,58,14,2000,25114.240234375,194.599990844727,73.6002349853516,9.47435283660889
20180813,18,58,14,2000,25147.9453125,194.79997253418,73.9630661010742,7.87680435180664
20180814,0,58,14,2000,25194.65234375,195.799987792969,73.9634323120117,6.42766857147217
20180814,6,58,14,2000,25219.36328125,196.308074951172,75.3600082397461,3.52201414108276
20180814,12,58,14,2000,25231.94921875,196.999984741211,76.7600021362305,0.211682125926018
20180814,18,58,14,2000,25221.265625,196.999984741211,77.5599975585938,-2.6494312286377
20180815,0,58,14,2000,25223.591796875,197.800003051758,76.06005859375,-9.56343460083008
20180815,6,58,14,2000,25159.078125,196.499984741211,75.3000106811523,-11.220534324646
20180815,12,58,14,2000,25113.287109375,195.599975585938,71.4000015258789,-11.873083114624
20180815,18,58,14,2000,25025.158203125,194.800003051758,67.630012512207,-12.5695114135742
20180816,0,58,14,2000,24999.880859375,195.799987792969,63.4300155639648,-9.31851100921631
20180816,6,58,14,2000,24950.259765625,195.499984741211,62.3398742675781,-4.79215812683105
20180816,12,58,14,2000,24928.55078125,195.499969482422,59.6400032043457,-1.71599125862122
20180816,18,58,14,2000,24915.037109375,196.199981689453,58.8800086975098,2.85000729560852
20180817,0,58,14,2000,24940.447265625,196.999984741211,59.4799995422363,4.72321271896362
20180817,6,58,14,2000,24946.880859375,197.100006103516,61.4400100708008,8.58933067321777
20180817,12,58,14,2000,24961.953125,197.399993896484,61.0858383178711,8.84801483154297
20180817,18,58,14,2000,24953.720703125,196.499984741211,61.0400085449219,9.50571537017822
20180818,0,58,14,2000,24983.2890625,196.699981689453,58.8800086975098,11.1660404205322
20180818,6,58,14,2000,25013.294921875,197.5205078125,59.4464836120605,16.4483623504639
20180818,12,58,14,2000,25042.302734375,196.999984741211,61.0900001525879,19.0088672637939
20180818,18,58,14,2000,25065.296875,196.799987792969,63.2425346374512,21.2353096008301
20180819,0,58,14,2000,25108.7890625,196.799987792969,63.1423454284668,18.7560977935791
20180819,6,58,14,2000,25114.154296875,197.399993896484,63.8400001525879,19.3870334625244
20180819,12,58,14,2000,25102.890625,197.399978637695,65.3099975585938,17.0424213409424
20180819,18,58,14,2000,25067.490234375,197.499984741211,65.7099990844727,17.1627540588379
20180820,0,58,14,2000,25081.189453125,199.29997253418,66.5398025512695,15.7103710174561
20180820,6,58,14,2000,25072.287109375,201.299987792969,68.7504806518555,17.3604106903076
20180820,12,58,14,2000,25076.97265625,202.699981689453,69.5500411987305,19.9391937255859
20180820,18,58,14,2000,25093.1328125,203.29997253418,72.3499984741211,23.6721343994141
20180821,0,58,14,2000,25166.73046875,204.599975585938,77.5469741821289,23.5899276733398
20180821,6,58,14,2000,25210.859375,206.099975585938,82.8400115966797,21.3643093109131
20180821,12,58,14,2000,25244.091796875,206.100006103516,83.4467391967773,14.8266067504883
20180821,18,58,14,2000,25221.1640625,206.300003051758,83.745719909668,10.0392065048218
20180822,0,58,14,2000,25200.193359375,206.800003051758,84.5000076293945,4.06733417510986
20180822,6,58,14,2000,25127.01953125,205.5,82.3777770996094,2.10970950126648
20180822,12,58,14,2000,25060.4296875,204.399993896484,79.0141754150391,0.276442885398865
20180822,18,58,14,2000,24992.775390625,202.599990844727,73.7200012207031,2.04387211799622
20180823,0,58,14,2000,24954.259765625,201.999984741211,69.2800064086914,3.56654787063599
20180823,6,58,14,2000,24940.490234375,201.999969482422,67.5846481323242,12.4800634384155
20180823,12,58,14,2000,24965.22265625,200.999969482422,67.8867416381836,17.985502243042
20180823,18,58,14,2000,24989.83984375,200.806976318359,70.243408203125,22.450345993042
20180824,0,58,14,2000,25048.876953125,200.499984741211,69.747688293457,22.4260711669922
20180824,6,58,14,2000,25073.990234375,200.099975585938,72.4633102416992,22.4780902862549
20180824,12,58,14,2000,25094.88671875,200.699981689453,73.7400131225586,20.753568649292
20180824,18,58,14,2000,25081.705078125,201.699981689453,74.4022369384766,19.1902961730957
20180825,0,58,14,2000,25123.0390625,205.199996948242,73.7410430908203,17.6811408996582
20180825,6,58,14,2000,25169.328125,208.600006103516,74.6100082397461,20.8274345397949
20180825,12,58,14,2000,25242.73046875,212.100006103516,78.3600082397461,22.1725978851318
20180825,18,58,14,2000,25332.091796875,214.800003051758,82.0299987792969,22.3634014129639
20180826,0,58,14,2000,25437.359375,216.300003051758,83.8000106811523,16.0567646026611
20180826,6,58,14,2000,25483.9375,216.800003051758,85.8186111450195,6.7591381072998
20180826,12,58,14,2000,25476.044921875,216.300003051758,86.9199981689453,1.35959231853485
20180826,18,58,14,2000,25422.8515625,217.793014526367,86.4400024414063,0.0819897428154945
20180827,0,58,14,2000,25395.005859375,218,87.1826095581055,-2.39557361602783
20180827,6,58,14,2000,25342.904296875,218.199996948242,87.4800033569336,0.488459467887878
20180827,12,58,14,2000,25309.318359375,216.79997253418,88.4200134277344,3.26449227333069
20180827,18,58,14,2000,25224.283203125,213.199996948242,92.4611587524414,1.71738767623901
20180828,0,58,14,2000,25189.27734375,212.199996948242,91.9300079345703,-1.56550538539886
20180828,6,58,14,2000,25098.45703125,212.699996948242,90.640022277832,-3.31244373321533
20180828,12,58,14,2000,25020.962890625,212.800003051758,88.620002746582,-2.69857168197632
20180828,18,58,14,2000,24929.8125,212.100006103516,88.3199996948242,-4.8231201171875
20180829,0,58,14,2000,24875.13671875,211.099975585938,84.1222229003906,-5.51994514465332
20180829,6,58,14,2000,24812.748046875,209.099975585938,78.7199935913086,-2.60634756088257
20180829,12,58,14,2000,24794.203125,207.899993896484,72.1777725219727,-0.929277360439301
20180829,18,58,14,2000,24789.119140625,206.600006103516,69.5400009155273,1.07779538631439
20180830,0,58,14,2000,24832.3984375,205.999969482422,67.0800018310547,1.97001099586487
20180830,6,58,14,2000,24853.1484375,205,67.7800140380859,2.67307376861572
20180830,12,58,14,2000,24871.865234375,203.29997253418,70.0980529785156,4.1475830078125
20180830,18,58,14,2000,24881.875,202.79997253418,70.1432189941406,5.50048351287842
20180831,0,58,14,2000,24937.677734375,203.199981689453,70.7400131225586,7.42728757858276
20180831,6,58,14,2000,24980.7265625,202.099975585938,72.245002746582,11.2131509780884
20180831,12,58,14,2000,24998.685546875,201.499969482422,72.5000228881836,10.9477233886719
20180831,18,58,14,2000,25031.306640625,199.899993896484,73.5999984741211,12.5910205841064
20180901,0,58,14,2000,25111.27734375,198.899993896484,75.7631607055664,14.5390529632568
20180901,6,58,14,2000,25182.609375,198.799987792969,73.7997817993164,16.1239852905273
20180901,12,58,14,2000,25225.095703125,197.999969482422,73.698616027832,12.9095191955566
20180901,18,58,14,2000,25257.517578125,197.967864990234,74.4453887939453,13.4599514007568
20180902,0,58,14,2000,25355.126953125,198.999969482422,75.9617156982422,16.0997982025146
20180902,6,58,14,2000,25453.2265625,198.899490356445,72.5176086425781,19.1121139526367
20180902,12,58,14,2000,25583.904296875,199.099975585938,69.379997253418,17.829740524292
20180902,18,58,14,2000,25668.892578125,200.399993896484,66.8986206054688,17.0774612426758
20180903,0,58,14,2000,25775.052734375,203.999969482422,65.1000137329102,13.7863960266113
20180903,6,58,14,2000,25817.939453125,205.899978637695,66.8000106811523,11.7574853897095
20180903,12,58,14,2000,25848.20703125,208.199996948242,67.9977874755859,8.63589382171631
20180903,18,58,14,2000,25821.73828125,209.399993896484,71.7600021362305,4.77419424057007
20180904,0,58,14,2000,25796.150390625,210.899993896484,78.1800079345703,4.25146484375
20180904,6,58,14,2000,25765.314453125,213,84.5,9.97982406616211
20180904,12,58,14,2000,25762.330078125,213.79997253418,84.713264465332,11.2954273223877
20180904,18,58,14,2000,25769.13671875,216.999969482422,83.4262924194336,13.4898262023926
20180905,0,58,14,2000,25800.931640625,219.5,83.5800018310547,8.68916988372803
20180905,6,58,14,2000,25811.115234375,219.399993896484,82.0166625976563,9.95521450042725
20180905,12,58,14,2000,25793.892578125,219.199996948242,81.379997253418,9.16005611419678
20180905,18,58,14,2000,25751.3203125,219.600006103516,84.3399963378906,8.15377235412598
20180906,0,58,14,2000,25769.169921875,220.899978637695,86.4700012207031,6.8501124382019
20180906,6,58,14,2000,25752.435546875,221.100006103516,87.0299987792969,9.47858428955078
20180906,12,58,14,2000,25701.51953125,219.800003051758,89.8899993896484,7.82189702987671
20180906,18,58,14,2000,25640.9140625,218.663650512695,94.1141052246094,4.41841793060303
20180907,0,58,14,2000,25595.662109375,219.110015869141,94.4300003051758,4.34966564178467
20180907,6,58,14,2000,25531.056640625,218,92.7150115966797,7.1945652961731
20180907,12,58,14,2000,25455.724609375,214,88.5999984741211,5.66660642623901
20180907,18,58,14,2000,25362.505859375,208.100006103516,84.8009262084961,9.54847621917725
20180908,0,58,14,2000,25348.751953125,207.29997253418,81.3100051879883,19.1527328491211
20180908,6,58,14,2000,25415.57421875,210.199996948242,82.4477844238281,32.3112335205078
20180908,12,58,14,2000,25520.919921875,213.199996948242,86.7099990844727,41.563419342041
20180908,18,58,14,2000,25683.220703125,216.099975585938,82.7386093139648,47.0001106262207
20180909,0,58,14,2000,25852.91015625,219.199981689453,75,40.8000984191895
20180909,6,58,14,2000,25969.052734375,221.399978637695,68.989013671875,34.60009765625
20180909,12,58,14,2000,26029.8203125,222.600006103516,63.5999984741211,28.8000984191895
20180909,18,58,14,2000,26027.509765625,223.100006103516,63.9000015258789,24.9999198913574
20180910,0,58,14,2000,26053.255859375,224.899978637695,64.9000015258789,23.4999198913574
20180910,6,58,14,2000,26054.345703125,225.099975585938,64.0000152587891,25.9000968933105
20180910,12,58,14,2000,26065.640625,225.199981689453,61.9000015258789,24.0922431945801
20180910,18,58,14,2000,26063.115234375,224,60.9000015258789,21.3000679016113
20180911,0,58,14,2000,26086.029296875,224.599975585938,60.769115447998,17.4600467681885
20180911,6,58,14,2000,26058.818359375,225.100006103516,64.6000061035156,17.2699413299561
20180911,12,58,14,2000,26022.623046875,225.699981689453,67.2000045776367,12.8739986419678
20180911,18,58,14,2000,25963.3515625,227.300003051758,71.6667098999023,11.2959909439087
20180912,0,58,14,2000,25944.5390625,230.399993896484,72.8099975585938,12.9602632522583
20180912,6,58,14,2000,25933.318359375,232,70.0899963378906,19.9374561309814
20180912,12,58,14,2000,25977.587890625,232.199996948242,63.75,23.1252784729004
20180912,18,58,14,2000,26023.283203125,231.099975585938,61.0549697875977,21.2181301116943
20180913,0,58,14,2000,26088.564453125,228.699996948242,61.3084297180176,16.900110244751
20180913,6,58,14,2000,26128.09765625,226.499633789063,60.4000015258789,17.5131225585938
20180913,12,58,14,2000,26154.373046875,224.600006103516,60.2918930053711,13.7667484283447
20180913,18,58,14,2000,26164.90234375,223.699996948242,60.7999992370605,12.0406618118286
20180914,12,58,14,2000,26218.419921875,223.600006103516,60.5000076293945,0.611431896686554
20180914,18,58,14,2000,26209.11328125,225.499969482422,58.6222229003906,-4.28945302963257
20180915,0,58,14,2000,26206.3671875,226,58.0150032043457,-11.0999269485474
20180915,6,58,14,2000,26124.318359375,224.800003051758,61.0999984741211,-18.6998710632324
20180915,12,58,14,2000,25977.79296875,223.699996948242,63.8038558959961,-29.7809638977051
20180915,18,58,14,2000,25758.244140625,222.29997253418,77.8000030517578,-38.7001457214355
20180916,0,58,14,2000,25502.662109375,220.999969482422,80.2419738769531,-28.3903617858887
20180916,12,58,14,2000,25452.5625,218.600006103516,82.8499984741211,8.727370262146
20180916,18,58,14,2000,25530.26953125,214.79997253418,87.396598815918,14.6805467605591
20180917,0,58,14,2000,25639.244140625,213.800003051758,85.6999969482422,14.9269599914551
20180917,6,58,14,2000,25703.845703125,213.600006103516,83.8199996948242,11.9855613708496
20180917,12,58,14,2000,25724.462890625,214.699310302734,83.3199996948242,7.88489484786987
20180917,18,58,14,2000,25714.8515625,216.5,82.7350006103516,3.70823001861572
20180918,0,58,14,2000,25687.099609375,215.899993896484,83.9300079345703,-2.14628911018372
20180918,6,58,14,2000,25619.13671875,214.300003051758,86.6386108398438,3.86138677597046
20180918,12,58,14,2000,25600.814453125,213.499969482422,85.1800003051758,13.6950244903564
20180918,18,58,14,2000,25642.61328125,212.699996948242,84.9199981689453,16.7737846374512
20180919,0,58,14,2000,25709.4375,212.79997253418,82.879997253418,13.132607460022
20180919,6,58,14,2000,25721.1328125,212.599975585938,84.629997253418,11.5511226654053
20180919,12,58,14,2000,25679.375,211.699996948242,87.1600036621094,9.28027820587158
20180919,18,58,14,2000,25594.0234375,207.79997253418,84.2634048461914,8.81618881225586
20180920,0,58,14,2000,25564.517578125,207.999969482422,80.8000030517578,14.4089937210083
20180920,6,58,14,2000,25616.578125,210.599975585938,82.0100021362305,29.150764465332
20180920,12,58,14,2000,25752.482421875,213.999969482422,81.8399963378906,39.4160346984863
20180920,18,58,14,2000,25914.8671875,216.600006103516,72.6058959960938,39.633602142334
20180921,0,58,14,2000,26072.9296875,218.699996948242,66.7500076293945,31.2679290771484
20180921,6,58,14,2000,26169.609375,220.800003051758,60.539966583252,27.7275695800781
20180921,12,58,14,2000,26248.9140625,221.800003051758,54.7047309875488,24.8001041412354
20180921,18,58,14,2000,26281.47265625,221.736358642578,52.7999992370605,20.5601615905762
20180922,0,58,14,2000,26329.884765625,222,53.7999992370605,14.1247310638428
20180922,6,58,14,2000,26304.404296875,221,56.4686164855957,9.66672325134277
20180922,12,58,14,2000,26243.53515625,220.210037231445,61.2999992370605,4.39998769760132
20180922,18,58,14,2000,26126.779296875,219.899993896484,67.1999969482422,1.10004270076752
20180923,0,58,14,2000,26046.6484375,221.399993896484,75.4000091552734,1.02761232852936
20180923,6,58,14,2000,25991.6875,223.800003051758,77,17.0450134277344
20180923,12,58,14,2000,26048.6640625,225.5,68.6999969482422,30.8000068664551
20180923,18,58,14,2000,26127.94921875,226.699981689453,59,30.818920135498
20180924,0,58,14,2000,26255.220703125,228.600006103516,53,25.3189392089844
20180924,6,58,14,2000,26306.994140625,228.699996948242,48.3511238098145,20.5075569152832
20180924,12,58,14,2000,26331.9296875,228.5,44,14.7811889648438
20180924,18,58,14,2000,26310.654296875,227.800003051758,43.5999984741211,12.6338500976563
20180925,0,58,14,2000,26324.875,228.5,43.9000015258789,11.4000186920166
20180925,6,58,14,2000,26347,228.699996948242,43.3000259399414,15.4000301361084
20180925,12,58,14,2000,26390.419921875,229.5,39.9532661437988,13.7000856399536
20180925,18,58,14,2000,26399.046875,229.29997253418,37.6500129699707,11.2621488571167
20180926,0,58,14,2000,26443.5234375,229.199996948242,36.3919563293457,7.65687990188599
20180926,6,58,14,2000,26466.375,228.999969482422,35.2599983215332,6.92255878448486
20180926,12,58,14,2000,26475.669921875,227.600006103516,35.0399971008301,4.76773452758789
20180926,18,58,14,2000,26460.814453125,226.800003051758,34.7900085449219,4.41120338439941
20180927,0,58,14,2000,26492.064453125,227.100006103516,34.2020721435547,0.591696798801422
20180927,6,58,14,2000,26477.1953125,226.791625976563,34.5000038146973,-0.0228051766753197
20180927,12,58,14,2000,26451.595703125,226.399993896484,34.7000045776367,-3.05286383628845
20180927,18,58,14,2000,26404.63671875,226,37.0999984741211,-4.90222644805908
20180928,0,58,14,2000,26405.033203125,227,39.058780670166,-6.85992908477783
20180928,6,58,14,2000,26353.380859375,226.999969482422,43.2200012207031,-5.86866474151611
20180928,12,58,14,2000,26312.26953125,226.800003051758,47.1222267150879,-5.66802024841309
20180928,18,58,14,2000,26290.365234375,225.699996948242,49.9113960266113,-4.60123538970947
20180929,0,58,14,2000,26324.70703125,225.300003051758,50.0737495422363,3.10728025436401
20180929,6,58,14,2000,26397.142578125,225.399978637695,46.1800003051758,5.3246021270752
20180929,12,58,14,2000,26445.51953125,224.199996948242,43.439998626709,1.818359375
20180929,18,58,14,2000,26453.20703125,222.099975585938,42.5200004577637,-3.64420413970947
20180930,0,58,14,2000,26469.505859375,221.399993896484,41.5136756896973,-6.42416000366211
20180930,6,58,14,2000,26465.533203125,221.199981689453,41.9524917602539,-4.81489276885986
20180930,12,58,14,2000,26444.962890625,219.899993896484,42.3600006103516,-2.83815908432007
20180930,18,58,14,2000,26437.439453125,219.29997253418,41.1599998474121,-2.30964851379395
20181001,0,58,14,2000,26470.07421875,218.100006103516,39.7200012207031,-2.82005381584167
20181001,6,58,14,2000,26466.9609375,217.399993896484,42.3800010681152,-1.11397457122803
20181001,12,58,14,2000,26459.072265625,219.5,44.5400009155273,-1.90715825557709
20181001,18,58,14,2000,26448.48046875,220.300003051758,47.1399993896484,-2.78441166877747
20181002,0,58,14,2000,26473.67578125,222.800003051758,47.8400001525879,-2.95169925689697
20181002,6,58,14,2000,26460.09765625,224.100006103516,47.9400100708008,-5.32778310775757
20181002,12,58,14,2000,26431.79296875,224.899978637695,48.8800010681152,-5.3025975227356
20181002,18,58,14,2000,26387.533203125,225.41162109375,51.8400039672852,-3.49683356285095
20181003,0,58,14,2000,26386.990234375,227.399993896484,54.5,-2.14560556411743
20181003,6,58,14,2000,26389.11328125,228.93603515625,54.6399993896484,1.65065431594849
20181003,12,58,14,2000,26399.455078125,230.699996948242,53.439998626709,4.38529539108276
20181003,18,58,14,2000,26406.177734375,232.523040771484,54.9799995422363,8.42995643615723
20181004,0,58,14,2000,26458.212890625,235.899993896484,55.7799987792969,9.4374361038208
20181004,6,58,14,2000,26508.01171875,239.097244262695,53.52001953125,11.188157081604
20181004,12,58,14,2000,26541.529296875,240.199996948242,51.61474609375,8.04066181182861
20181004,18,58,14,2000,26550.212890625,241.899993896484,49.8199996948242,6.50959730148315
20181005,0,58,14,2000,26579.1796875,243.684814453125,48.5200004577637,4.06968975067139
20181005,6,58,14,2000,26580.095703125,245.099975585938,47.4700088500977,2.78422617912292
20181005,12,58,14,2000,26549.1171875,246.699996948242,47.6200103759766,0.602314472198486
20181005,18,58,14,2000,26527.2421875,248.199996948242,46.189998626709,1.57026612758636
20181006,0,58,14,2000,26524.390625,248.29997253418,46.6875190734863,-0.3569555580616
20181006,6,58,14,2000,26498.267578125,248.988922119141,49.4897155761719,3.78692388534546
20181006,12,58,14,2000,26446.537109375,246.613525390625,51.2500114440918,6.87946796417236
20181006,18,58,14,2000,26422.6015625,248.600006103516,51.0299987792969,13.6319332122803
20181007,0,58,14,2000,26487.552734375,253.300003051758,42.2299995422363,18.9588565826416
20181007,6,58,14,2000,26568.11328125,250.100006103516,37.3000030517578,16.1200485229492
20181007,12,58,14,2000,26572.904296875,243.600006103516,41.0900001525879,9.94425296783447
20181007,18,58,14,2000,26544.751953125,241.399993896484,40.2799987792969,16.5632266998291
20181008,0,58,14,2000,26588.375,241.100006103516,35.1300048828125,16.9623928070068
20181008,6,58,14,2000,26620.51953125,239.800003051758,33.1799964904785,15.7342433929443
20181008,12,58,14,2000,26612.962890625,237.399993896484,34.7400016784668,14.3327293395996
20181008,18,58,14,2000,26605.98828125,236.546676635742,34.4300003051758,12.9456300735474
20181009,0,58,14,2000,26614.21484375,236.304565429688,35.7375106811523,9.50020027160645
20181009,6,58,14,2000,26607.0546875,236,36.8400001525879,11.6671628952026
20181009,12,58,14,2000,26571.404296875,235.100006103516,38.4000015258789,9.8228120803833
20181009,18,58,14,2000,26559.662109375,234.899993896484,38.3900032043457,11.6090087890625
20181010,0,58,14,2000,26581.875,235.099975585938,37.1400032043457,9.73844718933105
20181010,6,58,14,2000,26585.337890625,234.599975585938,36.5000038146973,11.1531248092651
20181010,12,58,14,2000,26584.724609375,234.300003051758,35.1900024414063,9.2225923538208
20181010,18,58,14,2000,26592.45703125,234.5,33.3400001525879,7.67145490646362
20181011,0,58,14,2000,26598.796875,235.600006103516,33.1000099182129,4.56205320358276
20181011,6,58,14,2000,26601.1171875,236.199996948242,34,3.4055712223053
20181011,12,58,14,2000,26562.177734375,236.300003051758,35.5599975585938,0.811774909496307
20181011,18,58,14,2000,26524.90234375,236.79997253418,37.8199996948242,-2.8496778011322
20181012,0,58,14,2000,26491.984375,236.79997253418,41.9600067138672,-8.3445405960083
20181012,6,58,14,2000,26410.892578125,236.79997253418,47.6200065612793,-9.894775390625
20181012,12,58,14,2000,26296.669921875,237.5,53.2775115966797,-13.4125881195068
20181012,18,58,14,2000,26196.5546875,238.100006103516,55.8100051879883,-9.02042484283447
20181013,0,58,14,2000,26182.318359375,239.899978637695,48.2400054931641,-4.17377424240112
20181013,6,58,14,2000,26178.849609375,239.599975585938,44.5299110412598,2.11106944084167
20181013,12,58,14,2000,26192.3203125,238.100006103516,41.5976028442383,5.68852043151855
20181013,18,58,14,2000,26190.703125,237.699996948242,41.2000007629395,5.89279317855835
20181014,0,58,14,2000,26196.748046875,235.699981689453,41.2799987792969,5.93387222290039
20181014,6,58,14,2000,26203.27734375,234.29997253418,40.6367568969727,9.79001426696777
20181014,12,58,14,2000,26178.89453125,233,44.4000015258789,14.4852247238159
20181014,18,58,14,2000,26190.248046875,232.800003051758,44.9099998474121,17.8540630340576
20181015,0,58,14,2000,26201.580078125,232.399993896484,47.1500053405762,14.7599830627441
20181015,6,58,14,2000,26166.884765625,232.392532348633,50.6566390991211,14.8140916824341
20181015,12,58,14,2000,26078.275390625,232.599975585938,57.8800010681152,21.2040119171143
20181015,18,58,14,2000,25996.01171875,230.800003051758,63.7099990844727,25.6174812316895
20181016,0,58,14,2000,25948.189453125,231.199996948242,57.3800010681152,31.9313278198242
20181016,6,58,14,2000,25973.30078125,234,50.7500114440918,35.0589599609375
20181016,12,58,14,2000,26005.822265625,234.399993896484,48.6599998474121,37.8038635253906
20181016,18,58,14,2000,26076.1953125,234.800003051758,47.9699935913086,37.1333503723145
20181017,0,58,14,2000,26159.474609375,233.499969482422,48.689998626709,29.8833255767822
20181017,6,58,14,2000,26222.837890625,232.499969482422,46.189998626709,22.2024154663086
20181017,12,58,14,2000,26230.2265625,230.300003051758,43.830005645752,13.6313209533691
20181017,18,58,14,2000,26222.181640625,229.699996948242,42.2400131225586,8.84426975250244
20181018,0,58,14,2000,26247.642578125,230.600006103516,42.3400001525879,5.53790998458862
20181018,6,58,14,2000,26253.23046875,231.399993896484,44.2600059509277,5.38405752182007
20181018,12,58,14,2000,26244.318359375,232.399993896484,46.5200042724609,7.50197267532349
20181018,18,58,14,2000,26246.203125,232.300003051758,49.5200004577637,9.16109848022461
20181019,0,58,14,2000,26298.8984375,232.399993896484,49.1599998474121,7.9127197265625
20181019,6,58,14,2000,26329.3984375,232.699981689453,48.8199996948242,8.06356906890869
20181019,18,58,14,2000,26353.947265625,231.099975585938,44.060001373291,8.81234359741211
20181020,0,58,14,2000,26409.177734375,231.199981689453,42.8007431030273,8.06200695037842
20181020,6,58,14,2000,26437.306640625,230.172653198242,43.700008392334,7.4300684928894
20181020,12,58,14,2000,26416.57421875,227.699981689453,45.4547348022461,6.34619140625
20181020,18,58,14,2000,26403.994140625,225.79997253418,44.189998626709,6.99221181869507
20181021,0,58,14,2000,26420.369140625,225.699996948242,44.2600212097168,8.21481418609619
20181021,6,58,14,2000,26430.60546875,225,45.1500015258789,11.0115480422974
20181021,12,58,14,2000,26430.02734375,222.79997253418,42.4500007629395,12.9531002044678
20181021,18,58,14,2000,26429.431640625,221.600006103516,41.7100067138672,14.208869934082
20181022,0,58,14,2000,26457.58203125,222,40.260009765625,12.1920852661133
20181022,6,58,14,2000,26468.69921875,221.800003051758,40.6555671691895,16.6053237915039
20181022,12,58,14,2000,26469.525390625,221.699996948242,40.7500038146973,20.7696075439453
20181022,18,58,14,2000,26491.650390625,224.399978637695,39.1600036621094,23.6592559814453
20181023,0,58,14,2000,26540.41015625,226.599945068359,37.8600006103516,22.2297515869141
20181023,6,58,14,2000,26569.279296875,227,38.0480499267578,25.2400493621826
20181023,12,58,14,2000,26595.54296875,227.79997253418,33.1916542053223,24.9391670227051
20181023,18,58,14,2000,26614.9921875,229.5,29.8316497802734,23.6800479888916
20181024,0,58,14,2000,26677.775390625,230.300003051758,28.8900032043457,20.5934867858887
20181024,6,58,14,2000,26704.482421875,231.599975585938,27.640007019043,20.7102603912354
20181024,12,58,14,2000,26703.134765625,231.5,27.3399982452393,17.7251491546631
20181024,18,58,14,2000,26691.73046875,232.399993896484,27.1900043487549,14.9621391296387
20181025,0,58,14,2000,26701.474609375,233.300003051758,27.7352733612061,10.2239770889282
20181025,6,58,14,2000,26687.71484375,234.399993896484,29.2400054931641,9.6033763885498
20181025,12,58,14,2000,26643.544921875,233.899978637695,29.8952693939209,8.71184062957764
20181025,18,58,14,2000,26606.427734375,234.199996948242,32.7347297668457,9.30400848388672
20181026,0,58,14,2000,26597.919921875,233.899993896484,31.8200054168701,9.93598175048828
20181026,6,58,14,2000,26596.232421875,233.999969482422,28.7800006866455,12.1734180450439
20181026,12,58,14,2000,26575.619140625,232.599975585938,27.1199970245361,10.885947227478
20181026,18,58,14,2000,26549.080078125,231.399993896484,27.9800071716309,12.4264841079712
20181027,0,58,14,2000,26551.859375,230.899993896484,29.0308303833008,12.5013818740845
20181027,6,58,14,2000,26560.990234375,231.099975585938,28.2400054931641,14.3496189117432
20181027,12,58,14,2000,26551.4921875,230.100006103516,27.2699947357178,14.2504053115845
20181027,18,58,14,2000,26546.857421875,229.899993896484,26.2399978637695,14.9421167373657
20181028,0,58,14,2000,26579.912109375,230,26.8400020599365,14.7934865951538
20181028,6,58,14,2000,26624.2265625,231,24.9400081634521,15.7073850631714
20181028,12,58,14,2000,26634.625,230.300003051758,22.7299976348877,12.5641088485718
20181028,18,58,14,2000,26637.142578125,230.499969482422,20.6400032043457,8.8515157699585
20181029,0,58,14,2000,26673.716796875,230.499969482422,20.8800067901611,4.72279787063599
20181029,6,58,14,2000,26683.9296875,231.300003051758,21.5800151824951,5.84130144119263
20181029,12,58,14,2000,26668.828125,231.5,21.6905975341797,5.42404317855835
20181029,18,58,14,2000,26657.626953125,231.899993896484,22.0400009155273,4.35697984695435
20181030,0,58,14,2000,26662.150390625,232.600006103516,24.0848903656006,2.82332754135132
20181030,6,58,14,2000,26660.142578125,233,25.1631698608398,4.95467042922974
20181030,12,58,14,2000,26642.3828125,232.699996948242,25.8837985992432,4.63801765441895
20181030,18,58,14,2000,26637.98046875,231.5,24.4805030822754,6.9044337272644
20181031,0,58,14,2000,26670.0078125,231.29997253418,24.1593437194824,5.519775390625
20181031,6,58,14,2000,26694.796875,230.800003051758,23.3446674346924,8.06513404846191
20181031,12,58,14,2000,26715.9609375,229.899978637695,20.3595504760742,7.5544285774231
20181031,18,58,14,2000,26740.060546875,230.499969482422,17.0799999237061,6.86686038970947
20181101,0,58,14,2000,26793.052734375,230.699996948242,16.1800022125244,4.08083009719849
20181101,6,58,14,2000,26823.2265625,231.499969482422,14.7000026702881,4.64738750457764
20181101,12,58,14,2000,26828.810546875,231.100006103516,13.0000028610229,2.50006103515625
20181101,18,58,14,2000,26829.830078125,230.899993896484,11.9999980926514,-0.0999389663338661
20181102,0,58,14,2000,26841.58203125,230.999969482422,12.7999973297119,-4.50994253158569
20181102,6,58,14,2000,26829.587890625,231.499969482422,14.600001335144,-6.09992074966431
20181102,12,58,14,2000,26780.8125,230.600006103516,16.4488792419434,-8.29990196228027
20181102,18,58,14,2000,26731.751953125,230.899993896484,18.8800048828125,-9.21994590759277
20181103,0,58,14,2000,26718.623046875,230.800003051758,22.9365406036377,-9.56021499633789
20181103,6,58,14,2000,26693.892578125,231.79997253418,26.1916828155518,-5.45442867279053
20181103,12,58,14,2000,26682.015625,231.300003051758,25.1333503723145,-1.15411138534546
20181103,18,58,14,2000,26696.77734375,231.5,20.3966598510742,3.69237303733826
20181104,0,58,14,2000,26757.947265625,231.199996948242,18.9710006713867,3.94803714752197
20181104,6,58,14,2000,26813.431640625,230.300003051758,16.620002746582,6.56758785247803
20181104,12,58,14,2000,26848.79296875,230.100006103516,11.7347364425659,5.86513662338257
20181104,18,58,14,2000,26873.01171875,228.600006103516,10.5000019073486,5.20006704330444
20181105,0,58,14,2000,26932.29296875,228.600006103516,8.29477977752686,0.700048804283142
20181105,6,58,14,2000,26967.61328125,228.199996948242,7.28749704360962,1.90001225471497
20181105,12,58,14,2000,26967.693359375,227.899993896484,5.88843393325806,-0.699975609779358
20181105,18,58,14,2000,26964.54296875,228,5.30688762664795,-0.799951195716858
20181106,0,58,14,2000,26991.677734375,228.399993896484,5.27295827865601,-4.7291259765625
20181106,6,58,14,2000,26993.091796875,228.699996948242,5.29226064682007,-3.29993891716003
20181106,12,58,14,2000,26973.599609375,228.600006103516,4.85587167739868,-6.29994487762451
20181106,18,58,14,2000,26946.248046875,228.860595703125,5.54870319366455,-6.39994525909424
20181107,0,58,14,2000,26962.3046875,229.599975585938,6.48178720474243,-9.07800579071045
20181107,6,58,14,2000,26956.029296875,230.5,8.48828125,-7.9999418258667
20181107,12,58,14,2000,26919.03515625,230.699996948242,8.41921710968018,-8.69996929168701
20181107,18,58,14,2000,26889.39453125,230.899978637695,8.05222129821777,-8.99998188018799
20181108,0,58,14,2000,26905.556640625,231.800003051758,9.2490177154541,-8.99995422363281
20181108,6,58,14,2000,26906.392578125,233,9.16502094268799,-5.59996938705444
20181108,12,58,14,2000,26891.0625,233,7.04211711883545,-4.69997549057007
20181108,18,58,14,2000,26896.607421875,232.800003051758,6.7698392868042,-2.39998173713684
20181109,0,58,14,2000,26926.232421875,232.899978637695,5.84931325912476,-2.49998784065247
20181109,6,58,14,2000,26952.3671875,232.300003051758,6.98433828353882,-0.29998779296875
20181109,12,58,14,2000,26946.61328125,231.5,4.81050729751587,0.400018304586411
20181109,18,58,14,2000,26958.0859375,230.800003051758,3.22545170783997,-0.20001220703125
20181110,0,58,14,2000,26973.9765625,230.399993896484,3.72381591796875,-1.75322878360748
20181110,6,58,14,2000,26994.67578125,230.100006103516,2.28673100471497,-1.89997553825378
20181110,12,58,14,2000,26971.482421875,229.192535400391,2.80273127555847,-3.89997553825378
20181110,18,58,14,2000,26938.03515625,229.199996948242,1.55455017089844,-5.08273315429688
20181111,0,58,14,2000,26937.42578125,229.199996948242,4.510009765625,-8.99993896484375
20181111,6,58,14,2000,26908.0546875,229.5,5.7999906539917,-8.39996337890625
20181111,12,58,14,2000,26842.3359375,228.899978637695,9.80000305175781,-10.2999086380005
20181111,18,58,14,2000,26780.828125,228.899978637695,12.0300016403198,-10.9000911712646
20181112,0,58,14,2000,26753.3046875,229.800003051758,17.9194183349609,-10.9999876022339
20181112,6,58,14,2000,26723.294921875,230.5,23.662088394165,-5.50236225128174
20181112,12,58,14,2000,26694.787109375,229.531692504883,25.5200004577637,3.03886485099792
20181112,18,58,14,2000,26741.25,228.199996948242,10.4458322525024,12.4931812286377
20181113,0,58,14,2000,26818.23046875,228.999969482422,6.64855003356934,8.28510475158691
20181113,6,58,14,2000,26880.955078125,230.399993896484,3.03431701660156,8.09999656677246
20181113,12,58,14,2000,26890.169921875,230.099975585938,2.62337398529053,5.16000509262085
20181113,18,58,14,2000,26902.587890625,230.300003051758,0.763029813766479,5.78999996185303
20181114,0,58,14,2000,26940.294921875,230.29997253418,0.316342771053314,1.89067387580872
20181114,6,58,14,2000,26967.71484375,230.800003051758,-0.0722070336341858,2.95467782020569
20181114,12,58,14,2000,26946.1796875,229.999969482422,-0.581459939479828,2.10157227516174
20181114,18,58,14,2000,26945.94921875,230,-1.07977056503296,0.349985361099243
20181115,0,58,14,2000,26960.810546875,230.099975585938,-0.121003419160843,-0.231003418564796
20181115,6,58,14,2000,26967.04296875,230.599975585938,-0.688395977020264,0.52001953125
20181115,12,58,14,2000,26940.2734375,229.899993896484,0.0897851586341858,0.949999988079071
20181115,18,58,14,2000,26925.009765625,230.199996948242,-2.01984858512878,0.759990215301514
20181116,0,58,14,2000,26938.953125,230.600006103516,-1.10074162483215,-0.400051891803741
20181116,6,58,14,2000,26943.857421875,230.899948120117,-1.38080561161041,1.1243017911911
20181116,12,58,14,2000,26921.482421875,230.699996948242,-3.04318857192993,1.24000000953674
20181116,18,58,14,2000,26905.7265625,231.099975585938,-3.79189944267273,0.609233379364014
20181117,0,58,14,2000,26927.125,231.29997253418,-2.25139164924622,-1.0900000333786
20181117,6,58,14,2000,26936.595703125,231.899993896484,-3.40395021438599,0.0985693335533142
20181117,12,58,14,2000,26914.5234375,231.5,-2.77492666244507,-0.095703125
20181117,18,58,14,2000,26893.9453125,231.29997253418,-3.38000726699829,-0.427863776683807
20181118,0,58,14,2000,26908.677734375,231.406982421875,-1.28929686546326,-2.01001453399658
20181118,6,58,14,2000,26920.953125,232,-0.426489263772964,0.207600101828575
20181118,12,58,14,2000,26895.884765625,230.970413208008,-0.490024417638779,1.2332763671875
20181118,18,58,14,2000,26875.359375,230.699996948242,-0.559445798397064,2.48417973518372
20181119,0,58,14,2000,26881.9765625,230.100006103516,0.242338865995407,1.8621484041214
20181119,6,58,14,2000,26887.224609375,230,0.622929692268372,3.18436026573181
20181119,12,58,14,2000,26855.5078125,228.899993896484,1.20541262626648,2.77055668830872
20181119,18,58,14,2000,26831.703125,228.300003051758,1.59431636333466,2.55001711845398
20181120,0,58,14,2000,26831.029296875,228.600006103516,4.3547215461731,0.160507813096046
20181120,6,58,14,2000,26811.2109375,228.699996948242,6.20815181732178,2.70042729377747
20181120,12,58,14,2000,26769.796875,228.699996948242,7.40309572219849,2.33801031112671
20181120,18,58,14,2000,26735.677734375,228.899993896484,7.72998285293579,3.24643564224243
20181121,0,58,14,2000,26729.97265625,229.300003051758,9.09617900848389,0.952170431613922
20181121,6,58,14,2000,26734.220703125,229.414703369141,9.8765230178833,2.38861322402954
20181121,12,58,14,2000,26685.3125,229.199981689453,11.5550022125244,2.04802250862122
20181121,18,58,14,2000,26650.4921875,229.5,12.0977907180786,0.0826123058795929
20181122,0,58,14,2000,26640.314453125,230.100006103516,16.0726051330566,-1.42746579647064
20181122,6,58,14,2000,26619.515625,230.499969482422,19.2923603057861,0.251225590705872
20181122,12,58,14,2000,26561.89453125,230.399993896484,22.9787826538086,4.62143087387085
20181122,18,58,14,2000,26538.794921875,229.899978637695,21.9735050201416,9.60663318634033
20181123,0,58,14,2000,26566.01953125,227.5,17.605993270874,9.68800735473633
20181123,6,58,14,2000,26574.015625,225.999969482422,14.6339864730835,10.5102243423462
20181123,12,58,14,2000,26550.2421875,224.199996948242,14.9560012817383,7.579345703125
20181123,18,58,14,2000,26502.10546875,223.100006103516,15.4399948120117,5.88135242462158
20181124,0,58,14,2000,26484.41015625,223.899993896484,17.626012802124,4.48945808410645
20181124,6,58,14,2000,26454.91796875,225.229156494141,14.706579208374,10.2302980422974
20181124,12,58,14,2000,26435.130859375,225.229156494141,8.61663818359375,13.5407028198242
20181124,18,58,14,2000,26442.556640625,224.699996948242,-0.577741682529449,14.7900047302246
20181125,0,58,14,2000,26507.47265625,225.699996948242,-2.60127449035645,13.9051809310913
20181125,6,58,14,2000,26546.34765625,226.899993896484,-0.692553699016571,13.5722122192383
20181125,12,58,14,2000,26556.802734375,227.5,0.721276879310608,10.9700145721436
20181125,18,58,14,2000,26554.814453125,227.999969482422,1.70607423782349,8.9038257598877
20181126,0,58,14,2000,26582.748046875,229.499969482422,2.82221436500549,5.35332775115967
20181126,6,58,14,2000,26588.962890625,230.399978637695,3.99688720703125,5.08001947402954
20181126,12,58,14,2000,26567.41796875,230.399993896484,4.32381582260132,3.15999031066895
20181126,18,58,14,2000,26537.537109375,231.099975585938,4.43920183181763,2.27580571174622
20181127,0,58,14,2000,26536.439453125,231.800003051758,7.11374282836914,-0.160922855138779
20181127,6,58,14,2000,26525.337890625,233,9.24001693725586,1.99128413200378
20181127,12,58,14,2000,26483.0625,233.199981689453,10.2185668945313,1.70899903774261
20181127,18,58,14,2000,26448.07421875,233.899993896484,11.0328683853149,3.1010205745697
20181128,0,58,14,2000,26442.662109375,235.199996948242,12.1607007980347,3.16234874725342
20181128,6,58,14,2000,26428.248046875,236.5,11.76051902771,7.00000619888306
20181128,12,58,14,2000,26382.40234375,236.699981689453,11.6415987014771,6.60000324249268
20181128,18,58,14,2000,26363.30078125,237.699996948242,9.35898399353027,9.3708553314209
20181129,0,58,14,2000,26375.64453125,238.300003051758,7.03436899185181,7.89999389648438
20181129,6,58,14,2000,26385.400390625,238.199996948242,4.34657001495361,9.69999980926514
20181129,12,58,14,2000,26396.7890625,237,0.0799804702401161,9.70000648498535
20181129,18,58,14,2000,26398.599609375,235.499969482422,-2.40126347541809,9.49998760223389
20181130,0,58,14,2000,26445.3125,234.300003051758,-1.07207036018372,7.69999408721924
20181130,6,58,14,2000,26480.267578125,233.600006103516,-1.20120239257813,8.49998760223389
20181130,12,58,14,2000,26495.015625,232.699996948242,-2.73532104492188,7.79998779296875
20181130,18,58,14,2000,26500.908203125,231.699981689453,-2.39664006233215,6.92191171646118
20181201,0,58,14,2000,26543.8515625,232.199996948242,-1.29776608943939,5.59998798370361
20181201,6,58,14,2000,26565.912109375,231.899993896484,-1.68117678165436,4.99999380111694
20181201,12,58,14,2000,26562.962890625,231.800003051758,-0.828826904296875,5.30000019073486
20181201,18,58,14,2000,26556.529296875,231.300003051758,-1.80599975585938,3.49999380111694
20181202,0,58,14,2000,26588.517578125,232.100006103516,0.110888674855232,2.5291473865509
20181202,6,58,14,2000,26597.58984375,231.800003051758,0.273876965045929,3.83781242370605
20181202,12,58,14,2000,26585.125,231.611663818359,0.843308091163635,3.31245613098145
20181202,18,58,14,2000,26571.02734375,231.100006103516,0.553090810775757,4.21000957489014
20181203,0,58,14,2000,26595.662109375,231.199996948242,2.11567139625549,3.57999014854431
20181203,6,58,14,2000,26599.072265625,231.399993896484,2.16247320175171,6.21000480651855
20181203,12,58,14,2000,26588.61328125,230.899993896484,2.53445792198181,6.96311044692993
20181203,18,58,14,2000,26570.984375,230,2.29012703895569,8.6060791015625
20181204,0,58,14,2000,26598.5234375,230,2.99858403205872,8.18832969665527
20181204,6,58,14,2000,26603.205078125,229.100006103516,2.87215828895569,11.8636522293091
20181204,12,58,14,2000,26578.154296875,228.100006103516,1.97560060024261,12.8859596252441
20181204,18,58,14,2000,26556.955078125,226.899993896484,0.129484862089157,13.508339881897
20181205,0,58,14,2000,26576.77734375,227.199996948242,0.028527831658721,11.8634958267212
20181205,6,58,14,2000,26586.900390625,227.800003051758,-0.605621337890625,13.3493957519531
20181205,12,58,14,2000,26566.955078125,227.699981689453,-0.875727832317352,11.3000364303589
20181205,18,58,14,2000,26551.17578125,227.800003051758,-0.330404669046402,11.7000303268433
20181206,0,58,14,2000,26574.1953125,228.5,0.539547741413116,10.7000303268433
20181206,6,58,14,2000,26589.19921875,228.800003051758,-1.35356903076172,12.010046005249
20181206,12,58,14,2000,26584.60546875,228.904418945313,-3.49232625961304,9.65643310546875
20181206,18,58,14,2000,26586.6796875,228.895553588867,-6.16437387466431,9.30002403259277
20181207,0,58,14,2000,26631.525390625,229.199981689453,-4.76481008529663,7.40001821517944
20181207,6,58,14,2000,26666.994140625,229.399993896484,-5.10079956054688,9.15805625915527
20181207,12,58,14,2000,26658.1328125,228.899993896484,-4.42546081542969,9.10000610351563
20181207,18,58,14,2000,26659.28515625,228.600006103516,-5.45519113540649,10.1436100006104
20181208,0,58,14,2000,26689.6875,228.29997253418,-5.62595844268799,9.10001182556152
20181208,6,58,14,2000,26706.453125,228.199996948242,-6.21178913116455,11.000018119812
20181208,12,58,14,2000,26699.537109375,228,-6.44931650161743,10.5564022064209
20181208,18,58,14,2000,26681.5546875,227.800003051758,-8.94595813751221,10.3000001907349
20181209,0,58,14,2000,26707.625,228.5,-8.86265850067139,8.60001182556152
20181209,6,58,14,2000,26716.259765625,228.899993896484,-9.54019641876221,9.5000057220459
20181209,12,58,14,2000,26705.97265625,228.800003051758,-10.131724357605,8.89999389648438
20181209,18,58,14,2000,26694.7578125,228.800003051758,-9.84477710723877,8.00001239776611
20181210,0,58,14,2000,26717.09765625,229.399993896484,-9.11391735076904,6.30010986328125
20181210,6,58,14,2000,26735.169921875,229.699981689453,-8.65483093261719,7.79999399185181
20181210,12,58,14,2000,26729.015625,229.600006103516,-9.47445678710938,6.19999980926514
20181210,18,58,14,2000,26724.837890625,229.899993896484,-9.96847248077393,6.59999370574951
20181211,0,58,14,2000,26750.564453125,229.79997253418,-9.58161449432373,4.29998779296875
20181211,6,58,14,2000,26778.80078125,230.29997253418,-8.9753999710083,5.59999370574951
20181211,12,58,14,2000,26764.6328125,229.800003051758,-10.1075687408447,4.99999380111694
20181211,18,58,14,2000,26762.1953125,229.899978637695,-9.74624919891357,4.19999980926514
20181212,0,58,14,2000,26783.255859375,230.199996948242,-9.73302268981934,2.59999394416809
20181212,6,58,14,2000,26804.88671875,230.79997253418,-9.59999656677246,3.49999094009399
20181212,12,58,14,2000,26787.95703125,230.5,-10.1464586257935,3.20001220703125
20181212,18,58,14,2000,26779.705078125,230.399978637695,-10.7114992141724,2.39999389648438
20181213,0,58,14,2000,26798.65234375,231,-9.5062084197998,1.10000610351563
20181213,6,58,14,2000,26813.578125,231,-9.11896324157715,2.40000605583191
20181213,12,58,14,2000,26794.78515625,230.899993896484,-9.20978355407715,2.20000004768372
20181213,18,58,14,2000,26771.0078125,230.699981689453,-9.2360897064209,1.00136721134186
20181214,0,58,14,2000,26787.005859375,231.5,-7.99531555175781,0.400006115436554
20181214,6,58,14,2000,26788.447265625,231.800003051758,-7.59609699249268,1.24917602539063
20181214,12,58,14,2000,26759.80078125,231.899993896484,-7.400146484375,1.49998784065247
20181214,18,58,14,2000,26733.697265625,231.899993896484,-7.43110656738281,1.00001215934753
20181215,0,58,14,2000,26738.822265625,232.600006103516,-6.8029203414917,0.5
20181215,6,58,14,2000,26736.66796875,233.199996948242,-5.58735942840576,1.79999387264252
20181215,12,58,14,2000,26703.3359375,232.999969482422,-6.35444641113281,1.80856323242188
20181215,18,58,14,2000,26677.287109375,232.899993896484,-6.44113445281982,0.899987816810608
20181216,0,58,14,2000,26697.2890625,233.600006103516,-5.70415353775024,1.19998776912689
20181216,6,58,14,2000,26693.650390625,233.800003051758,-4.53120136260986,2.00328373908997
20181216,12,58,14,2000,26670.037109375,233.800003051758,-4.95864582061768,2.49999094009399
20181216,18,58,14,2000,26643.529296875,233.300003051758,-4.88751220703125,2.19999384880066
20181217,0,58,14,2000,26664.16796875,234.102783203125,-3.59063720703125,1.5
20181217,6,58,14,2000,26661.29296875,234.600006103516,-4.3516845703125,3
20181217,12,58,14,2000,26636.05078125,234.5,-4.02180767059326,3.78388667106628
20181217,18,58,14,2000,26622.7734375,234.100006103516,-5.15451049804688,3.49996328353882
20181218,0,58,14,2000,26632.419921875,234.600006103516,-5.02687978744507,2.49995112419128
20181218,6,58,14,2000,26637.484375,234.699996948242,-4.60879516601563,3.99998784065247
20181218,12,58,14,2000,26609.017578125,234.199996948242,-5.20419931411743,3.59998178482056
