20180720,0,-40,180,15000,14156.92578125,214.614303588867,32.831111907959,15.5731639862061
20180720,6,-40,180,15000,14127.2490234375,215.5,32.6383361816406,17.9349994659424
20180720,12,-40,180,15000,14101.865234375,216.897216796875,33.5419464111328,19.9882965087891
20180720,18,-40,180,15000,14094.9345703125,219.589996337891,30.1988906860352,14.795783996582
20180721,0,-40,180,15000,14062.39453125,218.600006103516,32.0800018310547,10.2615480422974
20180721,6,-40,180,15000,14045.5810546875,219.517242431641,29.2327823638916,9.56260776519775
20180721,12,-40,180,15000,14055.4814453125,218.5,28.7199954986572,7.69891834259033
20180721,18,-40,180,15000,14077.8564453125,216.962493896484,27.3544483184814,7.3675389289856
20180722,0,-40,180,15000,14070.9375,218.800003051758,28.9927349090576,4.34183120727539
20180722,6,-40,180,15000,14062.70703125,219.399993896484,25.6480560302734,3.60060048103333
20180722,12,-40,180,15000,14086.1220703125,219.124465942383,23.7812213897705,-1.59487795829773
20180722,18,-40,180,15000,14149.3486328125,214.385330200195,25.5531349182129,-7.54938459396362
20180723,0,-40,180,15000,14192.822265625,212.531692504883,30.5793876647949,-8.56857872009277
20180723,6,-40,180,15000,14221.021484375,212.199981689453,26.6880569458008,-5.1023120880127
20180723,12,-40,180,15000,14256.6591796875,211.300003051758,26.7506446838379,0.487668454647064
20180723,18,-40,180,15000,14261.9921875,211.699996948242,26.9855766296387,2.94644522666931
20180724,0,-40,180,15000,14247.880859375,213,26.7015609741211,6.26695823669434
20180724,6,-40,180,15000,14207.5771484375,215.131683349609,29.9026565551758,7.55487298965454
20180724,12,-40,180,15000,14208.353515625,215.078079223633,34.8086433410645,2.09615230560303
20180724,18,-40,180,15000,14213.306640625,213.800003051758,34.8519515991211,-0.123793944716454
20180725,0,-40,180,15000,14199.5166015625,213.199996948242,37.1329460144043,-1.91796386241913
20180725,6,-40,180,15000,14181.58203125,213.600006103516,36.8889846801758,-3.73967289924622
20180725,12,-40,180,15000,14201.45703125,213.612823486328,33.7350006103516,-5.7380542755127
20180725,18,-40,180,15000,14192.78515625,213.282760620117,33.8379135131836,-4.49050760269165
20180726,0,-40,180,15000,14173.8916015625,214.263641357422,33.5866928100586,-5.80532455444336
20180726,6,-40,180,15000,14147.5322265625,214.300003051758,32.5980949401855,-3.10271000862122
20180726,12,-40,180,15000,14149.7451171875,214.529144287109,30.8340682983398,-0.686274409294128
20180726,18,-40,180,15000,14142.1162109375,214.858810424805,26.6322479248047,0.708837866783142
20180727,0,-40,180,15000,14130.3359375,216.724456787109,22.0138912200928,-0.399675279855728
20180727,6,-40,180,15000,14104.2275390625,215.600006103516,19.6734180450439,-1.37857174873352
20180727,12,-40,180,15000,14117.0810546875,214.300003051758,20.8141555786133,-0.161054685711861
20180727,18,-40,180,15000,14127.1259765625,213.988571166992,19.6047210693359,-3.16686272621155
20180728,0,-40,180,15000,14123.3076171875,214.114700317383,18.6447162628174,-3.91971445083618
20180728,6,-40,180,15000,14115.78515625,212.785308837891,19.3502902984619,-6.29800271987915
20180728,12,-40,180,15000,14150.25,210.600006103516,16.7490139007568,-5.26383781433105
20180728,18,-40,180,15000,14173.392578125,209.699996948242,16.4355487823486,-2.141845703125
20180729,0,-40,180,15000,14172.353515625,210.199996948242,15.3997411727905,1.99873042106628
20180729,6,-40,180,15000,14149.7099609375,211.368316650391,17.2508373260498,0.601525902748108
20180729,12,-40,180,15000,14163.01953125,210.699981689453,15.9500093460083,-0.90692138671875
20180729,18,-40,180,15000,14160.474609375,210.599975585938,16.6022453308105,0.553498506546021
20180730,0,-40,180,15000,14155.3798828125,211.999969482422,12.4164457321167,-0.855156242847443
20180730,6,-40,180,15000,14139.3349609375,212.100006103516,9.34359359741211,-6.12470722198486
20180730,12,-40,180,15000,14164.240234375,212.100006103516,6.69329118728638,-5.01906967163086
20180730,18,-40,180,15000,14175.9560546875,211,5.04610824584961,-5.06922340393066
20180731,0,-40,180,15000,14175.56640625,210.348922729492,5.2400050163269,-2.16006112098694
20180731,6,-40,180,15000,14149.6474609375,209.899993896484,5.74365711212158,1.25136721134186
20180731,12,-40,180,15000,14157.3388671875,210,7.55001974105835,3.36880850791931
20180731,18,-40,180,15000,14155.78515625,210.300003051758,7.19268560409546,-0.633203148841858
20180801,0,-40,180,15000,14150.634765625,210.961456298828,6.1900486946106,-0.545590817928314
20180801,6,-40,180,15000,14130.0224609375,212.100006103516,5.74249982833862,-4.35176277160645
20180801,12,-40,180,15000,14153.72265625,212.399993896484,1.43676269054413,-4.39316415786743
20180801,18,-40,180,15000,14164.91796875,212.499969482422,-0.354257822036743,-4.29780769348145
20180802,0,-40,180,15000,14164.5498046875,212.899993896484,-1.7505224943161,-4.71474838256836
20180802,6,-40,180,15000,14154.0078125,213.100006103516,-3.24831533432007,-5.07058095932007
20180802,12,-40,180,15000,14169.2158203125,212.399993896484,-5.15272235870361,-4.12236833572388
20180802,18,-40,180,15000,14177.5146484375,212.699996948242,-4.64902830123901,-6.69454336166382
20180803,0,-40,180,15000,14176.169921875,213.199996948242,-4.79776620864868,-8.26196765899658
20180803,6,-40,180,15000,14160.91796875,213.300003051758,-3.30000495910645,-9.28266620635986
20180803,12,-40,180,15000,14172.1015625,213.5,-3.25399422645569,-10.8659791946411
20180803,18,-40,180,15000,14176.4287109375,213.699996948242,-3.55083012580872,-11.2865476608276
20180804,0,-40,180,15000,14174.0537109375,214.199996948242,-2.94282722473145,-10.2699680328369
20180804,6,-40,180,15000,14155.9599609375,214.100006103516,-2.54222178459167,-12.5798978805542
20180804,12,-40,180,15000,14173.7978515625,213.800003051758,-1.66166508197784,-11.3238945007324
20180804,18,-40,180,15000,14173.4560546875,213.699996948242,-0.309995114803314,-11.1234226226807
20180805,0,-40,180,15000,14166.3271484375,214.199996948242,2.43461418151855,-12.2337741851807
20180805,6,-40,180,15000,14138.099609375,213.800003051758,3.14000988006592,-16.6026782989502
20180805,12,-40,180,15000,14141.0390625,214.707473754883,4.03780746459961,-18.4425163269043
20180805,18,-40,180,15000,14142.1240234375,215.099975585938,2.44892573356628,-21.8041496276855
20180806,0,-40,180,15000,14139.9208984375,214.606979370117,0.500009775161743,-21.5047950744629
20180806,6,-40,180,15000,14132.13671875,214.5,-0.0500000007450581,-18.6653003692627
20180806,12,-40,180,15000,14149.1083984375,214.214263916016,2.14002919197083,-16.9899730682373
20180806,18,-40,180,15000,14154.91796875,214.5,4.34665060043335,-15.413779258728
20180807,0,-40,180,15000,14152.947265625,214.821929931641,4.70053720474243,-12.0860767364502
20180807,6,-40,180,15000,14136.9111328125,214.600006103516,6.10581064224243,-9.01636981964111
20180807,12,-40,180,15000,14147.6328125,214.5,8.84499740600586,-3.38003897666931
20180807,18,-40,180,15000,14154.7783203125,214.699996948242,16.1741275787354,3.25132083892822
20180808,0,-40,180,15000,14132.78515625,216.966705322266,15.4100074768066,4.08948469161987
20180808,6,-40,180,15000,14114.330078125,216.5,14.9499950408936,3.94890379905701
20180808,12,-40,180,15000,14130.7138671875,214.999969482422,17.2527236938477,6.72660160064697
20180808,18,-40,180,15000,14127.5927734375,214.099975585938,22.6985549926758,10.2033596038818
20180809,0,-40,180,15000,14112.99609375,214.800247192383,22.391674041748,16.7212257385254
20180809,6,-40,180,15000,14078.806640625,215.699996948242,22.9444484710693,21.9933090209961
20180809,12,-40,180,15000,14086.33984375,216.100006103516,23.9543552398682,21.8941478729248
20180809,18,-40,180,15000,14092.0146484375,215.606979370117,25.9847316741943,18.3289451599121
20180810,0,-40,180,15000,14095.08984375,216.899993896484,23.9017963409424,18.5000343322754
20180810,6,-40,180,15000,14079.7236328125,216.100006103516,22.5522747039795,15.5429220199585
20180810,12,-40,180,15000,14099.732421875,215.236373901367,22.6937980651855,13.4047994613647
20180810,18,-40,180,15000,14116.21875,215.800003051758,23.4376811981201,9.30605983734131
20180811,0,-40,180,15000,14121.5224609375,215.600006103516,20.6899566650391,8.55671405792236
20180811,6,-40,180,15000,14105.4013671875,216.199996948242,17.4125099182129,7.02031993865967
20180811,12,-40,180,15000,14107.3525390625,216.800003051758,16.1115779876709,5.90041255950928
20180811,18,-40,180,15000,14114.8388671875,216.587203979492,16.9567584991455,4.34834241867065
20180812,0,-40,180,15000,14112.505859375,216.618316650391,16.8664932250977,4.45029783248901
20180812,6,-40,180,15000,14081.638671875,215.976409912109,15.5200004577637,4.89015865325928
20180812,12,-40,180,15000,14089.287109375,216.100006103516,15.7619485855103,6.10835933685303
20180812,18,-40,180,15000,14084.28515625,215.599975585938,17.7200050354004,6.70261240005493
20180813,0,-40,180,15000,14067.73046875,216.668304443359,14.3013572692871,2.58629894256592
20180813,6,-40,180,15000,14044.1337890625,216,14.87158203125,-3.19094729423523
20180813,12,-40,180,15000,14058.021484375,215.699981689453,11.3066749572754,-7.28789806365967
20180813,18,-40,180,15000,14074.7783203125,213.899993896484,12.2466402053833,-11.3553371429443
20180814,0,-40,180,15000,14082.5908203125,214.300003051758,12.1096334457397,-13.7664060592651
20180814,6,-40,180,15000,14087.16015625,213.199996948242,10.3461227416992,-16.2232570648193
20180814,12,-40,180,15000,14123.037109375,211.5,8.74961948394775,-14.7000045776367
20180814,18,-40,180,15000,14148.12109375,211.099975585938,11.2071285247803,-12.6078462600708
20180815,0,-40,180,15000,14148.6884765625,211.763381958008,12.3543653488159,-12.5805959701538
20180815,6,-40,180,15000,14132.2958984375,212.399978637695,15.1522798538208,-11.9289579391479
20180815,12,-40,180,15000,14147.552734375,213.300003051758,19.6412200927734,-7.17628192901611
20180815,18,-40,180,15000,14143.03125,214.800003051758,17.9400005340576,-2.5130615234375
20180816,0,-40,180,15000,14127.43359375,216.699996948242,14.3000001907349,2.67671871185303
20180816,6,-40,180,15000,14082.85546875,217.539794921875,14.8548774719238,4.6675705909729
20180816,12,-40,180,15000,14075.2041015625,218.100006103516,13.8146238327026,5.63365459442139
20180816,18,-40,180,15000,14064.005859375,217.5,13.3633346557617,5.96343278884888
20180817,0,-40,180,15000,14050.61328125,218.361083984375,16.4000091552734,7.31508779525757
20180817,6,-40,180,15000,14024.7900390625,218.699996948242,11.7000045776367,3.92466306686401
20180817,12,-40,180,15000,14031.9140625,218.5,10.25,4.97454595565796
20180817,18,-40,180,15000,14035.54296875,218.229156494141,8.00445079803467,-1.44618654251099
20180818,0,-40,180,15000,14037.81640625,218,5.80919933319092,-2.90800046920776
20180818,6,-40,180,15000,14029.2734375,216.899993896484,4.80750465393066,-8.20171642303467
20180818,12,-40,180,15000,14049.830078125,216,5.2075047492981,-9.35091590881348
20180818,18,-40,180,15000,14067.3046875,216.099761962891,7.16390132904053,-9.30610084533691
20180819,0,-40,180,15000,14073.5986328125,215.299758911133,8.31361770629883,-10.8260307312012
20180819,6,-40,180,15000,14068.4208984375,215.399993896484,7.71288585662842,-8.64110565185547
20180819,12,-40,180,15000,14084.4853515625,214.999755859375,10.1600046157837,-7.76452875137329
20180819,18,-40,180,15000,14091.3388671875,215.600006103516,9.66813945770264,-8.46635723114014
20180820,0,-40,180,15000,14082.7939453125,215.807464599609,8.76524448394775,-7.61676502227783
20180820,6,-40,180,15000,14058.9453125,215.5,7.37467288970947,-8.81803703308105
20180820,12,-40,180,15000,14063.46875,215.399978637695,4.72559547424316,-8.6851053237915
20180820,18,-40,180,15000,14061.919921875,215.300003051758,2.92000985145569,-9.09767055511475
20180821,0,-40,180,15000,14059.2890625,215.600006103516,5.8711085319519,-6.59558582305908
20180821,6,-40,180,15000,14040.4521484375,215.100006103516,5.11808586120605,-8.31406211853027
20180821,12,-40,180,15000,14042.54296875,215.100006103516,4.52083492279053,-7.07478523254395
20180821,18,-40,180,15000,14043.11328125,215.70002746582,6.61999750137329,-5.47841787338257
20180822,0,-40,180,15000,14040.4375,215.536376953125,7.32000494003296,-4.35317611694336
20180822,6,-40,180,15000,14019.462890625,215.836380004883,6.71999979019165,-3.67676758766174
20180822,12,-40,180,15000,14034.7998046875,215.5,7.15560054779053,-2.64595222473145
20180822,18,-40,180,15000,14042.357421875,215.470855712891,7.55528831481934,-1.85554683208466
20180823,0,-40,180,15000,14039.322265625,215.600006103516,8.70977020263672,-1.53134274482727
20180823,6,-40,180,15000,14015.888671875,215.813354492188,8.50203132629395,-2.48593020439148
20180823,12,-40,180,15000,14026.1484375,215.678070068359,10.5000143051147,-2.80617928504944
20180823,18,-40,180,15000,14035.2099609375,215.399993896484,9.85111808776855,-3.85795664787292
20180824,0,-40,180,15000,14034.3359375,214.79997253418,10.510009765625,-2.67173099517822
20180824,6,-40,180,15000,14015.931640625,213.800003051758,12.4977731704712,-6.92750978469849
20180824,12,-40,180,15000,14027.4375,213.399993896484,12.2066993713379,-8.54257297515869
20180824,18,-40,180,15000,14044.603515625,212.100006103516,2.55816888809204,-10.826132774353
20180825,0,-40,180,15000,14054.2587890625,210,1.99269044399261,-7.86586427688599
20180825,6,-40,180,15000,14046.0166015625,209.399978637695,7.77223634719849,-7.24837398529053
20180825,12,-40,180,15000,14052.0126953125,210,13.7716503143311,-5.34298086166382
20180825,18,-40,180,15000,14048.6025390625,209.199996948242,15.7352781295776,-11.0293579101563
20180826,0,-40,180,15000,14061.396484375,208.199996948242,10.8494434356689,-10.3430204391479
20180826,6,-40,180,15000,14074.3125,209,8.31889152526855,-11.9328880310059
20180826,12,-40,180,15000,14115.853515625,207.506988525391,5.54246091842651,-8.26415729522705
20180826,18,-40,180,15000,14132.6865234375,207.5,3.85112309455872,-3.86637949943542
20180827,0,-40,180,15000,14137.98828125,209.100006103516,9.82230949401855,3.22397947311401
20180827,6,-40,180,15000,14120.83203125,211.399978637695,11.6600093841553,5.81976079940796
20180827,12,-40,180,15000,14131.76171875,211.514694213867,11.7452878952026,8.70265865325928
20180827,18,-40,180,15000,14128.09765625,212.300003051758,12.5980567932129,9.65817356109619
20180828,0,-40,180,15000,14117.17578125,211.999969482422,13.1955375671387,10.3408155441284
20180828,6,-40,180,15000,14088.3203125,212.5,12.6985397338867,13.6686134338379
20180828,12,-40,180,15000,14092.7041015625,213.100006103516,16.1999969482422,12.6556034088135
20180828,18,-40,180,15000,14093.3037109375,214.300003051758,17.0549736022949,5.63644790649414
20180829,0,-40,180,15000,14088.318359375,215.199981689453,15.4199047088623,2.16658449172974
20180829,6,-40,180,15000,14066.291015625,215.439407348633,14.6039209365845,3.78697514533997
20180829,12,-40,180,15000,14064.7861328125,216.199996948242,15.1596727371216,5.09148454666138
20180829,18,-40,180,15000,14052.892578125,217.100006103516,16.9007911682129,3.26513671875
20180830,0,-40,180,15000,14045.4072265625,217.300003051758,12.1046485900879,-0.649184584617615
20180830,6,-40,180,15000,14023.96875,216.699981689453,9.10671615600586,-4.00842523574829
20180830,12,-40,180,15000,14038.0341796875,214.682769775391,6.79634761810303,-3.66918706893921
20180830,18,-40,180,15000,14052.884765625,212.399978637695,5.5,-8.3742036819458
20180831,0,-40,180,15000,14055.396484375,212.387939453125,5.60000228881836,-8.29603958129883
20180831,6,-40,180,15000,14048.0263671875,210.659225463867,6.58555173873901,-9.87483596801758
20180831,12,-40,180,15000,14067.9013671875,208.211181640625,9.11662101745605,-9.60953617095947
20180831,18,-40,180,15000,14075.23828125,208.120941162109,10.9220504760742,-8.25356483459473
20180901,0,-40,180,15000,14075.6826171875,208.499969482422,11.4227781295776,-8.12554454803467
20180901,6,-40,180,15000,14057.212890625,209.800003051758,11.7799997329712,-4.6021876335144
20180901,12,-40,180,15000,14073.9013671875,209.800003051758,12.3300094604492,-4.67890644073486
20180901,18,-40,180,15000,14080.77734375,210.300003051758,7.46222162246704,-8.07830047607422
20180902,0,-40,180,15000,14076.0654296875,210.600006103516,4.25946283340454,-4.5123119354248
20180902,6,-40,180,15000,14059.0302734375,211,3.47190928459167,-2.20817875862122
20180902,12,-40,180,15000,14059.08203125,212,4.07555198669434,0.539033174514771
20180902,18,-40,180,15000,14046.8876953125,213.199996948242,8.42062473297119,0.924360334873199
20180903,0,-40,180,15000,14035.8671875,213.5,12.5204782485962,1.02504396438599
20180903,6,-40,180,15000,14012.103515625,214.100006103516,12.4500026702881,3.60872316360474
20180903,12,-40,180,15000,14010.7421875,215.5,15.4466409683228,8.00479698181152
20180903,18,-40,180,15000,14003.6513671875,213.600006103516,24.0344505310059,4.29834699630737
20180904,0,-40,180,15000,14039.86328125,214.600006103516,25.0121650695801,-3.37969493865967
20180904,6,-40,180,15000,14046.7470703125,213.79997253418,22.2348690032959,0.954250514507294
20180904,12,-40,180,15000,14069.55078125,213.800003051758,22.0991744995117,8.19122791290283
20180904,18,-40,180,15000,14070.150390625,213.499969482422,23.2033538818359,9.39819622039795
20180905,0,-40,180,15000,14072.740234375,215.300003051758,19.2618598937988,9.35416507720947
20180905,6,-40,180,15000,14049.8984375,215.899993896484,17.4449653625488,13.8366603851318
20180905,12,-40,180,15000,14046.384765625,216.199996948242,19.1534328460693,14.56494140625
20180905,18,-40,180,15000,14028.369140625,217,23.9575099945068,12.1275491714478
20180906,0,-40,180,15000,13997.6865234375,218.400054931641,23.6600093841553,12.7420797348022
20180906,6,-40,180,15000,13968.294921875,219.399993896484,21.8100051879883,12.0296411514282
20180906,12,-40,180,15000,13964.416015625,218.91943359375,21.6611404418945,11.2709178924561
20180906,18,-40,180,15000,13953.9365234375,218,23.414478302002,8.90554904937744
20180907,0,-40,180,15000,13952.34375,218.39421081543,20.5111236572266,8.27181911468506
20180907,6,-40,180,15000,13937.173828125,216.600006103516,19.5112590789795,11.303430557251
20180907,12,-40,180,15000,13951.619140625,216.199996948242,21.2008247375488,10.2594432830811
20180907,18,-40,180,15000,13963.044921875,214.399993896484,22.1916790008545,11.8574075698853
20180908,0,-40,180,15000,13968.04296875,214.699981689453,19.9016895294189,10.7953567504883
20180908,6,-40,180,15000,13963.0185546875,213.899993896484,18.3000106811523,10.2960014343262
20180908,12,-40,180,15000,13988.638671875,214.499969482422,14.8511209487915,10.3399877548218
20180908,18,-40,180,15000,13992.9921875,215.099975585938,13.3525142669678,13.1007833480835
20180909,0,-40,180,15000,13989.57421875,216.099975585938,11.8568115234375,12.5713939666748
20180909,6,-40,180,15000,13970.2578125,216.800003051758,9.85366249084473,12.8668403625488
20180909,12,-40,180,15000,13985.2958984375,218.100006103516,11.3010330200195,10.0727319717407
20180909,18,-40,180,15000,13986.3984375,218.399993896484,6.16002178192139,3.33795404434204
20180910,0,-40,180,15000,14003.556640625,217.300003051758,7.26001453399658,0.0466455072164536
20180910,6,-40,180,15000,14000.7197265625,217.161087036133,4.60778093338013,-0.106184080243111
20180910,12,-40,180,15000,14035.326171875,216.800003051758,2.11099863052368,0.603476583957672
20180910,18,-40,180,15000,14046.9384765625,216.399993896484,1.0060156583786,-1.33893311023712
20180911,0,-40,180,15000,14056.494140625,216.638916015625,1.87002444267273,-0.327424317598343
20180911,6,-40,180,15000,14039.9521484375,216.399993896484,1.01801753044128,0.331640630960464
20180911,12,-40,180,15000,14063.853515625,216.800003051758,1.41001462936401,4.88030052185059
20180911,18,-40,180,15000,14063.8203125,216.327728271484,6.26056623458862,4.36651134490967
20180912,0,-40,180,15000,14071.8720703125,215.94660949707,9.26528835296631,3.31753897666931
20180912,6,-40,180,15000,14056.5498046875,215.391021728516,11.705286026001,1.31886720657349
20180912,12,-40,180,15000,14074.5078125,215.346145629883,11.4077100753784,-0.016271973028779
20180912,18,-40,180,15000,14077.0673828125,212.127532958984,10.4342355728149,-4.9533519744873
20180913,0,-40,180,15000,14083.3203125,209.931686401367,7.39609622955322,-4.75774908065796
20180913,6,-40,180,15000,14065.255859375,208.821929931641,5.43578147888184,-3.63356447219849
20180913,12,-40,180,15000,14076.07421875,208.399978637695,5.3936619758606,-1.14007329940796
20180913,18,-40,180,15000,14065.1337890625,207.899993896484,5.5695629119873,-0.305517584085464
20180914,12,-40,180,15000,14022.8935546875,210.602493286133,5.25498533248901,8.60597133636475
20180914,18,-40,180,15000,14012.8408203125,212.5,7.5341477394104,6.85082530975342
20180915,0,-40,180,15000,14011.37890625,212.300003051758,6.80001211166382,7.20241928100586
20180915,6,-40,180,15000,13997.0634765625,212.199996948242,7.93703365325928,6.02456521987915
20180915,12,-40,180,15000,14015.451171875,211.199981689453,3.13419198989868,6.08296632766724
20180915,18,-40,180,15000,14011.1328125,212.431686401367,4.83990955352783,6.43369388580322
20180916,0,-40,180,15000,14011.98828125,212.58528137207,6.00258541107178,4.04408931732178
20180916,12,-40,180,15000,14007.3291015625,211.338912963867,6.20261001586914,0.822509765625
20180916,18,-40,180,15000,14006.76953125,210.399993896484,7.16369867324829,-1.22725093364716
20180917,0,-40,180,15000,14008.5546875,210.899993896484,5.77083730697632,-4.41215562820435
20180917,6,-40,180,15000,13994.318359375,210.399993896484,3.86751461029053,-2.22780513763428
20180917,12,-40,180,15000,13996.9599609375,211,4.78351068496704,0.529299318790436
20180917,18,-40,180,15000,13992.9453125,210.399978637695,6.95405292510986,-0.541586935520172
20180918,0,-40,180,15000,13992.9970703125,210.499969482422,10.1191310882568,-3.75617909431458
20180918,6,-40,180,15000,13988.9775390625,208.699996948242,10.3437719345093,-3.12723875045776
20180918,12,-40,180,15000,14010.35546875,210.600006103516,10.463249206543,1.75455808639526
20180918,18,-40,180,15000,14014.0908203125,212.600006103516,11.6059036254883,1.95252931118011
20180919,0,-40,180,15000,14015.9208984375,214.136352539063,11.9555540084839,1.59537839889526
20180919,6,-40,180,15000,14001.8037109375,213,11.3565502166748,-3.04132080078125
20180919,12,-40,180,15000,14025.28125,213.320159912109,8.55314445495605,-3.37231206893921
20180919,18,-40,180,15000,14030.7451171875,213.403228759766,10.0597314834595,-2.66742920875549
20180920,0,-40,180,15000,14023.583984375,212.655059814453,8.35498523712158,-4.19574928283691
20180920,6,-40,180,15000,14009.5048828125,212.899993896484,4.40969228744507,-5.41813230514526
20180920,12,-40,180,15000,14023.17578125,212.400024414063,3.20835208892822,-3.7979052066803
20180920,18,-40,180,15000,14023.865234375,212,3.19965076446533,-7.07373046875
20180921,0,-40,180,15000,14031.6201171875,212.600006103516,4.49833250045776,-7.6849193572998
20180921,6,-40,180,15000,14030.6923828125,211.724456787109,2.48079586029053,-13.1188669204712
20180921,12,-40,180,15000,14063.44921875,210.818893432617,3.62321281433105,-11.668869972229
20180921,18,-40,180,15000,14086.166015625,210,0.945852041244507,-12.0167093276978
20180922,0,-40,180,15000,14113.7548828125,208.224456787109,-4.15250015258789,-12.6528224945068
20180922,6,-40,180,15000,14121.2861328125,206.278076171875,-6.80544900894165,-16.087553024292
20180922,12,-40,180,15000,14148.6748046875,205.5,-7.23079109191895,-10.6890211105347
20180922,18,-40,180,15000,14161.75,206,-6.75578880310059,-7.51982164382935
20180923,0,-40,180,15000,14166.2490234375,205.5,-5.48187017440796,-1.49450922012329
20180923,6,-40,180,15000,14145.1533203125,205.699996948242,-2.38293695449829,-0.290192872285843
20180923,12,-40,180,15000,14158.46484375,204.899993896484,-0.517890632152557,-0.915861845016479
20180923,18,-40,180,15000,14146.0625,205.300003051758,-0.789316415786743,-4.61791038513184
20180924,0,-40,180,15000,14142.673828125,206.399993896484,-1.03306150436401,-3.69650387763977
20180924,6,-40,180,15000,14124.7783203125,206.600006103516,-2.70036387443542,-5.88171148300171
20180924,12,-40,180,15000,14132.4111328125,207.199996948242,-1.47674798965454,-4.868408203125
20180924,18,-40,180,15000,14120.8720703125,208.189987182617,0.530837416648865,-4.22476577758789
20180925,0,-40,180,15000,14114.6298828125,208.208160400391,1.82896733283997,-5.26116228103638
20180925,6,-40,180,15000,14084.4111328125,208.300003051758,1.32597899436951,-7.94720935821533
20180925,12,-40,180,15000,14085.8427734375,209.699996948242,1.08520019054413,-7.0512866973877
20180925,18,-40,180,15000,14078.1171875,210.5,1.8141211271286,-6.47726583480835
20180926,0,-40,180,15000,14066.7587890625,210.699996948242,-0.409936517477036,-6.39521980285645
20180926,6,-40,180,15000,14044.9208984375,211.095626831055,-4.0560302734375,-5.25059080123901
20180926,12,-40,180,15000,14055.0966796875,211.085647583008,-0.861784696578979,-3.75189447402954
20180926,18,-40,180,15000,14056.6826171875,209.958038330078,-2.69583487510681,-4.32275867462158
20180927,0,-40,180,15000,14051.7509765625,209.90625,-5.90192890167236,-1.56934571266174
20180927,6,-40,180,15000,14024.91015625,209,-6.92037105560303,-0.0532397478818893
20180927,12,-40,180,15000,14035.0634765625,208.099975585938,-9.35746574401855,4.09884262084961
20180927,18,-40,180,15000,14023.2177734375,207.899993896484,-5.9271068572998,6.32863283157349
20180928,0,-40,180,15000,14007.4970703125,207.899993896484,-3.69027090072632,4.98676252365112
20180928,6,-40,180,15000,13974.71875,207.899993896484,-1.50942873954773,4.5076756477356
20180928,12,-40,180,15000,13971.59765625,207.800003051758,1.38178467750549,3.821533203125
20180928,18,-40,180,15000,13956.73828125,208.599975585938,2.51778817176819,1.69801759719849
20180929,0,-40,180,15000,13945.4111328125,209.800003051758,3.44531726837158,0.872495114803314
20180929,6,-40,180,15000,13914.4609375,211,4.94197988510132,-1.54721927642822
20180929,12,-40,180,15000,13916.9150390625,211.399993896484,5.06538820266724,-2.54458260536194
20180929,18,-40,180,15000,13915.1337890625,212.095550537109,6.80697774887085,-2.55468988418579
20180930,0,-40,180,15000,13914.6103515625,212,8.49498081207275,-2.23801016807556
20180930,6,-40,180,15000,13901.4052734375,211.859451293945,10.7425050735474,-3.19781255722046
20180930,12,-40,180,15000,13913.48046875,211.29997253418,11.0395069122314,-2.0782642364502
20180930,18,-40,180,15000,13909.3896484375,211.999969482422,12.7973823547363,-2.77188467979431
20181001,0,-40,180,15000,13890.494140625,212.300003051758,13.8013725280762,-1.74662601947784
20181001,6,-40,180,15000,13842.576171875,212.5,15.0933523178101,-5.84877920150757
20181001,12,-40,180,15000,13834.787109375,213.699981689453,11.1633577346802,-12.4001522064209
20181001,18,-40,180,15000,13830.3125,211.399993896484,8.94187641143799,-17.3524780273438
20181002,0,-40,180,15000,13839.744140625,210.199996948242,4.90791988372803,-15.2365379333496
20181002,6,-40,180,15000,13839.916015625,209,0.399235844612122,-16.1357364654541
20181002,12,-40,180,15000,13879.818359375,207.638916015625,-3.53739023208618,-14.6235990524292
20181002,18,-40,180,15000,13892.4326171875,207.399993896484,-5.99335432052612,-16.5295028686523
20181003,0,-40,180,15000,13899.3876953125,208.944091796875,-5.93898677825928,-15.2772855758667
20181003,6,-40,180,15000,13895.69140625,208.800003051758,-6.4413890838623,-14.0526704788208
20181003,12,-40,180,15000,13915.2509765625,209.300003051758,-6.84943103790283,-12.6382083892822
20181003,18,-40,180,15000,13912.5703125,209.738922119141,-7.29943370819092,-10.2550172805786
20181004,0,-40,180,15000,13913.4970703125,209.721923828125,-5.60054922103882,-7.8449854850769
20181004,6,-40,180,15000,13889.4814453125,209.5,-6.95007801055908,-7.39832019805908
20181004,12,-40,180,15000,13898.36328125,209.814697265625,-4.16054439544678,-4.11836910247803
20181004,18,-40,180,15000,13887.5390625,210.407470703125,-2.37467050552368,-3.73164796829224
20181005,0,-40,180,15000,13873.2314453125,210.646148681641,1.63709962368011,-1.43889403343201
20181005,6,-40,180,15000,13843.8486328125,211.399993896484,2.53286862373352,-1.97177982330322
20181005,12,-40,180,15000,13847.337890625,211.999969482422,5.39974355697632,-0.440852046012878
20181005,18,-40,180,15000,13840.45703125,212.399993896484,6.68665790557861,-1.78348386287689
20181006,0,-40,180,15000,13842.728515625,212.300003051758,9.00937747955322,-0.760358870029449
20181006,6,-40,180,15000,13824.68359375,212.253875732422,11.627082824707,1.61627924442291
20181006,12,-40,180,15000,13836.3076171875,213.600006103516,13.9612722396851,0.478759765625
20181006,18,-40,180,15000,13832.37109375,213.348922729492,17.723030090332,-0.862431645393372
20181007,0,-40,180,15000,13821.669921875,214.578079223633,19.4649848937988,-2.85177612304688
20181007,6,-40,180,15000,13803.4853515625,214.021926879883,14.8140716552734,-5.12789297103882
20181007,12,-40,180,15000,13815.05078125,215.600006103516,14.4153232574463,-6.99353647232056
20181007,18,-40,180,15000,13808.3974609375,216.821899414063,15.8496990203857,-8.18497276306152
20181008,0,-40,180,15000,13790.9951171875,217.800003051758,10.385612487793,-9.99240207672119
20181008,6,-40,180,15000,13754.3095703125,218.399978637695,8.56148433685303,-10.781699180603
20181008,12,-40,180,15000,13765.3173828125,219.399993896484,4.5325779914856,-6.9519190788269
20181008,18,-40,180,15000,13764.697265625,219.300003051758,2.31093740463257,-7.00786638259888
20181009,0,-40,180,15000,13758.0302734375,219.399749755859,-0.0404907241463661,-5.15164041519165
20181009,6,-40,180,15000,13739.4150390625,218.699996948242,-1.72252202033997,-1.61677241325378
20181009,12,-40,180,15000,13753.150390625,218.999969482422,0.0175561532378197,2.49552249908447
20181009,18,-40,180,15000,13754.1484375,218.307464599609,3.82995128631592,4.82901859283447
20181010,0,-40,180,15000,13754.6298828125,217.838897705078,2.10526371002197,4.65618181228638
20181010,6,-40,180,15000,13734.7412109375,216.399993896484,5.81637191772461,8.26623249053955
20181010,12,-40,180,15000,13757.81640625,216,14.0233325958252,3.56576418876648
20181010,18,-40,180,15000,13796.3515625,213.600006103516,18.0814399719238,-5.29720211029053
20181011,0,-40,180,15000,13837.2822265625,210.806976318359,15.4401979446411,1.95399165153503
20181011,6,-40,180,15000,13819.3046875,211.300003051758,17.2852153778076,13.3719825744629
20181011,12,-40,180,15000,13823.326171875,211.699996948242,17.410083770752,11.523476600647
20181011,18,-40,180,15000,13852.490234375,210.79997253418,15.1406688690186,-5.26785135269165
20181012,0,-40,180,15000,13897.7109375,206.499969482422,9.53337860107422,-17.9179439544678
20181012,6,-40,180,15000,13954.7958984375,203.699996948242,6.66651344299316,-18.4287796020508
20181012,12,-40,180,15000,14005.5615234375,202.799987792969,5.64343976974487,-15.0391654968262
20181012,18,-40,180,15000,14028.0400390625,203.899993896484,3.18840336799622,-14.9103708267212
20181013,0,-40,180,15000,14042.3564453125,205.199752807617,1.09144771099091,-15.7260694503784
20181013,6,-40,180,15000,14035.16796875,205.246124267578,-1.95201659202576,-16.1390495300293
20181013,12,-40,180,15000,14035.8037109375,205.399993896484,-1.45825433731079,-10.4373044967651
20181013,18,-40,180,15000,14016.400390625,206.199996948242,4.0461745262146,-10.6766061782837
20181014,0,-40,180,15000,13988.2490234375,207.800003051758,5.20454597473145,-3.97287106513977
20181014,6,-40,180,15000,13932.0771484375,210.5,9.40876197814941,2.74446296691895
20181014,12,-40,180,15000,13893.5908203125,216.5,10.508508682251,0.478623032569885
20181014,18,-40,180,15000,13882.7822265625,216.399993896484,14.2074098587036,-8.48331069946289
20181015,0,-40,180,15000,13881.15625,215.800003051758,11.7488698959351,-7.5544581413269
20181015,6,-40,180,15000,13847.205078125,217.699996948242,11.1982545852661,-3.26437497138977
20181015,12,-40,180,15000,13846.3408203125,219.317230224609,6.7945728302002,-1.20448732376099
20181015,18,-40,180,15000,13842.892578125,219.899993896484,1.28047847747803,-6.17886209487915
20181016,0,-40,180,15000,13859.9423828125,218.899993896484,-1.08468508720398,-9.88413619995117
20181016,6,-40,180,15000,13854.9365234375,217.899978637695,-0.135502934455872,-11.6728076934814
20181016,12,-40,180,15000,13883.478515625,217.300003051758,-1.89634037017822,-12.2741994857788
20181016,18,-40,180,15000,13890.8212890625,216.300003051758,-0.0616528317332268,-12.2855710983276
20181017,0,-40,180,15000,13886.458984375,215.399993896484,0.401481926441193,-16.0528755187988
20181017,6,-40,180,15000,13871.244140625,215.006988525391,-2.4869213104248,-13.0859622955322
20181017,12,-40,180,15000,13877.7412109375,213.199981689453,3.08356928825378,-12.8145561218262
20181017,18,-40,180,15000,13867.03515625,213.332122802734,7.25159645080566,-7.7206859588623
20181018,0,-40,180,15000,13845.6650390625,213.436370849609,5.01109886169434,-2.47398686408997
20181018,6,-40,180,15000,13813.7333984375,214.100006103516,1.84834229946136,3.66496825218201
20181018,12,-40,180,15000,13816.3916015625,215.199996948242,-1.32747805118561,3.77571296691895
20181018,18,-40,180,15000,13817.1435546875,215.699996948242,-5.1712474822998,5.40858888626099
20181019,0,-40,180,15000,13820.3251953125,216,-6.89046859741211,2.42417979240417
20181019,6,-40,180,15000,13823.287109375,216.5,-10.2247266769409,3.44659662246704
20181019,18,-40,180,15000,13849.2314453125,217.096527099609,-5.98942613601685,0.309536129236221
20181020,0,-40,180,15000,13863.86328125,217,-6.62671375274658,4.28136730194092
20181020,6,-40,180,15000,13862.8408203125,217.100006103516,-3.82938480377197,3.97687005996704
20181020,12,-40,180,15000,13895.115234375,216.300003051758,-1.09862554073334,4.81889915466309
20181020,18,-40,180,15000,13899.080078125,216.099975585938,-0.798703610897064,3.34592294692993
20181021,0,-40,180,15000,13899.9326171875,215.600006103516,-0.429318845272064,3.15993642807007
20181021,6,-40,180,15000,13893.6533203125,214.899993896484,-1.22943603992462,3.27530527114868
20181021,12,-40,180,15000,13905.9873046875,214.338912963867,1.28292238712311,6.12811279296875
20181021,18,-40,180,15000,13911.6875,213.300003051758,4.07880115509033,3.92899894714355
20181022,0,-40,180,15000,13905.2783203125,213.100006103516,3.26000237464905,6.43737554550171
20181022,6,-40,180,15000,13890.0078125,213.664108276367,2.85207271575928,3.39406728744507
20181022,12,-40,180,15000,13905.0341796875,213.443115234375,0.0943920910358429,2.61793208122253
20181022,18,-40,180,15000,13913.6650390625,211.800003051758,1.29074704647064,1.83710932731628
20181023,0,-40,180,15000,13918.9716796875,212.399993896484,0.0422094725072384,2.38503670692444
20181023,6,-40,180,15000,13916.84375,212.169281005859,-0.330156236886978,1.41470456123352
20181023,12,-40,180,15000,13932.4873046875,211.686126708984,-0.439465343952179,1.52963864803314
20181023,18,-40,180,15000,13954.474609375,210.199996948242,-1.04186773300171,-1.12774419784546
20181024,0,-40,180,15000,13970.12109375,207.699996948242,-1.98605954647064,1.47305178642273
20181024,6,-40,180,15000,13962.6328125,205.699981689453,-1.66429936885834,-3.92859363555908
20181024,12,-40,180,15000,13963.669921875,206.384521484375,-4.39544439315796,-4.08861351013184
20181024,18,-40,180,15000,13947.2041015625,205.899993896484,-5.52871084213257,1.42392337322235
20181025,0,-40,180,15000,13936.669921875,205.194778442383,-1.765869140625,5.64698505401611
20181025,6,-40,180,15000,13913.09375,204.40559387207,-0.167509764432907,5.00344467163086
20181025,12,-40,180,15000,13908.400390625,204.899978637695,0.563039541244507,10.2614212036133
20181025,18,-40,180,15000,13879.369140625,206.513473510742,6.89865493774414,12.5499877929688
20181026,0,-40,180,15000,13850.298828125,207.303466796875,9.49783706665039,10.6226634979248
20181026,6,-40,180,15000,13810.5126953125,206.870849609375,15.5919723510742,6.40151834487915
20181026,12,-40,180,15000,13797.4208984375,208.329147338867,16.0104808807373,8.9850902557373
20181026,18,-40,180,15000,13760.4296875,210.167388916016,21.1460018157959,10.8373317718506
20181027,0,-40,180,15000,13715.3349609375,212.938919067383,19.1715679168701,9.91321754455566
20181027,6,-40,180,15000,13638.4912109375,216.199996948242,20.0254459381104,10.6299409866333
20181027,12,-40,180,15000,13598.30859375,217.853363037109,20.5866622924805,11.7680521011353
20181027,18,-40,180,15000,13528.1572265625,221.199996948242,20.0200042724609,11.8352832794189
20181028,0,-40,180,15000,13468.97265625,223.199996948242,15.1099996566772,11.2036962509155
20181028,6,-40,180,15000,13422.056640625,223.599975585938,10.6536159515381,11.5986080169678
20181028,12,-40,180,15000,13414.322265625,224.5,9.5128755569458,7.10528802871704
20181028,18,-40,180,15000,13412.4814453125,223.499969482422,8.61763381958008,3.79294919967651
20181029,0,-40,180,15000,13408.927734375,223.600006103516,6.57559823989868,3.38268065452576
20181029,6,-40,180,15000,13400.4384765625,223.499969482422,6.1244215965271,-0.568583965301514
20181029,12,-40,180,15000,13429.81640625,222.399978637695,10.8416137695313,-4.0208888053894
20181029,18,-40,180,15000,13458.537109375,221.600006103516,10.8441457748413,-4.67890644073486
20181030,0,-40,180,15000,13484.7099609375,220.100006103516,16.6894454956055,-1.74587893486023
20181030,6,-40,180,15000,13495.6064453125,219.11962890625,13.7206735610962,3.8390429019928
20181030,12,-40,180,15000,13519.365234375,217.107467651367,11.7000122070313,10.5102834701538
20181030,18,-40,180,15000,13526.4384765625,217.699996948242,9.528000831604,12.7928562164307
20181031,0,-40,180,15000,13523.4052734375,219.314697265625,8.45715808868408,8.94852066040039
20181031,6,-40,180,15000,13510.9677734375,221.099975585938,5.11334705352783,6.13241720199585
20181031,12,-40,180,15000,13532.0537109375,221.399993896484,6.81778573989868,5.4292140007019
20181031,18,-40,180,15000,13557.3759765625,221.300003051758,9.07007312774658,-2.83632326126099
20181101,0,-40,180,15000,13594.8896484375,221.399993896484,9.81389904022217,-6.17798328399658
20181101,6,-40,180,15000,13632.03515625,221.199996948242,8.72717380523682,-12.6826467514038
20181101,12,-40,180,15000,13688.6640625,219.375534057617,9.37167072296143,-12.7730131149292
20181101,18,-40,180,15000,13718.22265625,218.100006103516,12.6929893493652,-20.6810741424561
20181102,0,-40,180,15000,13742.916015625,215.899993896484,14.4644260406494,-26.1946640014648
20181102,6,-40,180,15000,13767.693359375,214.300003051758,9.85025119781494,-26.2642879486084
20181102,12,-40,180,15000,13802.4638671875,213.100021362305,7.40771102905273,-29.1577930450439
20181102,18,-40,180,15000,13825.5771484375,213.668304443359,0.690740942955017,-30.2471199035645
20181103,0,-40,180,15000,13842.35546875,213.300003051758,-6.47816276550293,-26.8180179595947
20181103,6,-40,180,15000,13841.7216796875,212.399993896484,-6.89761972427368,-23.7235279083252
20181103,12,-40,180,15000,13841.830078125,211.899993896484,-1.74274170398712,-22.4991226196289
20181103,18,-40,180,15000,13835.8837890625,211.085296630859,2.80220222473145,-22.3223438262939
20181104,0,-40,180,15000,13822.0576171875,211.694534301758,5.70759773254395,-16.888916015625
20181104,6,-40,180,15000,13797.6123046875,211.399993896484,9.37821292877197,-11.2688283920288
20181104,12,-40,180,15000,13789.2421875,211.400024414063,13.2350101470947,-2.76925301551819
20181104,18,-40,180,15000,13759.99609375,212.043609619141,16.2831420898438,4.65306663513184
20181105,0,-40,180,15000,13720.974609375,213.699996948242,18.2316055297852,12.8926639556885
20181105,6,-40,180,15000,13655.494140625,215.7041015625,14.8248929977417,15.4634914398193
20181105,12,-40,180,15000,13639.9091796875,218.036376953125,9.84832763671875,14.4914722442627
20181105,18,-40,180,15000,13606.6533203125,220.100006103516,10.6403465270996,10.9908132553101
20181106,0,-40,180,15000,13607.4638671875,221.5,11.2200021743774,1.95009768009186
20181106,6,-40,180,15000,13623.54296875,219.863647460938,14.3860158920288,-7.55904531478882
20181106,12,-40,180,15000,13686.08984375,217.090179443359,19.795690536499,-18.4080276489258
20181106,18,-40,180,15000,13742.1904296875,212.082855224609,22.930736541748,-7.75028562545776
20181107,0,-40,180,15000,13744.51171875,213.800003051758,24.7754230499268,2.83780527114868
20181107,6,-40,180,15000,13698.173828125,213.300003051758,31.3130741119385,6.10774183273315
20181107,12,-40,180,15000,13696.1640625,210.720489501953,35.6106185913086,9.37067127227783
20181107,18,-40,180,15000,13718.6201171875,208.96647644043,38.5529403686523,1.51169431209564
20181108,0,-40,180,15000,13745.1611328125,207.800003051758,38.8033485412598,3.14534187316895
20181108,6,-40,180,15000,13748.2578125,207.800003051758,42.563232421875,11.0396823883057
20181108,12,-40,180,15000,13747.1953125,208.5,43.5706100463867,19.3007297515869
20181108,18,-40,180,15000,13696.525390625,213.300003051758,33.2519378662109,20.8122806549072
20181109,0,-40,180,15000,13672.1484375,215.924468994141,20.1098880767822,11.9897994995117
20181109,6,-40,180,15000,13652.0029296875,216.699996948242,14.4179334640503,-7.20235586166382
20181109,12,-40,180,15000,13720.0185546875,213.300003051758,11.9494962692261,-20.1354522705078
20181109,18,-40,180,15000,13769.84375,213.199996948242,16.3849544525146,-20.2441902160645
20181110,0,-40,180,15000,13790.2939453125,212.100006103516,18.7315921783447,-13.0588283538818
20181110,6,-40,180,15000,13786.6064453125,213.100006103516,19.7543048858643,-13.049277305603
20181110,12,-40,180,15000,13806.3515625,212.600006103516,22.2448558807373,-12.7734594345093
20181110,18,-40,180,15000,13827.4775390625,211.100006103516,23.0927791595459,-10.4980659484863
20181111,0,-40,180,15000,13849.6240234375,212.100006103516,18.3237533569336,-3.53495860099792
20181111,6,-40,180,15000,13840.443359375,211.199996948242,13.9705123901367,5.64181661605835
20181111,12,-40,180,15000,13839.9970703125,209.699996948242,14.2786693572998,13.8662815093994
20181111,18,-40,180,15000,13801.35546875,209.100006103516,15.7627534866333,22.1904010772705
20181112,0,-40,180,15000,13772.556640625,209.199996948242,15.1546440124512,21.4918746948242
20181112,6,-40,180,15000,13738.1416015625,209.899993896484,14.2839307785034,22.8106002807617
20181112,12,-40,180,15000,13742.9775390625,211.600006103516,10.6852540969849,20.9406642913818
20181112,18,-40,180,15000,13725.7158203125,211.600006103516,8.85129070281982,19.5936698913574
20181113,0,-40,180,15000,13722.8984375,213.5,8.94217395782471,16.9477024078369
20181113,6,-40,180,15000,13723.44921875,212.300003051758,4.06882333755493,12.8873043060303
20181113,12,-40,180,15000,13745.0234375,212.399993896484,-1.73844599723816,10.2271270751953
20181113,18,-40,180,15000,13744.8046875,212.899978637695,-3.15101003646851,6.51960754394531
20181114,0,-40,180,15000,13742.1474609375,213.199996948242,-4.05105447769165,4.43215036392212
20181114,6,-40,180,15000,13724.8388671875,213.100006103516,-5.29925537109375,5.03234577178955
20181114,12,-40,180,15000,13716.119140625,213.300003051758,-6.19633293151855,6.42961931228638
20181114,18,-40,180,15000,13688.990234375,214.5,-4.3349928855896,5.2216944694519
20181115,0,-40,180,15000,13676.9814453125,215.300003051758,-3.6800000667572,4.58476829528809
20181115,6,-40,180,15000,13669.27734375,215.800003051758,2.94234251976013,0.588710963726044
20181115,12,-40,180,15000,13699.03125,215.699996948242,8.24159908294678,-2.04581308364868
20181115,18,-40,180,15000,13722.9423828125,214.600006103516,13.4127635955811,-6.76621341705322
20181116,0,-40,180,15000,13744.599609375,214.600006103516,12.6441774368286,-1.30000734329224
20181116,6,-40,180,15000,13728.2490234375,215.618865966797,6.81962394714355,-3.67187023162842
20181116,12,-40,180,15000,13724.2548828125,215.84196472168,1.63375246524811,-2.84113764762878
20181116,18,-40,180,15000,13699.455078125,215.500930786133,2.60591554641724,-1.59771001338959
20181117,0,-40,180,15000,13694.525390625,215.210006713867,2.46586418151855,-8.41230201721191
20181117,6,-40,180,15000,13675.58984375,214.399993896484,-0.790852069854736,-10.1275320053101
20181117,12,-40,180,15000,13688.44140625,213.870849609375,1.77027583122253,-8.29854488372803
20181117,18,-40,180,15000,13683.4775390625,212.899993896484,2.31763672828674,-7.89726066589355
20181118,0,-40,180,15000,13672.041015625,213.399993896484,-1.97920656204224,-3.85316395759583
20181118,6,-40,180,15000,13634.9873046875,214.399993896484,-1.28554928302765,0.408823251724243
20181118,12,-40,180,15000,13618.65234375,216.199996948242,-1.78644526004791,3.34228038787842
20181118,18,-40,180,15000,13580.44921875,217.399993896484,-3.64285635948181,5.19876956939697
20181119,0,-40,180,15000,13550.2626953125,218.600006103516,-1.62341070175171,2.22672843933105
20181119,6,-40,180,15000,13517.5009765625,218.592529296875,-2.66714835166931,-1.07271480560303
20181119,12,-40,180,15000,13520.7353515625,218.800003051758,-0.985869169235229,-2.91356205940247
20181119,18,-40,180,15000,13515.6611328125,218.199981689453,4.98000478744507,-3.73828363418579
20181120,0,-40,180,15000,13512.3525390625,219.014694213867,13.258508682251,-3.89398193359375
20181120,6,-40,180,15000,13506.201171875,219.746124267578,16.6956901550293,-0.307685554027557
20181120,12,-40,180,15000,13527.39453125,219.800003051758,17.0555572509766,5.76012945175171
20181120,18,-40,180,15000,13525.2529296875,220.300003051758,22.774694442749,2.33556151390076
20181121,0,-40,180,15000,13544.173828125,221.399993896484,28.0855598449707,0.716025412082672
20181121,6,-40,180,15000,13551.4990234375,221.599975585938,31.870002746582,4.41451168060303
20181121,12,-40,180,15000,13590.3583984375,221.386444091797,31.9999923706055,7.89419412612915
20181121,18,-40,180,15000,13624.6845703125,218.79997253418,36.2976036071777,7.67202138900757
20181122,0,-40,180,15000,13652.6220703125,217.999969482422,42.7192573547363,10.4118995666504
20181122,6,-40,180,15000,13668.71875,218.246612548828,41.4966011047363,14.8446531295776
20181122,12,-40,180,15000,13696.107421875,217.899978637695,44.4667472839355,18.1412792205811
20181122,18,-40,180,15000,13703.7412109375,216.899993896484,43.6599998474121,20.3941268920898
20181123,0,-40,180,15000,13708.09375,217.29997253418,42.7371520996094,23.7095069885254
20181123,6,-40,180,15000,13673.6748046875,219.399978637695,39.1433334350586,23.4622611999512
20181123,12,-40,180,15000,13666.142578125,219.593017578125,33.2999992370605,20.9845695495605
20181123,18,-40,180,15000,13641.134765625,219,28.3555545806885,18.2784423828125
20181124,0,-40,180,15000,13627.943359375,218.100006103516,22.3422298431396,14.8304738998413
20181124,6,-40,180,15000,13603.875,216.600006103516,17.4912643432617,10.0599927902222
20181124,12,-40,180,15000,13605.8671875,216.999969482422,13.7497606277466,8.63459014892578
20181124,18,-40,180,15000,13595.927734375,216.899993896484,15.0505638122559,3.53432369232178
20181125,0,-40,180,15000,13598.5712890625,216.800003051758,16.0490283966064,-1.08648920059204
20181125,6,-40,180,15000,13605.2724609375,215.699996948242,14.5392551422119,-8.48550796508789
20181125,12,-40,180,15000,13637.5771484375,212.100006103516,20.9886417388916,-11.6917114257813
20181125,18,-40,180,15000,13658.5341796875,208.600006103516,25.8530101776123,-7.94743394851685
20181126,0,-40,180,15000,13636.5849609375,212.788055419922,23.7007713317871,3.53615713119507
20181126,6,-40,180,15000,13601.53515625,213.699996948242,30.717248916626,0.758208036422729
20181126,12,-40,180,15000,13606.7216796875,213.399993896484,27.6333274841309,-2.20716786384583
20181126,18,-40,180,15000,13582.37890625,215,28.1053981781006,-4.2629714012146
20181127,0,-40,180,15000,13573.66796875,218.400024414063,24.0557060241699,-8.20015144348145
20181127,6,-40,180,15000,13564.224609375,217.394729614258,19.5763721466064,-16.237886428833
20181127,12,-40,180,15000,13627.8740234375,212.600006103516,16.2666854858398,-17.8724822998047
20181127,18,-40,180,15000,13701.021484375,206.300003051758,14.0477151870728,-24.9272918701172
20181128,0,-40,180,15000,13768.6513671875,202.600006103516,14.5308275222778,-27.0272216796875
20181128,6,-40,180,15000,13804.068359375,201.587219238281,14.6920871734619,-17.462739944458
20181128,12,-40,180,15000,13827.6787109375,201.147445678711,20.1846485137939,-12.6712350845337
20181128,18,-40,180,15000,13828.9873046875,201.600006103516,20.7892837524414,-7.60179948806763
20181129,0,-40,180,15000,13828.1416015625,202.899993896484,21.258129119873,-2.18212890625
20181129,6,-40,180,15000,13800.8837890625,205.300003051758,20.0406074523926,3.52379894256592
20181129,12,-40,180,15000,13776.6689453125,208.77278137207,22.7917137145996,7.34117937088013
20181129,18,-40,180,15000,13746.6953125,213.699996948242,23.8391742706299,4.13530540466309
20181130,0,-40,180,15000,13728.337890625,218.831939697266,24.2675704956055,1.30707275867462
20181130,6,-40,180,15000,13674.32421875,218.300003051758,28.3614692687988,-6.34709978103638
20181130,12,-40,180,15000,13677.45703125,218.13444519043,19.1468524932861,-8.72982883453369
20181130,18,-40,180,15000,13690.9189453125,215.199996948242,14.0193386077881,-17.5816555023193
20181201,0,-40,180,15000,13715.462890625,214.199996948242,12.9296865463257,-17.6333503723145
20181201,6,-40,180,15000,13736.791015625,209,16.2233657836914,-24.2438869476318
20181201,12,-40,180,15000,13785.7763671875,208,17.3974075317383,-28.5444774627686
20181201,18,-40,180,15000,13824.6416015625,204.800003051758,21.2977828979492,-31.6344528198242
20181202,0,-40,180,15000,13851.4775390625,207.899993896484,21.704065322876,-32.0344619750977
20181202,6,-40,180,15000,13869.552734375,208,20.4753303527832,-28.3683300018311
20181202,12,-40,180,15000,13908.259765625,207.49040222168,18.3563232421875,-24.8266696929932
20181202,18,-40,180,15000,13920.2470703125,206.446487426758,22.7549953460693,-17.3029537200928
20181203,0,-40,180,15000,13920.1728515625,207.399993896484,28.1627140045166,-10.891562461853
20181203,6,-40,180,15000,13896.791015625,206.065551757813,30.4178695678711,-11.0623779296875
20181203,12,-40,180,15000,13893.73828125,206.099853515625,32.356201171875,-7.91083240509033
20181203,18,-40,180,15000,13892.490234375,206.212799072266,35.9432029724121,-10.5149393081665
20181204,0,-40,180,15000,13893.697265625,206.405548095703,32.1003608703613,-13.1096677780151
20181204,6,-40,180,15000,13896.6328125,205.801681518555,27.6408367156982,-11.6164207458496
20181204,12,-40,180,15000,13908.72265625,205.600006103516,25.458179473877,-7.14985847473145
20181204,18,-40,180,15000,13915.1826171875,205.602905273438,25.637523651123,-4.77278566360474
20181205,0,-40,180,15000,13923.7958984375,205.37353515625,25.6474018096924,-2.7359447479248
20181205,6,-40,180,15000,13907.775390625,205.300003051758,27.1160736083984,-0.542834460735321
20181205,12,-40,180,15000,13913.62890625,206.100006103516,28.7638740539551,1.16069340705872
20181205,18,-40,180,15000,13899.861328125,207.300003051758,31.8545913696289,-1.56561517715454
20181206,0,-40,180,15000,13896.6845703125,207.899993896484,29.7713088989258,-5.206787109375
20181206,6,-40,180,15000,13875.5263671875,207.885955810547,23.7550296783447,-13.0125045776367
20181206,12,-40,180,15000,13890.6064453125,206.600006103516,9.85300827026367,-18.293041229248
20181206,18,-40,180,15000,13900.05859375,205.796234130859,0.146713867783546,-13.2026948928833
20181207,0,-40,180,15000,13912.8525390625,206.518951416016,5.32316875457764,-7.39892816543579
20181207,6,-40,180,15000,13897.55078125,206.899978637695,3.00141358375549,-4.2217869758606
20181207,12,-40,180,15000,13890.9638671875,208.084915161133,11.2527828216553,2.16389155387878
20181207,18,-40,180,15000,13877.794921875,207.090530395508,10.5728368759155,-11.0738306045532
20181208,0,-40,180,15000,13868.7890625,209.641357421875,14.2907543182373,-10.9479494094849
20181208,6,-40,180,15000,13864.693359375,209,10.6814308166504,-16.0334815979004
20181208,12,-40,180,15000,13889.1162109375,207.228637695313,16.4318466186523,-10.2881155014038
20181208,18,-40,180,15000,13878.5751953125,205.300018310547,16.4417972564697,-12.0576877593994
20181209,0,-40,180,15000,13874.31640625,207.899993896484,16.1905841827393,-6.71331310272217
20181209,6,-40,180,15000,13846.3525390625,208.5,19.5540142059326,-5.94095230102539
20181209,12,-40,180,15000,13826.9150390625,209.699996948242,21.7256469726563,-3.33987069129944
20181209,18,-40,180,15000,13802.8798828125,208,22.3259429931641,-10.2557229995728
20181210,0,-40,180,15000,13796.3896484375,210.043899536133,19.9786186218262,-11.3001365661621
20181210,6,-40,180,15000,13779.2265625,210.199996948242,16.6470699310303,-8.86110877990723
20181210,12,-40,180,15000,13780.5048828125,212.600006103516,15.1573762893677,-13.5265560150146
20181210,18,-40,180,15000,13778.6533203125,214.199996948242,15.9987916946411,-15.9762630462646
20181211,0,-40,180,15000,13780.177734375,214.759963989258,18.9400215148926,-13.9998989105225
20181211,6,-40,180,15000,13763.5908203125,214.300018310547,21.6955509185791,-11.7174997329712
20181211,12,-40,180,15000,13770.5263671875,215.708938598633,22.8100032806396,-5.88606929779053
20181211,18,-40,180,15000,13755.3974609375,216.453582763672,20.2609615325928,-3.31031012535095
20181212,0,-40,180,15000,13742.6416015625,217.699996948242,20.1036128997803,1.08049809932709
20181212,6,-40,180,15000,13706.29296875,216.899993896484,20.8516693115234,-3.99523448944092
20181212,12,-40,180,15000,13707.15625,215.700149536133,13.4074392318726,-8.17434597015381
20181212,18,-40,180,15000,13696.5341796875,214.399993896484,16.1441555023193,-14.8145751953125
20181213,0,-40,180,15000,13695.041015625,216.800003051758,17.9972972869873,-8.51174831390381
20181213,6,-40,180,15000,13638.6025390625,219.998077392578,21.2699642181396,3.78107905387878
20181213,12,-40,180,15000,13588.0595703125,222.600006103516,17.3299999237061,6.24246597290039
20181213,18,-40,180,15000,13542.1376953125,222.150833129883,13.2239408493042,-5.00860834121704
20181214,0,-40,180,15000,13562.212890625,220.099243164063,8.25,-15.7706880569458
20181214,6,-40,180,15000,13576.2841796875,218.5,11.1017894744873,-23.2194232940674
20181214,12,-40,180,15000,13624.7900390625,217.556396484375,13.6076974868774,-27.0816650390625
20181214,18,-40,180,15000,13671.0146484375,213.896240234375,13.1300077438354,-34.3822937011719
20181215,0,-40,180,15000,13719.5615234375,211.5,19.0484066009521,-27.9669513702393
20181215,6,-40,180,15000,13730.236328125,208.758026123047,28.4427757263184,-25.691499710083
20181215,12,-40,180,15000,13768.99609375,206.5,31.4000129699707,-20.6659927368164
20181215,18,-40,180,15000,13783.3037109375,205.699996948242,35.580005645752,-16.6302909851074
20181216,0,-40,180,15000,13763.5087890625,205.199996948242,43.5420608520508,-11.2966232299805
20181216,6,-40,180,15000,13728.2529296875,204.899993896484,43.5500373840332,-0.478159189224243
20181216,12,-40,180,15000,13707.8046875,207.699996948242,42.8091583251953,4.62661600112915
20181216,18,-40,180,15000,13677.8583984375,212.03662109375,40.3287658691406,5.0157470703125
20181217,0,-40,180,15000,13652.958984375,214.880813598633,39.588809967041,0.258598625659943
20181217,6,-40,180,15000,13626.1708984375,210.019165039063,38.0056190490723,-10.4055910110474
20181217,12,-40,180,15000,13650.34765625,209.5,33.0365371704102,-13.2865238189697
20181217,18,-40,180,15000,13689.666015625,205.600006103516,26.7498397827148,-9.00590324401855
20181218,0,-40,180,15000,13711.7451171875,204.833251953125,22.4975528717041,-6.90265130996704
20181218,6,-40,180,15000,13711.8779296875,202.83576965332,25.6399784088135,-2.45411133766174
20181218,12,-40,180,15000,13717.0234375,202,26.0008888244629,-0.706840813159943
