20180720,0,-40,75,15000,14243.486328125,207.614303588867,28.4511127471924,-4.97683572769165
20180720,6,-40,75,15000,14237.6884765625,208.5,24.8783340454102,-4.33500003814697
20180720,12,-40,75,15000,14234.1845703125,206.297210693359,27.5819473266602,-9.15170383453369
20180720,18,-40,75,15000,14252.5751953125,207.689987182617,20.3088912963867,-9.7742166519165
20180721,0,-40,75,15000,14289.9150390625,207.300003051758,19.6499996185303,-2.13845205307007
20180721,6,-40,75,15000,14299.701171875,206.617233276367,19.2027835845947,0.152607426047325
20180721,12,-40,75,15000,14286.0810546875,207.300003051758,19.419994354248,0.598918437957764
20180721,18,-40,75,15000,14304.13671875,207.262496948242,15.4744482040405,0.0375390611588955
20180722,0,-40,75,15000,14324.41796875,206.199996948242,13.1227340698242,4.81183099746704
20180722,6,-40,75,15000,14318.6279296875,206,11.6880569458008,5.80060052871704
20180722,12,-40,75,15000,14301.4423828125,206.524459838867,13.2412204742432,5.88512229919434
20180722,18,-40,75,15000,14312.5888671875,206.385330200195,12.7931346893311,8.31061553955078
20180723,0,-40,75,15000,14314.5029296875,205.531692504883,13.0693874359131,7.29142093658447
20180723,6,-40,75,15000,14310.5810546875,206.199981689453,17.2680568695068,8.40768814086914
20180723,12,-40,75,15000,14274.0185546875,206.300003051758,21.1306438446045,8.72766876220703
20180723,18,-40,75,15000,14281.1123046875,206.800003051758,23.4355754852295,2.74644541740417
20180724,0,-40,75,15000,14306.2412109375,207,20.5715599060059,4.34695816040039
20180724,6,-40,75,15000,14297.45703125,206.631683349609,22.7326564788818,2.73487305641174
20180724,12,-40,75,15000,14265.59375,206.878082275391,25.0886459350586,-6.54384756088257
20180724,18,-40,75,15000,14278.306640625,207.199996948242,23.4819507598877,-7.85379409790039
20180725,0,-40,75,15000,14298.9560546875,207.600006103516,22.3929443359375,-2.1079638004303
20180725,6,-40,75,15000,14296.1826171875,207.800003051758,22.3889846801758,-5.34967279434204
20180725,12,-40,75,15000,14267.8974609375,207.512817382813,24.6550006866455,-5.54805421829224
20180725,18,-40,75,15000,14264.5048828125,208.882766723633,24.1579151153564,-5.7705078125
20180726,0,-40,75,15000,14275.6513671875,207.863647460938,25.936695098877,-5.39532470703125
20180726,6,-40,75,15000,14250.5322265625,207.399993896484,26.0980949401855,-3.07271003723145
20180726,12,-40,75,15000,14212.10546875,208.729156494141,29.2340679168701,-5.84627437591553
20180726,18,-40,75,15000,14207.2763671875,209.058807373047,31.4422492980957,-7.74116230010986
20180727,0,-40,75,15000,14208.056640625,209.524459838867,24.4538917541504,-8.84967517852783
20180727,6,-40,75,15000,14206.2275390625,210.300003051758,22.9734172821045,-4.73857164382935
20180727,12,-40,75,15000,14173.6416015625,211.399993896484,30.6541557312012,-6.59105491638184
20180727,18,-40,75,15000,14183.2861328125,210.28857421875,28.4747219085693,-8.4868631362915
20180728,0,-40,75,15000,14199.4677734375,210.414703369141,29.8647174835205,-5.30971431732178
20180728,6,-40,75,15000,14196.78515625,209.985305786133,31.680290222168,-4.0780029296875
20180728,12,-40,75,15000,14149.849609375,210.600006103516,38.3590126037598,-7.70383787155151
20180728,18,-40,75,15000,14160.9921875,211.100006103516,33.8155479431152,-11.3318452835083
20180729,0,-40,75,15000,14174.2734375,208.899993896484,36.5397415161133,-17.5712699890137
20180729,6,-40,75,15000,14189.830078125,207.768310546875,36.0208358764648,-13.6784744262695
20180729,12,-40,75,15000,14167.900390625,210.29997253418,35.1500091552734,-12.3269214630127
20180729,18,-40,75,15000,14161.0751953125,209.699981689453,36.5822448730469,-18.1765022277832
20180730,0,-40,75,15000,14170.2197265625,210.29997253418,35.4764442443848,-18.78515625
20180730,6,-40,75,15000,14175.89453125,211.5,32.3835945129395,-14.8947067260742
20180730,12,-40,75,15000,14141.1201171875,211.800003051758,31.6832904815674,-19.5790691375732
20180730,18,-40,75,15000,14140.916015625,210.300003051758,28.5261077880859,-21.8892230987549
20180731,0,-40,75,15000,14156.0458984375,210.948928833008,23.8700046539307,-27.7600612640381
20180731,6,-40,75,15000,14176.3671875,211,18.8536567687988,-25.8586330413818
20180731,12,-40,75,15000,14167.69921875,211.300003051758,17.6000194549561,-24.7511920928955
20180731,18,-40,75,15000,14181.1845703125,210.399993896484,16.7926864624023,-24.3232040405273
20180801,0,-40,75,15000,14191.275390625,210.561447143555,13.4500484466553,-20.2755908966064
20180801,6,-40,75,15000,14202.3828125,210.600006103516,11.9624996185303,-15.8017625808716
20180801,12,-40,75,15000,14175.0029296875,211,16.0567626953125,-16.9431648254395
20180801,18,-40,75,15000,14188.9970703125,211.099975585938,19.1557426452637,-16.1878070831299
20180802,0,-40,75,15000,14192.1103515625,211.600006103516,19.3394775390625,-19.4947490692139
20180802,6,-40,75,15000,14200.9677734375,211.699996948242,19.3616847991943,-19.0405807495117
20180802,12,-40,75,15000,14195.736328125,211.600006103516,14.6972780227661,-14.0123682022095
20180802,18,-40,75,15000,14217.3154296875,210.100006103516,15.1109714508057,-10.6845436096191
20180803,0,-40,75,15000,14229.650390625,210.399993896484,15.0122337341309,-7.87196779251099
20180803,6,-40,75,15000,14228.27734375,210.600006103516,12.7499952316284,-5.80266618728638
20180803,12,-40,75,15000,14204.861328125,210.199996948242,12.2360057830811,1.61402094364166
20180803,18,-40,75,15000,14210.4287109375,210.699996948242,13.7991695404053,3.81345224380493
20180804,0,-40,75,15000,14196.2138671875,213.100006103516,18.5471725463867,7.03003168106079
20180804,6,-40,75,15000,14176.599609375,214.5,19.3577785491943,4.93010234832764
20180804,12,-40,75,15000,14155.3173828125,213.5,26.468334197998,-3.35389399528503
20180804,18,-40,75,15000,14167.0166015625,211.899993896484,25.9800052642822,-5.57342290878296
20180805,0,-40,75,15000,14179.52734375,210.399993896484,25.6746139526367,-5.77377462387085
20180805,6,-40,75,15000,14173.740234375,211.100006103516,28.0800094604492,1.41732180118561
20180805,12,-40,75,15000,14163.638671875,211.107467651367,29.4478073120117,2.32748293876648
20180805,18,-40,75,15000,14179.36328125,210.29997253418,32.64892578125,-1.81415033340454
20180806,0,-40,75,15000,14190.6416015625,211.006988525391,32.9600105285645,-3.21479487419128
20180806,6,-40,75,15000,14208.736328125,211,24.8500003814697,1.65469968318939
20180806,12,-40,75,15000,14184.1884765625,210.814254760742,28.9000301361084,10.6200265884399
20180806,18,-40,75,15000,14164.9970703125,212.899993896484,28.9366512298584,1.74622070789337
20180807,0,-40,75,15000,14171.1875,213.021926879883,21.9805374145508,-4.76607656478882
20180807,6,-40,75,15000,14185.51171875,211.800003051758,20.8258113861084,-4.91636943817139
20180807,12,-40,75,15000,14151.1123046875,212.899993896484,21.8149967193604,-6.14003896713257
20180807,18,-40,75,15000,14159.619140625,211.399993896484,20.2841281890869,-9.93867874145508
20180808,0,-40,75,15000,14160.384765625,213.266693115234,15.6500072479248,-9.80051517486572
20180808,6,-40,75,15000,14169.6103515625,213.199996948242,12.4999952316284,-4.06109619140625
20180808,12,-40,75,15000,14141.9140625,212.899978637695,13.5227241516113,-7.4833984375
20180808,18,-40,75,15000,14160.1923828125,214.79997253418,3.56855463981628,-10.7866401672363
20180809,0,-40,75,15000,14180.0361328125,214.000244140625,-1.02832520008087,-6.17877435684204
20180809,6,-40,75,15000,14195.326171875,212.899993896484,-1.93555176258087,-4.85669183731079
20180809,12,-40,75,15000,14183.580078125,213.100006103516,-4.05564451217651,-16.8558521270752
20180809,18,-40,75,15000,14208.134765625,214.406982421875,-2.61526846885681,-13.9410543441772
20180810,0,-40,75,15000,14216.73046875,215,1.04179692268372,-11.8199653625488
20180810,6,-40,75,15000,14211.36328125,214.100006103516,1.29227542877197,-16.8970775604248
20180810,12,-40,75,15000,14184.3720703125,214.836380004883,-0.996201157569885,-18.7751998901367
20180810,18,-40,75,15000,14194.05859375,214.899993896484,-4.71231937408447,-13.2239408493042
20180811,0,-40,75,15000,14197.9228515625,214.399993896484,-8.19004440307617,-12.3332862854004
20180811,6,-40,75,15000,14208.80078125,213.800003051758,-12.4474906921387,-12.7396802902222
20180811,12,-40,75,15000,14202.8720703125,213,-13.2484226226807,-9.999587059021
20180811,18,-40,75,15000,14223.55859375,211.687210083008,-10.5732421875,-6.70165777206421
20180812,0,-40,75,15000,14227.42578125,212.018310546875,-7.46350574493408,-4.41970205307007
20180812,6,-40,75,15000,14231.7587890625,212.276412963867,-5.1100001335144,-3.76984119415283
20180812,12,-40,75,15000,14214.607421875,212.399993896484,-5.10805177688599,-2.35164070129395
20180812,18,-40,75,15000,14224.724609375,212.29997253418,-5.20999526977539,0.412612318992615
20180813,0,-40,75,15000,14219.5302734375,212.868316650391,-1.74864256381989,0.786298811435699
20180813,6,-40,75,15000,14215.013671875,212.800003051758,-0.908417940139771,-1.42094731330872
20180813,12,-40,75,15000,14196.62109375,212.699981689453,0.396674811840057,-2.77789783477783
20180813,18,-40,75,15000,14195.818359375,212.600006103516,5.4466404914856,-1.06533694267273
20180814,0,-40,75,15000,14191.03125,213,10.7496337890625,-2.15640616416931
20180814,6,-40,75,15000,14188.3203125,212.800003051758,12.1561231613159,-3.52325677871704
20180814,12,-40,75,15000,14166.8779296875,210.899993896484,15.8896188735962,-4.89000511169434
20180814,18,-40,75,15000,14179.4013671875,211.79997253418,14.6271286010742,-1.11784672737122
20180815,0,-40,75,15000,14192.0888671875,210.563385009766,16.6543655395508,1.44940423965454
20180815,6,-40,75,15000,14195.6162109375,210.899978637695,15.9222803115845,-0.158957526087761
20180815,12,-40,75,15000,14180.1923828125,211.800003051758,19.7812213897705,-4.94628190994263
20180815,18,-40,75,15000,14195.1513671875,211.399993896484,19.7900009155273,-5.36306142807007
20180816,0,-40,75,15000,14220.513671875,212.399993896484,15.3999996185303,-4.90328121185303
20180816,6,-40,75,15000,14234.5751953125,210.139801025391,18.1348781585693,-3.27242922782898
20180816,12,-40,75,15000,14225.2041015625,210.399993896484,15.3546237945557,-6.68634510040283
20180816,18,-40,75,15000,14247.005859375,210.699996948242,12.7633352279663,-3.25656747817993
20180817,0,-40,75,15000,14265.333984375,209.161087036133,16.1900100708008,-4.46491193771362
20180817,6,-40,75,15000,14273.7099609375,209.199996948242,15.5200052261353,1.25466310977936
20180817,12,-40,75,15000,14244.513671875,211,16.5200004577637,2.94454598426819
20180817,18,-40,75,15000,14250.4228515625,209.629150390625,17.274450302124,-0.956186532974243
20180818,0,-40,75,15000,14260.65625,208.699996948242,19.3491992950439,7.55199956893921
20180818,6,-40,75,15000,14251.6337890625,208.899993896484,23.847505569458,5.43828392028809
20180818,12,-40,75,15000,14206.509765625,211,22.017505645752,0.729084491729736
20180818,18,-40,75,15000,14188.5849609375,213.099761962891,20.5639019012451,-0.516101062297821
20180819,0,-40,75,15000,14185.9990234375,214.699752807617,19.9536190032959,2.05396962165833
20180819,6,-40,75,15000,14160.3408203125,214.899993896484,18.1928863525391,-0.301105946302414
20180819,12,-40,75,15000,14136.724609375,215.999755859375,16.5700054168701,-8.51452922821045
20180819,18,-40,75,15000,14151.69921875,214.699996948242,15.0681400299072,-13.016357421875
20180820,0,-40,75,15000,14164.833984375,213.207473754883,16.0152435302734,-9.8267650604248
20180820,6,-40,75,15000,14162.9052734375,211.899993896484,17.694673538208,-6.54803705215454
20180820,12,-40,75,15000,14145.0283203125,212.099975585938,21.4555950164795,-4.91510486602783
20180820,18,-40,75,15000,14156.0400390625,210.899993896484,21.3000106811523,-3.85767078399658
20180821,0,-40,75,15000,14165.96875,209.899993896484,24.5911083221436,-4.15558576583862
20180821,6,-40,75,15000,14176.052734375,208.199996948242,28.2280864715576,-0.784062504768372
20180821,12,-40,75,15000,14160.0625,207.399993896484,34.7508354187012,2.44521474838257
20180821,18,-40,75,15000,14161.07421875,207.70002746582,38.0599975585938,1.32158207893372
20180822,0,-40,75,15000,14182.037109375,207.436370849609,32.6000061035156,3.25682377815247
20180822,6,-40,75,15000,14199.0625,209.436370849609,29.6399993896484,5.22323226928711
20180822,12,-40,75,15000,14193.9599609375,209.5,22.6156005859375,3.39404773712158
20180822,18,-40,75,15000,14200.1572265625,208.770843505859,21.515287399292,3.52445316314697
20180823,0,-40,75,15000,14196.4423828125,208.800003051758,26.6797714233398,8.63865756988525
20180823,6,-40,75,15000,14178.5283203125,208.613357543945,30.1620311737061,11.4240694046021
20180823,12,-40,75,15000,14151.5888671875,209.478073120117,30.1000137329102,5.71382093429565
20180823,18,-40,75,15000,14141.08984375,208.600006103516,31.3311176300049,7.62204360961914
20180824,0,-40,75,15000,14143.736328125,208.79997253418,30.9500102996826,2.44826912879944
20180824,6,-40,75,15000,14137.6513671875,208.100006103516,29.9177742004395,0.652490258216858
20180824,12,-40,75,15000,14126.7978515625,208.800003051758,27.5366992950439,-1.77257323265076
20180824,18,-40,75,15000,14138.7236328125,210.5,20.6381683349609,1.89386713504791
20180825,0,-40,75,15000,14147.5791015625,210.5,21.2126903533936,8.21413612365723
20180825,6,-40,75,15000,14151.0166015625,210.29997253418,21.5022354125977,7.92162609100342
20180825,12,-40,75,15000,14135.4921875,210.300003051758,24.6816501617432,7.35701894760132
20180825,18,-40,75,15000,14160.5224609375,209.600006103516,24.3252792358398,5.02064228057861
20180826,0,-40,75,15000,14186.3564453125,209.699996948242,24.8594436645508,8.23698043823242
20180826,6,-40,75,15000,14184.7529296875,208.800003051758,23.1688919067383,12.2671117782593
20180826,12,-40,75,15000,14166.693359375,208.606979370117,20.5624618530273,13.4858427047729
20180826,18,-40,75,15000,14149.646484375,209.300003051758,20.6311225891113,12.593620300293
20180827,0,-40,75,15000,14124.388671875,211,23.462308883667,16.7939796447754
20180827,6,-40,75,15000,14099.3125,212.699981689453,26.9200096130371,18.5397605895996
20180827,12,-40,75,15000,14072.12109375,213.614700317383,26.6752872467041,16.842658996582
20180827,18,-40,75,15000,14068.3779296875,210.899993896484,24.8280563354492,14.2981739044189
20180828,0,-40,75,15000,14064.81640625,211.29997253418,27.0355377197266,12.4208154678345
20180828,6,-40,75,15000,14057.2802734375,212.800003051758,28.2885398864746,12.0286130905151
20180828,12,-40,75,15000,14045.5439453125,213.5,24.0299968719482,11.7856025695801
20180828,18,-40,75,15000,14049.423828125,214.300003051758,28.3549728393555,13.3864479064941
20180829,0,-40,75,15000,14046.23828125,214.999969482422,32.709903717041,6.7165846824646
20180829,6,-40,75,15000,14065.4111328125,213.339401245117,23.843921661377,5.2569751739502
20180829,12,-40,75,15000,14052.0263671875,213.699996948242,26.9596729278564,2.80148434638977
20180829,18,-40,75,15000,14078.65234375,212.699996948242,24.310791015625,1.65513670444489
20180830,0,-40,75,15000,14094.9677734375,213.5,26.0746479034424,-2.90918445587158
20180830,6,-40,75,15000,14126.8486328125,214.599975585938,24.1467170715332,1.13157474994659
20180830,12,-40,75,15000,14112.353515625,212.082763671875,33.1463470458984,4.3008131980896
20180830,18,-40,75,15000,14111.365234375,213.899978637695,29.4300003051758,0.965795874595642
20180831,0,-40,75,15000,14122.7158203125,214.887939453125,28.9200019836426,3.42395997047424
20180831,6,-40,75,15000,14113.5458984375,215.759231567383,29.4855518341064,5.45516347885132
20180831,12,-40,75,15000,14087.26171875,214.311187744141,28.03662109375,6.45046377182007
20180831,18,-40,75,15000,14069.2783203125,214.720947265625,24.1220512390137,7.77643537521362
20180901,0,-40,75,15000,14070.4423828125,217.699981689453,19.8927783966064,8.77445602416992
20180901,6,-40,75,15000,14059.97265625,217.199996948242,19.2199993133545,8.73781204223633
20180901,12,-40,75,15000,14035.5810546875,216.100006103516,13.2300100326538,6.52109384536743
20180901,18,-40,75,15000,14056.4970703125,216.800003051758,12.7122220993042,5.52169942855835
20180902,0,-40,75,15000,14082.10546875,216.199996948242,10.6694631576538,-1.38231205940247
20180902,6,-40,75,15000,14097.509765625,213.600006103516,11.9719095230103,10.5818214416504
20180902,12,-40,75,15000,14082.5625,215,13.1755514144897,4.63903331756592
20180902,18,-40,75,15000,14099.4072265625,215.5,6.56062507629395,5.71436023712158
20180903,0,-40,75,15000,14110.787109375,215.100006103516,8.6804780960083,9.03504371643066
20180903,6,-40,75,15000,14118.2236328125,214.399993896484,9.63000202178955,9.82872295379639
20180903,12,-40,75,15000,14101.662109375,215.399993896484,8.88664054870605,8.82479763031006
20180903,18,-40,75,15000,14114.8916015625,216.300003051758,6.3444504737854,11.5783472061157
20180904,0,-40,75,15000,14116.9033203125,214.899993896484,10.0421657562256,16.680305480957
20180904,6,-40,75,15000,14115.107421875,215.399978637695,8.74486827850342,14.3742504119873
20180904,12,-40,75,15000,14099.2314453125,216.600006103516,10.3491744995117,10.9912281036377
20180904,18,-40,75,15000,14114.23046875,216.499969482422,10.0533542633057,15.9581956863403
20180905,0,-40,75,15000,14127.98046875,215.300003051758,11.7318601608276,16.1341648101807
20180905,6,-40,75,15000,14125.4189453125,214.300003051758,13.5449657440186,19.2366600036621
20180905,12,-40,75,15000,14115.9453125,214.699996948242,16.423433303833,13.1449413299561
20180905,18,-40,75,15000,14144.208984375,214.300003051758,12.2275094985962,11.4275484085083
20180906,0,-40,75,15000,14161.166015625,214.600051879883,13.5900096893311,10.2720804214478
20180906,6,-40,75,15000,14165.294921875,215.300003051758,11.6100044250488,0.989641129970551
20180906,12,-40,75,15000,14161.0166015625,215.519439697266,7.54114007949829,2.57091808319092
20180906,18,-40,75,15000,14173.6962890625,215.699996948242,13.0544776916504,4.13554954528809
20180907,0,-40,75,15000,14175.6640625,217.094207763672,15.0011234283447,1.04181885719299
20180907,6,-40,75,15000,14182.173828125,216.399993896484,16.4512596130371,-1.24656987190247
20180907,12,-40,75,15000,14153.4189453125,217.300003051758,12.4608249664307,-1.37055659294128
20180907,18,-40,75,15000,14156.5654296875,218.300003051758,9.09167957305908,-3.00259280204773
20180908,0,-40,75,15000,14166.4423828125,217.29997253418,11.4016895294189,-6.05464363098145
20180908,6,-40,75,15000,14187.4990234375,213.699996948242,12.1800098419189,-18.673999786377
20180908,12,-40,75,15000,14185.87890625,211.899978637695,16.3811206817627,-5.47001218795776
20180908,18,-40,75,15000,14183.15234375,210.999969482422,20.1925144195557,1.47078371047974
20180909,0,-40,75,15000,14167.4140625,210.899978637695,21.4968109130859,2.33139395713806
20180909,6,-40,75,15000,14138.5771484375,211.899993896484,26.6336612701416,2.68684077262878
20180909,12,-40,75,15000,14067.8564453125,215.600006103516,28.9610328674316,2.5327320098877
20180909,18,-40,75,15000,14067.5185546875,213.899993896484,15.5900220870972,-8.89204597473145
20180910,0,-40,75,15000,14088.076171875,212.399993896484,12.7500143051147,-8.52335453033447
20180910,6,-40,75,15000,14101.7998046875,211.361083984375,12.397780418396,-1.66618406772614
20180910,12,-40,75,15000,14068.806640625,213.199996948242,14.9109983444214,-6.12652349472046
20180910,18,-40,75,15000,14080.5791015625,213.800003051758,15.3360157012939,-6.47893333435059
20180911,0,-40,75,15000,14094.0537109375,213.038909912109,18.1600246429443,-14.8274240493774
20180911,6,-40,75,15000,14115.0322265625,212.5,19.0380172729492,-7.69835948944092
20180911,12,-40,75,15000,14091.25390625,212.5,27.110013961792,-7.5996994972229
20180911,18,-40,75,15000,14118.259765625,212.827728271484,27.6005668640137,-2.25348877906799
20180912,0,-40,75,15000,14121.6328125,211.746612548828,35.095287322998,-3.03246092796326
20180912,6,-40,75,15000,14140.6298828125,210.991012573242,25.1252861022949,5.16886711120605
20180912,12,-40,75,15000,14126.947265625,209.746139526367,27.3677101135254,9.23372840881348
20180912,18,-40,75,15000,14149.8671875,211.2275390625,24.7142353057861,9.74664783477783
20180913,0,-40,75,15000,14163.080078125,211.031692504883,22.3960952758789,12.6922512054443
20180913,6,-40,75,15000,14163.0166015625,209.221923828125,19.4057807922363,19.0564346313477
20180913,12,-40,75,15000,14146.59375,209.79997253418,27.2636623382568,16.4599266052246
20180913,18,-40,75,15000,14178.7734375,210.100006103516,22.839563369751,14.2744827270508
20180914,12,-40,75,15000,14214.2939453125,209.002487182617,17.7549858093262,11.7559719085693
20180914,18,-40,75,15000,14234.3212890625,209.800003051758,12.464147567749,10.4008255004883
20180915,0,-40,75,15000,14241.1787109375,209.600006103516,10.1400117874146,12.6824197769165
20180915,6,-40,75,15000,14226.943359375,208.800003051758,9.40703392028809,14.1745653152466
20180915,12,-40,75,15000,14212.130859375,208.599975585938,12.4341917037964,11.9529666900635
20180915,18,-40,75,15000,14220.2529296875,209.231689453125,14.8999099731445,9.95369338989258
20180916,0,-40,75,15000,14227.1484375,208.885284423828,14.7425851821899,8.4240894317627
20180916,12,-40,75,15000,14214.0087890625,208.838912963867,22.712610244751,12.322509765625
20180916,18,-40,75,15000,14223.2099609375,209,22.8136978149414,12.3927488327026
20180917,0,-40,75,15000,14224.875,209.800003051758,24.0208377838135,9.13784408569336
20180917,6,-40,75,15000,14233.318359375,209.800003051758,21.2175140380859,8.96219444274902
20180917,12,-40,75,15000,14204.48046875,209.199996948242,27.943510055542,7.9992995262146
20180917,18,-40,75,15000,14205.625,209.699981689453,29.7540531158447,7.36841297149658
20180918,0,-40,75,15000,14206.9970703125,209.999969482422,30.5591316223145,10.3738212585449
20180918,6,-40,75,15000,14216.857421875,209.800003051758,30.0137710571289,11.9227609634399
20180918,12,-40,75,15000,14205.275390625,208.100006103516,30.7232494354248,10.384557723999
20180918,18,-40,75,15000,14198.3310546875,208,30.8159027099609,8.91252899169922
20180919,0,-40,75,15000,14192.4814453125,208.43635559082,28.0355548858643,12.2653779983521
20180919,6,-40,75,15000,14188.923828125,207.699996948242,25.3265495300293,17.4886798858643
20180919,12,-40,75,15000,14154.4013671875,207.720169067383,25.2831439971924,15.7876882553101
20180919,18,-40,75,15000,14138.625,208.80322265625,25.6597309112549,20.3225708007813
20180920,0,-40,75,15000,14125.1435546875,209.455047607422,26.4749851226807,22.3742504119873
20180920,6,-40,75,15000,14112.9453125,210.800003051758,24.6896915435791,21.2118682861328
20180920,12,-40,75,15000,14093.3759765625,212.70002746582,24.0183525085449,17.3520946502686
20180920,18,-40,75,15000,14066.3046875,213.199996948242,24.6396503448486,20.8662700653076
20180921,0,-40,75,15000,14055.4599609375,212,29.5883331298828,20.0050811767578
20180921,6,-40,75,15000,14042.29296875,211.924468994141,30.0707950592041,12.2511329650879
20180921,12,-40,75,15000,14032.9287109375,211.518890380859,26.7832126617432,10.5511302947998
20180921,18,-40,75,15000,14044.6865234375,212,27.4558525085449,9.0632905960083
20180922,0,-40,75,15000,14047.474609375,212.624465942383,26.0174999237061,6.64717769622803
20180922,6,-40,75,15000,14047.5263671875,210.578079223633,27.66455078125,5.68244647979736
20180922,12,-40,75,15000,14031.9951171875,211.100006103516,30.5692081451416,3.19097900390625
20180922,18,-40,75,15000,14049.830078125,210.300003051758,26.6442108154297,2.08017826080322
20180923,0,-40,75,15000,14051.96875,210.100006103516,27.9581298828125,5.02549076080322
20180923,6,-40,75,15000,14049.8740234375,210.600006103516,26.1670627593994,4.42980718612671
20180923,12,-40,75,15000,14017.6650390625,210.800003051758,30.8121089935303,3.41413807868958
20180923,18,-40,75,15000,14025.54296875,212.100006103516,32.4306831359863,1.2320898771286
20180924,0,-40,75,15000,14027.994140625,213.5,32.4669380187988,2.04349613189697
20180924,6,-40,75,15000,14009.619140625,214.100006103516,32.6596374511719,7.68828868865967
20180924,12,-40,75,15000,13976.37109375,214.100006103516,36.8432502746582,8.81159210205078
20180924,18,-40,75,15000,13973.712890625,215.089996337891,32.7108383178711,6.48523426055908
20180925,0,-40,75,15000,13976.150390625,214.808151245117,37.3789672851563,3.84883785247803
20180925,6,-40,75,15000,13978.771484375,215,28.4759788513184,4.06279039382935
20180925,12,-40,75,15000,13944.8427734375,214.100006103516,30.9552001953125,2.73871326446533
20180925,18,-40,75,15000,13933.9970703125,215.199996948242,34.534122467041,0.222734376788139
20180926,0,-40,75,15000,13924.71875,216.699996948242,31.910062789917,-3.98521971702576
20180926,6,-40,75,15000,13929.361328125,216.795623779297,27.9439697265625,-4.41059064865112
20180926,12,-40,75,15000,13905.3359375,216.485641479492,22.0982151031494,-2.36189460754395
20180926,18,-40,75,15000,13908.5625,214.358032226563,19.6441650390625,-11.8027591705322
20180927,0,-40,75,15000,13922.55078125,212.40625,11.9780712127686,-11.6893453598022
20180927,6,-40,75,15000,13946.5498046875,210.199996948242,11.11962890625,-19.4032402038574
20180927,12,-40,75,15000,13952.263671875,206.899978637695,18.6225337982178,-21.7211570739746
20180927,18,-40,75,15000,13971.41796875,206.5,18.4828929901123,-18.0513668060303
20180928,0,-40,75,15000,13983.8974609375,206.399993896484,19.3897285461426,-13.3832368850708
20180928,6,-40,75,15000,13991.1591796875,205.199996948242,25.6405715942383,-13.0323238372803
20180928,12,-40,75,15000,13990.2373046875,204.100006103516,22.6617851257324,-9.07846641540527
20180928,18,-40,75,15000,13990.298828125,204.999969482422,20.2777881622314,-10.0819826126099
20180929,0,-40,75,15000,14005.05078125,208.199996948242,19.875316619873,-8.09750461578369
20180929,6,-40,75,15000,14011.541015625,207.5,20.3719806671143,-8.38721942901611
20180929,12,-40,75,15000,14009.03515625,205.300003051758,23.4253883361816,-10.1445827484131
20180929,18,-40,75,15000,14031.8134765625,204.795562744141,26.556978225708,-3.1646900177002
20180930,0,-40,75,15000,14044.76953125,205.600006103516,28.2149810791016,-1.68801021575928
20180930,6,-40,75,15000,14059.3251953125,206.059448242188,28.6825046539307,1.7421875
20180930,12,-40,75,15000,14045.8798828125,207.499969482422,36.069507598877,8.80173587799072
20180930,18,-40,75,15000,14037.349609375,208.499969482422,42.4573822021484,8.53811550140381
20181001,0,-40,75,15000,14024.25390625,208.899993896484,43.4913711547852,11.6033744812012
20181001,6,-40,75,15000,14027.9765625,207.5,42.6133499145508,5.41122055053711
20181001,12,-40,75,15000,14034.2275390625,206.899978637695,36.0633583068848,-0.000152587890625
20181001,18,-40,75,15000,14056.392578125,207.800003051758,29.7418766021729,1.84752202033997
20181002,0,-40,75,15000,14087.744140625,208.699996948242,32.3879203796387,-0.816538095474243
20181002,6,-40,75,15000,14110.3564453125,206.899993896484,29.6492366790771,-0.385737299919128
20181002,12,-40,75,15000,14099.0185546875,206.838912963867,32.9026107788086,8.28640174865723
20181002,18,-40,75,15000,14111.912109375,208.699996948242,32.0366439819336,4.78049802780151
20181003,0,-40,75,15000,14117.7470703125,207.744094848633,34.231014251709,6.38271474838257
20181003,6,-40,75,15000,14120.3310546875,208.600006103516,32.6286125183105,11.5373287200928
20181003,12,-40,75,15000,14122.451171875,209.399993896484,32.700569152832,16.0717926025391
20181003,18,-40,75,15000,14115.9296875,207.738922119141,31.5305671691895,19.9649829864502
20181004,0,-40,75,15000,14079.177734375,207.421920776367,41.3994522094727,23.1250152587891
20181004,6,-40,75,15000,14067.0009765625,210.100006103516,33.1499214172363,26.2916793823242
20181004,12,-40,75,15000,14040.36328125,210.414703369141,30.5094547271729,27.421630859375
20181004,18,-40,75,15000,14019.37890625,213.307464599609,29.8253288269043,23.3883514404297
20181005,0,-40,75,15000,13985.51171875,215.946136474609,30.5770988464355,21.6211051940918
20181005,6,-40,75,15000,13970.80859375,212.600006103516,26.3628692626953,15.1082201004028
20181005,12,-40,75,15000,13968.8974609375,213.599975585938,27.1597442626953,11.049147605896
20181005,18,-40,75,15000,13971.6572265625,215,23.4666576385498,11.7065162658691
20181006,0,-40,75,15000,13963.5283203125,215.800003051758,26.1993770599365,8.51964092254639
20181006,6,-40,75,15000,13967.1640625,215.05387878418,26.4270820617676,12.9662790298462
20181006,12,-40,75,15000,13925.5478515625,215.699996948242,24.3112716674805,15.6387596130371
20181006,18,-40,75,15000,13898.291015625,216.14892578125,24.3430290222168,23.5875682830811
20181007,0,-40,75,15000,13869.3896484375,217.478073120117,21.7649841308594,26.9482231140137
20181007,6,-40,75,15000,13838.4853515625,215.221923828125,16.9140720367432,29.9721069335938
20181007,12,-40,75,15000,13801.8115234375,214.300003051758,15.9153232574463,29.6064643859863
20181007,18,-40,75,15000,13809.5576171875,216.12190246582,11.5496997833252,25.3150272369385
20181008,0,-40,75,15000,13824.955078125,216.199996948242,9.28561305999756,27.5475978851318
20181008,6,-40,75,15000,13813.0302734375,215.79997253418,13.9414844512939,26.3083000183105
20181008,12,-40,75,15000,13814.1572265625,217.199996948242,8.2025785446167,18.6380805969238
20181008,18,-40,75,15000,13812.9775390625,219.199996948242,6.1009373664856,18.6221332550049
20181009,0,-40,75,15000,13801.75,220.799758911133,8.74950885772705,14.7683591842651
20181009,6,-40,75,15000,13805.455078125,219.600006103516,11.9774780273438,13.3832273483276
20181009,12,-40,75,15000,13806.4296875,218.399978637695,6.90755605697632,-2.15447759628296
20181009,18,-40,75,15000,13811.869140625,218.307464599609,5.56995105743408,0.189018547534943
20181010,0,-40,75,15000,13801.1103515625,218.738891601563,14.2952632904053,11.2161817550659
20181010,6,-40,75,15000,13787.701171875,218.899993896484,17.1363716125488,17.2062320709229
20181010,12,-40,75,15000,13742.9365234375,220.800003051758,17.2933330535889,16.3357639312744
20181010,18,-40,75,15000,13721.951171875,221.399993896484,19.7214412689209,10.7127981185913
20181011,0,-40,75,15000,13742.08203125,218.806976318359,25.4101982116699,8.33399200439453
20181011,6,-40,75,15000,13761.9853515625,214.899993896484,33.09521484375,10.7719821929932
20181011,12,-40,75,15000,13758.40625,214.899993896484,33.6900825500488,12.9934768676758
20181011,18,-40,75,15000,13771.08984375,217.599975585938,28.3006687164307,10.8821487426758
20181012,0,-40,75,15000,13782.1513671875,217.29997253418,33.0633773803711,6.83205556869507
20181012,6,-40,75,15000,13809.8759765625,216.699996948242,32.7965126037598,2.12122058868408
20181012,12,-40,75,15000,13848.3212890625,214,27.0134391784668,-6.82916498184204
20181012,18,-40,75,15000,13924,214.600006103516,14.5984029769897,-5.7703709602356
20181013,0,-40,75,15000,13943.916015625,212.699752807617,19.8314476013184,3.0839307308197
20181013,6,-40,75,15000,13917.087890625,214.146118164063,20.257984161377,2.8309497833252
20181013,12,-40,75,15000,13881.00390625,215,22.0417461395264,6.32269525527954
20181013,18,-40,75,15000,13864,216.399993896484,26.446174621582,6.54339361190796
20181014,0,-40,75,15000,13826.6484375,218.5,27.3945465087891,1.93712890148163
20181014,6,-40,75,15000,13797.517578125,218.399993896484,33.348762512207,0.894462883472443
20181014,12,-40,75,15000,13778.87109375,217.699996948242,32.9785079956055,2.52862310409546
20181014,18,-40,75,15000,13776.7021484375,217.5,30.6674098968506,11.2766895294189
20181015,0,-40,75,15000,13767.7958984375,219.5,34.7288703918457,10.2655420303345
20181015,6,-40,75,15000,13775.9248046875,220,33.6682548522949,7.81562519073486
20181015,12,-40,75,15000,13783.30078125,218.917236328125,27.9545726776123,9.82551288604736
20181015,18,-40,75,15000,13809.5322265625,217.800003051758,25.9604778289795,15.2111377716064
20181016,0,-40,75,15000,13837.7421875,217.699996948242,23.9553146362305,11.2358646392822
20181016,6,-40,75,15000,13869.2958984375,217.29997253418,23.6944961547852,17.3571929931641
20181016,12,-40,75,15000,13878.19921875,215.5,25.3936595916748,16.3658008575439
20181016,18,-40,75,15000,13896.1015625,214.399993896484,25.0283470153809,19.5444278717041
20181017,0,-40,75,15000,13912.4189453125,213.699996948242,20.7014827728271,17.0871238708496
20181017,6,-40,75,15000,13921.443359375,213.306976318359,15.5730781555176,17.6240386962891
20181017,12,-40,75,15000,13919.62109375,213.699981689453,15.4735689163208,13.5654439926147
20181017,18,-40,75,15000,13933.634765625,214.332122802734,12.8315963745117,15.1693143844604
20181018,0,-40,75,15000,13920.625,214.636383056641,16.9310989379883,19.3160133361816
20181018,6,-40,75,15000,13920.09375,214.5,20.1983413696289,25.5749683380127
20181018,12,-40,75,15000,13894.3515625,216.300003051758,23.4225215911865,21.9957122802734
20181018,18,-40,75,15000,13899.2236328125,216.100006103516,22.9087524414063,20.4085884094238
20181019,0,-40,75,15000,13895.4853515625,217.100006103516,21.0095310211182,14.3741798400879
20181019,6,-40,75,15000,13894.087890625,215.899993896484,26.2852725982666,15.6465969085693
20181019,18,-40,75,15000,13916.87109375,213.296539306641,22.7905731201172,9.11953639984131
20181020,0,-40,75,15000,13934.4638671875,213,21.9832859039307,4.35136699676514
20181020,6,-40,75,15000,13950.4013671875,212,19.7406158447266,3.29687023162842
20181020,12,-40,75,15000,13953.474609375,210.100006103516,16.2013740539551,1.47889888286591
20181020,18,-40,75,15000,13968.919921875,210.699981689453,16.3412971496582,3.33592295646667
20181021,0,-40,75,15000,13969.212890625,210.699996948242,17.4706802368164,3.36993646621704
20181021,6,-40,75,15000,13962.2939453125,211,16.290563583374,8.80530548095703
20181021,12,-40,75,15000,13930.9072265625,212.538909912109,19.6429214477539,8.62811279296875
20181021,18,-40,75,15000,13919.607421875,212.699996948242,22.058801651001,10.9689989089966
20181022,0,-40,75,15000,13888.9990234375,213.300003051758,23.5500030517578,6.94737529754639
20181022,6,-40,75,15000,13879.8076171875,213.664108276367,18.8520736694336,6.03406715393066
20181022,12,-40,75,15000,13846.07421875,214.443115234375,14.0343923568726,5.7879319190979
20181022,18,-40,75,15000,13847.10546875,214.5,10.7307472229004,6.20710945129395
20181023,0,-40,75,15000,13851.2109375,215.399993896484,13.2122097015381,4.15503644943237
20181023,6,-40,75,15000,13861.9638671875,214.769287109375,8.45984363555908,3.83470463752747
20181023,12,-40,75,15000,13860.767578125,214.2861328125,20.4905338287354,6.15963888168335
20181023,18,-40,75,15000,13891.35546875,214.699996948242,19.8981323242188,8.39225578308105
20181024,0,-40,75,15000,13900.041015625,213.600006103516,23.0439395904541,8.11305141448975
20181024,6,-40,75,15000,13909.072265625,215.699981689453,20.3557014465332,5.46140623092651
20181024,12,-40,75,15000,13895.6298828125,215.084518432617,24.074556350708,12.3213863372803
20181024,18,-40,75,15000,13880.923828125,215.5,20.7412891387939,18.1439228057861
20181025,0,-40,75,15000,13844.669921875,215.494781494141,17.9441299438477,14.5969848632813
20181025,6,-40,75,15000,13817.61328125,216.205596923828,16.8424911499023,2.6734447479248
20181025,12,-40,75,15000,13791.2802734375,216.399978637695,11.1830396652222,-10.4985790252686
20181025,18,-40,75,15000,13811.6484375,216.013473510742,8.20865440368652,-15.1400117874146
20181026,0,-40,75,15000,13825.9384765625,215.603469848633,9.70783710479736,-20.1973361968994
20181026,6,-40,75,15000,13857.79296875,216.670852661133,8.76197242736816,-21.8984813690186
20181026,12,-40,75,15000,13859.1416015625,216.229156494141,11.5904808044434,-23.5849094390869
20181026,18,-40,75,15000,13881.150390625,212.767379760742,20.1160011291504,-29.272668838501
20181027,0,-40,75,15000,13899.9345703125,210.538909912109,17.8515682220459,-33.2067832946777
20181027,6,-40,75,15000,13931.130859375,211.300003051758,19.1454467773438,-27.4200592041016
20181027,12,-40,75,15000,13942.388671875,209.953369140625,25.2266616821289,-19.7719478607178
20181027,18,-40,75,15000,13970.4375,209.199996948242,24.4200057983398,-12.3647165298462
20181028,0,-40,75,15000,13972.572265625,209.300003051758,26.0100002288818,-8.60630416870117
20181028,6,-40,75,15000,13968.3759765625,209.099975585938,33.1836166381836,-7.45139169692993
20181028,12,-40,75,15000,13957.322265625,207.5,36.3028755187988,-6.69471168518066
20181028,18,-40,75,15000,13955.76171875,207.29997253418,33.1676330566406,-4.04705095291138
20181029,0,-40,75,15000,13934.0078125,207.699996948242,35.0855979919434,1.11268067359924
20181029,6,-40,75,15000,13935.8388671875,205.399978637695,32.9944229125977,3.44141602516174
20181029,12,-40,75,15000,13893.255859375,207.199981689453,34.8916130065918,6.25911140441895
20181029,18,-40,75,15000,13861.41796875,210.100006103516,34.5241470336914,6.37109375
20181030,0,-40,75,15000,13836.1103515625,210.600006103516,31.9794464111328,5.81412124633789
20181030,6,-40,75,15000,13784.6865234375,210.11962890625,35.3006744384766,11.3490428924561
20181030,12,-40,75,15000,13725.3251953125,211.707473754883,34.3100128173828,14.2402830123901
20181030,18,-40,75,15000,13690.0390625,214.800003051758,28.9080009460449,13.1728563308716
20181031,0,-40,75,15000,13653.4453125,215.814697265625,24.1271591186523,8.5485200881958
20181031,6,-40,75,15000,13633.20703125,216.199981689453,22.4133472442627,9.18241691589355
20181031,12,-40,75,15000,13601.8134765625,215.199996948242,18.6877861022949,-0.820786118507385
20181031,18,-40,75,15000,13614.2958984375,215.100006103516,8.8900728225708,0.203676760196686
20181101,0,-40,75,15000,13617.169921875,214.600006103516,11.4538993835449,-3.70798349380493
20181101,6,-40,75,15000,13614.39453125,216,9.91717433929443,-14.7626466751099
20181101,12,-40,75,15000,13632.2236328125,215.675537109375,7.38167095184326,-20.763011932373
20181101,18,-40,75,15000,13665.4228515625,214.699996948242,9.39298915863037,-27.1310749053955
20181102,0,-40,75,15000,13696.1962890625,213.100006103516,8.73442649841309,-39.7446632385254
20181102,6,-40,75,15000,13751.8935546875,212.100006103516,9.26025104522705,-37.5542869567871
20181102,12,-40,75,15000,13815.4638671875,209.900024414063,16.4377117156982,-44.5377922058105
20181102,18,-40,75,15000,13846.2978515625,210.768310546875,22.7907428741455,-24.2771186828613
20181103,0,-40,75,15000,13810.474609375,215.899993896484,25.6518363952637,-5.70801734924316
20181103,6,-40,75,15000,13719.8408203125,221.800003051758,24.7623805999756,-9.08352756500244
20181103,12,-40,75,15000,13630.7900390625,220.899993896484,18.2172584533691,-12.9491233825684
20181103,18,-40,75,15000,13649.8837890625,219.485305786133,14.0922021865845,-15.3023433685303
20181104,0,-40,75,15000,13663.2978515625,216.094528198242,14.6475973129272,-25.0389156341553
20181104,6,-40,75,15000,13692.4521484375,217,10.6982126235962,-23.548828125
20181104,12,-40,75,15000,13724.2421875,212.600021362305,15.0650100708008,-28.2092533111572
20181104,18,-40,75,15000,13751.076171875,210.943603515625,23.0031414031982,-24.8469333648682
20181105,0,-40,75,15000,13726.5751953125,214.800003051758,24.8516063690186,-14.8173360824585
20181105,6,-40,75,15000,13692.2939453125,216.904098510742,25.0748920440674,-8.44650840759277
20181105,12,-40,75,15000,13671.1484375,219.236373901367,25.9783267974854,-15.9385280609131
20181105,18,-40,75,15000,13683.013671875,218.800003051758,34.7103462219238,-24.0791873931885
20181106,0,-40,75,15000,13691.6240234375,219,39.0500030517578,-27.1399021148682
20181106,6,-40,75,15000,13716.8623046875,219.963653564453,35.7760162353516,-18.0690460205078
20181106,12,-40,75,15000,13733.9296875,218.390182495117,43.1256942749023,-16.72802734375
20181106,18,-40,75,15000,13745.349609375,217.082855224609,49.8107376098633,-15.0702857971191
20181107,0,-40,75,15000,13744.3916015625,217.100006103516,50.9154205322266,-10.8621950149536
20181107,6,-40,75,15000,13724.8134765625,217.600006103516,50.0430755615234,-6.27225828170776
20181107,12,-40,75,15000,13704.84375,217.82048034668,46.9906158447266,-7.72932863235474
20181107,18,-40,75,15000,13695.2197265625,217.666473388672,45.3929405212402,1.26169431209564
20181108,0,-40,75,15000,13651.201171875,218.899993896484,43.0333480834961,-4.92465829849243
20181108,6,-40,75,15000,13626.337890625,218.600006103516,40.9232292175293,-6.97031736373901
20181108,12,-40,75,15000,13596.275390625,218.399993896484,37.9406089782715,-4.73927021026611
20181108,18,-40,75,15000,13587.7646484375,218.199996948242,35.0319366455078,-3.48771977424622
20181109,0,-40,75,15000,13568.5888671875,216.124465942383,34.2498893737793,-5.5802001953125
20181109,6,-40,75,15000,13574.1220703125,215.5,30.1279354095459,-8.69235610961914
20181109,12,-40,75,15000,13580.978515625,214.399993896484,29.6794967651367,-12.1454515457153
20181109,18,-40,75,15000,13612.244140625,213.699996948242,24.2849540710449,-13.8441896438599
20181110,0,-40,75,15000,13628.5341796875,212.300003051758,26.2415924072266,-10.9788284301758
20181110,6,-40,75,15000,13634.005859375,212,28.8843040466309,-8.89927768707275
20181110,12,-40,75,15000,13634.951171875,213,33.7348556518555,-4.3134593963623
20181110,18,-40,75,15000,13629.197265625,214.5,29.3227787017822,3.0519335269928
20181111,0,-40,75,15000,13585.263671875,217.100006103516,38.5437507629395,4.31504154205322
20181111,6,-40,75,15000,13557.84375,219.100006103516,34.7305145263672,5.06181621551514
20181111,12,-40,75,15000,13535.1572265625,219.300003051758,30.1586685180664,3.08628177642822
20181111,18,-40,75,15000,13517.3154296875,220,23.6027545928955,2.01040029525757
20181112,0,-40,75,15000,13496.4765625,221.300003051758,17.334644317627,-1.84812498092651
20181112,6,-40,75,15000,13479.6611328125,221.399993896484,15.0039310455322,-5.92939949035645
20181112,12,-40,75,15000,13492.017578125,220.600006103516,10.1652536392212,-11.4493360519409
20181112,18,-40,75,15000,13535.67578125,218.899993896484,5.65129089355469,-14.506329536438
20181113,0,-40,75,15000,13586.818359375,217.699996948242,1.2421737909317,-18.3522987365723
20181113,6,-40,75,15000,13640.3291015625,216.199996948242,2.96882319450378,-22.8126945495605
20181113,12,-40,75,15000,13681.82421875,215.5,0.461553961038589,-27.5728721618652
20181113,18,-40,75,15000,13742.884765625,211.999969482422,1.94898986816406,-26.4803924560547
20181114,0,-40,75,15000,13768.70703125,211,6.04894542694092,-23.067850112915
20181114,6,-40,75,15000,13781.19921875,212.300003051758,8.70074462890625,-13.867654800415
20181114,12,-40,75,15000,13766.3583984375,211.399993896484,10.0436668395996,-11.6103811264038
20181114,18,-40,75,15000,13768.990234375,210,9.79500770568848,-9.92830562591553
20181115,0,-40,75,15000,13756.380859375,209.300003051758,10.289999961853,-8.04523181915283
20181115,6,-40,75,15000,13743.59765625,209.199996948242,15.342342376709,-8.16128921508789
20181115,12,-40,75,15000,13716.271484375,209.5,19.1715984344482,-8.96581268310547
20181115,18,-40,75,15000,13701.462890625,209.800003051758,20.6827640533447,-9.07621383666992
20181116,0,-40,75,15000,13684.83984375,209.699996948242,21.5541763305664,-8.430006980896
20181116,6,-40,75,15000,13671.8486328125,209.918869018555,25.1796245574951,-11.1618700027466
20181116,12,-40,75,15000,13650.6953125,210.041961669922,24.4237518310547,-10.3011379241943
20181116,18,-40,75,15000,13641.294921875,209.200927734375,27.8859157562256,-7.35770988464355
20181117,0,-40,75,15000,13625.28515625,208.810012817383,28.2758636474609,-5.26230239868164
20181117,6,-40,75,15000,13605.58984375,211.699996948242,32.7991485595703,-4.40753173828125
20181117,12,-40,75,15000,13588.12109375,213.470855712891,27.4702758789063,-4.96854496002197
20181117,18,-40,75,15000,13579.9970703125,213.300003051758,28.8176364898682,-2.03726077079773
20181118,0,-40,75,15000,13578.44140625,215.899993896484,29.6307926177979,-4.4931640625
20181118,6,-40,75,15000,13579.5078125,215.800003051758,25.7444515228271,-2.44117665290833
20181118,12,-40,75,15000,13573.3720703125,215.399993896484,24.7135543823242,-4.08771991729736
20181118,18,-40,75,15000,13585.728515625,214.5,21.3471431732178,-4.44123029708862
20181119,0,-40,75,15000,13585.0224609375,214.300003051758,17.4965896606445,-6.38327169418335
20181119,6,-40,75,15000,13588.0615234375,212.992523193359,13.0928516387939,-8.17271518707275
20181119,12,-40,75,15000,13588.775390625,212.699996948242,11.7541313171387,-9.49356174468994
20181119,18,-40,75,15000,13616.861328125,210.29997253418,11.9500045776367,-6.78828382492065
20181120,0,-40,75,15000,13618.15234375,210.014694213867,17.0785083770752,-6.90398216247559
20181120,6,-40,75,15000,13629.6416015625,210.846115112305,16.8356914520264,-8.377685546875
20181120,12,-40,75,15000,13627.3154296875,211,9.695556640625,-7.5998706817627
20181120,18,-40,75,15000,13646.6923828125,211.100006103516,12.5346946716309,-0.504438459873199
20181121,0,-40,75,15000,13649.1337890625,212,12.6455593109131,-3.7539746761322
20181121,6,-40,75,15000,13661.978515625,213.29997253418,13.0600023269653,-5.99548816680908
20181121,12,-40,75,15000,13668.5986328125,213.586456298828,13.7099924087524,-8.11580562591553
20181121,18,-40,75,15000,13710.2451171875,212.999969482422,14.9076023101807,-9.2379789352417
20181122,0,-40,75,15000,13738.982421875,212.499969482422,19.1692562103271,-8.59810066223145
20181122,6,-40,75,15000,13764.9990234375,210.846603393555,28.7866020202637,-3.55534672737122
20181122,12,-40,75,15000,13746.787109375,208.099975585938,32.3067474365234,5.74127912521362
20181122,18,-40,75,15000,13703.380859375,211,31.4000015258789,6.81412601470947
20181123,0,-40,75,15000,13632.173828125,215.899978637695,30.7471542358398,9.27950668334961
20181123,6,-40,75,15000,13558.2353515625,219.599975585938,30.2533321380615,4.40226078033447
20181123,12,-40,75,15000,13546.3828125,215.893020629883,24,-6.3154296875
20181123,18,-40,75,15000,13553.85546875,218.300003051758,16.2355537414551,-5.99155759811401
20181124,0,-40,75,15000,13568.9033203125,216.699996948242,25.8422298431396,-1.57952642440796
20181124,6,-40,75,15000,13571.2353515625,214.5,33.5412635803223,-1.47000730037689
20181124,12,-40,75,15000,13540.0673828125,217.79997253418,30.7297611236572,0.0145898433402181
20181124,18,-40,75,15000,13520.4072265625,220.199996948242,29.6105632781982,-0.75567626953125
20181125,0,-40,75,15000,13519.0908203125,219.5,26.5490283966064,-7.21648931503296
20181125,6,-40,75,15000,13535.8720703125,220.600006103516,27.9692554473877,-9.49550819396973
20181125,12,-40,75,15000,13560.8173828125,221.300003051758,26.7586421966553,-16.9017105102539
20181125,18,-40,75,15000,13610.25390625,221.199996948242,25.9930095672607,-16.4274349212646
20181126,0,-40,75,15000,13628.9853515625,221.288055419922,27.0607719421387,-14.6938428878784
20181126,6,-40,75,15000,13642.7353515625,221.600006103516,25.3672485351563,-13.8017921447754
20181126,12,-40,75,15000,13634.8408203125,220.5,19.5533275604248,-11.6171684265137
20181126,18,-40,75,15000,13652.37890625,218,15.5753974914551,-8.872971534729
20181127,0,-40,75,15000,13654.8271484375,216.100021362305,13.4157056808472,-16.7601509094238
20181127,6,-40,75,15000,13678.3447265625,212.994720458984,16.3863716125488,-18.3378849029541
20181127,12,-40,75,15000,13696.8740234375,209.899993896484,18.7966842651367,-17.4424819946289
20181127,18,-40,75,15000,13708.5009765625,208.600006103516,20.9477157592773,-12.897292137146
20181128,0,-40,75,15000,13701.05078125,209.800003051758,21.3208274841309,-6.2772216796875
20181128,6,-40,75,15000,13683.7890625,213.087203979492,27.8820877075195,-4.45273923873901
20181128,12,-40,75,15000,13685.9990234375,215.047454833984,24.6646480560303,-9.29123497009277
20181128,18,-40,75,15000,13693.9072265625,217.199996948242,34.9792861938477,-8.55179977416992
20181129,0,-40,75,15000,13675.94140625,219.300003051758,32.4781303405762,6.4278712272644
20181129,6,-40,75,15000,13629.923828125,221.800003051758,32.4506072998047,14.2037992477417
20181129,12,-40,75,15000,13594.0283203125,220.472778320313,29.3817138671875,11.7511787414551
20181129,18,-40,75,15000,13586.0146484375,218.399993896484,29.6591739654541,12.1353054046631
20181130,0,-40,75,15000,13572.7373046875,215.831939697266,35.6975708007813,13.1770725250244
20181130,6,-40,75,15000,13553.8837890625,215.5,25.7414703369141,14.1029005050659
20181130,12,-40,75,15000,13495.3779296875,218.434448242188,23.6868515014648,15.6201705932617
20181130,18,-40,75,15000,13482.9189453125,221.399993896484,17.3793392181396,5.0383448600769
20181201,0,-40,75,15000,13465.1025390625,219.5,9.34968662261963,4.74665021896362
20181201,6,-40,75,15000,13456.271484375,220.300003051758,14.3233671188354,3.30611324310303
20181201,12,-40,75,15000,13434.49609375,221,16.667407989502,-3.51447749137878
20181201,18,-40,75,15000,13442.6416015625,221.600006103516,14.0177841186523,1.82554686069489
20181202,0,-40,75,15000,13424.27734375,221.199996948242,17.2340641021729,-2.38446044921875
20181202,6,-40,75,15000,13422.3525390625,221,14.8353309631348,0.171669915318489
20181202,12,-40,75,15000,13403.6201171875,221.090408325195,21.4463233947754,-0.0566699206829071
20181202,18,-40,75,15000,13415.287109375,222.646484375,19.3649959564209,-1.53295409679413
20181203,0,-40,75,15000,13432.4521484375,221,18.4827136993408,-3.24156260490417
20181203,6,-40,75,15000,13459.1513671875,220.565551757813,19.1078681945801,-3.52237796783447
20181203,12,-40,75,15000,13484.619140625,220.099853515625,27.856201171875,-3.32083249092102
20181203,18,-40,75,15000,13524.650390625,220.11279296875,35.2932014465332,-7.4049391746521
20181204,0,-40,75,15000,13555.537109375,219.905548095703,43.0703620910645,-11.4696683883667
20181204,6,-40,75,15000,13597.9521484375,221.40168762207,38.8508377075195,-11.7964210510254
20181204,12,-40,75,15000,13613.40234375,221.5,38.9481773376465,-4.06985855102539
20181204,18,-40,75,15000,13614.302734375,218.902908325195,35.4275245666504,-1.15278565883636
20181205,0,-40,75,15000,13591.67578125,216.773529052734,33.4174041748047,-4.04594469070435
20181205,6,-40,75,15000,13593.53515625,216.199996948242,33.286075592041,-3.22283458709717
20181205,12,-40,75,15000,13576.5087890625,214.899993896484,37.3438758850098,-1.74930667877197
20181205,18,-40,75,15000,13589.0615234375,216.199996948242,30.6945915222168,-2.01561522483826
20181206,0,-40,75,15000,13582.28515625,217.300003051758,38.4613075256348,1.92321288585663
20181206,6,-40,75,15000,13587.5263671875,217.485961914063,33.5650291442871,0.567495107650757
20181206,12,-40,75,15000,13593.806640625,216.699996948242,33.1230087280273,4.74695777893066
20181206,18,-40,75,15000,13596.0986328125,217.196243286133,37.8667144775391,9.43730449676514
20181207,0,-40,75,15000,13603.33203125,218.018951416016,30.7031688690186,3.14107179641724
20181207,6,-40,75,15000,13608.19140625,217.79997253418,34.2814140319824,10.4982128143311
20181207,12,-40,75,15000,13609.5634765625,218.584915161133,32.602783203125,3.35389161109924
20181207,18,-40,75,15000,13640.8349609375,220.090530395508,31.7028369903564,2.53616952896118
20181208,0,-40,75,15000,13649.2685546875,222.041351318359,26.9307537078857,-0.447949230670929
20181208,6,-40,75,15000,13653.7333984375,222,23.9114303588867,-2.39348149299622
20181208,12,-40,75,15000,13639.076171875,220.928634643555,21.4618453979492,-1.70811522006989
20181208,18,-40,75,15000,13638.9345703125,217.100021362305,22.5617961883545,-8.9276876449585
20181209,0,-40,75,15000,13631.076171875,216.600006103516,24.4105834960938,-8.6633129119873
20181209,6,-40,75,15000,13632.5927734375,218,21.9140129089355,-11.4609518051147
20181209,12,-40,75,15000,13616.9951171875,218.5,23.1356468200684,-11.7298707962036
20181209,18,-40,75,15000,13620.48046875,219,21.8959426879883,-12.9757223129272
20181210,0,-40,75,15000,13620.0302734375,216.143890380859,17.9986190795898,-15.6101369857788
20181210,6,-40,75,15000,13630.8662109375,214.199996948242,19.8770694732666,-15.3611087799072
20181210,12,-40,75,15000,13630.78515625,209.300003051758,22.5573768615723,-11.3265562057495
20181210,18,-40,75,15000,13629.8134765625,210.300003051758,26.9987907409668,-5.27626323699951
20181211,0,-40,75,15000,13624.9775390625,210.659957885742,30.7400207519531,-2.7998993396759
20181211,6,-40,75,15000,13624.3515625,210.100021362305,29.2155513763428,-0.317499995231628
20181211,12,-40,75,15000,13623.88671875,211.508941650391,22.3300018310547,1.45393061637878
20181211,18,-40,75,15000,13618.837890625,213.053588867188,22.160961151123,1.94968998432159
20181212,0,-40,75,15000,13601.12109375,214.100006103516,23.8036136627197,-6.14950180053711
20181212,6,-40,75,15000,13618.5322265625,213.199996948242,17.9116706848145,-3.96523427963257
20181212,12,-40,75,15000,13607.4765625,213.300140380859,17.0174388885498,-3.44434571266174
20181212,18,-40,75,15000,13584.8134765625,214.699996948242,19.334156036377,2.23542475700378
20181213,0,-40,75,15000,13540.6015625,218.899993896484,19.8672981262207,-2.15174794197083
20181213,6,-40,75,15000,13552.04296875,219.898071289063,5.87996339797974,-4.19892072677612
20181213,12,-40,75,15000,13557.580078125,218.800003051758,10.9799995422363,-3.32753419876099
20181213,18,-40,75,15000,13598.0576171875,216.350830078125,10.6739406585693,-8.53860855102539
20181214,0,-40,75,15000,13640.2529296875,209.699249267578,12.5600004196167,-25.300687789917
20181214,6,-40,75,15000,13691.4033203125,205.199996948242,10.5017890930176,-26.3094234466553
20181214,12,-40,75,15000,13732.6298828125,205.356399536133,13.5276975631714,-19.031665802002
20181214,18,-40,75,15000,13754.134765625,206.696243286133,10.6000070571899,-7.51229238510132
20181215,0,-40,75,15000,13759.201171875,209.800003051758,14.3184061050415,-2.65695071220398
20181215,6,-40,75,15000,13742.5166015625,210.458038330078,15.882776260376,-0.9114990234375
20181215,12,-40,75,15000,13722.3564453125,210.300003051758,21.0600128173828,6.94400644302368
20181215,18,-40,75,15000,13707.9833984375,209.5,21.8000049591064,6.72970962524414
20181216,0,-40,75,15000,13727.869140625,213.300003051758,20.1920604705811,-3.43662357330322
20181216,6,-40,75,15000,13767.8125,211.199996948242,18.750036239624,-3.61815929412842
20181216,12,-40,75,15000,13779.724609375,210.100006103516,15.1391630172729,-3.05338382720947
20181216,18,-40,75,15000,13796.21875,210.736618041992,16.8787651062012,2.75574707984924
20181217,0,-40,75,15000,13805.71875,210.780807495117,18.5488090515137,1.72859859466553
20181217,6,-40,75,15000,13802.05078125,211.219161987305,17.1856174468994,4.5344090461731
20181217,12,-40,75,15000,13790.107421875,212.600006103516,16.4965381622314,5.61347675323486
20181217,18,-40,75,15000,13770.1865234375,213.5,14.1498384475708,10.0240964889526
20181218,0,-40,75,15000,13741.3447265625,215.533248901367,10.8975534439087,11.2373485565186
20181218,6,-40,75,15000,13713.0771484375,216.035766601563,15.7499780654907,4.6758885383606
20181218,12,-40,75,15000,13708.9833984375,216.5,7.73088884353638,-9.65684127807617
