20180720,0,40,-35,2000,26383.998046875,219.517242431641,32.8024139404297,-15.1518650054932
20180720,6,40,-35,2000,26366.8984375,220.100006103516,32.3000183105469,-20.9324111938477
20180720,12,40,-35,2000,26346.220703125,220.399993896484,35.4347305297852,-18.9266452789307
20180720,18,40,-35,2000,26305.3671875,220.699981689453,39.2248878479004,-14.1161327362061
20180721,0,40,-35,2000,26327.474609375,220.29997253418,35.1700057983398,-9.27988243103027
20180721,6,40,-35,2000,26346.0859375,220.296264648438,30.1660137176514,-4.5285816192627
20180721,12,40,-35,2000,26391.744140625,220.300003051758,26.1100044250488,-5.04329109191895
20180721,18,40,-35,2000,26389.025390625,219.5,24.2100048065186,-5.50603008270264
20180722,0,40,-35,2000,26405.26171875,219.899993896484,23.8100051879883,-6.38003921508789
20180722,6,40,-35,2000,26405.16015625,220,23.9866409301758,-7.43120622634888
20180722,12,40,-35,2000,26412.990234375,219.800003051758,25.994234085083,-7.98856687545776
20180722,18,40,-35,2000,26383.859375,219.099975585938,27.2100105285645,-7.29461669921875
20180723,0,40,-35,2000,26393.58984375,219.699981689453,26.6100120544434,-6.92369365692139
20180723,6,40,-35,2000,26410.740234375,220.199981689453,27.5900020599365,-6.27630376815796
20180723,12,40,-35,2000,26421.2421875,219.600006103516,26.5900077819824,-3.27464485168457
20180723,18,40,-35,2000,26419.244140625,219.699996948242,25.9866676330566,-4.37878179550171
20180724,0,40,-35,2000,26447.0546875,219.779693603516,23.2804565429688,-2.41865229606628
20180724,6,40,-35,2000,26456.220703125,219.899978637695,22.680004119873,-0.968774437904358
20180724,12,40,-35,2000,26479.640625,219.699996948242,19.1900005340576,0.0203833002597094
20180724,18,40,-35,2000,26475.8203125,218.5,16.2000846862793,0.990493178367615
20180725,0,40,-35,2000,26493.552734375,219.300003051758,13.3900022506714,-1.24042963981628
20180725,6,40,-35,2000,26492.259765625,219.100006103516,15.4951734542847,-1.31689691543579
20180725,12,40,-35,2000,26496.53515625,219.100006103516,14.8099975585938,-0.925197780132294
20180725,18,40,-35,2000,26473.4140625,219.899993896484,16.2099990844727,-1.46859133243561
20180726,0,40,-35,2000,26473.365234375,220.29997253418,15.680588722229,-0.926176786422729
20180726,6,40,-35,2000,26453.154296875,221.199996948242,17.0099983215332,-1.92612063884735
20180726,12,40,-35,2000,26452.7578125,221.699996948242,20.1000003814697,-1.513916015625
20180726,18,40,-35,2000,26414.908203125,221.999969482422,21.1002883911133,-1.13123536109924
20180727,0,40,-35,2000,26399.845703125,221.999969482422,22.9066925048828,-1.48785400390625
20180727,6,40,-35,2000,26383.509765625,222.600006103516,27.3867015838623,-1.43452632427216
20180727,12,40,-35,2000,26380.3671875,222.199996948242,30.7000026702881,1.92557859420776
20180727,18,40,-35,2000,26349.1796875,222.599975585938,31.4766750335693,4.41369867324829
20180728,0,40,-35,2000,26375.462890625,223.899993896484,33.5500030517578,3.41370105743408
20180728,6,40,-35,2000,26371.712890625,223.399993896484,34.1396942138672,3.90957999229431
20180728,12,40,-35,2000,26373.71484375,223.600006103516,31.8569526672363,1.44974970817566
20180728,18,40,-35,2000,26361.197265625,222.699996948242,28.382417678833,-5.16101312637329
20180729,0,40,-35,2000,26345.98828125,222,32.9800033569336,-8.59518432617188
20180729,6,40,-35,2000,26322.642578125,221.499969482422,37.8600006103516,-7.72987079620361
20180729,12,40,-35,2000,26306.595703125,220.899978637695,38.2800064086914,-8.19080829620361
20180729,18,40,-35,2000,26273.501953125,220,39.8867378234863,-9.11668109893799
20180730,0,40,-35,2000,26270.935546875,219.999969482422,39.6901550292969,-7.98343753814697
20180730,6,40,-35,2000,26270.5859375,219.706985473633,40.1000061035156,-6.8380274772644
20180730,12,40,-35,2000,26277.890625,218.499969482422,35.5980987548828,-2.30659174919128
20180730,18,40,-35,2000,26266.669921875,218.300003051758,31.1700000762939,0.883648693561554
20180731,0,40,-35,2000,26309.953125,220.099975585938,26.2877902984619,3.40381217002869
20180731,6,40,-35,2000,26363.890625,220.79997253418,20.250337600708,4.80657005310059
20180731,12,40,-35,2000,26411.6171875,221.300003051758,14.3866577148438,5.79364490509033
20180731,18,40,-35,2000,26433.8984375,222.099975585938,7.59030294418335,1.53757810592651
20180801,0,40,-35,2000,26451.927734375,222.099975585938,7.11000728607178,-4.9992995262146
20180801,6,40,-35,2000,26457.4375,222.399993896484,10.0133199691772,-5.96372556686401
20180801,12,40,-35,2000,26447.783203125,220.899993896484,9.99000263214111,-6.12240219116211
20180801,18,40,-35,2000,26425.109375,219.699981689453,12.6905612945557,-5.12447738647461
20180802,0,40,-35,2000,26422.84765625,219.399993896484,13.8994045257568,-3.95490717887878
20180802,6,40,-35,2000,26422.70703125,219.79997253418,13.9986743927002,-2.00990962982178
20180802,12,40,-35,2000,26429.5546875,219.599975585938,15.3200025558472,-1.09795653820038
20180802,18,40,-35,2000,26424.96484375,219.600006103516,14.6200170516968,0.720097661018372
20180803,0,40,-35,2000,26433.822265625,220.399993896484,14.0200004577637,-1.17592525482178
20180803,6,40,-35,2000,26432.712890625,221,18.6233901977539,-1.13538086414337
20180803,12,40,-35,2000,26448.560546875,220.632125854492,23.9099998474121,2.32986807823181
20180803,18,40,-35,2000,26436.314453125,221.300003051758,23.1002635955811,1.24956548213959
20180804,0,40,-35,2000,26456.240234375,222.199996948242,21.2999973297119,-4.94524431228638
20180804,6,40,-35,2000,26456.33203125,223.099975585938,22.7000045776367,-7.47723388671875
20180804,12,40,-35,2000,26451.4140625,223.199981689453,24.0701522827148,-7.21635484695435
20180804,18,40,-35,2000,26402.806640625,222.300003051758,25.2499942779541,-7.70867204666138
20180805,0,40,-35,2000,26397.11328125,223.600006103516,27.6064529418945,-6.94253396987915
20180805,6,40,-35,2000,26395.341796875,224.100006103516,31.1827831268311,-7.5400538444519
20180805,12,40,-35,2000,26375.140625,223.399993896484,33.140007019043,-5.53328847885132
20180805,18,40,-35,2000,26326.921875,221.699996948242,33.995777130127,-2.99721312522888
20180806,0,40,-35,2000,26317.5625,222.5,32.7097816467285,-3.87956666946411
20180806,6,40,-35,2000,26288.3125,220.699996948242,35.975772857666,-6.28520011901855
20180806,12,40,-35,2000,26273.5234375,219.5,40.27978515625,-3.23306751251221
20180806,18,40,-35,2000,26253.58984375,218.599975585938,35.371768951416,0.494465321302414
20180807,0,40,-35,2000,26273.4140625,218.399993896484,31.1834125518799,3.42504024505615
20180807,6,40,-35,2000,26294.740234375,219.5,27.5868015289307,3.98062872886658
20180807,12,40,-35,2000,26341.494140625,219.599975585938,24.6812324523926,3.35721802711487
20180807,18,40,-35,2000,26346.6640625,219.399993896484,21.783088684082,2.90575933456421
20180808,0,40,-35,2000,26375.66796875,219.699981689453,18.2772655487061,1.03861820697784
20180808,6,40,-35,2000,26392.94921875,221.099975585938,18.7004814147949,-3.22863292694092
20180808,12,40,-35,2000,26409.607421875,220.899993896484,18.7000102996826,-4.22843980789185
20180808,18,40,-35,2000,26388.982421875,219.600006103516,18.5800075531006,-5.51793479919434
20180809,0,40,-35,2000,26380.828125,220.750732421875,18.9000015258789,-9.67262172698975
20180809,6,40,-35,2000,26372.9765625,219.800003051758,24.9986572265625,-8.72210216522217
20180809,12,40,-35,2000,26365.51953125,219.099975585938,27.0900211334229,-2.76716065406799
20180809,18,40,-35,2000,26342.1953125,218.899993896484,26.1883277893066,-1.97384762763977
20180810,0,40,-35,2000,26354.52734375,219.099975585938,25.9700088500977,-3.22006344795227
20180810,6,40,-35,2000,26350.359375,219.099975585938,28.1900100708008,-3.69248056411743
20180810,12,40,-35,2000,26353.568359375,218.128616333008,28.2000045776367,1.71439456939697
20180810,18,40,-35,2000,26333.244140625,217.800003051758,26.4000053405762,2.57474112510681
20180811,0,40,-35,2000,26332.900390625,217.599365234375,24.4800148010254,0.867824733257294
20180811,6,40,-35,2000,26352.935546875,217.199981689453,23.4900360107422,0.616252422332764
20180811,12,40,-35,2000,26376.26953125,215.499969482422,23.4900054931641,1.23438715934753
20180811,18,40,-35,2000,26346.63671875,214.300003051758,22.2900161743164,3.15381836891174
20180812,0,40,-35,2000,26354.205078125,214,22.8800067901611,1.96240472793579
20180812,6,40,-35,2000,26362.572265625,215.199981689453,22.3800048828125,4.87588739395142
20180812,12,40,-35,2000,26383.234375,214.800003051758,18.1904830932617,6.23991441726685
20180812,18,40,-35,2000,26371.185546875,215.399993896484,16.8882255554199,5.21992206573486
20180813,0,40,-35,2000,26393.552734375,216.999969482422,16.1900081634521,6.09723520278931
20180813,6,40,-35,2000,26399.875,217.199981689453,14.880012512207,4.85523080825806
20180813,12,40,-35,2000,26401.51953125,216.699996948242,17.0802345275879,2.6943531036377
20180813,18,40,-35,2000,26380.10546875,217.29997253418,18.4830646514893,2.57680416107178
20180814,0,40,-35,2000,26362.091796875,216.899993896484,18.8834323883057,0.807668447494507
20180814,6,40,-35,2000,26335.443359375,216.708084106445,24.5700130462646,-1.47798585891724
20180814,12,40,-35,2000,26315.7890625,216,29.4900054931641,0.781682133674622
20180814,18,40,-35,2000,26273.5859375,215.100006103516,33.8899993896484,3.61056876182556
20180815,0,40,-35,2000,26268.072265625,215.899993896484,34.0800590515137,7.8365650177002
20180815,6,40,-35,2000,26302.27734375,216.899993896484,29.4000129699707,11.5794649124146
20180815,12,40,-35,2000,26341.927734375,215.999969482422,26.2800045013428,11.1169166564941
20180815,18,40,-35,2000,26339.716796875,215.5,24.7800064086914,12.3904886245728
20180816,0,40,-35,2000,26361.80078125,215.100006103516,23.360013961792,11.9114894866943
20180816,6,40,-35,2000,26377.859375,216.600006103516,22.3798732757568,10.6178417205811
20180816,12,40,-35,2000,26406.55078125,217.099975585938,21.2000045776367,6.97400856018066
20180816,18,40,-35,2000,26399.1171875,217,20.9800071716309,7.56000709533691
20180817,0,40,-35,2000,26419.806640625,217.5,18.6800003051758,5.48321294784546
20180817,6,40,-35,2000,26434.560546875,217.899993896484,17.7900104522705,5.86933088302612
20180817,12,40,-35,2000,26457.712890625,217.800003051758,16.2958393096924,9.1080150604248
20180817,18,40,-35,2000,26460.359375,218.699996948242,11.5900077819824,9.28571510314941
20180818,0,40,-35,2000,26503.529296875,219.29997253418,8.59000778198242,6.35604000091553
20180818,6,40,-35,2000,26522.095703125,219.920501708984,8.36648464202881,7.49836158752441
20180818,12,40,-35,2000,26562.22265625,222,6.3899998664856,8.59886741638184
20180818,18,40,-35,2000,26569.216796875,222.100006103516,4.59253406524658,6.26531028747559
20180819,0,40,-35,2000,26598.390625,223.699996948242,4.08234357833862,7.45609855651855
20180819,6,40,-35,2000,26622.154296875,225.300003051758,3.48000001907349,5.78703355789185
20180819,12,40,-35,2000,26638.810546875,225.29997253418,2.87000250816345,6.60242176055908
20180819,18,40,-35,2000,26615.169921875,226.600006103516,0.0799975618720055,5.30275392532349
20180820,0,40,-35,2000,26638.869140625,227.599975585938,0.389807134866714,1.68037104606628
20180820,6,40,-35,2000,26627.087890625,227.899993896484,2.18048334121704,-0.0695898458361626
20180820,12,40,-35,2000,26625.61328125,227.29997253418,3.70004391670227,-0.550805687904358
20180820,18,40,-35,2000,26589.7734375,227.199981689453,4.78000259399414,-3.37786626815796
20180821,0,40,-35,2000,26576.08984375,226.999969482422,7.30697250366211,-5.60007333755493
20180821,6,40,-35,2000,26542.380859375,226.999969482422,11.7000074386597,-5.54569101333618
20180821,12,40,-35,2000,26546.33203125,226.699996948242,13.9767332077026,-4.50339365005493
20180821,18,40,-35,2000,26504.205078125,226.100006103516,15.3557176589966,-3.14079356193542
20180822,0,40,-35,2000,26517.552734375,226.699996948242,16.1800098419189,-3.88266611099243
20180822,6,40,-35,2000,26517.099609375,226.399993896484,18.0777740478516,0.649709463119507
20180822,12,40,-35,2000,26540.91015625,226.300003051758,15.3741750717163,3.0864429473877
20180822,18,40,-35,2000,26518.85546875,225.5,13.580002784729,2.9138720035553
20180823,0,40,-35,2000,26554.419921875,226.399993896484,12.5800094604492,3.20654773712158
20180823,6,40,-35,2000,26570.08984375,226.199981689453,11.8846483230591,4.81006336212158
20180823,12,40,-35,2000,26592.26171875,226.399978637695,7.9967360496521,5.53550291061401
20180823,18,40,-35,2000,26570.560546875,226.206985473633,6.69340801239014,4.20034646987915
20180824,0,40,-35,2000,26597.1171875,227.5,5.08769035339355,3.04607176780701
20180824,6,40,-35,2000,26588.470703125,227.699981689453,6.49331045150757,3.19809079170227
20180824,12,40,-35,2000,26603.6875,227.800003051758,5.49001216888428,3.1435706615448
20180824,18,40,-35,2000,26568.10546875,228.499969482422,5.11223649978638,0.990296602249146
20180825,0,40,-35,2000,26577.19921875,228.399993896484,6.39104270935059,-2.00885987281799
20180825,6,40,-35,2000,26550.607421875,228.600006103516,8.58001232147217,-1.42256593704224
20180825,12,40,-35,2000,26553.529296875,227.899993896484,9.08000755310059,-1.91740238666534
20180825,18,40,-35,2000,26504.091796875,227.399993896484,11.6800050735474,-3.38659906387329
20180826,0,40,-35,2000,26510.16015625,227.899993896484,12.6800117492676,-2.8332347869873
20180826,6,40,-35,2000,26498.9765625,227.199996948242,13.8886108398438,-1.61086177825928
20180826,12,40,-35,2000,26522.60546875,226.300003051758,13.0600023269653,0.0695922821760178
20180826,18,40,-35,2000,26491.732421875,226.293014526367,12.5000028610229,-0.0980102568864822
20180827,0,40,-35,2000,26518.044921875,225.600006103516,13.3626050949097,-2.33557367324829
20180827,6,40,-35,2000,26514.6640625,225.399993896484,15.8999996185303,-2.96154046058655
20180827,12,40,-35,2000,26519.876953125,224.699981689453,18.2800102233887,-1.81550776958466
20180827,18,40,-35,2000,26483.802734375,224.5,18.3811626434326,-2.54261231422424
20180828,0,40,-35,2000,26485.7578125,224.600006103516,19.380012512207,-4.68550539016724
20180828,6,40,-35,2000,26461.177734375,224,23.7000141143799,-1.38244390487671
20180828,12,40,-35,2000,26450.40234375,224.100006103516,24.6700000762939,0.571428239345551
20180828,18,40,-35,2000,26416.693359375,224.300003051758,25.0799980163574,2.03687977790833
20180829,0,40,-35,2000,26429.9375,224.199981689453,21.3822250366211,5.52005481719971
20180829,6,40,-35,2000,26443.546875,223.899978637695,22.2699947357178,6.36365222930908
20180829,12,40,-35,2000,26472.76171875,221.800003051758,20.6577758789063,7.6307225227356
20180829,18,40,-35,2000,26450.48046875,219.399993896484,20.2700023651123,4.68779563903809
20180830,0,40,-35,2000,26463.1171875,219.199981689453,20.6700019836426,1.63001096248627
20180830,6,40,-35,2000,26464.828125,218.800003051758,22.9700145721436,-2.08692622184753
20180830,12,40,-35,2000,26466.984375,217.199981689453,23.1680583953857,-1.74241697788239
20180830,18,40,-35,2000,26436.115234375,217.599975585938,22.9932250976563,-5.25951671600342
20180831,0,40,-35,2000,26453.7578125,216.800003051758,23.7800102233887,-5.48271226882935
20180831,6,40,-35,2000,26448.408203125,217.79997253418,23.3750057220459,-2.55684947967529
20180831,12,40,-35,2000,26464.685546875,217.79997253418,22.1800174713135,-1.85227656364441
20180831,18,40,-35,2000,26439.947265625,217.5,20.7600021362305,-0.968979477882385
20180901,0,40,-35,2000,26474.158203125,218.600006103516,18.6731662750244,-1.79094731807709
20180901,6,40,-35,2000,26476.130859375,218,18.5797824859619,-0.906014382839203
20180901,12,40,-35,2000,26499.734375,218.899978637695,16.5086135864258,0.139519035816193
20180901,18,40,-35,2000,26488.158203125,218.56787109375,14.8653907775879,0.709951162338257
20180902,0,40,-35,2000,26507.20703125,219.899978637695,13.9117212295532,-0.860202610492706
20180902,6,40,-35,2000,26526.98828125,220.499481201172,12.4876070022583,-0.00788574200123549
20180902,12,40,-35,2000,26564.9453125,220.999969482422,10.9099979400635,-1.09025883674622
20180902,18,40,-35,2000,26543.533203125,221.399993896484,10.3786182403564,-1.12253904342651
20180903,0,40,-35,2000,26582.33203125,222.79997253418,9.31001472473145,-3.56360340118408
20180903,6,40,-35,2000,26590.01953125,223.099975585938,10.0800123214722,-3.06251454353333
20180903,12,40,-35,2000,26613.0078125,224.199996948242,7.98778820037842,-2.32410645484924
20180903,18,40,-35,2000,26585.41796875,224.100006103516,8.18000221252441,-5.12580585479736
20180904,0,40,-35,2000,26602.470703125,225.100006103516,7.88000965118408,-5.97853517532349
20180904,6,40,-35,2000,26596.435546875,225,8.50000286102295,-6.55017566680908
20180904,12,40,-35,2000,26603.2890625,225.599975585938,8.58325958251953,-8.44457244873047
20180904,18,40,-35,2000,26552.658203125,224.499969482422,10.3862943649292,-8.30017375946045
20180905,0,40,-35,2000,26557.732421875,224.899993896484,9.00000476837158,-10.2708301544189
20180905,6,40,-35,2000,26547.515625,224.800003051758,12.7066602706909,-9.35478496551514
20180905,12,40,-35,2000,26552.7734375,224.5,12.8000001907349,-8.9899435043335
20180905,18,40,-35,2000,26502.19921875,223.199996948242,12.3800001144409,-10.306227684021
20180906,0,40,-35,2000,26507.009765625,223.399978637695,14.1200046539307,-13.1898880004883
20180906,6,40,-35,2000,26488.67578125,223.800003051758,17.7999992370605,-11.8914155960083
20180906,12,40,-35,2000,26504.240234375,223.5,18.0000057220459,-10.7181034088135
20180906,18,40,-35,2000,26475.71484375,223.263641357422,18.8141021728516,-9.50158214569092
20180907,0,40,-35,2000,26510.3828125,223.710006713867,17.8000030517578,-8.7003345489502
20180907,6,40,-35,2000,26538.73828125,224.800003051758,16.7050094604492,-3.14543461799622
20180907,12,40,-35,2000,26581.1640625,224.5,10.7000045776367,-2.75339365005493
20180907,18,40,-35,2000,26574.82421875,225.699996948242,7.08093023300171,-2.01152348518372
20180908,0,40,-35,2000,26629.873046875,226.199981689453,2.8800048828125,-6.1072678565979
20180908,6,40,-35,2000,26646.455078125,226.399993896484,3.10778570175171,-4.65876483917236
20180908,12,40,-35,2000,26679.80078125,226.199996948242,-0.819999992847443,-4.65658187866211
20180908,18,40,-35,2000,26644.580078125,225.499969482422,-1.86138916015625,-8.89988994598389
20180909,0,40,-35,2000,26680.830078125,225.899978637695,-0.299996942281723,-10.2999019622803
20180909,6,40,-35,2000,26677.1328125,226.499969482422,0.0890167206525803,-8.79990196228027
20180909,12,40,-35,2000,26696.619140625,226.399993896484,-0.200000002980232,-8.59990215301514
20180909,18,40,-35,2000,26668.55078125,226.300003051758,0,-10.0000791549683
20180910,0,40,-35,2000,26676.775390625,227.29997253418,0.400000005960464,-11.3000793457031
20180910,6,40,-35,2000,26679.14453125,228.29997253418,2.40001535415649,-9.89990234375
20180910,12,40,-35,2000,26685.9609375,227.199981689453,1.20000302791595,-9.50775718688965
20180910,18,40,-35,2000,26639.03515625,227.300003051758,2.90000009536743,-10.0999326705933
20180911,0,40,-35,2000,26651.310546875,227.999969482422,2.06911611557007,-11.1399536132813
20180911,6,40,-35,2000,26642.8984375,228,5.30000734329224,-9.88005828857422
20180911,12,40,-35,2000,26664.86328125,227.599975585938,4.40000486373901,-7.89600086212158
20180911,18,40,-35,2000,26619.83203125,227,3.37670660018921,-8.43400859832764
20180912,0,40,-35,2000,26635.259765625,226.899993896484,3.57999515533447,-12.4197359085083
20180912,6,40,-35,2000,26628.357421875,227.399993896484,5.40999984741211,-11.8325443267822
20180912,12,40,-35,2000,26639.1875,227,5.07999992370605,-11.8447217941284
20180912,18,40,-35,2000,26580.8828125,226.399978637695,6.77497053146362,-16.0818710327148
20180913,0,40,-35,2000,26596.005859375,227,9.70842933654785,-16.7998905181885
20180913,6,40,-35,2000,26577.6171875,226.399627685547,11.3000030517578,-14.6868772506714
20180913,12,40,-35,2000,26593.4921875,226.300003051758,9.49189472198486,-14.6332521438599
20180913,18,40,-35,2000,26539.783203125,225.100006103516,10.5,-16.1593379974365
20180914,12,40,-35,2000,26503.69921875,224.600006103516,16.2000045776367,-14.3885679244995
20180914,18,40,-35,2000,26433.193359375,222.79997253418,19.2222213745117,-15.3894529342651
20180915,0,40,-35,2000,26440.3671875,222.5,25.1150016784668,-12.7999267578125
20180915,6,40,-35,2000,26448.716796875,222.399993896484,26.6000022888184,0.100128173828125
20180915,12,40,-35,2000,26494.591796875,222.100006103516,13.5038576126099,7.71903705596924
20180915,18,40,-35,2000,26496.244140625,221.099975585938,7.99999713897705,2.39985346794128
20180916,0,40,-35,2000,26545.703125,220.699981689453,8.67197513580322,1.38963866233826
20180916,12,40,-35,2000,26593.921875,221,5.66000509262085,-0.00262939464300871
20180916,18,40,-35,2000,26567.630859375,221.29997253418,6.20659923553467,-0.00945312529802322
20180917,0,40,-35,2000,26599.32421875,221,4.69000244140625,-1.11303949356079
20180917,6,40,-35,2000,26606.484375,221.5,5.5,0.385561525821686
20180917,12,40,-35,2000,26630.142578125,221.599319458008,4.70000267028809,0.824895024299622
20180917,18,40,-35,2000,26607.091796875,220.699996948242,3.78500008583069,2.29822993278503
20180918,0,40,-35,2000,26638.779296875,221.100006103516,1.28000736236572,2.36371088027954
20180918,6,40,-35,2000,26653.056640625,221.5,0.588618159294128,1.5813866853714
20180918,12,40,-35,2000,26673.775390625,220.999969482422,0.680002450942993,2.4550244808197
20180918,18,40,-35,2000,26645.33203125,221.199996948242,-1.41999506950378,2.92378425598145
20180919,0,40,-35,2000,26668.796875,221.699981689453,-1.31999516487122,0.452607423067093
20180919,6,40,-35,2000,26680.65234375,222.399978637695,-0.919997572898865,2.41112303733826
20180919,12,40,-35,2000,26702.494140625,222.5,-3.61999750137329,3.9802782535553
20180919,18,40,-35,2000,26681.703125,223.399978637695,-5.93659400939941,3.4861888885498
20180920,0,40,-35,2000,26723.716796875,224.099975585938,-7.0200023651123,0.708994150161743
20180920,6,40,-35,2000,26735.216796875,224.29997253418,-8.21999549865723,-0.919235825538635
20180920,12,40,-35,2000,26762.72265625,224.499969482422,-8.71999740600586,-1.2239648103714
20180920,18,40,-35,2000,26730.626953125,224.5,-9.69410610198975,-3.19639897346497
20180921,0,40,-35,2000,26749.5703125,224.600006103516,-9.20999240875244,-6.88207054138184
20180921,6,40,-35,2000,26732.490234375,224.300003051758,-8.06003570556641,-5.77243041992188
20180921,12,40,-35,2000,26746.115234375,224.100006103516,-7.19526815414429,-7.09989643096924
20180921,18,40,-35,2000,26695.79296875,223.636352539063,-5.5,-6.43983745574951
20180922,0,40,-35,2000,26713.244140625,224,-4.19999980926514,-7.7752685546875
20180922,6,40,-35,2000,26710.244140625,224,-2.13138270378113,-2.13327646255493
20180922,12,40,-35,2000,26737.615234375,223.910034179688,-5.40000009536743,-0.800012230873108
20180922,18,40,-35,2000,26710.220703125,224.100006103516,-7.30000019073486,1.10004270076752
20180923,0,40,-35,2000,26746.48828125,224.699996948242,-9.89999389648438,-1.37238764762878
20180923,6,40,-35,2000,26759.126953125,225,-9.79999828338623,-0.354986578226089
20180923,12,40,-35,2000,26789.46484375,225.300003051758,-11.7000026702881,-1.29999387264252
20180923,18,40,-35,2000,26756.75,225.699981689453,-10.8999996185303,-1.88107907772064
20180924,0,40,-35,2000,26794.33984375,226.699996948242,-10.9999971389771,-3.48106074333191
20180924,6,40,-35,2000,26785.474609375,227.100006103516,-9.44887733459473,-1.79244387149811
20180924,12,40,-35,2000,26800.330078125,227.199996948242,-10.1999998092651,-0.71881103515625
20180924,18,40,-35,2000,26760.654296875,227.100006103516,-10.3000030517578,0.13385009765625
20180925,0,40,-35,2000,26791.515625,227,-10.1999969482422,-0.599981665611267
20180925,6,40,-35,2000,26778.359375,227.699996948242,-8.69997406005859,3.0517578125e-05
20180925,12,40,-35,2000,26784.419921875,226.899993896484,-8.54673480987549,1.00008547306061
20180925,18,40,-35,2000,26741.52734375,226.499969482422,-8.80998802185059,1.09214842319489
20180926,0,40,-35,2000,26746.72265625,226.100006103516,-7.1380443572998,-0.733120143413544
20180926,6,40,-35,2000,26732.134765625,225.79997253418,-5.80999994277954,0.312558591365814
20180926,12,40,-35,2000,26734.150390625,224.800003051758,-5.9100022315979,1.06773436069489
20180926,18,40,-35,2000,26674.255859375,224.399993896484,-4.90999269485474,-1.28879642486572
20180927,0,40,-35,2000,26687.265625,224.399993896484,-2.8079297542572,-2.39830327033997
20180927,6,40,-35,2000,26677.67578125,224.09162902832,-1.10999512672424,-1.76280522346497
20180927,12,40,-35,2000,26681.275390625,224,-1.01999509334564,-0.552863776683807
20180927,18,40,-35,2000,26639.27734375,223.600006103516,-0.819999992847443,-0.572226583957672
20180928,0,40,-35,2000,26669.591796875,223.5,-0.611218273639679,-0.569929182529449
20180928,6,40,-35,2000,26671.939453125,223.399978637695,-1.13999760150909,1.06133544445038
20180928,12,40,-35,2000,26683.0703125,223.199996948242,-3.71777582168579,0.531979978084564
20180928,18,40,-35,2000,26655.0859375,222.300003051758,-3.51860594749451,-1.11123538017273
20180929,0,40,-35,2000,26674.1484375,222.399993896484,-4.71625232696533,-2.7327196598053
20180929,6,40,-35,2000,26685.703125,222.599975585938,-2.01999759674072,-2.85539793968201
20180929,12,40,-35,2000,26696.80078125,222,-2.61999988555908,-0.581640601158142
20180929,18,40,-35,2000,26669.927734375,221.699981689453,-3.51999998092651,-0.964204072952271
20180930,0,40,-35,2000,26693.265625,222.199996948242,-3.89632320404053,-1.54416012763977
20180930,6,40,-35,2000,26706.01171875,222.29997253418,-3.81750965118408,1.62510740756989
20180930,12,40,-35,2000,26727.04296875,222.399993896484,-6.1100001335144,2.39184093475342
20180930,18,40,-35,2000,26691.439453125,222.29997253418,-7.30999994277954,2.62035155296326
20181001,0,40,-35,2000,26727.9140625,223.199996948242,-9.71000003814697,2.89994621276855
20181001,6,40,-35,2000,26735.919921875,224,-10.3100004196167,3.3560254573822
20181001,12,40,-35,2000,26752.3515625,224,-11.9099979400635,4.65284156799316
20181001,18,40,-35,2000,26724.640625,224.100006103516,-12.9099979400635,5.23558855056763
20181002,0,40,-35,2000,26751.67578125,224.699996948242,-15.0099973678589,3.9383008480072
20181002,6,40,-35,2000,26757.537109375,225.699996948242,-14.9099903106689,5.20221662521362
20181002,12,40,-35,2000,26782.2734375,225.599975585938,-18.1199970245361,5.82740211486816
20181002,18,40,-35,2000,26741.8515625,225.611618041992,-18.9299945831299,4.02316665649414
20181003,0,40,-35,2000,26772.029296875,226.5,-19.9099979400635,2.3243944644928
20181003,6,40,-35,2000,26776.712890625,227.336029052734,-19.209997177124,0.740654289722443
20181003,12,40,-35,2000,26791.134765625,227.699996948242,-18.1000003814697,-1.25470459461212
20181003,18,40,-35,2000,26752.017578125,227.423049926758,-17,-1.47004389762878
20181004,0,40,-35,2000,26766.373046875,227.899993896484,-17.2999973297119,-3.34256339073181
20181004,6,40,-35,2000,26754.171875,227.99723815918,-14.0799827575684,-3.33184337615967
20181004,12,40,-35,2000,26756.5703125,227.699996948242,-15.1852540969849,-2.09933829307556
20181004,18,40,-35,2000,26703.65234375,226.399993896484,-14.6099977493286,-2.48040294647217
20181005,0,40,-35,2000,26725.5,225.884811401367,-14.0100021362305,-4.23030996322632
20181005,6,40,-35,2000,26711.134765625,224.999969482422,-10.7899904251099,-1.73577392101288
20181005,12,40,-35,2000,26730.556640625,224.600006103516,-12.9099922180176,-2.15768551826477
20181005,18,40,-35,2000,26686.36328125,223.199996948242,-11.210000038147,-0.529733896255493
20181006,0,40,-35,2000,26718.150390625,223.699981689453,-13.6024827957153,-2.01695561408997
20181006,6,40,-35,2000,26723.546875,223.688919067383,-12.6102857589722,-0.533076167106628
20181006,12,40,-35,2000,26756.77734375,223.713531494141,-15.0099925994873,-0.660532236099243
20181006,18,40,-35,2000,26732.123046875,224,-14.710000038147,-1.63806641101837
20181007,0,40,-35,2000,26761.873046875,224.800003051758,-16.0100002288818,-3.11114263534546
20181007,6,40,-35,2000,26770.51171875,224.800003051758,-15.6099948883057,-2.199951171875
20181007,12,40,-35,2000,26799.544921875,225.600006103516,-17.3099975585938,-2.3357470035553
20181007,18,40,-35,2000,26767.79296875,225.199996948242,-15.710000038147,-3.26677250862122
20181008,0,40,-35,2000,26791.17578125,225.300003051758,-15.3099946975708,-3.92760753631592
20181008,6,40,-35,2000,26785.640625,225.800003051758,-15.6100025177002,-3.19575691223145
20181008,12,40,-35,2000,26801.443359375,226.300003051758,-16.6899967193604,-4.78727054595947
20181008,18,40,-35,2000,26764.546875,226.8466796875,-15.5900001525879,-5.4943699836731
20181009,0,40,-35,2000,26806.775390625,227.604568481445,-15.2124881744385,-5.79979991912842
20181009,6,40,-35,2000,26793.615234375,228,-13.9899997711182,-4.79283714294434
20181009,12,40,-35,2000,26812.845703125,229,-15.8900003433228,-5.43718767166138
20181009,18,40,-35,2000,26783.662109375,229.800003051758,-14.9899978637695,-7.18099117279053
20181010,0,40,-35,2000,26807.07421875,230.099975585938,-14.6099977493286,-7.38155269622803
20181010,6,40,-35,2000,26795.498046875,230.29997253418,-13.6199979782104,-6.45687484741211
20181010,12,40,-35,2000,26808.724609375,229.5,-13.1899976730347,-5.78740739822388
20181010,18,40,-35,2000,26745.658203125,228.800003051758,-11.5900001525879,-4.17854499816895
20181011,0,40,-35,2000,26759.59765625,228.5,-11.3099899291992,-5.24794673919678
20181011,6,40,-35,2000,26739.27734375,227.699996948242,-7.6100001335144,-4.42442893981934
20181011,12,40,-35,2000,26739.216796875,227,-6.51000261306763,-1.79822504520416
20181011,18,40,-35,2000,26690.26171875,226.79997253418,-6.19000005722046,-1.44967770576477
20181012,0,40,-35,2000,26706.46484375,226.79997253418,-6.31999492645264,-1.52454102039337
20181012,6,40,-35,2000,26709.533203125,226.499969482422,-4.48999500274658,0.615224599838257
20181012,12,40,-35,2000,26718.26953125,226.100006103516,-7.71249008178711,3.56741213798523
20181012,18,40,-35,2000,26688.875,225.600006103516,-8.8099946975708,2.49957513809204
20181013,0,40,-35,2000,26710.556640625,225.599975585938,-9.40999507904053,2.09622550010681
20181013,6,40,-35,2000,26710.529296875,226.199981689453,-10.1100854873657,2.09106922149658
20181013,12,40,-35,2000,26740.3203125,225.399993896484,-11.8123970031738,3.77852058410645
20181013,18,40,-35,2000,26703.58203125,224.5,-11.4099998474121,2.48279285430908
20181014,0,40,-35,2000,26724.828125,224.899978637695,-13.5100021362305,2.80387210845947
20181014,6,40,-35,2000,26739.1171875,224.599975585938,-12.5132417678833,2.34001469612122
20181014,12,40,-35,2000,26757.134765625,224,-13.3399972915649,3.15522456169128
20181014,18,40,-35,2000,26718.248046875,223.100006103516,-12.9200019836426,3.52406239509583
20181015,0,40,-35,2000,26745.419921875,223.899993896484,-13.3099946975708,1.09998285770416
20181015,6,40,-35,2000,26739.28515625,222.792526245117,-12.403356552124,2.75409173965454
20181015,12,40,-35,2000,26759.154296875,223.399978637695,-16.7000007629395,2.44401121139526
20181015,18,40,-35,2000,26715.693359375,221.899993896484,-14.9099979400635,1.30748045444489
20181016,0,40,-35,2000,26736.109375,222.699996948242,-18.3099994659424,0.891328096389771
20181016,6,40,-35,2000,26735.619140625,222.699996948242,-15.6299924850464,-0.311040043830872
20181016,12,40,-35,2000,26745.982421875,222.100006103516,-15.6199998855591,1.13386476039886
20181016,18,40,-35,2000,26698.8359375,221.300003051758,-14.7100048065186,1.58334958553314
20181017,0,40,-35,2000,26714.9140625,220.999969482422,-13.8400001525879,0.473325192928314
20181017,6,40,-35,2000,26692.517578125,220.899978637695,-12.210000038147,1.01241457462311
20181017,12,40,-35,2000,26699.267578125,219.800003051758,-11.3099946975708,2.69132089614868
20181017,18,40,-35,2000,26647.22265625,218.899993896484,-10.7099857330322,1.94427001476288
20181018,0,40,-35,2000,26668.04296875,219.399993896484,-9.71000003814697,0.507910132408142
20181018,6,40,-35,2000,26659.630859375,218.800003051758,-9.82999515533447,0.384057611227036
20181018,12,40,-35,2000,26677.59765625,219.5,-9.48999500274658,-0.258027344942093
20181018,18,40,-35,2000,26634.36328125,219.300003051758,-10.0100002288818,-1.5889014005661
20181019,0,40,-35,2000,26662.818359375,220,-9.01000022888184,-3.41728019714355
20181019,6,40,-35,2000,26662.037109375,220.699981689453,-9.3100004196167,-3.41643071174622
20181019,18,40,-35,2000,26630.587890625,220.29997253418,-9.8100004196167,-3.96765613555908
20181020,0,40,-35,2000,26664.056640625,220.79997253418,-10.5092554092407,-7.16799306869507
20181020,6,40,-35,2000,26682.748046875,220.872650146484,-8.68999290466309,-5.74993181228638
20181020,12,40,-35,2000,26696.4140625,220.79997253418,-10.515266418457,-5.32380867004395
20181020,18,40,-35,2000,26667.755859375,220.699981689453,-10.9899978637695,-6.02778816223145
20181021,0,40,-35,2000,26711.650390625,221.600006103516,-10.9099826812744,-7.78518533706665
20181021,6,40,-35,2000,26731.32421875,221.899993896484,-10.5100002288818,-4.71845197677612
20181021,12,40,-35,2000,26746.34765625,221.399978637695,-14.1199979782104,-3.48689937591553
20181021,18,40,-35,2000,26711.912109375,222.100006103516,-15.7099952697754,-3.3911304473877
20181022,0,40,-35,2000,26752.22265625,223.300003051758,-15.8899898529053,-3.93791508674622
20181022,6,40,-35,2000,26765.580078125,224.199996948242,-15.4144334793091,-1.95467531681061
20181022,12,40,-35,2000,26783.685546875,224.399993896484,-18.3099975585938,0.65960693359375
20181022,18,40,-35,2000,26745.970703125,224.899978637695,-20.1099948883057,1.01925539970398
20181023,0,40,-35,2000,26775.44921875,225.399948120117,-20.4099998474121,0.919750988483429
20181023,6,40,-35,2000,26785.759765625,225,-19.901948928833,0.530048847198486
20181023,12,40,-35,2000,26789.0625,224.699981689453,-20.5983467102051,0.659167468547821
20181023,18,40,-35,2000,26745.47265625,224,-19.7083492279053,-0.00995117146521807
20181024,0,40,-35,2000,26768.814453125,224.5,-18.9999980926514,-0.886513650417328
20181024,6,40,-35,2000,26758.5625,223.79997253418,-17.609992980957,-1.18973875045776
20181024,12,40,-35,2000,26763.455078125,223.100006103516,-17.7000026702881,0.475148916244507
20181024,18,40,-35,2000,26717.08984375,222.899993896484,-19.5099945068359,-0.0278613287955523
20181025,0,40,-35,2000,26741.794921875,223.600006103516,-19.5047264099121,-4.16602277755737
20181025,6,40,-35,2000,26753.07421875,223.600006103516,-17.4999942779541,-1.66662359237671
20181025,12,40,-35,2000,26756.984375,223.29997253418,-20.6147308349609,0.421840816736221
20181025,18,40,-35,2000,26720.5078125,223.300003051758,-21.5052680969238,-1.38599121570587
20181026,0,40,-35,2000,26749.359375,224.300003051758,-21.2899951934814,-3.54401850700378
20181026,6,40,-35,2000,26759.591796875,224.79997253418,-20.5100002288818,-2.83658194541931
20181026,12,40,-35,2000,26774.8203125,224.399978637695,-20.6100025177002,-1.59405279159546
20181026,18,40,-35,2000,26738.919921875,224.300003051758,-21.4099922180176,-2.29351568222046
20181027,0,40,-35,2000,26763.619140625,225.100006103516,-19.9091701507568,-3.78861808776855
20181027,6,40,-35,2000,26766.26953125,225.099975585938,-18.2099952697754,-2.30038094520569
20181027,12,40,-35,2000,26776.8515625,224.399993896484,-19.0100040435791,-1.56959474086761
20181027,18,40,-35,2000,26728.376953125,224.899993896484,-20.1100025177002,-1.62788331508636
20181028,0,40,-35,2000,26746.232421875,225.5,-18.4099979400635,-4.93651390075684
20181028,6,40,-35,2000,26747.5078125,225.300003051758,-15.9099922180176,-2.0726146697998
20181028,12,40,-35,2000,26749.42578125,224.600006103516,-17.4100017547607,-1.58589112758636
20181028,18,40,-35,2000,26711.462890625,225.29997253418,-16.5099983215332,-2.14848399162292
20181029,0,40,-35,2000,26727.318359375,225.399978637695,-14.5099925994873,-3.17720222473145
20181029,6,40,-35,2000,26729.2890625,225.100006103516,-12.6099853515625,-0.558698713779449
20181029,12,40,-35,2000,26731.2265625,223.800003051758,-14.5094022750854,-0.0359570309519768
20181029,18,40,-35,2000,26693.466796875,224.300003051758,-13.9099998474121,-0.553020000457764
20181030,0,40,-35,2000,26705.109375,224.199996948242,-13.7151098251343,-1.30667233467102
20181030,6,40,-35,2000,26710.623046875,223.699996948242,-11.9368295669556,0.254670411348343
20181030,12,40,-35,2000,26713.7421875,223,-14.1162014007568,0.0680175796151161
20181030,18,40,-35,2000,26665.619140625,222.800003051758,-12.5494966506958,-0.505566418170929
20181031,0,40,-35,2000,26680.087890625,222.899978637695,-13.5906562805176,-2.27022457122803
20181031,6,40,-35,2000,26677.4375,222.5,-10.9853324890137,-2.0948657989502
20181031,12,40,-35,2000,26689.560546875,223.199981689453,-12.0304489135742,-2.06557130813599
20181031,18,40,-35,2000,26651.740234375,222.899978637695,-9.71000003814697,-3.51313972473145
20181101,0,40,-35,2000,26665.373046875,222.600006103516,-8.70999717712402,-5.49916982650757
20181101,6,40,-35,2000,26664.34765625,223.699981689453,-7.89999675750732,-3.5526123046875
20181101,12,40,-35,2000,26669.2890625,223.699996948242,-8.89999675750732,-4.59993886947632
20181101,18,40,-35,2000,26626.630859375,223.100006103516,-5.90000152587891,-2.99993896484375
20181102,0,40,-35,2000,26657.822265625,223.499969482422,-7.10000324249268,-3.40994262695313
20181102,6,40,-35,2000,26649.748046875,223.899978637695,-6.49999856948853,-1.89992070198059
20181102,12,40,-35,2000,26679.33203125,224.5,-7.45112133026123,-0.0999023467302322
20181102,18,40,-35,2000,26642.033203125,223.300003051758,-7.90999507904053,1.6800537109375
20181103,0,40,-35,2000,26678.54296875,223.699996948242,-10.5034599304199,0.399785161018372
20181103,6,40,-35,2000,26681.65234375,224.29997253418,-11.5783176422119,1.11557126045227
20181103,12,40,-35,2000,26713.57421875,223.899993896484,-12.4266500473022,1.25588870048523
20181103,18,40,-35,2000,26660.578125,223.5,-14.5133399963379,-1.23762691020966
20181104,0,40,-35,2000,26689.5078125,224.199996948242,-14.6890001296997,-4.84196281433105
20181104,6,40,-35,2000,26687.431640625,224.399993896484,-14.209997177124,-4.77241230010986
20181104,12,40,-35,2000,26698.712890625,224.600006103516,-14.105263710022,-5.81486320495605
20181104,18,40,-35,2000,26657.33203125,224.800003051758,-12.6999988555908,-7.89993286132813
20181105,0,40,-35,2000,26677.1328125,225,-10.6052198410034,-8.79995155334473
20181105,6,40,-35,2000,26673.1328125,225.899993896484,-11.4125032424927,-7.29998779296875
20181105,12,40,-35,2000,26683.091796875,225.199996948242,-9.81156635284424,-8.79997539520264
20181105,18,40,-35,2000,26636.58203125,225.5,-8.99311256408691,-5.29995107650757
20181106,0,40,-35,2000,26660.318359375,225.300003051758,-9.32704162597656,-6.82912588119507
20181106,6,40,-35,2000,26657.373046875,225.899993896484,-7.60773944854736,-4.29993915557861
20181106,12,40,-35,2000,26666.919921875,225.300003051758,-9.14412879943848,-3.29994511604309
20181106,18,40,-35,2000,26610.52734375,224.660598754883,-8.85129737854004,-1.49994504451752
20181107,0,40,-35,2000,26644.505859375,224.899978637695,-9.71821308135986,-2.6780059337616
20181107,6,40,-35,2000,26646.470703125,225.199996948242,-9.51171875,-0.699941992759705
20181107,12,40,-35,2000,26663.03515625,224.399993896484,-12.0807828903198,0.900030493736267
20181107,18,40,-35,2000,26627.35546875,223.699981689453,-13.2477779388428,0.100018307566643
20181108,0,40,-35,2000,26656.23828125,223.300003051758,-14.5509824752808,-1.09995424747467
20181108,6,40,-35,2000,26675.912109375,223.699996948242,-14.9349794387817,-2.39996957778931
20181108,12,40,-35,2000,26692.421875,224,-17.3578834533691,-3.29997563362122
20181108,18,40,-35,2000,26652.046875,223.300003051758,-17.1301612854004,-4.49998188018799
20181109,0,40,-35,2000,26677.3515625,222.999969482422,-16.9506874084473,-6.29998779296875
20181109,6,40,-35,2000,26681.087890625,223.399993896484,-15.015661239624,-5.49998760223389
20181109,12,40,-35,2000,26684.1328125,223.699996948242,-15.4894924163818,-6.19998168945313
20181109,18,40,-35,2000,26645.884765625,223.600006103516,-12.9745483398438,-6.10001230239868
20181110,0,40,-35,2000,26660.41796875,223.800003051758,-11.1761837005615,-7.75322866439819
20181110,6,40,-35,2000,26670.515625,223.699996948242,-9.81326866149902,-5.29997539520264
20181110,12,40,-35,2000,26673.5625,223.392532348633,-11.2972688674927,-5.39997577667236
20181110,18,40,-35,2000,26639.794921875,223.5,-10.5454502105713,-5.08273315429688
20181111,0,40,-35,2000,26664.185546875,222.800003051758,-9.58999061584473,-2.49993896484375
20181111,6,40,-35,2000,26677.814453125,222.5,-11.6000089645386,-0.0999633818864822
20181111,12,40,-35,2000,26689.57421875,221.999969482422,-13.5999965667725,0.100091554224491
20181111,18,40,-35,2000,26660.466796875,221.699981689453,-14.6699981689453,2.49990844726563
20181112,0,40,-35,2000,26682.345703125,222,-18.3805809020996,0.70001220703125
20181112,6,40,-35,2000,26690.734375,222.100006103516,-16.4379119873047,-0.00236206059344113
20181112,12,40,-35,2000,26695.02734375,222.031692504883,-18.7000007629395,2.32886481285095
20181112,18,40,-35,2000,26651.169921875,221.600006103516,-20.404167175293,-0.106818847358227
20181113,0,40,-35,2000,26672.23046875,222.29997253418,-19.4214496612549,-3.33489513397217
20181113,6,40,-35,2000,26674.994140625,221.800003051758,-17.6656837463379,-0.500003039836884
20181113,12,40,-35,2000,26670.08984375,221.499969482422,-21.0866260528564,-1.2099951505661
20181113,18,40,-35,2000,26631.908203125,221.300003051758,-20.3469696044922,-2
20181114,0,40,-35,2000,26661.935546875,221.899978637695,-18.5836563110352,-3.17932605743408
20181114,6,40,-35,2000,26668.755859375,221.399993896484,-19.0022068023682,-1.205322265625
20181114,12,40,-35,2000,26671.01953125,220.899978637695,-21.7814598083496,-1.91842770576477
20181114,18,40,-35,2000,26632.7890625,220.699996948242,-22.5097713470459,-2.26001453399658
20181115,0,40,-35,2000,26663.009765625,221.199981689453,-23.4610042572021,-5.54100322723389
20181115,6,40,-35,2000,26670.921875,222.099975585938,-22.4283962249756,-4.6199803352356
20181115,12,40,-35,2000,26680.033203125,222.699996948242,-22.7802143096924,-4.09000015258789
20181115,18,40,-35,2000,26644.2109375,223.199996948242,-21.8298492431641,-3.34000968933105
20181116,0,40,-35,2000,26664.671875,223.100006103516,-18.8007411956787,-5.20005178451538
20181116,6,40,-35,2000,26660.13671875,223.099945068359,-16.8008060455322,-1.68569827079773
20181116,12,40,-35,2000,26663.123046875,222.399993896484,-18.4031887054443,-1.88999998569489
20181116,18,40,-35,2000,26608.568359375,222.099975585938,-16.4118995666504,-0.1607666015625
20181117,0,40,-35,2000,26625.365234375,222.099975585938,-16.7313919067383,-3.04999995231628
20181117,6,40,-35,2000,26620.67578125,222.100006103516,-14.1639499664307,-1.38143062591553
20181117,12,40,-35,2000,26626.76171875,221.600006103516,-15.5949268341064,-1.15570306777954
20181117,18,40,-35,2000,26573.82421875,221.099975585938,-16.3200073242188,-1.41786372661591
20181118,0,40,-35,2000,26594.91796875,221.606979370117,-15.989296913147,-3.60001468658447
20181118,6,40,-35,2000,26598.392578125,221.399993896484,-13.8864889144897,-2.00239992141724
20181118,12,40,-35,2000,26604.92578125,221.270416259766,-17.1400241851807,-2.8367235660553
20181118,18,40,-35,2000,26569.0390625,221.399993896484,-15.009446144104,-3.73582029342651
20181119,0,40,-35,2000,26599.296875,222,-15.1976613998413,-4.36785173416138
20181119,6,40,-35,2000,26604.984375,222.199996948242,-13.7970705032349,-3.82563972473145
20181119,12,40,-35,2000,26615.427734375,222.300003051758,-15.2345876693726,-1.32944333553314
20181119,18,40,-35,2000,26571.58203125,221.699996948242,-15.8056831359863,-1.46998286247253
20181120,0,40,-35,2000,26586.7109375,222.300003051758,-16.1352787017822,-4.28949213027954
20181120,6,40,-35,2000,26581.689453125,222.399993896484,-14.9918479919434,-2.25957274436951
20181120,12,40,-35,2000,26585.158203125,222.199996948242,-18.4569034576416,-2.72198963165283
20181120,18,40,-35,2000,26550.158203125,222.300003051758,-14.400016784668,-4.22356462478638
20181121,0,40,-35,2000,26571.533203125,222.5,-14.0138206481934,-3.85782957077026
20181121,6,40,-35,2000,26567.060546875,222.714691162109,-13.3934764862061,-3.36138677597046
20181121,12,40,-35,2000,26575.033203125,221.999969482422,-13.0749979019165,-2.3319776058197
20181121,18,40,-35,2000,26540.251953125,221.600006103516,-13.4622097015381,-0.307387709617615
20181122,0,40,-35,2000,26568.955078125,221.5,-13.8573951721191,-2.58746576309204
20181122,6,40,-35,2000,26578.234375,221.29997253418,-13.6476392745972,-0.788774430751801
20181122,12,40,-35,2000,26591.255859375,221,-16.3912181854248,0.281430661678314
20181122,18,40,-35,2000,26565.994140625,220.499969482422,-16.1664943695068,-0.803366720676422
20181123,0,40,-35,2000,26590.69921875,221.300003051758,-16.3440055847168,-2.49199223518372
20181123,6,40,-35,2000,26598.4140625,220.999969482422,-15.9560127258301,-0.809775412082672
20181123,12,40,-35,2000,26607.40234375,221,-18.0839996337891,-0.0306542962789536
20181123,18,40,-35,2000,26559.9453125,220.100006103516,-18.5500049591064,-0.878647446632385
20181124,0,40,-35,2000,26582.169921875,220.800003051758,-19.0539875030518,-3.91054201126099
20181124,6,40,-35,2000,26580.796875,220.729156494141,-18.0934200286865,-3.3197021484375
20181124,12,40,-35,2000,26580.490234375,221.029144287109,-19.2733612060547,-4.10929679870605
20181124,18,40,-35,2000,26545.318359375,220.800003051758,-16.4777412414551,-5.42999505996704
20181125,0,40,-35,2000,26557.751953125,221.699996948242,-13.9812746047974,-5.03481912612915
20181125,6,40,-35,2000,26551.908203125,221.600006103516,-12.8725538253784,-3.68778800964355
20181125,12,40,-35,2000,26549.6015625,222.100006103516,-14.4087228775024,-3.64998531341553
20181125,18,40,-35,2000,26508.57421875,221.999969482422,-11.8539257049561,-4.42617416381836
20181126,0,40,-35,2000,26522.626953125,221.499969482422,-10.347785949707,-2.27667236328125
20181126,6,40,-35,2000,26520.08203125,221.899978637695,-12.0831127166748,-3.02998042106628
20181126,12,40,-35,2000,26523.697265625,222.899993896484,-11.376184463501,-1.75000977516174
20181126,18,40,-35,2000,26475.857421875,221.499969482422,-10.0707979202271,-1.57419431209564
20181127,0,40,-35,2000,26486.919921875,221.600006103516,-10.6362571716309,-2.33092284202576
20181127,6,40,-35,2000,26496.578125,221.800003051758,-8.85998249053955,-1.26871585845947
20181127,12,40,-35,2000,26501.142578125,221.999969482422,-9.72143268585205,-0.751001000404358
20181127,18,40,-35,2000,26469.8359375,221.399993896484,-9.26713180541992,-1.08897948265076
20181128,0,40,-35,2000,26504.90234375,221.600006103516,-7.44929933547974,-1.24765133857727
20181128,6,40,-35,2000,26504.806640625,221.399993896484,-7.53948068618774,0.200006097555161
20181128,12,40,-35,2000,26515.6015625,221.29997253418,-8.55840110778809,0.200003057718277
20181128,18,40,-35,2000,26481.900390625,220.5,-6.74101543426514,0.870855689048767
20181129,0,40,-35,2000,26500.64453125,221.5,-7.56563091278076,-1.90000605583191
20181129,6,40,-35,2000,26509.359375,221,-4.75343036651611,0.400000005960464
20181129,12,40,-35,2000,26515.349609375,221.800003051758,-8.12001991271973,0.300006091594696
20181129,18,40,-35,2000,26476.80078125,221.699981689453,-5.80126333236694,-1.22070314318989e-05
20181130,0,40,-35,2000,26487.873046875,221.899993896484,-5.27207040786743,-1.70000612735748
20181130,6,40,-35,2000,26492.66796875,221.800003051758,-6.50120258331299,-1.22070314318989e-05
20181130,12,40,-35,2000,26497.17578125,222.300003051758,-7.33532094955444,-2.00001215934753
20181130,18,40,-35,2000,26458.5078125,222.099975585938,-7.59664011001587,-0.578088402748108
20181201,0,40,-35,2000,26469.373046875,222.199996948242,-7.59776592254639,-3.30001211166382
20181201,6,40,-35,2000,26483.552734375,222.899993896484,-7.78117656707764,-1.90000605583191
20181201,12,40,-35,2000,26485.921875,222.699996948242,-8.02882671356201,-0.899999976158142
20181201,18,40,-35,2000,26447.609375,222.5,-9.10599994659424,-1.30000615119934
20181202,0,40,-35,2000,26472.037109375,222.600006103516,-7.48911142349243,-1.17085266113281
20181202,6,40,-35,2000,26476.470703125,222.899993896484,-8.82612323760986,-0.682187497615814
20181202,12,40,-35,2000,26487.845703125,222.811676025391,-8.44669151306152,-0.567543923854828
20181202,18,40,-35,2000,26459.2265625,222.5,-9.77690887451172,0.810009777545929
20181203,0,40,-35,2000,26480.501953125,222.899993896484,-9.75432872772217,-0.760009765625
20181203,6,40,-35,2000,26496.072265625,222.5,-8.9475269317627,1.69000482559204
20181203,12,40,-35,2000,26511.1328125,222.699996948242,-12.7355422973633,1.88311040401459
20181203,18,40,-35,2000,26471.384765625,222.300003051758,-15.079873085022,0.626079082489014
20181204,0,40,-35,2000,26501.203125,222.100006103516,-13.5614156723022,-0.0216699223965406
20181204,6,40,-35,2000,26519.044921875,221.800003051758,-14.1778421401978,1.3336523771286
20181204,12,40,-35,2000,26532.515625,222,-12.9343996047974,1.14595949649811
20181204,18,40,-35,2000,26483.5546875,221.399993896484,-13.700514793396,3.06833982467651
20181205,0,40,-35,2000,26509.45703125,221,-11.7314720153809,-1.24650394916534
20181205,6,40,-35,2000,26506.30078125,221.699996948242,-10.8056211471558,2.14939570426941
20181205,12,40,-35,2000,26508.39453125,220.999969482422,-13.4757280349731,2.20003652572632
20181205,18,40,-35,2000,26467.134765625,221.5,-13.6304044723511,1.30003046989441
20181206,0,40,-35,2000,26480.1953125,221.800003051758,-14.4604520797729,-0.299969494342804
20181206,6,40,-35,2000,26481.19921875,222.199996948242,-15.1535692214966,0.810046374797821
20181206,12,40,-35,2000,26499.765625,222.004425048828,-16.2923259735107,1.05643308162689
20181206,18,40,-35,2000,26460.83984375,221.195556640625,-16.6643733978271,0.100024417042732
20181207,0,40,-35,2000,26484.0859375,221.999969482422,-19.1648101806641,-1.09998166561127
20181207,6,40,-35,2000,26490.115234375,221.899993896484,-17.1007995605469,-0.541943371295929
20181207,12,40,-35,2000,26503.892578125,221.5,-16.9254608154297,0.800006091594696
20181207,18,40,-35,2000,26467.96484375,221.399993896484,-18.3551902770996,-0.0563903823494911
20181208,0,40,-35,2000,26494.927734375,221.699981689453,-16.9259586334229,-1.39998781681061
20181208,6,40,-35,2000,26502.7734375,222.300003051758,-16.1117897033691,-1.59998166561127
20181208,12,40,-35,2000,26512.658203125,221.899993896484,-15.54931640625,-0.643597424030304
20181208,18,40,-35,2000,26479.1953125,221.800003051758,-16.3459587097168,-0.699999988079071
20181209,0,40,-35,2000,26494.14453125,222,-15.3626585006714,-3.39998769760132
20181209,6,40,-35,2000,26499.060546875,222.199996948242,-13.1401958465576,-0.599993884563446
20181209,12,40,-35,2000,26507.65234375,222.100006103516,-15.7317247390747,-0.600006103515625
20181209,18,40,-35,2000,26461.95703125,221.399993896484,-14.6447772979736,-0.899987816810608
20181210,0,40,-35,2000,26483.337890625,222,-13.5139179229736,-2.29989004135132
20181210,6,40,-35,2000,26485.08984375,222.29997253418,-13.8548307418823,-0.300006091594696
20181210,12,40,-35,2000,26505.775390625,221.600006103516,-13.9744567871094,-0.800000011920929
20181210,18,40,-35,2000,26455.556640625,221.600006103516,-13.8684720993042,-0.400006115436554
20181211,0,40,-35,2000,26482.765625,221.79997253418,-13.1816148757935,-2.30001211166382
20181211,6,40,-35,2000,26485.16015625,221.699981689453,-12.9753999710083,-0.700006127357483
20181211,12,40,-35,2000,26484.431640625,221.399993896484,-16.007568359375,0.0999938994646072
20181211,18,40,-35,2000,26453.955078125,221.499969482422,-14.6462497711182,-1
20181212,0,40,-35,2000,26467.654296875,221.699996948242,-14.4330234527588,-0.600006103515625
20181212,6,40,-35,2000,26471.88671875,222.199981689453,-13.4999971389771,-0.900009155273438
20181212,12,40,-35,2000,26493.876953125,222.100006103516,-13.3464584350586,-0.79998779296875
20181212,18,40,-35,2000,26461.265625,221.699981689453,-13.1114988327026,0.799993872642517
20181213,0,40,-35,2000,26492.373046875,222.5,-15.4062089920044,-1.49999392032623
20181213,6,40,-35,2000,26507.09765625,221.800003051758,-10.6189632415771,-1.09999394416809
20181213,12,40,-35,2000,26523.865234375,221.5,-14.2097835540771,1.39999997615814
20181213,18,40,-35,2000,26482.287109375,221.899978637695,-15.4360904693604,-0.398632824420929
20181214,0,40,-35,2000,26505.685546875,221.5,-14.0953159332275,-2.09999394416809
20181214,6,40,-35,2000,26520.88671875,222.300003051758,-13.6960964202881,-0.750823974609375
20181214,12,40,-35,2000,26539.400390625,222.199996948242,-14.3001461029053,-0.400012195110321
20181214,18,40,-35,2000,26493.818359375,222.100006103516,-16.0311069488525,-1.39998781681061
20181215,0,40,-35,2000,26526.90234375,222.800003051758,-13.9029207229614,-3
20181215,6,40,-35,2000,26542.02734375,222.899993896484,-13.8873596191406,-1.20000612735748
20181215,12,40,-35,2000,26539.494140625,222.999969482422,-14.6544466018677,-2.19143676757813
20181215,18,40,-35,2000,26521.6875,222.800003051758,-13.641134262085,-0.100012205541134
20181216,0,40,-35,2000,26538.490234375,222.899993896484,-14.5041532516479,-2.80001211166382
20181216,6,40,-35,2000,26548.009765625,223.800003051758,-12.3312015533447,-2.19671630859375
20181216,12,40,-35,2000,26564.158203125,223.300003051758,-11.7586460113525,-0.400009155273438
20181216,18,40,-35,2000,26528.169921875,222.800003051758,-14.0875120162964,-6.10351571594947e-06
20181217,0,40,-35,2000,26553.248046875,223.702789306641,-12.2906370162964,-2.09999990463257
20181217,6,40,-35,2000,26567.052734375,223.5,-10.7516841888428,-0.800000011920929
20181217,12,40,-35,2000,26578.5703125,223,-13.0218076705933,0.883886694908142
20181217,18,40,-35,2000,26532.7734375,222.699996948242,-12.4545106887817,0.199963375926018
20181218,0,40,-35,2000,26556.66015625,222.300003051758,-12.5268802642822,-4.88281257275958e-05
20181218,6,40,-35,2000,26558.244140625,222.600006103516,-13.1087951660156,0.29998779296875
20181218,12,40,-35,2000,26552.296875,222.100006103516,-13.2041988372803,2.29998159408569
