20180720,0,40,-150,2000,26259.998046875,213.717239379883,34.8824119567871,-1.04186522960663
20180720,6,40,-150,2000,26227.13671875,212.699996948242,33.2900199890137,-0.592412114143372
20180720,12,40,-150,2000,26243.099609375,213.399993896484,35.0847282409668,-4.15664529800415
20180720,18,40,-150,2000,26250.087890625,212.399978637695,41.2348861694336,-3.38613271713257
20180721,0,40,-150,2000,26257.474609375,212.499969482422,43.8400115966797,-1.69988286495209
20180721,6,40,-150,2000,26247.365234375,212.396270751953,41.9360160827637,-4.91858148574829
20180721,12,40,-150,2000,26273.744140625,211.899993896484,46.7400054931641,-11.2332906723022
20180721,18,40,-150,2000,26260.705078125,210.800003051758,54.7200050354004,-12.7760305404663
20180722,0,40,-150,2000,26240.0625,210,54.5600051879883,-11.8700389862061
20180722,6,40,-150,2000,26195.240234375,210.699996948242,54.7166404724121,-16.081205368042
20180722,12,40,-150,2000,26179.869140625,211.800003051758,57.9742317199707,-18.7685661315918
20180722,18,40,-150,2000,26143.060546875,212.399978637695,63.9300079345703,-14.9546165466309
20180723,0,40,-150,2000,26100.150390625,210.79997253418,64.7800064086914,-9.363694190979
20180723,6,40,-150,2000,26046.01953125,209.899978637695,58.7299995422363,-9.0863037109375
20180723,12,40,-150,2000,26029.642578125,210.800003051758,59.6800079345703,-12.7746448516846
20180723,18,40,-150,2000,25975.404296875,208.899993896484,62.4866714477539,-7.61878156661987
20180724,0,40,-150,2000,25938.095703125,206.479690551758,61.780460357666,-1.66865229606628
20180724,6,40,-150,2000,25901.900390625,205.79997253418,60.4800033569336,-0.768774390220642
20180724,12,40,-150,2000,25886.439453125,204.899993896484,57.0400009155273,-3.67961668968201
20180724,18,40,-150,2000,25875.33984375,205.5,56.2500877380371,-1.72950685024261
20180725,0,40,-150,2000,25892.671875,205.800003051758,51.2900009155273,5.74957036972046
20180725,6,40,-150,2000,25908.099609375,205.699996948242,45.8851776123047,8.71310329437256
20180725,12,40,-150,2000,25948.375,206.300003051758,43.9900016784668,3.36480236053467
20180725,18,40,-150,2000,25943.3359375,206.199996948242,47.4300003051758,-0.128591313958168
20180726,0,40,-150,2000,25917.28515625,204.999969482422,52.2805862426758,0.0338232405483723
20180726,6,40,-150,2000,25873.5546875,204.799987792969,53.6300010681152,3.52387928962708
20180726,12,40,-150,2000,25885.4765625,206.100006103516,45.6399993896484,6.736083984375
20180726,18,40,-150,2000,25926.02734375,207.099975585938,42.2402877807617,9.36876487731934
20180727,0,40,-150,2000,26006.244140625,206.29997253418,37.7366905212402,12.3921461105347
20180727,6,40,-150,2000,26039.189453125,207.100006103516,32.8367004394531,12.7754735946655
20180727,12,40,-150,2000,26108.126953125,210.300003051758,29.2300033569336,7.78557872772217
20180727,18,40,-150,2000,26143.419921875,211.999969482422,30.8866748809814,5.05369853973389
20180728,0,40,-150,2000,26163.783203125,212.399993896484,31.1300048828125,4.84370136260986
20180728,6,40,-150,2000,26175.953125,214.600006103516,28.5896949768066,6.88958024978638
20180728,12,40,-150,2000,26214.8359375,217.800003051758,26.4769535064697,3.73974967002869
20180728,18,40,-150,2000,26231.59765625,218.800003051758,27.1824169158936,1.74898684024811
20180729,0,40,-150,2000,26241.828125,219,26.7800045013428,3.08481574058533
20180729,6,40,-150,2000,26244.322265625,219.499969482422,23.8799991607666,3.43012928962708
20180729,12,40,-150,2000,26256.67578125,219.099975585938,22.680004119873,-1.35080814361572
20180729,18,40,-150,2000,26233.822265625,218.100006103516,24.7867374420166,-4.6366810798645
20180730,0,40,-150,2000,26203.255859375,216.199981689453,28.5401554107666,-3.57343745231628
20180730,6,40,-150,2000,26153.46484375,215.706985473633,29.580005645752,-2.39802742004395
20180730,12,40,-150,2000,26147.169921875,215.29997253418,31.588098526001,-5.37659168243408
20180730,18,40,-150,2000,26105.55078125,215.100006103516,38.6800003051758,-5.26635122299194
20180731,0,40,-150,2000,26065.47265625,214.499969482422,42.7277946472168,-4.02618789672852
20180731,6,40,-150,2000,26012.689453125,214.899978637695,47.670337677002,-1.24343013763428
20180731,12,40,-150,2000,26006.337890625,214.699996948242,48.7766609191895,-7.1063551902771
20180731,18,40,-150,2000,25959.658203125,213.499969482422,55.1703033447266,-6.0924220085144
20180801,0,40,-150,2000,25916.568359375,212.79997253418,59.7700080871582,-1.76929926872253
20180801,6,40,-150,2000,25869.998046875,211.800003051758,58.7733192443848,5.51627445220947
20180801,12,40,-150,2000,25881.3828125,212.300003051758,54.7200012207031,3.76759767532349
20180801,18,40,-150,2000,25914.390625,211.399978637695,51.3905601501465,2.72552251815796
20180802,0,40,-150,2000,25928.927734375,209.600006103516,50.139404296875,3.23509287834167
20180802,6,40,-150,2000,25913.98828125,208.29997253418,48.6886711120605,8.670090675354
20180802,12,40,-150,2000,25926.9140625,208.79997253418,47.2400016784668,7.99204349517822
20180802,18,40,-150,2000,25944.724609375,208.300003051758,46.3400192260742,6.05009746551514
20180803,0,40,-150,2000,25957.90234375,207.199996948242,45.3400001525879,7.76407480239868
20180803,6,40,-150,2000,25953.11328125,208,43.3333892822266,11.3146190643311
20180803,12,40,-150,2000,25987.759765625,208.832122802734,40.6300010681152,9.32986831665039
20180803,18,40,-150,2000,26013.115234375,208.199996948242,40.0402641296387,9.75956535339355
20180804,0,40,-150,2000,26046.80078125,207.300003051758,40.8299980163574,13.4647560119629
20180804,6,40,-150,2000,26080.33203125,209.899978637695,39.0200042724609,18.8027667999268
20180804,12,40,-150,2000,26157.3359375,214.199981689453,37.6701507568359,12.063645362854
20180804,18,40,-150,2000,26188.087890625,214.399993896484,40.669994354248,6.17132806777954
20180805,0,40,-150,2000,26212.552734375,215.800003051758,43.5764541625977,5.35746574401855
20180805,6,40,-150,2000,26206.3828125,216.5,39.5727844238281,3.01994633674622
20180805,12,40,-150,2000,26232.01953125,216,37.6800079345703,-2.84328866004944
20180805,18,40,-150,2000,26231.001953125,214.899993896484,41.0757827758789,-0.87721312046051
20180806,0,40,-150,2000,26227.72265625,215.399993896484,41.5697860717773,0.110433347523212
20180806,6,40,-150,2000,26221.11328125,215,41.1757698059082,0.394799798727036
20180806,12,40,-150,2000,26245.123046875,215.600006103516,39.0797843933105,-0.873067617416382
20180806,18,40,-150,2000,26253.26953125,215.099975585938,40.3817672729492,0.574465334415436
20180807,0,40,-150,2000,26251.734375,214.899993896484,38.7334136962891,3.42504024505615
20180807,6,40,-150,2000,26253.4609375,215.100006103516,33.9368019104004,4.50062847137451
20180807,12,40,-150,2000,26276.134765625,215.79997253418,33.5912322998047,2.44721794128418
20180807,18,40,-150,2000,26273.625,215.699996948242,34.0830879211426,3.77575922012329
20180808,0,40,-150,2000,26270.70703125,216.199981689453,34.1872673034668,2.85861825942993
20180808,6,40,-150,2000,26246.630859375,215.79997253418,33.2904815673828,2.60136723518372
20180808,12,40,-150,2000,26247.126953125,216.800003051758,35.4400100708008,0.501560032367706
20180808,18,40,-150,2000,26238.26171875,216.800003051758,40.140007019043,0.922065436840057
20180809,0,40,-150,2000,26220.267578125,216.550735473633,42.439998626709,3.85737800598145
20180809,6,40,-150,2000,26197.056640625,215.5,41.5786590576172,2.75789785385132
20180809,12,40,-150,2000,26205.919921875,216.79997253418,41.8400192260742,-1.74716067314148
20180809,18,40,-150,2000,26210.515625,215.399993896484,45.4883308410645,-3.43384766578674
20180810,0,40,-150,2000,26200.767578125,214.999969482422,45.8800086975098,-2.8700635433197
20180810,6,40,-150,2000,26176.599609375,215.399978637695,43.8700103759766,-5.97248029708862
20180810,12,40,-150,2000,26189.328125,215.928619384766,43.930004119873,-13.2356052398682
20180810,18,40,-150,2000,26169.484375,215.199996948242,47.7300033569336,-12.9452590942383
20180811,0,40,-150,2000,26139.4609375,215.499359130859,47.7800140380859,-9.69217491149902
20180811,6,40,-150,2000,26113.015625,216.999969482422,46.9200401306152,-9.22374725341797
20180811,12,40,-150,2000,26139.470703125,217.999969482422,48.0200042724609,-12.885612487793
20180811,18,40,-150,2000,26137.998046875,217.300003051758,49.4700202941895,-6.54618167877197
20180812,0,40,-150,2000,26154.92578125,218.300003051758,47.570011138916,-1.46759521961212
20180812,6,40,-150,2000,26175.931640625,218.29997253418,43.4200057983398,2.89588737487793
20180812,12,40,-150,2000,26233.07421875,219.899993896484,38.2704849243164,-0.230085447430611
20180812,18,40,-150,2000,26276.865234375,219.399993896484,38.6682243347168,-1.11007809638977
20180813,0,40,-150,2000,26299.953125,219.79997253418,38.0700073242188,-2.91276478767395
20180813,6,40,-150,2000,26284.595703125,219.699981689453,37.1600112915039,-6.89476919174194
20180813,12,40,-150,2000,26285.759765625,222.399993896484,36.3202362060547,-13.5856466293335
20180813,18,40,-150,2000,26279.384765625,223.29997253418,38.5730628967285,-12.0231962203979
20180814,0,40,-150,2000,26257.212890625,222.800003051758,39.0334320068359,-8.73233127593994
20180814,6,40,-150,2000,26244.962890625,222.908081054688,37.6200103759766,-9.20798587799072
20180814,12,40,-150,2000,26264.830078125,222.800003051758,40.7700042724609,-10.3783178329468
20180814,18,40,-150,2000,26265.025390625,222.899993896484,43.2799987792969,-7.5094313621521
20180815,0,40,-150,2000,26265.431640625,222.600006103516,41.7800598144531,-2.51343512535095
20180815,6,40,-150,2000,26266.91796875,223,36.0800132751465,-2.99053478240967
20180815,12,40,-150,2000,26284.88671875,223.099975585938,35.680004119873,-7.8930835723877
20180815,18,40,-150,2000,26271.716796875,222,40.4400062561035,-7.6095118522644
20180816,0,40,-150,2000,26252.51953125,223.399993896484,42.3900146484375,-5.58851051330566
20180816,6,40,-150,2000,26222.98046875,224.199996948242,39.0798721313477,-8.45215797424316
20180816,12,40,-150,2000,26201.509765625,223.999969482422,44.0400047302246,-14.7459907531738
20180816,18,40,-150,2000,26169.037109375,223.800003051758,53.0300102233887,-10.4799928665161
20180817,0,40,-150,2000,26133.248046875,224,57.3600006103516,-9.28678703308105
20180817,6,40,-150,2000,26085.83984375,224.399993896484,56.3700103759766,-9.79066848754883
20180817,12,40,-150,2000,26080.2734375,223.699996948242,55.4158401489258,-16.1119842529297
20180817,18,40,-150,2000,26050.83984375,220.199996948242,61.6800079345703,-15.7842845916748
20180818,0,40,-150,2000,25994.650390625,217.699981689453,65.5800094604492,-12.2339601516724
20180818,6,40,-150,2000,25955.53515625,218.320510864258,63.3764839172363,-8.6616382598877
20180818,12,40,-150,2000,25987.982421875,218.600006103516,55.9799995422363,-10.2211332321167
20180818,18,40,-150,2000,26028.017578125,216.5,54.6325340270996,-6.0246901512146
20180819,0,40,-150,2000,26070.23046875,214.800003051758,52.8323440551758,0.316098630428314
20180819,6,40,-150,2000,26113.03515625,215.699996948242,45.4199981689453,6.1170334815979
20180819,12,40,-150,2000,26187.130859375,219.599975585938,38.0700035095215,0.352421879768372
20180819,18,40,-150,2000,26260.76953125,218.100006103516,37.0299987792969,-0.617246091365814
20180820,0,40,-150,2000,26295.4296875,218.499969482422,35.419807434082,3.52037119865417
20180820,6,40,-150,2000,26313.328125,219.699996948242,30.2804832458496,0.980410158634186
20180820,12,40,-150,2000,26342.97265625,220.999969482422,29.1300430297852,-5.68080568313599
20180820,18,40,-150,2000,26375.1328125,220.999969482422,29.8800029754639,-6.1878662109375
20180821,0,40,-150,2000,26360.73046875,219.399978637695,28.9769725799561,-6.04007339477539
20180821,6,40,-150,2000,26329.98046875,219.29997253418,27.9800071716309,-9.4756908416748
20180821,12,40,-150,2000,26315.693359375,220.399993896484,33.076732635498,-14.6833934783936
20180821,18,40,-150,2000,26296.92578125,220.800003051758,37.935718536377,-11.3607931137085
20180822,0,40,-150,2000,26252.11328125,220.399993896484,39.4300079345703,-9.80266571044922
20180822,6,40,-150,2000,26217.419921875,220.699996948242,40.9777717590332,-12.3102903366089
20180822,12,40,-150,2000,26206.91015625,220.600006103516,45.3741760253906,-13.433557510376
20180822,18,40,-150,2000,26196.775390625,219.600006103516,48.8300018310547,-11.6361274719238
20180823,0,40,-150,2000,26168.5,218.699996948242,50.3700103759766,-9.75345230102539
20180823,6,40,-150,2000,26152.810546875,218.099975585938,48.6746482849121,-9.27993679046631
20180823,12,40,-150,2000,26182.90234375,218.099975585938,45.6367378234863,-12.3844966888428
20180823,18,40,-150,2000,26193.439453125,214.706985473633,47.6334075927734,-10.0696535110474
20180824,0,40,-150,2000,26196.078125,213.899993896484,46.2876892089844,-5.44392824172974
20180824,6,40,-150,2000,26200.869140625,213.699981689453,40.3833122253418,-5.17190933227539
20180824,12,40,-150,2000,26239.287109375,214.399993896484,39.190013885498,-11.5764293670654
20180824,18,40,-150,2000,26254.5859375,213.699981689453,41.9922370910645,-9.94970321655273
20180825,0,40,-150,2000,26259.759765625,213.600006103516,40.8810424804688,-10.0088596343994
20180825,6,40,-150,2000,26258.126953125,213.899993896484,39.880012512207,-10.6825656890869
20180825,12,40,-150,2000,26290.169921875,214.899993896484,39.2300071716309,-13.047402381897
20180825,18,40,-150,2000,26294.251953125,214.100006103516,39.580005645752,-14.9865989685059
20180826,0,40,-150,2000,26268.9609375,215,44.3300094604492,-14.2532348632813
20180826,6,40,-150,2000,26248.2578125,216.699996948242,45.018611907959,-13.210862159729
20180826,12,40,-150,2000,26252.685546875,218,45.3300018310547,-16.7404079437256
20180826,18,40,-150,2000,26248.1328125,218.093017578125,47.4300003051758,-16.1280097961426
20180827,0,40,-150,2000,26207.564453125,217,48.482608795166,-13.5255737304688
20180827,6,40,-150,2000,26174.265625,217.699996948242,45.0299987792969,-11.9715404510498
20180827,12,40,-150,2000,26194.4375,217.29997253418,45.4300079345703,-14.2855081558228
20180827,18,40,-150,2000,26179.001953125,216.800003051758,48.5711631774902,-6.37261247634888
20180828,0,40,-150,2000,26209.357421875,216.600006103516,44.2700080871582,0.364494621753693
20180828,6,40,-150,2000,26231.2578125,216.899993896484,39.3200149536133,2.54755616188049
20180828,12,40,-150,2000,26288.8828125,218,33.7799987792969,3.03142833709717
20180828,18,40,-150,2000,26329.01171875,218.899993896484,29.379997253418,5.08687973022461
20180829,0,40,-150,2000,26371.537109375,218.899978637695,26.8822250366211,3.19005489349365
20180829,6,40,-150,2000,26368.748046875,218.79997253418,25.4299945831299,4.58365249633789
20180829,12,40,-150,2000,26399.642578125,220.5,24.7277755737305,-1.69927740097046
20180829,18,40,-150,2000,26401.19921875,220.399993896484,28.3800029754639,-0.0922045931220055
20180830,0,40,-150,2000,26393.4375,221.29997253418,29.6300029754639,0.780010998249054
20180830,6,40,-150,2000,26385.2265625,221.899993896484,27.3200149536133,0.823073744773865
20180830,12,40,-150,2000,26406.185546875,222.399978637695,28.6680583953857,-4.50241708755493
20180830,18,40,-150,2000,26405.314453125,222.79997253418,31.2732257843018,-1.00951659679413
20180831,0,40,-150,2000,26403.59765625,222.5,29.2700099945068,0.3672876060009
20180831,6,40,-150,2000,26394.966796875,222.199981689453,26.8750057220459,-4.33684921264648
20180831,12,40,-150,2000,26393.724609375,222.29997253418,29.7700176239014,-7.56227684020996
20180831,18,40,-150,2000,26403.947265625,222.100006103516,32.9200019836426,-4.77897930145264
20180901,0,40,-150,2000,26387.197265625,220.399993896484,32.923168182373,-3.99094724655151
20180901,6,40,-150,2000,26356.9296875,219.300003051758,32.969783782959,-3.50601434707642
20180901,12,40,-150,2000,26364.21484375,221.399978637695,32.4186134338379,-4.6004810333252
20180901,18,40,-150,2000,26371.1171875,219.867874145508,34.7853889465332,-5.43004894256592
20180902,0,40,-150,2000,26338.806640625,217.599975585938,34.9717216491699,-2.82020258903503
20180902,6,40,-150,2000,26299.626953125,216.699493408203,35.0176086425781,-3.90788578987122
20180902,12,40,-150,2000,26304.625,218.599975585938,36.879997253418,-5.87025880813599
20180902,18,40,-150,2000,26290.8125,217.800003051758,40.1786193847656,-3.55253911018372
20180903,0,40,-150,2000,26257.1328125,216.899978637695,40.2700157165527,-1.46360349655151
20180903,6,40,-150,2000,26227.060546875,216.699981689453,41.7700080871582,-0.252514660358429
20180903,12,40,-150,2000,26248.6875,217.399993896484,44.5677871704102,0.945893526077271
20180903,18,40,-150,2000,26266.45703125,217.699996948242,44.0299987792969,7.50419425964355
20180904,0,40,-150,2000,26288.94921875,220.300003051758,38.7200088500977,12.7814645767212
20180904,6,40,-150,2000,26345.314453125,223.399993896484,26.9800033569336,13.2998237609863
20180904,12,40,-150,2000,26428.73046875,224.399978637695,20.3332595825195,11.7154273986816
20180904,18,40,-150,2000,26484.337890625,224.29997253418,16.9762935638428,7.9798264503479
20180905,0,40,-150,2000,26507.4921875,223,15.5800046920776,4.71917009353638
20180905,6,40,-150,2000,26515.755859375,222.800003051758,15.5866603851318,1.87521481513977
20180905,12,40,-150,2000,26528.931640625,223.699996948242,15.5799999237061,0.910056173801422
20180905,18,40,-150,2000,26538.83984375,223.600006103516,15.5799999237061,0.973771989345551
20180906,0,40,-150,2000,26523.009765625,223.699981689453,16.0900039672852,-0.289887696504593
20180906,6,40,-150,2000,26494.1953125,223.399993896484,16.3799991607666,-2.75141596794128
20180906,12,40,-150,2000,26479.359375,224.699996948242,17.4900054931641,-5.79810285568237
20180906,18,40,-150,2000,26460.9140625,224.663650512695,20.8341007232666,-5.50158214569092
20180907,0,40,-150,2000,26422.703125,223.110015869141,23.5300025939941,-5.60033464431763
20180907,6,40,-150,2000,26398.578125,222.699996948242,25.0750102996826,-5.81543445587158
20180907,12,40,-150,2000,26381.005859375,222.100006103516,28.3700046539307,-6.52339363098145
20180907,18,40,-150,2000,26362.10546875,220.600006103516,30.6709308624268,-4.37152338027954
20180908,0,40,-150,2000,26344.9921875,218.79997253418,30.330005645752,-3.69726800918579
20180908,6,40,-150,2000,26298.53515625,216.899993896484,32.5677871704102,-3.00876474380493
20180908,12,40,-150,2000,26298.83984375,217.199996948242,34.4199981689453,-6.36658191680908
20180908,18,40,-150,2000,26272.33984375,214.79997253418,38.9386100769043,-5.79989004135132
20180909,0,40,-150,2000,26229.7109375,212.499969482422,38.3000030517578,0.700097680091858
20180909,6,40,-150,2000,26198.97265625,211.199981689453,34.6890182495117,0.400097668170929
20180909,12,40,-150,2000,26193.740234375,210.399993896484,36,-2.19990229606628
20180909,18,40,-150,2000,26181.509765625,209,38.5999984741211,-0.200079351663589
20180910,0,40,-150,2000,26152.134765625,207.79997253418,40.2000007629395,4.29992055892944
20180910,6,40,-150,2000,26166.5859375,210.699981689453,31.6000156402588,13.9000978469849
20180910,12,40,-150,2000,26244.919921875,214.099975585938,28.4000034332275,14.6922426223755
20180910,18,40,-150,2000,26308.875,215.199996948242,26.8999996185303,14.9000673294067
20180911,0,40,-150,2000,26361.7890625,216.199981689453,21.169116973877,13.4600467681885
20180911,6,40,-150,2000,26383.13671875,217.399993896484,16.9300079345703,12.3399410247803
20180911,12,40,-150,2000,26452.703125,220.099975585938,12.6800050735474,7.91399908065796
20180911,18,40,-150,2000,26485.033203125,219.300003051758,12.2267065048218,5.28599119186401
20180912,0,40,-150,2000,26490.140625,219.399993896484,12.4799947738647,4.90026378631592
20180912,6,40,-150,2000,26480.4375,219.399993896484,10.8800001144409,3.38745594024658
20180912,12,40,-150,2000,26502.38671875,220.399993896484,11.7799997329712,1.41527831554413
20180912,18,40,-150,2000,26511.5234375,219.599975585938,12.884970664978,2.62812995910645
20180913,0,40,-150,2000,26508.005859375,219.699996948242,11.2084293365479,4.10011005401611
20180913,6,40,-150,2000,26502.41796875,219.399627685547,8.50000286102295,2.91312265396118
20180913,12,40,-150,2000,26512.931640625,220.699996948242,8.29189491271973,-1.43325197696686
20180913,18,40,-150,2000,26516.662109375,219.899993896484,9.10000038146973,-1.25933837890625
20180914,12,40,-150,2000,26456.8203125,220,14.100004196167,-8.38856792449951
20180914,18,40,-150,2000,26437.2734375,219.79997253418,17.4222221374512,-6.88945293426514
20180915,0,40,-150,2000,26404.927734375,219.100006103516,19.3150024414063,-7.99992656707764
20180915,6,40,-150,2000,26365.27734375,219,22.7000026702881,-7.89987182617188
20180915,12,40,-150,2000,26354.11328125,218.800003051758,25.0038566589355,-6.58096313476563
20180915,18,40,-150,2000,26342.0859375,219.199981689453,28.0999965667725,-0.700146496295929
20180916,0,40,-150,2000,26347.54296875,219.79997253418,27.9719753265381,3.79963874816895
20180916,12,40,-150,2000,26386.322265625,222.699996948242,22.4800052642822,2.80737066268921
20180916,18,40,-150,2000,26393.7890625,223.499969482422,22.976598739624,1.18054687976837
20180917,0,40,-150,2000,26380.28515625,222.5,23.5800018310547,-1.33303952217102
20180917,6,40,-150,2000,26365.845703125,222.100006103516,24.0799999237061,-0.144438475370407
20180917,12,40,-150,2000,26386.22265625,222.399322509766,24.0800018310547,-1.87510502338409
20180917,18,40,-150,2000,26379.251953125,222.399993896484,23.3349990844727,-3.44177007675171
20180918,0,40,-150,2000,26371.98046875,222.600006103516,21.3800067901611,-8.24628925323486
20180918,6,40,-150,2000,26334.017578125,220.399993896484,23.7786178588867,-13.07861328125
20180918,12,40,-150,2000,26318.494140625,221.199981689453,25.6800022125244,-16.4149761199951
20180918,18,40,-150,2000,26291.65234375,221.600006103516,33.680004119873,-15.4662160873413
20180919,0,40,-150,2000,26245.59765625,220.699981689453,41.930004119873,-15.6073923110962
20180919,6,40,-150,2000,26184.4921875,220.599975585938,46.9300003051758,-14.5788764953613
20180919,12,40,-150,2000,26228.974609375,220.300003051758,41.6300010681152,-5.53972148895264
20180919,18,40,-150,2000,26278.58203125,218.399978637695,39.5734062194824,2.45618891716003
20180920,0,40,-150,2000,26305.23828125,217.999969482422,33.9699974060059,5.23899412155151
20180920,6,40,-150,2000,26333.45703125,218.899978637695,27.8800048828125,1.39076411724091
20180920,12,40,-150,2000,26354.8828125,220.099975585938,26.7800025939941,-1.05396485328674
20180920,18,40,-150,2000,26372.068359375,222.199996948242,25.8758926391602,-0.886398911476135
20180921,0,40,-150,2000,26364.130859375,222.600006103516,25.3800067901611,-3.56207036972046
20180921,6,40,-150,2000,26347.44921875,222.600006103516,26.139965057373,-4.67243051528931
20180921,12,40,-150,2000,26344.115234375,225,28.3047294616699,-7.59989643096924
20180921,18,40,-150,2000,26344.751953125,225.736358642578,29.6000003814697,-6.73983764648438
20180922,0,40,-150,2000,26297.244140625,224.399993896484,30.7999992370605,-8.57526874542236
20180922,6,40,-150,2000,26274.724609375,223.800003051758,31.4686164855957,-9.53327655792236
20180922,12,40,-150,2000,26258.095703125,223.010040283203,35.5,-10.5000123977661
20180922,18,40,-150,2000,26257.5,222.300003051758,38.2000007629395,-5.19995737075806
20180923,0,40,-150,2000,26235.447265625,222.800003051758,35.1000061035156,-2.5723876953125
20180923,6,40,-150,2000,26235.447265625,223.899993896484,35.7000007629395,-4.15498638153076
20180923,12,40,-150,2000,26239.865234375,222.800003051758,38.5999984741211,-7.09999370574951
20180923,18,40,-150,2000,26252.669921875,221.999969482422,41.9000015258789,-2.4810791015625
20180924,0,40,-150,2000,26228.01953125,222.600006103516,41.0000038146973,0.418939203023911
20180924,6,40,-150,2000,26241.794921875,223.199996948242,36.3511238098145,0.107556149363518
20180924,12,40,-150,2000,26266.810546875,221.699996948242,36.2000007629395,-3.21881103515625
20180924,18,40,-150,2000,26281.294921875,219.699996948242,37.7999954223633,0.533850073814392
20180925,0,40,-150,2000,26305.9140625,220.199996948242,34.0000038146973,2.80001831054688
20180925,6,40,-150,2000,26315.080078125,219.199996948242,29.600025177002,-0.799969494342804
20180925,12,40,-150,2000,26355.939453125,219.5,28.9532661437988,-3.69991445541382
20180925,18,40,-150,2000,26385.927734375,220.199981689453,27.130012512207,-0.527851581573486
20180926,0,40,-150,2000,26410.8828125,221.800003051758,23.6819553375244,-1.78312015533447
20180926,6,40,-150,2000,26425.3359375,221.499969482422,19.9799995422363,-3.56744146347046
20180926,12,40,-150,2000,26454.390625,223,21.4799976348877,-5.31226539611816
20180926,18,40,-150,2000,26468.654296875,223.699996948242,21.8700065612793,-1.42879641056061
20180927,0,40,-150,2000,26499.505859375,224.800003051758,20.8120708465576,0.131696775555611
20180927,6,40,-150,2000,26528.955078125,225.491622924805,18.160005569458,3.22719478607178
20180927,12,40,-150,2000,26572.474609375,227,15.4700050354004,-0.402863770723343
20180927,18,40,-150,2000,26600.95703125,226.600006103516,14.4700002670288,-0.402226567268372
20180928,0,40,-150,2000,26635.51171875,226.5,11.3187818527222,-2.58992910385132
20180928,6,40,-150,2000,26632.099609375,226.599975585938,6.57000255584717,-5.24866437911987
20180928,12,40,-150,2000,26650.75,228.899993896484,7.6222243309021,-11.1480197906494
20180928,18,40,-150,2000,26650.685546875,229.600006103516,7.68139410018921,-8.80123519897461
20180929,0,40,-150,2000,26633.107421875,230.100006103516,7.58374738693237,-10.4227199554443
20180929,6,40,-150,2000,26615.302734375,230.499969482422,8.99000263214111,-8.68539810180664
20180929,12,40,-150,2000,26615.119140625,230.5,11.039999961853,-10.0816402435303
20180929,18,40,-150,2000,26611.287109375,229.199981689453,15.8400001525879,-7.02420425415039
20180930,0,40,-150,2000,26593.82421875,229.399993896484,15.7336769104004,-5.82416009902954
20180930,6,40,-150,2000,26590.97265625,228.79997253418,13.8324899673462,-6.02489280700684
20180930,12,40,-150,2000,26593.76171875,228.399993896484,15.8800001144409,-10.1681594848633
20180930,18,40,-150,2000,26578,228.499969482422,16.3799991607666,-10.6596488952637
20181001,0,40,-150,2000,26556.875,227,15.7299995422363,-12.1900539398193
20181001,6,40,-150,2000,26509.279296875,225.5,16.3799991607666,-16.1339740753174
20181001,12,40,-150,2000,26484.51171875,226.100006103516,20.3300018310547,-17.1371574401855
20181001,18,40,-150,2000,26468.48046875,226,23.2800025939941,-10.2844114303589
20181002,0,40,-150,2000,26433.275390625,225.699996948242,23.9300022125244,-5.64169931411743
20181002,6,40,-150,2000,26435.13671875,225.100006103516,22.0300102233887,-4.79778337478638
20181002,12,40,-150,2000,26450.193359375,224.599975585938,22.0800018310547,-3.10259771347046
20181002,18,40,-150,2000,26475.373046875,223.511627197266,19.2800045013428,2.02316641807556
20181003,0,40,-150,2000,26471.7890625,222.699996948242,13.7800025939941,3.64439463615417
20181003,6,40,-150,2000,26495.033203125,221.636032104492,11.080002784729,-1.58934569358826
20181003,12,40,-150,2000,26512.095703125,221.600006103516,13.6800003051758,-0.864704608917236
20181003,18,40,-150,2000,26531.216796875,222.123046875,11.4799995422363,0.619956076145172
20181004,0,40,-150,2000,26513.8125,221.600006103516,10.080002784729,0.0674365237355232
20181004,6,40,-150,2000,26527.7734375,221.597244262695,8.68001747131348,-0.501843273639679
20181004,12,40,-150,2000,26531.76953125,222.199996948242,10.3847465515137,-2.59933829307556
20181004,18,40,-150,2000,26529.01171875,222.199996948242,8.48000240325928,-0.760402858257294
20181005,0,40,-150,2000,26507.01953125,221.484817504883,9.07999801635742,-3.40031003952026
20181005,6,40,-150,2000,26497.615234375,221.499969482422,9.04000949859619,-3.42577385902405
20181005,12,40,-150,2000,26485.677734375,220.600006103516,12.2900075912476,-8.51768589019775
20181005,18,40,-150,2000,26472.681640625,220.899993896484,15.8299999237061,-5.43973398208618
20181006,0,40,-150,2000,26434.7109375,219.79997253418,17.4275169372559,-5.55695533752441
20181006,6,40,-150,2000,26416.267578125,218.988922119141,16.9297142028809,-5.36307621002197
20181006,12,40,-150,2000,26417.8984375,217.813522338867,20.8800067901611,-7.8105320930481
20181006,18,40,-150,2000,26414.203125,217.600006103516,23.3700008392334,-1.94806635379791
20181007,0,40,-150,2000,26392.9921875,216.399993896484,21.4699993133545,-0.301142573356628
20181007,6,40,-150,2000,26388.11328125,216,21.8200054168701,-1.76995122432709
20181007,12,40,-150,2000,26403.625,215.800003051758,23.370002746582,-3.5857470035553
20181007,18,40,-150,2000,26411.552734375,215.800003051758,24.0699996948242,-0.00677246088162065
20181008,0,40,-150,2000,26410.53515625,215.399993896484,23.5700054168701,-0.457607418298721
20181008,6,40,-150,2000,26411.080078125,215.100006103516,21.6699981689453,-0.365756839513779
20181008,12,40,-150,2000,26432.72265625,214.199996948242,23.1700019836426,-3.84727048873901
20181008,18,40,-150,2000,26435.908203125,214.246673583984,23.7199993133545,-1.03437006473541
20181009,0,40,-150,2000,26436.615234375,212.904571533203,22.6675128936768,-1.6697998046875
20181009,6,40,-150,2000,26434.89453125,213.100006103516,21.9699993133545,-0.5328369140625
20181009,12,40,-150,2000,26477.724609375,213.399993896484,19.9699993133545,-0.737187504768372
20181009,18,40,-150,2000,26506.783203125,214.199996948242,17.2700023651123,2.26900887489319
20181010,0,40,-150,2000,26512.595703125,214.099975585938,12.9800024032593,0.0584472641348839
20181010,6,40,-150,2000,26520.9375,215.499969482422,10.6900024414063,-0.0368749983608723
20181010,12,40,-150,2000,26565.845703125,216.600006103516,9.04000282287598,-2.99740719795227
20181010,18,40,-150,2000,26572.056640625,216.800003051758,9.77999973297119,-3.92854499816895
20181011,0,40,-150,2000,26564.23828125,216.800003051758,9.88000965118408,-3.48794674873352
20181011,6,40,-150,2000,26564.716796875,217.100006103516,8.38000011444092,-3.99442863464355
20181011,12,40,-150,2000,26596.41796875,218.5,9.67999744415283,-5.51822519302368
20181011,18,40,-150,2000,26608.58203125,218.29997253418,9.57999992370605,-2.83967781066895
20181012,0,40,-150,2000,26597.345703125,217.999969482422,7.18000507354736,-1.80454099178314
20181012,6,40,-150,2000,26603.29296875,218.699981689453,4.18000507354736,-2.10477542877197
20181012,12,40,-150,2000,26623.94921875,219.600006103516,4.63750982284546,-5.902587890625
20181012,18,40,-150,2000,26632.794921875,220.100006103516,5.69000482559204,-4.24042463302612
20181013,0,40,-150,2000,26625.59765625,219.599975585938,4.03000497817993,-4.39377450942993
20181013,6,40,-150,2000,26611.890625,219.899978637695,2.57991456985474,-6.78893089294434
20181013,12,40,-150,2000,26623.359375,219.899993896484,5.37760257720947,-8.79147911071777
20181013,18,40,-150,2000,26620.0625,220.5,5.17999982833862,-7.00720691680908
20181014,0,40,-150,2000,26593.2265625,219.399978637695,3.42999744415283,-8.04612827301025
20181014,6,40,-150,2000,26582.23828125,220.499969482422,3.07675790786743,-10.0399856567383
20181014,12,40,-150,2000,26583.134765625,221.100006103516,4.83000230789185,-11.7747755050659
20181014,18,40,-150,2000,26584.88671875,221.800003051758,6.1399974822998,-7.78593730926514
20181015,0,40,-150,2000,26561.33984375,220.899993896484,5.54000473022461,-6.78001689910889
20181015,6,40,-150,2000,26559.60546875,221.292526245117,5.23664283752441,-6.59590816497803
20181015,12,40,-150,2000,26586.994140625,221.599975585938,6.73000001907349,-7.23598861694336
20181015,18,40,-150,2000,26589.8515625,221.100006103516,6.43000221252441,-4.12251949310303
20181016,0,40,-150,2000,26577.94921875,220.699996948242,3.4300000667572,-4.87867164611816
20181016,6,40,-150,2000,26588.98046875,221,3.14000725746155,-5.15104007720947
20181016,12,40,-150,2000,26610.142578125,221.699996948242,2.27999997138977,-4.82613515853882
20181016,18,40,-150,2000,26627.794921875,221.899993896484,1.82999515533447,-2.85665035247803
20181017,0,40,-150,2000,26623.314453125,221.399978637695,0.879999995231628,-3.08667469024658
20181017,6,40,-150,2000,26621.078125,221.79997253418,-1.22000002861023,-3.51758551597595
20181017,12,40,-150,2000,26651.267578125,222.5,-1.8699951171875,-4.58867931365967
20181017,18,40,-150,2000,26664.7421875,222.199996948242,-2.71998524665833,-4.1057300567627
20181018,0,40,-150,2000,26646.04296875,222,-3.3199999332428,-5.95208978652954
20181018,6,40,-150,2000,26651.55078125,222.300003051758,-3.80999517440796,-6.27594232559204
20181018,12,40,-150,2000,26668.716796875,223.100006103516,-4.71999502182007,-8.60802745819092
20181018,18,40,-150,2000,26679.08203125,223.199996948242,-3.85999989509583,-7.1089015007019
20181019,0,40,-150,2000,26655.6171875,223.100006103516,-6.96000003814697,-7.24728012084961
20181019,6,40,-150,2000,26665.23828125,223.499969482422,-6.55999994277954,-8.9664306640625
20181019,18,40,-150,2000,26693.8671875,223.79997253418,-8.71000003814697,-7.40765619277954
20181020,0,40,-150,2000,26668.77734375,223.599975585938,-7.65925550460815,-7.77799320220947
20181020,6,40,-150,2000,26682.34765625,223.47265625,-8.65999221801758,-6.74993181228638
20181020,12,40,-150,2000,26683.21484375,224.399978637695,-9.61526584625244,-9.47380828857422
20181020,18,40,-150,2000,26700.234375,224.29997253418,-7.85999774932861,-8.93778800964355
20181021,0,40,-150,2000,26669.25,223.399993896484,-8.20998287200928,-7.2051854133606
20181021,6,40,-150,2000,26676.60546875,223.399993896484,-8.76000022888184,-8.55845260620117
20181021,12,40,-150,2000,26664.267578125,223.29997253418,-5.81999778747559,-9.73689937591553
20181021,18,40,-150,2000,26662.953125,223.899993896484,-4.21999502182007,-9.22113037109375
20181022,0,40,-150,2000,26627.7421875,222.699996948242,-1.95999026298523,-7.54791498184204
20181022,6,40,-150,2000,26616.779296875,221.399993896484,-1.56443357467651,-6.9346752166748
20181022,12,40,-150,2000,26598.0859375,222.899993896484,0.740002453327179,-8.36039352416992
20181022,18,40,-150,2000,26620.2109375,221.899978637695,1.64000487327576,-4.2807445526123
20181023,0,40,-150,2000,26587.609375,220.699951171875,1.37999999523163,-2.04024910926819
20181023,6,40,-150,2000,26595.599609375,221.699996948242,-0.0119482418522239,-2.53995108604431
20181023,12,40,-150,2000,26606.662109375,221.29997253418,1.08165287971497,-2.39083242416382
20181023,18,40,-150,2000,26620.751953125,221.300003051758,-1.26834964752197,-0.0599511712789536
20181024,0,40,-150,2000,26599.455078125,221,-1.01999759674072,-0.616513669490814
20181024,6,40,-150,2000,26611.921875,221.699981689453,-3.35999274253845,-1.20973873138428
20181024,12,40,-150,2000,26613.775390625,221.699996948242,-1.32000243663788,-2.71485114097595
20181024,18,40,-150,2000,26625.490234375,222,-3.41999506950378,-0.0478613264858723
20181025,0,40,-150,2000,26593.39453125,220.899993896484,-2.9147264957428,-1.38602292537689
20181025,6,40,-150,2000,26599.634765625,221.699996948242,-4.15999507904053,-0.926623523235321
20181025,12,40,-150,2000,26613.14453125,221.199981689453,-4.71473121643066,-2.52815914154053
20181025,18,40,-150,2000,26629.2265625,221.600006103516,-4.61526870727539,-1.41599118709564
20181026,0,40,-150,2000,26620.720703125,221.100006103516,-5.65999507904053,-1.35401856899261
20181026,6,40,-150,2000,26624.15234375,220.999969482422,-7.92000007629395,-3.51658201217651
20181026,12,40,-150,2000,26651.779296875,221.29997253418,-4.76000261306763,-4.94405269622803
20181026,18,40,-150,2000,26664.759765625,221.600006103516,-6.80999279022217,-2.7835156917572
20181027,0,40,-150,2000,26657.69921875,220.800003051758,-4.85916996002197,-5.92861795425415
20181027,6,40,-150,2000,26650.75,220.29997253418,-5.65999507904053,-4.19038105010986
20181027,12,40,-150,2000,26667.091796875,221.600006103516,-5.16000509262085,-5.53959465026855
20181027,18,40,-150,2000,26674.13671875,220.600006103516,-4.21000242233276,-4.96788311004639
20181028,0,40,-150,2000,26647.751953125,220.5,-3.20999765396118,-4.07651376724243
20181028,6,40,-150,2000,26631.34765625,220.5,-4.9599928855896,-4.70261478424072
20181028,12,40,-150,2000,26640.46484375,221.399993896484,-2.26000237464905,-8.12589073181152
20181028,18,40,-150,2000,26627.86328125,220.399978637695,-0.159997552633286,-4.66848373413086
20181029,0,40,-150,2000,26586.59765625,220.099975585938,-1.30999267101288,-5.85720205307007
20181029,6,40,-150,2000,26570.970703125,220.100006103516,0.840014636516571,-6.93869876861572
20181029,12,40,-150,2000,26566.34765625,220.899993896484,2.48059821128845,-8.07595729827881
20181029,18,40,-150,2000,26554.587890625,221,4.03999996185303,-5.1130199432373
20181030,0,40,-150,2000,26519.58984375,220.199996948242,5.01489019393921,-4.42667245864868
20181030,6,40,-150,2000,26519.1015625,220.899993896484,4.71317005157471,-3.20532965660095
20181030,12,40,-150,2000,26535.90234375,220.600006103516,3.61379885673523,-3.29198241233826
20181030,18,40,-150,2000,26536.380859375,220.899993896484,1.87050294876099,-0.355566412210464
20181031,0,40,-150,2000,26528.568359375,220.79997253418,1.39934325218201,-1.01022458076477
20181031,6,40,-150,2000,26520.158203125,220.300003051758,0.134667962789536,-2.66486573219299
20181031,12,40,-150,2000,26538.359375,221.29997253418,0.379550784826279,-3.75557136535645
20181031,18,40,-150,2000,26532.5390625,220.899978637695,1.77999997138977,-3.72313976287842
20181101,0,40,-150,2000,26496.892578125,220.699996948242,2.48000240325928,-5.41916990280151
20181101,6,40,-150,2000,26473.787109375,220.699981689453,3.30000305175781,-6.65261220932007
20181101,12,40,-150,2000,26479.130859375,221.300003051758,6.20000314712524,-9.29993915557861
20181101,18,40,-150,2000,26460.470703125,220.300003051758,9.19999885559082,-6.19993877410889
20181102,0,40,-150,2000,26422.703125,220.099975585938,11.7999973297119,-7.30994272232056
20181102,6,40,-150,2000,26420.947265625,219.899978637695,13.100001335144,-6.09992074966431
20181102,12,40,-150,2000,26441.212890625,220,16.0488777160645,-6.09990215301514
20181102,18,40,-150,2000,26445.3125,219.300003051758,15.7800045013428,-1.07994627952576
20181103,0,40,-150,2000,26438.302734375,218.600006103516,13.9765405654907,-0.920214831829071
20181103,6,40,-150,2000,26458.572265625,219.29997253418,12.0416822433472,-0.584428727626801
20181103,12,40,-150,2000,26494.0546875,219.699996948242,10.0633497238159,-2.50411128997803
20181103,18,40,-150,2000,26512.41796875,219,8.42666053771973,0.0723730474710464
20181104,0,40,-150,2000,26500.02734375,219.5,6.24099969863892,-1.63196289539337
20181104,6,40,-150,2000,26523.15234375,220.5,6.28000259399414,-3.08241200447083
20181104,12,40,-150,2000,26543.953125,220.800003051758,6.98473644256592,-4.10486316680908
20181104,18,40,-150,2000,26552.97265625,220.399993896484,7.20000171661377,-2.19993281364441
20181105,0,40,-150,2000,26512.97265625,220.5,6.79477977752686,-3.29995107650757
20181105,6,40,-150,2000,26499.373046875,220.699996948242,7.28749704360962,-4.09998798370361
20181105,12,40,-150,2000,26502.212890625,220.899993896484,9.78843402862549,-6.19997549057007
20181105,18,40,-150,2000,26493.181640625,221.100006103516,11.9068880081177,-3.39995121955872
20181106,0,40,-150,2000,26440.998046875,220.5,11.5729579925537,-4.12912607192993
20181106,6,40,-150,2000,26425.7734375,221.100006103516,12.8922605514526,-6.69993877410889
20181106,12,40,-150,2000,26423.400390625,220.800003051758,17.4558715820313,-6.29994487762451
20181106,18,40,-150,2000,26411.6484375,220.460601806641,19.5487022399902,-3.19994497299194
20181107,0,40,-150,2000,26381.14453125,218.699981689453,20.9817867279053,-0.478005975484848
20181107,6,40,-150,2000,26385.58984375,217.5,19.3882808685303,1.60005795955658
20181107,12,40,-150,2000,26426.9140625,217.199996948242,17.219217300415,5.50003051757813
20181107,18,40,-150,2000,26455.794921875,215.79997253418,7.75222158432007,11.9000186920166
20181108,0,40,-150,2000,26462.1171875,215.699996948242,-0.550982654094696,11.1000461578369
20181108,6,40,-150,2000,26486.873046875,216.600006103516,-4.43497943878174,7.20003032684326
20181108,12,40,-150,2000,26520.86328125,218,-3.75788259506226,4.60002422332764
20181108,18,40,-150,2000,26538.568359375,218,-6.03016042709351,4.30001831054688
20181109,0,40,-150,2000,26513.47265625,217.79997253418,-6.95068645477295,2.40001225471497
20181109,6,40,-150,2000,26517.3671875,219.199996948242,-7.81566143035889,-0.899987816810608
20181109,12,40,-150,2000,26531.7734375,219.600006103516,-4.98949289321899,-3.99998164176941
20181109,18,40,-150,2000,26531.765625,219.699996948242,-4.27454853057861,-2.10001230239868
20181110,0,40,-150,2000,26489.2578125,219.5,-4.97618389129639,-3.75322866439819
20181110,6,40,-150,2000,26475.5546875,220.5,-2.51326894760132,-5.5999755859375
20181110,12,40,-150,2000,26479.921875,220.892532348633,4.20273113250732,-5.19997549057007
20181110,18,40,-150,2000,26487.67578125,221.300003051758,5.65455007553101,-2.28273320198059
20181111,0,40,-150,2000,26454.3046875,220.899993896484,7.41000986099243,-4.39993906021118
20181111,6,40,-150,2000,26467.935546875,221.899993896484,7.69999074935913,-5.09996318817139
20181111,12,40,-150,2000,26486.654296875,221.599975585938,9.90000343322754,-3.59990835189819
20181111,18,40,-150,2000,26506.546875,221.399978637695,6.43000173568726,-2.00009155273438
20181112,0,40,-150,2000,26479.064453125,220.899993896484,6.61941814422607,-3.59998774528503
20181112,6,40,-150,2000,26489.294921875,221.699996948242,5.66208791732788,-3.60236215591431
20181112,12,40,-150,2000,26509.66796875,222.031692504883,7.32000017166138,-3.56113529205322
20181112,18,40,-150,2000,26512.609375,222.399993896484,3.37583255767822,-1.59681880474091
20181113,0,40,-150,2000,26494.7890625,221.699981689453,3.01854991912842,-5.02489519119263
20181113,6,40,-150,2000,26483.515625,221.800003051758,3.23431706428528,-5.90000295639038
20181113,12,40,-150,2000,26490.2890625,222.899978637695,4.71337413787842,-7.92999505996704
20181113,18,40,-150,2000,26489.267578125,222.399993896484,4.39302968978882,-6.6100001335144
20181114,0,40,-150,2000,26441.015625,221.399978637695,5.2363429069519,-10.4593257904053
20181114,6,40,-150,2000,26414.634765625,221.5,9.33779335021973,-12.6553220748901
20181114,12,40,-150,2000,26408.939453125,222.79997253418,13.5285396575928,-13.1584281921387
20181114,18,40,-150,2000,26396.349609375,221.899993896484,13.4402294158936,-8.7000150680542
20181115,0,40,-150,2000,26344.689453125,220.499969482422,15.0289964675903,-12.4010038375854
20181115,6,40,-150,2000,26338.162109375,220.699981689453,19.0316047668457,-11.6499805450439
20181115,12,40,-150,2000,26352.47265625,220.399993896484,21.0097846984863,-9.10999965667725
20181115,18,40,-150,2000,26348.76953125,219.699996948242,21.0201511383057,-5.6200098991394
20181116,0,40,-150,2000,26317.3515625,218.800003051758,20.9992580413818,-9.20005226135254
20181116,6,40,-150,2000,26315.6171875,219.299957275391,23.0691947937012,-10.4356985092163
20181116,12,40,-150,2000,26342.162109375,218.199996948242,27.386812210083,-7.51000022888184
20181116,18,40,-150,2000,26322.408203125,218.099975585938,23.2581005096436,-3.81076669692993
20181117,0,40,-150,2000,26292.365234375,217.599975585938,22.2886085510254,-6.96000003814697
20181117,6,40,-150,2000,26279.435546875,218.100006103516,24.6860504150391,-5.57143068313599
20181117,12,40,-150,2000,26295.5234375,218.800003051758,25.4650726318359,-4.02570295333862
20181117,18,40,-150,2000,26280.5859375,218.099975585938,22.7199935913086,-1.79786372184753
20181118,0,40,-150,2000,26263.037109375,217.606979370117,20.5107040405273,-2.0700147151947
20181118,6,40,-150,2000,26260.392578125,217.399993896484,19.2435111999512,-1.33239984512329
20181118,12,40,-150,2000,26289.0859375,216.970413208008,19.0199756622314,0.853276371955872
20181118,18,40,-150,2000,26293.119140625,215.300003051758,15.1405544281006,2.7841796875
20181119,0,40,-150,2000,26293.658203125,214.300003051758,15.6523389816284,2.85214853286743
20181119,6,40,-150,2000,26291.3046875,214.600006103516,12.1229295730591,2.29436039924622
20181119,12,40,-150,2000,26331.908203125,214.699996948242,12.915412902832,-0.999443352222443
20181119,18,40,-150,2000,26335.58203125,214.699996948242,9.8643159866333,-0.41998291015625
20181120,0,40,-150,2000,26326.109375,215.199996948242,9.35472202301025,-3.74949216842651
20181120,6,40,-150,2000,26333.970703125,217.199996948242,11.238151550293,-5.99957275390625
20181120,12,40,-150,2000,26350.7578125,218.699996948242,12.923095703125,-5.35198974609375
20181120,18,40,-150,2000,26355.876953125,219.699996948242,12.9899826049805,-4.37356424331665
20181121,0,40,-150,2000,26327.29296875,220,16.5761795043945,-5.01782941818237
20181121,6,40,-150,2000,26331.859375,221.014694213867,16.2365226745605,-3.68138670921326
20181121,12,40,-150,2000,26341.193359375,221.099975585938,17.9750022888184,-2.7219774723053
20181121,18,40,-150,2000,26343.212890625,222.800003051758,16.3877906799316,0.142612308263779
20181122,0,40,-150,2000,26307.875,221.800003051758,12.1826047897339,2.93253421783447
20181122,6,40,-150,2000,26316.755859375,222.099975585938,5.9023609161377,3.30122566223145
20181122,12,40,-150,2000,26351.17578125,221.800003051758,3.67878174781799,4.30143070220947
20181122,18,40,-150,2000,26367.9140625,221.29997253418,-3.8364942073822,7.66663312911987
20181123,0,40,-150,2000,26362.5390625,221.399993896484,-7.99400615692139,5.19800758361816
20181123,6,40,-150,2000,26372.015625,220.899978637695,-9.60601329803467,5.93022441864014
20181123,12,40,-150,2000,26409.162109375,220.800003051758,-10.0039987564087,4.54934549331665
20181123,18,40,-150,2000,26419.025390625,220.800003051758,-11.9200048446655,5.34135246276855
20181124,0,40,-150,2000,26418.330078125,220.100006103516,-14.2339868545532,5.30945777893066
20181124,6,40,-150,2000,26422.3984375,219.929153442383,-14.333420753479,2.67029786109924
20181124,12,40,-150,2000,26449.08984375,220.129150390625,-13.0833616256714,3.95070314407349
20181124,18,40,-150,2000,26465.037109375,219.100006103516,-14.9577417373657,2.97000479698181
20181125,0,40,-150,2000,26436.712890625,219,-15.0512742996216,4.03518056869507
20181125,6,40,-150,2000,26424.466796875,218.5,-14.8925533294678,1.37221193313599
20181125,12,40,-150,2000,26447.802734375,218.699996948242,-13.1187229156494,3.16001462936401
20181125,18,40,-150,2000,26434.455078125,218.399978637695,-15.0939254760742,4.73382568359375
20181126,0,40,-150,2000,26393.068359375,217.79997253418,-15.6077852249146,4.40332746505737
20181126,6,40,-150,2000,26369.921875,216.999969482422,-16.3631134033203,3.16001963615417
20181126,12,40,-150,2000,26384.13671875,217.399993896484,-15.5861845016479,3.739990234375
20181126,18,40,-150,2000,26379.658203125,216.499969482422,-15.6307983398438,3.49580574035645
20181127,0,40,-150,2000,26348.560546875,216.800003051758,-16.796257019043,2.21907711029053
20181127,6,40,-150,2000,26349.177734375,217,-15.6399831771851,1.55128419399261
20181127,12,40,-150,2000,26368.58203125,217.999969482422,-12.3314332962036,1.21899902820587
20181127,18,40,-150,2000,26369.67578125,218.5,-13.3171310424805,3.02102041244507
20181128,0,40,-150,2000,26347.662109375,218.899993896484,-12.149299621582,1.29234862327576
20181128,6,40,-150,2000,26352.126953125,219.5,-11.9394807815552,0.400006115436554
20181128,12,40,-150,2000,26379.962890625,221.099975585938,-11.2584018707275,-0.699996948242188
20181128,18,40,-150,2000,26397.98046875,221.300003051758,-10.2410154342651,0.170855715870857
20181129,0,40,-150,2000,26373.92578125,221.5,-11.4656314849854,-0.600006103515625
20181129,6,40,-150,2000,26383.80078125,222.600006103516,-9.85342979431152,-4.09999990463257
20181129,12,40,-150,2000,26420.23046875,223.699996948242,-6.92001962661743,-4.39999389648438
20181129,18,40,-150,2000,26426.599609375,224.399978637695,-7.90126323699951,-3.10001230239868
20181130,0,40,-150,2000,26408.392578125,225.199996948242,-6.97207021713257,-4.20000600814819
20181130,6,40,-150,2000,26423.068359375,226.100006103516,-5.10120248794556,-5.80001211166382
20181130,12,40,-150,2000,26445.53515625,226.899993896484,-2.53532099723816,-3.90001225471497
20181130,18,40,-150,2000,26463.267578125,226.699981689453,-3.89664006233215,-3.67808842658997
20181201,0,40,-150,2000,26440.453125,226.100006103516,-2.09776616096497,-2.00001215934753
20181201,6,40,-150,2000,26442.431640625,226.399993896484,-3.28117680549622,-4.60000610351563
20181201,12,40,-150,2000,26458.123046875,226.399993896484,-0.328826904296875,-2.90000009536743
20181201,18,40,-150,2000,26462.130859375,226.300003051758,-1.90599977970123,-2.40000605583191
20181202,0,40,-150,2000,26422.517578125,225.800003051758,-2.38911128044128,-2.07085275650024
20181202,6,40,-150,2000,26409.94921875,226.100006103516,-2.65612316131592,-4.42218732833862
20181202,12,40,-150,2000,26429.365234375,226.711669921875,-0.2566919028759,-3.31754398345947
20181202,18,40,-150,2000,26420.70703125,226.300003051758,-1.07690918445587,-3.02999019622803
20181203,0,40,-150,2000,26373.623046875,225.800003051758,-1.50432860851288,-3.90000987052917
20181203,6,40,-150,2000,26370.79296875,226.699996948242,-2.08752679824829,-5.37999534606934
20181203,12,40,-150,2000,26386.61328125,226.899993896484,0.784457981586456,-5.83688974380493
20181203,18,40,-150,2000,26387.6640625,227,-0.569873034954071,-5.12392091751099
20181204,0,40,-150,2000,26357.5234375,227.199996948242,0.628583967685699,-5.06166982650757
20181204,6,40,-150,2000,26367.404296875,227.199996948242,0.42215821146965,-5.1163477897644
20181204,12,40,-150,2000,26402.154296875,227.899993896484,2.31560063362122,-5.11404037475586
20181204,18,40,-150,2000,26424.8359375,227.199996948242,2.55948495864868,-2.41166019439697
20181205,0,40,-150,2000,26408.13671875,226.399993896484,0.288527846336365,-0.246503904461861
20181205,6,40,-150,2000,26426.1796875,226.600006103516,-3.00562143325806,-1.05060422420502
20181205,12,40,-150,2000,26467.515625,226.099975585938,-0.875727832317352,-0.799963355064392
20181205,18,40,-150,2000,26496.53515625,225.699996948242,-3.93040466308594,2.60003042221069
20181206,0,40,-150,2000,26484.1953125,224.100006103516,-6.16045236587524,0.900030493736267
20181206,6,40,-150,2000,26483.80078125,224.899993896484,-7.05356884002686,1.11004638671875
20181206,12,40,-150,2000,26514.64453125,224.104415893555,-6.69232654571533,0.456433117389679
20181206,18,40,-150,2000,26521.83984375,223.895553588867,-7.86437368392944,3.4000244140625
20181207,0,40,-150,2000,26493.32421875,223.29997253418,-10.4648103713989,1.50001835823059
20181207,6,40,-150,2000,26489.875,223.399993896484,-9.2007999420166,1.05805659294128
20181207,12,40,-150,2000,26511.251953125,223.600006103516,-9.92546081542969,0.400006115436554
20181207,18,40,-150,2000,26514.525390625,223.5,-10.3551912307739,1.44360959529877
20181208,0,40,-150,2000,26495.52734375,223.199981689453,-11.5259580612183,1.30001223087311
20181208,6,40,-150,2000,26492.01171875,223.5,-12.0117893218994,-0.899981677532196
20181208,12,40,-150,2000,26514.376953125,224.600006103516,-10.4493160247803,-0.843597412109375
20181208,18,40,-150,2000,26527.515625,223.800003051758,-10.5459575653076,0.899999976158142
20181209,0,40,-150,2000,26499.025390625,223.600006103516,-11.3626585006714,0.900012195110321
20181209,6,40,-150,2000,26497.66015625,224.300003051758,-12.4401960372925,-0.599993884563446
20181209,12,40,-150,2000,26524.01171875,224.600006103516,-9.33172416687012,-0.900006115436554
20181209,18,40,-150,2000,26522.3984375,224,-10.4447765350342,3.40001225471497
20181210,0,40,-150,2000,26488.658203125,223.600006103516,-11.113917350769,0.200109869241714
20181210,6,40,-150,2000,26492.810546875,223.79997253418,-9.85483074188232,1.29999387264252
20181210,12,40,-150,2000,26504.814453125,223.899993896484,-9.17445659637451,1.10000002384186
20181210,18,40,-150,2000,26503.037109375,223.300003051758,-10.0684719085693,1.79999387264252
20181211,0,40,-150,2000,26469.525390625,222.999969482422,-9.98161506652832,2.59998774528503
20181211,6,40,-150,2000,26459.19921875,222.79997253418,-11.7754001617432,0.599993884563446
20181211,12,40,-150,2000,26486.671875,223.199996948242,-8.30756855010986,-0.100006103515625
20181211,18,40,-150,2000,26485.474609375,222.999969482422,-11.4462490081787,1
20181212,0,40,-150,2000,26457.455078125,222.600006103516,-10.6330232620239,0.499993890523911
20181212,6,40,-150,2000,26458.48828125,223.099975585938,-10.6999969482422,-1.80000913143158
20181212,12,40,-150,2000,26482.1171875,223.300003051758,-9.14645862579346,-1.89998781681061
20181212,18,40,-150,2000,26483.3046875,222.999969482422,-9.21149921417236,-0.200006097555161
20181213,0,40,-150,2000,26451.8125,223.100006103516,-11.3062086105347,-0.899993896484375
20181213,6,40,-150,2000,26456.697265625,223.899993896484,-9.61896324157715,-2.19999384880066
20181213,12,40,-150,2000,26486.6640625,224.100006103516,-7.70978403091431,-2
20181213,18,40,-150,2000,26484.927734375,223.699981689453,-9.13609027862549,0.501367211341858
20181214,0,40,-150,2000,26467.92578125,223.699996948242,-10.0953159332275,-0.999993920326233
20181214,6,40,-150,2000,26477.087890625,224.600006103516,-9.39609718322754,-1.35082399845123
20181214,12,40,-150,2000,26508.240234375,224.399993896484,-7.20014667510986,-1.70001220703125
20181214,18,40,-150,2000,26514.9765625,223.5,-7.73110675811768,1.60001218318939
20181215,0,40,-150,2000,26490.181640625,224.199996948242,-10.7029209136963,0.300000011920929
20181215,6,40,-150,2000,26504.1875,224.300003051758,-8.88735961914063,-1.30000615119934
20181215,12,40,-150,2000,26528.89453125,224.499969482422,-6.45444631576538,-0.191436767578125
20181215,18,40,-150,2000,26530.84765625,223.199996948242,-9.54113483428955,1.09998774528503
20181216,0,40,-150,2000,26500.169921875,224.199996948242,-9.00415325164795,0.999987781047821
20181216,6,40,-150,2000,26491.810546875,223.5,-9.03120136260986,-0.896716296672821
20181216,12,40,-150,2000,26516.4765625,224.199996948242,-7.15864562988281,-0.10000915825367
20181216,18,40,-150,2000,26519.130859375,223.699996948242,-8.08751201629639,-0.400006115436554
20181217,0,40,-150,2000,26487.287109375,224.402786254883,-7.89063739776611,-0.600000023841858
20181217,6,40,-150,2000,26486.052734375,223.699996948242,-6.3516845703125,-0.899999976158142
20181217,12,40,-150,2000,26506.73046875,224.300003051758,-5.92180776596069,-0.51611328125
20181217,18,40,-150,2000,26506.572265625,224,-6.45451068878174,0.699963390827179
20181218,0,40,-150,2000,26474.900390625,224.100006103516,-6.62687969207764,1.699951171875
20181218,6,40,-150,2000,26483.044921875,224.399993896484,-7.30879497528076,-1.22070314318989e-05
20181218,12,40,-150,2000,26493.537109375,224.699996948242,-5.70419931411743,-0.300018310546875
