20180720,0,-40,35,15000,14076.40625,216.114303588867,6.51111316680908,5.26316404342651
20180720,6,-40,35,15000,14077.2490234375,215.600006103516,4.60833501815796,6.08500003814697
20180720,12,-40,35,15000,14054.9853515625,215.397216796875,5.0119481086731,8.33829593658447
20180720,18,-40,35,15000,14047.4951171875,215.189987182617,6.30889177322388,7.81578350067139
20180721,0,-40,35,15000,14056.1552734375,215.199996948242,5.5,9.43154811859131
20180721,6,-40,35,15000,14057.8212890625,217.017242431641,6.78278303146362,9.59260749816895
20180721,12,-40,35,15000,14039.3212890625,217.100006103516,7.30999517440796,7.59891843795776
20180721,18,-40,35,15000,14039.9365234375,217.5625,5.7944483757019,6.15753889083862
20180722,0,-40,35,15000,14053.9775390625,217.399993896484,5.9127345085144,6.20183086395264
20180722,6,-40,35,15000,14060.8271484375,217.899993896484,5.10805654525757,4.15060043334961
20180722,12,-40,35,15000,14042.482421875,218.224456787109,4.19122076034546,4.5151219367981
20180722,18,-40,35,15000,14043.6689453125,218.485321044922,2.79313468933105,3.90061521530151
20180723,0,-40,35,15000,14050.462890625,218.431686401367,2.49938726425171,3.43142080307007
20180723,6,-40,35,15000,14055.9013671875,218.999969482422,1.97805666923523,2.13768792152405
20180723,12,-40,35,15000,14039.138671875,219.100006103516,2.50064444541931,0.987668454647064
20180723,18,-40,35,15000,14037.912109375,219.100006103516,1.19557619094849,0.426445305347443
20180724,0,-40,35,15000,14045.12109375,218.800003051758,1.09156000614166,-0.0430419929325581
20180724,6,-40,35,15000,14042.4970703125,218.831695556641,-0.887343764305115,0.484873056411743
20180724,12,-40,35,15000,14026.1533203125,219.078079223633,-1.00135493278503,0.576152324676514
20180724,18,-40,35,15000,14024.3466796875,218.899993896484,-2.80804920196533,1.95620608329773
20180725,0,-40,35,15000,14028.99609375,219.399993896484,-1.80705571174622,2.77203607559204
20180725,6,-40,35,15000,14030.5029296875,220,-3.70101571083069,3.30032706260681
20180725,12,-40,35,15000,14012.8974609375,220.612823486328,-3.8050000667572,4.37194585800171
20180725,18,-40,35,15000,14012.384765625,220.682769775391,-4.21208477020264,4.92949199676514
20180726,0,-40,35,15000,14017.2109375,221.06364440918,-4.31330585479736,4.97467517852783
20180726,6,-40,35,15000,14024.732421875,220.800003051758,-3.61190438270569,4.69728994369507
20180726,12,-40,35,15000,14008.625,220.529144287109,-2.71593260765076,2.75372552871704
20180726,18,-40,35,15000,14015.9560546875,220.658813476563,-3.20775151252747,3.7388379573822
20180727,0,-40,35,15000,14030.65625,220.324462890625,-1.99610841274261,3.14032459259033
20180727,6,-40,35,15000,14033.787109375,220.300003051758,-1.19658207893372,2.46142816543579
20180727,12,-40,35,15000,14014.201171875,220.199996948242,-0.715844750404358,2.02894520759583
20180727,18,-40,35,15000,14016.806640625,220.088577270508,-1.59527826309204,2.12313723564148
20180728,0,-40,35,15000,14021.8271484375,220.314697265625,-1.19528317451477,3.46028566360474
20180728,6,-40,35,15000,14021.8251953125,220.385299682617,-0.499709486961365,2.98199701309204
20180728,12,-40,35,15000,13999.0498046875,220.399993896484,-0.710986316204071,3.00616216659546
20180728,18,-40,35,15000,13997.912109375,220.600006103516,-2.19445061683655,2.96815419197083
20180729,0,-40,35,15000,13999.59375,220.800003051758,-1.20025873184204,3.39873051643372
20180729,6,-40,35,15000,14006.990234375,220.868316650391,-1.97916257381439,1.93152582645416
20180729,12,-40,35,15000,13993.5,221.099975585938,-1.69999027252197,1.96307861804962
20180729,18,-40,35,15000,13997.634765625,220.899978637695,-2.28775382041931,1.03349852561951
20180730,0,-40,35,15000,14007.7001953125,221.29997253418,-1.90355467796326,1.15484380722046
20180730,6,-40,35,15000,14018.0546875,221.199996948242,-1.80640625953674,-0.804707050323486
20180730,12,-40,35,15000,14002.16015625,221.5,-2.48670887947083,-1.95906984806061
20180730,18,-40,35,15000,14009.63671875,221.600006103516,-3.89389157295227,-2.58922362327576
20180731,0,-40,35,15000,14019.92578125,221.348922729492,-3.48999500274658,-3.13006114959717
20180731,6,-40,35,15000,14026.0078125,221.600006103516,-4.10634279251099,-4.92863273620605
20180731,12,-40,35,15000,14012.4990234375,221.199996948242,-3.08998036384583,-4.3611912727356
20180731,18,-40,35,15000,14020.78515625,221.199996948242,-3.48731446266174,-4.87320327758789
20180801,0,-40,35,15000,14027.1953125,220.961456298828,-2.38995122909546,-4.78559064865112
20180801,6,-40,35,15000,14031.662109375,221,-2.90750002861023,-6.12176275253296
20180801,12,-40,35,15000,14010.04296875,221.100006103516,-1.1032372713089,-4.6031641960144
20180801,18,-40,35,15000,14006.7578125,221.199981689453,-1.50425779819489,-4.25780773162842
20180802,0,-40,35,15000,14016.3896484375,221.199996948242,-1.20052242279053,-2.60474848747253
20180802,6,-40,35,15000,14017.447265625,221.100006103516,-0.798315405845642,-2.82058095932007
20180802,12,-40,35,15000,14001.65625,220.699996948242,-0.482722163200378,-3.38236808776855
20180802,18,-40,35,15000,14005.794921875,220.899993896484,-1.99902832508087,-3.45454335212708
20180803,0,-40,35,15000,14020.490234375,221.199996948242,-1.08776617050171,-3.20196771621704
20180803,6,-40,35,15000,14037.1572265625,221.300003051758,-2.59000492095947,-6.35266590118408
20180803,12,-40,35,15000,14037.541015625,219.800003051758,-4.46399402618408,-6.00597906112671
20180803,18,-40,35,15000,14058.7490234375,217.399993896484,-5.69083023071289,-9.28654766082764
20180804,0,-40,35,15000,14094.61328125,214,-3.29282712936401,-10.4199686050415
20180804,6,-40,35,15000,14109.599609375,211.699996948242,2.30777835845947,-12.5598974227905
20180804,12,-40,35,15000,14090.3173828125,212.199996948242,10.7983350753784,-16.8538932800293
20180804,18,-40,35,15000,14081.13671875,212.899993896484,12.4200048446655,-20.7334232330322
20180805,0,-40,35,15000,14102.927734375,211.699996948242,12.1246147155762,-23.0937747955322
20180805,6,-40,35,15000,14118.4599609375,210.5,14.220009803772,-22.8826789855957
20180805,12,-40,35,15000,14101.23828125,211.207473754883,19.5078067779541,-16.4525165557861
20180805,18,-40,35,15000,14071.5634765625,214.499969482422,25.4089260101318,-10.5641508102417
20180806,0,-40,35,15000,14035.0810546875,216.906982421875,29.6000099182129,-5.95479488372803
20180806,6,-40,35,15000,13993.81640625,221.199996948242,25.25,-5.5253005027771
20180806,12,-40,35,15000,13938.388671875,223.414260864258,20.1600284576416,-4.22997331619263
20180806,18,-40,35,15000,13917.8779296875,224.399993896484,15.1366500854492,-6.50377941131592
20180807,0,-40,35,15000,13918.9873046875,224.621917724609,13.8505373001099,-4.89607667922974
20180807,6,-40,35,15000,13909.8310546875,225.300003051758,10.4458103179932,-4.7463698387146
20180807,12,-40,35,15000,13885.0322265625,226.5,8.44499778747559,-6.34003925323486
20180807,18,-40,35,15000,13877.8583984375,226.600006103516,5.3241286277771,-10.858678817749
20180808,0,-40,35,15000,13885.5849609375,227.066696166992,5.44000720977783,-12.1105155944824
20180808,6,-40,35,15000,13891.08984375,226.300003051758,2.23999500274658,-15.0410957336426
20180808,12,-40,35,15000,13891.2333984375,225.399978637695,1.22272455692291,-17.1733989715576
20180808,18,-40,35,15000,13925.4326171875,223.199981689453,-0.691445291042328,-21.2566413879395
20180809,0,-40,35,15000,13983.31640625,219.100250244141,3.70167469978333,-26.7787742614746
20180809,6,-40,35,15000,14044.7666015625,214.800003051758,6.21444845199585,-28.0866928100586
20180809,12,-40,35,15000,14061.8603515625,213.199996948242,7.23435544967651,-24.3458518981934
20180809,18,-40,35,15000,14087.9345703125,212.906982421875,6.30473136901855,-19.4710540771484
20180810,0,-40,35,15000,14124.009765625,212.199996948242,9.19179725646973,-15.9299659729004
20180810,6,-40,35,15000,14142.1640625,211.699996948242,9.70227527618408,-10.5670776367188
20180810,12,-40,35,15000,14138.1728515625,211.936370849609,10.6937990188599,-2.31520009040833
20180810,18,-40,35,15000,14135.8583984375,212.699996948242,12.9076805114746,0.606059551239014
20180811,0,-40,35,15000,14146.4423828125,212.600006103516,13.7099561691284,0.7567138671875
20180811,6,-40,35,15000,14148.6015625,212.600006103516,12.9925098419189,0.4303198158741
20180811,12,-40,35,15000,14127.7529296875,213.5,14.4915771484375,1.12041258811951
20180811,18,-40,35,15000,14119.87890625,214.687210083008,13.7067575454712,-2.4316577911377
20180812,0,-40,35,15000,14124.505859375,215.318313598633,11.1064939498901,-4.32970237731934
20180812,6,-40,35,15000,14127.958984375,216.076416015625,7.61999988555908,-5.71984148025513
20180812,12,-40,35,15000,14115.5673828125,216.600006103516,6.52194833755493,-6.44164085388184
20180812,18,-40,35,15000,14118.365234375,217.199981689453,2.02000498771667,-9.61738777160645
20180813,0,-40,35,15000,14121.4501953125,216.868316650391,0.931357443332672,-11.6737012863159
20180813,6,-40,35,15000,14114.6533203125,217.899993896484,-3.25841808319092,-12.6509475708008
20180813,12,-40,35,15000,14083.8212890625,218.999969482422,-4.25332498550415,-10.017897605896
20180813,18,-40,35,15000,14071.6591796875,219.5,-8.73335933685303,-9.20533657073975
20180814,0,-40,35,15000,14077.19140625,219.300003051758,-10.8503665924072,-5.23640632629395
20180814,6,-40,35,15000,14083.919921875,217.600006103516,-10.5538768768311,-6.16325664520264
20180814,12,-40,35,15000,14058.4375,216.600006103516,-9.46038055419922,-5.91000509262085
20180814,18,-40,35,15000,14050.80078125,215.999969482422,-7.56287097930908,-5.01784658432007
20180815,0,-40,35,15000,14047.0087890625,215.763381958008,-4.6656346321106,-4.67059564590454
20180815,6,-40,35,15000,14033.9765625,215.29997253418,-3.65771961212158,-3.30895757675171
20180815,12,-40,35,15000,14010.1923828125,214.300003051758,-0.158779293298721,-1.11628174781799
20180815,18,-40,35,15000,14003.8310546875,214.399993896484,-0.670000016689301,-1.13306152820587
20180816,0,-40,35,15000,14011.353515625,214.300003051758,1.03999996185303,2.34671878814697
20180816,6,-40,35,15000,14007.375,214.939788818359,1.42487788200378,3.14757084846497
20180816,12,-40,35,15000,13992.4833984375,216.199996948242,3.30462408065796,6.28365468978882
20180816,18,-40,35,15000,13992.40625,217.199996948242,3.19333505630493,8.66343307495117
20180817,0,-40,35,15000,14006.4541015625,217.961090087891,3.11000967025757,10.4750881195068
20180817,6,-40,35,15000,14013.91015625,219,3.91000485420227,9.55466270446777
20180817,12,-40,35,15000,14001.59375,220.199996948242,3.5,8.2845458984375
20180817,18,-40,35,15000,14006.462890625,220.429153442383,5.30445051193237,9.07381343841553
20180818,0,-40,35,15000,14022.056640625,220.100006103516,6.98919916152954,6.5819993019104
20180818,6,-40,35,15000,14041.673828125,218.100006103516,9.29750442504883,2.46828365325928
20180818,12,-40,35,15000,14061.9501953125,213.399993896484,8.08750534057617,-3.54091548919678
20180818,18,-40,35,15000,14096.384765625,210.299758911133,5.19390153884888,-1.65610110759735
20180819,0,-40,35,15000,14121.5986328125,209.099761962891,5.76361799240112,2.73396968841553
20180819,6,-40,35,15000,14126.26171875,209.199996948242,1.65288579463959,8.36889362335205
20180819,12,-40,35,15000,14111.4853515625,210.099761962891,1.46000492572784,11.3354711532593
20180819,18,-40,35,15000,14106.9384765625,212.699996948242,3.81813955307007,14.0636425018311
20180820,0,-40,35,15000,14118.2734375,213.907470703125,4.18524408340454,14.4932346343994
20180820,6,-40,35,15000,14118.8251953125,215.100006103516,2.5946729183197,15.1019630432129
20180820,12,-40,35,15000,14110.228515625,215.699981689453,3.09559559822083,15.7848949432373
20180820,18,-40,35,15000,14110.3203125,216.899993896484,1.88000977039337,13.8723287582397
20180821,0,-40,35,15000,14121.96875,216,2.99110841751099,9.65441417694092
20180821,6,-40,35,15000,14130.052734375,216.5,0.968085944652557,7.75593757629395
20180821,12,-40,35,15000,14121.5029296875,215.199996948242,0.590834975242615,3.73521494865417
20180821,18,-40,35,15000,14130.994140625,215.300018310547,-1.92000246047974,0.661582052707672
20180822,0,-40,35,15000,14151.4775390625,214.336380004883,-2.10999512672424,1.31682372093201
20180822,6,-40,35,15000,14158.6220703125,213.436370849609,-2.90000009536743,-1.32676756381989
20180822,12,-40,35,15000,14146.6796875,213,-1.90439939498901,-0.735952138900757
20180822,18,-40,35,15000,14149.7978515625,212.370849609375,-1.00471186637878,-0.675546884536743
20180823,0,-40,35,15000,14153.8427734375,212.100006103516,2.08977055549622,0.258657217025757
20180823,6,-40,35,15000,14150.0087890625,212.113357543945,3.59203124046326,-2.06593012809753
20180823,12,-40,35,15000,14134.4287109375,212.278076171875,4.60001468658447,-3.83617925643921
20180823,18,-40,35,15000,14131.1298828125,212.100006103516,2.10111808776855,-4.96795654296875
20180824,0,-40,35,15000,14130.5361328125,211.599975585938,1.11000978946686,-5.16173076629639
20180824,6,-40,35,15000,14131.7314453125,210.800003051758,-0.102226562798023,-5.76750993728638
20180824,12,-40,35,15000,14116.357421875,209.699996948242,-3.40330076217651,-5.61257314682007
20180824,18,-40,35,15000,14116.603515625,209.699996948242,-4.59183120727539,-4.49613285064697
20180825,0,-40,35,15000,14119.69921875,209.100006103516,-4.09730958938599,-5.2758641242981
20180825,6,-40,35,15000,14119.5361328125,209.499969482422,-3.37776374816895,-6.40837383270264
20180825,12,-40,35,15000,14099.1328125,211.100006103516,-4.29834938049316,-8.75298118591309
20180825,18,-40,35,15000,14103.5625,211.100006103516,-11.8047218322754,-4.62935781478882
20180826,0,-40,35,15000,14117.5166015625,209.5,-14.110556602478,-0.503020048141479
20180826,6,-40,35,15000,14120.552734375,209.300003051758,-15.3211088180542,0.72711181640625
20180826,12,-40,35,15000,14112.2939453125,208.606979370117,-16.5175399780273,3.06584239006042
20180826,18,-40,35,15000,14120.0458984375,208.100006103516,-16.7188777923584,4.43362045288086
20180827,0,-40,35,15000,14128.94921875,207.600006103516,-15.2176904678345,4.61397933959961
20180827,6,-40,35,15000,14131.232421875,208.29997253418,-15.1199903488159,4.6297607421875
20180827,12,-40,35,15000,14121.9609375,208.614700317383,-13.7147121429443,3.54265880584717
20180827,18,-40,35,15000,14131.4970703125,209.300003051758,-13.7119436264038,2.31817388534546
20180828,0,-40,35,15000,14138.3359375,209.499969482422,-9.31446266174316,-0.349184572696686
20180828,6,-40,35,15000,14140.7197265625,210.5,-8.92146015167236,-7.49138689041138
20180828,12,-40,35,15000,14119.0634765625,211.699996948242,-7.1100025177002,-9.6143970489502
20180828,18,-40,35,15000,14111.744140625,212.100006103516,-8.89502716064453,-10.0035524368286
20180829,0,-40,35,15000,14118.638671875,212.199981689453,-9.90009498596191,-9.94341564178467
20180829,6,-40,35,15000,14127.451171875,212.039398193359,-11.8860788345337,-13.3330249786377
20180829,12,-40,35,15000,14117.74609375,212.100006103516,-12.7903270721436,-14.978515625
20180829,18,-40,35,15000,14126.9326171875,211,-19.9692096710205,-17.1148624420166
20180830,0,-40,35,15000,14154.3671875,210.100006103516,-20.1053524017334,-18.0191841125488
20180830,6,-40,35,15000,14166.7685546875,212.199981689453,-17.1932830810547,-18.4784259796143
20180830,12,-40,35,15000,14155.2333984375,212.482757568359,-18.0136528015137,-18.3891868591309
20180830,18,-40,35,15000,14158.96484375,211.899978637695,-18.8400001525879,-16.5842037200928
20180831,0,-40,35,15000,14164.31640625,211.587936401367,-16.2499980926514,-12.8160400390625
20180831,6,-40,35,15000,14171.2666015625,212.159225463867,-15.8544483184814,-9.77483654022217
20180831,12,-40,35,15000,14153.701171875,211.811187744141,-13.8433790206909,-8.06953620910645
20180831,18,-40,35,15000,14146.0791015625,212.720947265625,-10.4479494094849,-7.09356451034546
20180901,0,-40,35,15000,14135.2021484375,213.399978637695,-6.74722146987915,-6.48554420471191
20180901,6,-40,35,15000,14123.97265625,214.199996948242,-6.15000009536743,-5.86218738555908
20180901,12,-40,35,15000,14102.7412109375,214.600006103516,-4.94999027252197,-3.08890628814697
20180901,18,-40,35,15000,14090.017578125,215.600006103516,-5.04777812957764,-1.4183007478714
20180902,0,-40,35,15000,14079.5048828125,216.100006103516,-5.52053689956665,0.927688002586365
20180902,6,-40,35,15000,14078.0703125,216.699996948242,-1.34809076786041,2.71182131767273
20180902,12,-40,35,15000,14057.2822265625,216.300003051758,0.615551769733429,3.88903331756592
20180902,18,-40,35,15000,14055.20703125,216.399993896484,1.92062497138977,5.38436031341553
20180903,0,-40,35,15000,14063.3076171875,216.300003051758,4.94047832489014,6.52504396438599
20180903,6,-40,35,15000,14067.6240234375,216.300003051758,6.73000240325928,6.76872301101685
20180903,12,-40,35,15000,14065.2626953125,215.800003051758,11.3366403579712,8.36479759216309
20180903,18,-40,35,15000,14076.4111328125,215.100006103516,13.6444511413574,10.4183473587036
20180904,0,-40,35,15000,14078.9833984375,214.899993896484,14.8121652603149,9.78030490875244
20180904,6,-40,35,15000,14078.587890625,215.599975585938,12.3848686218262,8.09425067901611
20180904,12,-40,35,15000,14055.791015625,215.800003051758,14.8991746902466,10.1312284469604
20180904,18,-40,35,15000,14035.1904296875,215.699981689453,17.4933547973633,8.92819595336914
20180905,0,-40,35,15000,14017.9404296875,215.199996948242,20.1718597412109,8.6441650390625
20180905,6,-40,35,15000,13994.619140625,215.399993896484,20.6949653625488,8.31665992736816
20180905,12,-40,35,15000,13951.8251953125,215.399993896484,23.3934326171875,7.41494131088257
20180905,18,-40,35,15000,13923.369140625,217,22.4975090026855,7.21754884719849
20180906,0,-40,35,15000,13913.005859375,219.200042724609,24.3300094604492,8.71208000183105
20180906,6,-40,35,15000,13899.4150390625,220.100006103516,23.5300045013428,8.32964134216309
20180906,12,-40,35,15000,13881.5361328125,220.619430541992,22.2511405944824,9.56091785430908
20180906,18,-40,35,15000,13873.7763671875,220.899993896484,20.8444766998291,7.18554925918579
20180907,0,-40,35,15000,13888.5439453125,220.694213867188,19.7511234283447,6.82181882858276
20180907,6,-40,35,15000,13918.25390625,219,21.3712596893311,3.90343022346497
20180907,12,-40,35,15000,13929.7783203125,216.899993896484,22.1508255004883,2.66944336891174
20180907,18,-40,35,15000,13958.96484375,215,21.3616790771484,4.38740730285645
20180908,0,-40,35,15000,13993.8427734375,213.999969482422,26.9516887664795,7.52535629272461
20180908,6,-40,35,15000,14026.0185546875,213.699996948242,27.3700103759766,2.35600090026855
20180908,12,-40,35,15000,14042.119140625,212.79997253418,23.781120300293,4.33998775482178
20180908,18,-40,35,15000,14051.9921875,213.599975585938,21.4525146484375,6.37078380584717
20180909,0,-40,35,15000,14052.4541015625,213.899978637695,23.1968116760254,7.20139408111572
20180909,6,-40,35,15000,14046.017578125,214.100006103516,27.4236621856689,8.83684062957764
20180909,12,-40,35,15000,14036.8564453125,213.5,29.6310329437256,13.182731628418
20180909,18,-40,35,15000,14029.0791015625,213.699996948242,28.8500213623047,17.1779537200928
20180910,0,-40,35,15000,14027.99609375,213.600006103516,26.7600154876709,15.4066457748413
20180910,6,-40,35,15000,14029.759765625,213.661087036133,24.4277801513672,9.43381595611572
20180910,12,-40,35,15000,14028.7666015625,213.5,21.640998840332,7.18347644805908
20180910,18,-40,35,15000,14035.2587890625,213,19.2360153198242,2.89106678962708
20180911,0,-40,35,15000,14053.8935546875,212.438919067383,19.9900245666504,-2.1274242401123
20180911,6,-40,35,15000,14072.4326171875,210.5,20.0180168151855,-8.52835941314697
20180911,12,-40,35,15000,14079.7734375,209.800003051758,21.2900142669678,-13.7596998214722
20180911,18,-40,35,15000,14091.580078125,209.827728271484,21.0005664825439,-15.6234884262085
20180912,0,-40,35,15000,14108.15234375,209.346603393555,23.495288848877,-20.2924613952637
20180912,6,-40,35,15000,14100.6298828125,208.391021728516,23.5052852630615,-23.0911331176758
20180912,12,-40,35,15000,14077.8671875,209.946136474609,23.9077091217041,-21.4862728118896
20180912,18,-40,35,15000,14046.02734375,212.427536010742,24.7442359924316,-22.2833518981934
20180913,0,-40,35,15000,14014.0400390625,214.631683349609,18.6060962677002,-22.3377494812012
20180913,6,-40,35,15000,13993.9365234375,215.421920776367,8.56578159332275,-24.0635643005371
20180913,12,-40,35,15000,13990.9541015625,214.79997253418,-4.00633811950684,-27.8500728607178
20180913,18,-40,35,15000,14019.4541015625,212.399993896484,-10.1104373931885,-29.3555183410645
20180914,12,-40,35,15000,14057.3740234375,211.402496337891,3.39498543739319,-14.6740283966064
20180914,18,-40,35,15000,14044.0009765625,212.100006103516,4.11414813995361,-12.2091751098633
20180915,0,-40,35,15000,14036.7783203125,211.199996948242,4.0300121307373,-13.6475801467896
20180915,6,-40,35,15000,14037.7841796875,209.5,0.307033687829971,-17.8854351043701
20180915,12,-40,35,15000,14026.05078125,209.599975585938,1.61419188976288,-16.9670333862305
20180915,18,-40,35,15000,14025.1328125,210.131683349609,0.399909675121307,-16.2863063812256
20180916,0,-40,35,15000,14034.94921875,209.785278320313,0.882585465908051,-13.3559103012085
20180916,12,-40,35,15000,14021.44921875,210.838912963867,11.9926099777222,-7.86749029159546
20180916,18,-40,35,15000,14005.6904296875,212.600006103516,15.1536989212036,-11.2972507476807
20180917,0,-40,35,15000,13999.5146484375,213,15.1908378601074,-14.2021560668945
20180917,6,-40,35,15000,14008.0390625,212.800003051758,13.2175149917603,-13.4178047180176
20180917,12,-40,35,15000,13993.599609375,212.100006103516,17.0735111236572,-10.3207006454468
20180917,18,-40,35,15000,13994.9052734375,211.399978637695,16.3940525054932,-10.8515872955322
20180918,0,-40,35,15000,14004.197265625,209.999969482422,20.3691310882568,-8.38617897033691
20180918,6,-40,35,15000,14013.4970703125,209.300003051758,21.483772277832,-6.41723871231079
20180918,12,-40,35,15000,14010.9150390625,208.800003051758,20.8832492828369,-2.26544189453125
20180918,18,-40,35,15000,14009.771484375,208.800003051758,18.395902633667,2.12252926826477
20180919,0,-40,35,15000,14018.76171875,209.236358642578,17.6855545043945,3.34537839889526
20180919,6,-40,35,15000,14014.4833984375,209.800003051758,15.5665502548218,4.15867900848389
20180919,12,-40,35,15000,14000.201171875,209.120162963867,15.9631443023682,5.02768802642822
20180919,18,-40,35,15000,13991.6650390625,208.903228759766,18.0597305297852,6.9925708770752
20180920,0,-40,35,15000,13983.1435546875,209.25505065918,20.8749847412109,9.54425048828125
20180920,6,-40,35,15000,13969.5849609375,209.5,24.0996932983398,9.53186798095703
20180920,12,-40,35,15000,13941.9365234375,210.900024414063,28.2183513641357,11.6820945739746
20180920,18,-40,35,15000,13919.384765625,211.100006103516,28.5796508789063,8.12626934051514
20180921,0,-40,35,15000,13923.740234375,211.600006103516,26.3883323669434,4.9750804901123
20180921,6,-40,35,15000,13926.7724609375,212.824462890625,23.740795135498,1.45113277435303
20180921,12,-40,35,15000,13913.6083984375,213.918899536133,19.3532123565674,1.18113040924072
20180921,18,-40,35,15000,13912.0458984375,216,15.2358522415161,-1.63670897483826
20180922,0,-40,35,15000,13921.5546875,216.424468994141,12.8474998474121,-4.07282209396362
20180922,6,-40,35,15000,13942.005859375,215.478073120117,6.0245509147644,-8.99755382537842
20180922,12,-40,35,15000,13946.7548828125,213.800003051758,-0.0507910139858723,-11.169020652771
20180922,18,-40,35,15000,13972.5498046875,211.699996948242,-5.97578859329224,-13.0998220443726
20180923,0,-40,35,15000,13995.9287109375,209.800003051758,-10.3818702697754,-12.2345094680786
20180923,6,-40,35,15000,14020.59375,208.899993896484,-12.5429372787476,-8.29019260406494
20180923,12,-40,35,15000,14026.9052734375,207.699996948242,-12.8878908157349,-2.2758617401123
20180923,18,-40,35,15000,14029.9423828125,207.5,-9.76931667327881,-2.54791021347046
20180924,0,-40,35,15000,14040.8740234375,207.300003051758,-9.29306125640869,-3.32650399208069
20180924,6,-40,35,15000,14046.4990234375,207.300003051758,-8.65036392211914,-2.13171148300171
20180924,12,-40,35,15000,14040.7314453125,207.399993896484,-7.916748046875,-2.26840829849243
20180924,18,-40,35,15000,14049.552734375,207.789993286133,-6.55916261672974,-4.59476566314697
20180925,0,-40,35,15000,14054.349609375,208.408157348633,-6.76103258132935,-6.11116218566895
20180925,6,-40,35,15000,14068.1708984375,209.600006103516,-6.42402076721191,-4.77720928192139
20180925,12,-40,35,15000,14062.3623046875,209.199996948242,-4.95479965209961,-5.65128660202026
20180925,18,-40,35,15000,14063.837890625,210,-6.39587879180908,-7.14726543426514
20180926,0,-40,35,15000,14071.8388671875,211,-5.24993658065796,-6.13521957397461
20180926,6,-40,35,15000,14073.4013671875,211.19563293457,-2.91603016853333,-5.86059093475342
20180926,12,-40,35,15000,14061.7763671875,210.78564453125,-4.90178489685059,-3.30189442634583
20180926,18,-40,35,15000,14059.642578125,210.958038330078,-4.69583511352539,-1.33275878429413
20180927,0,-40,35,15000,14068.87109375,211.206253051758,-0.131928712129593,-2.22934579849243
20180927,6,-40,35,15000,14066.4697265625,211.199996948242,-0.750371098518372,-4.7132396697998
20180927,12,-40,35,15000,14058.9033203125,211.099975585938,2.48253417015076,-2.95115733146667
20180927,18,-40,35,15000,14049.2578125,211.100006103516,3.05289316177368,-0.751367211341858
20180928,0,-40,35,15000,14044.41796875,210.399993896484,6.06972885131836,8.90676307678223
20180928,6,-40,35,15000,14023.19921875,210.699996948242,6.8505711555481,15.4776754379272
20180928,12,-40,35,15000,13971.95703125,212.699996948242,1.56178462505341,19.6315326690674
20180928,18,-40,35,15000,13901.37890625,218.199981689453,2.66778802871704,23.2780170440674
20180929,0,-40,35,15000,13869.931640625,217.899993896484,7.47531747817993,14.4824953079224
20180929,6,-40,35,15000,13860.7412109375,217.699996948242,13.3919801712036,4.86278057098389
20180929,12,-40,35,15000,13861.955078125,217.100006103516,15.9753885269165,-0.704582512378693
20180929,18,-40,35,15000,13882.25390625,215.995559692383,21.3169784545898,-6.14469003677368
20180930,0,-40,35,15000,13898.2900390625,217.300003051758,25.5849800109863,-16.1180095672607
20180930,6,-40,35,15000,13921.8046875,217.059448242188,28.5825042724609,-25.0178127288818
20180930,12,-40,35,15000,13932.3603515625,215.79997253418,25.7895069122314,-33.7682647705078
20180930,18,-40,35,15000,13978.7900390625,213.699981689453,15.5873832702637,-35.7118835449219
20181001,0,-40,35,15000,14023.8935546875,210.800003051758,18.4513721466064,-29.4166259765625
20181001,6,-40,35,15000,14066.255859375,208.800003051758,12.2933521270752,-22.5187797546387
20181001,12,-40,35,15000,14079.02734375,208.599975585938,9.06335735321045,-17.1001529693604
20181001,18,-40,35,15000,14084.3525390625,207.699996948242,12.0418758392334,-10.4524784088135
20181002,0,-40,35,15000,14099.103515625,206.699996948242,13.9879198074341,-4.85653829574585
20181002,6,-40,35,15000,14104.15625,206.600006103516,14.389235496521,-1.47573733329773
20181002,12,-40,35,15000,14085.21875,207.138916015625,15.7726097106934,3.6164014339447
20181002,18,-40,35,15000,14057.2724609375,207.5,20.3666458129883,10.4904975891113
20181003,0,-40,35,15000,14031.8671875,208.744094848633,23.001012802124,2.93271493911743
20181003,6,-40,35,15000,14008.01171875,209.899993896484,21.6986103057861,-5.34267091751099
20181003,12,-40,35,15000,14016.1708984375,210.600006103516,5.95056867599487,-20.7782077789307
20181003,18,-40,35,15000,14058.9296875,211.438919067383,0.260566413402557,-18.8850173950195
20181004,0,-40,35,15000,14091.7373046875,210.921920776367,7.37945079803467,-12.3349857330322
20181004,6,-40,35,15000,14111.28125,210.600006103516,10.4699220657349,-7.23832035064697
20181004,12,-40,35,15000,14094.244140625,210.614700317383,12.479455947876,2.62163090705872
20181004,18,-40,35,15000,14074.6591796875,211.507476806641,16.4453296661377,5.06835222244263
20181005,0,-40,35,15000,14092.791015625,208.546142578125,10.2470998764038,-9.98889446258545
20181005,6,-40,35,15000,14127.728515625,208.899993896484,12.4528684616089,-11.3717794418335
20181005,12,-40,35,15000,14142.45703125,208.599975585938,13.7497434616089,-9.71085166931152
20181005,18,-40,35,15000,14165.7373046875,208.600006103516,7.69665765762329,-9.0234842300415
20181006,0,-40,35,15000,14189.208984375,208.399993896484,2.32937741279602,-4.43035888671875
20181006,6,-40,35,15000,14199.603515625,207.953887939453,2.8670825958252,0.206279292702675
20181006,12,-40,35,15000,14201.267578125,208.899993896484,2.9112720489502,1.33875977993011
20181006,18,-40,35,15000,14206.4912109375,208.548919677734,-0.776970207691193,2.21756839752197
20181007,0,-40,35,15000,14212.7099609375,208.778076171875,-4.83501577377319,4.84822368621826
20181007,6,-40,35,15000,14210.125,209.821929931641,-6.28592824935913,6.67210674285889
20181007,12,-40,35,15000,14193.3310546875,209.899993896484,-6.68467712402344,10.0064640045166
20181007,18,-40,35,15000,14177.517578125,210.62190246582,-5.6503005027771,12.3150272369385
20181008,0,-40,35,15000,14173.1953125,210.600006103516,-2.02438712120056,13.747597694397
20181008,6,-40,35,15000,14163.0703125,209.79997253418,-0.818515598773956,11.968300819397
20181008,12,-40,35,15000,14141.7177734375,210.100006103516,-0.727421879768372,13.6880807876587
20181008,18,-40,35,15000,14129.6572265625,210.600006103516,3.50093746185303,9.8721342086792
20181009,0,-40,35,15000,14118.58984375,210.499755859375,7.53950929641724,8.49835968017578
20181009,6,-40,35,15000,14117.4951171875,210.899993896484,6.71747779846191,3.23322749137878
20181009,12,-40,35,15000,14104.830078125,210.79997253418,5.64755630493164,0.545522451400757
20181009,18,-40,35,15000,14096.9091796875,210.907470703125,2.71995115280151,-5.08098125457764
20181010,0,-40,35,15000,14095.0302734375,211.138885498047,-2.45473623275757,-4.95381832122803
20181010,6,-40,35,15000,14096.62109375,211.100006103516,-5.91362810134888,-4.03376722335815
20181010,12,-40,35,15000,14076.9765625,210.800003051758,-9.38666725158691,-1.25423586368561
20181010,18,-40,35,15000,14068.9912109375,210.699996948242,-10.8485593795776,4.06279802322388
20181011,0,-40,35,15000,14048.04296875,211.006988525391,-6.85980224609375,8.87399196624756
20181011,6,-40,35,15000,14025.9052734375,211.100006103516,-1.03478515148163,10.3719825744629
20181011,12,-40,35,15000,13996.7265625,211.300003051758,3.85008311271667,8.01347637176514
20181011,18,-40,35,15000,13980.0498046875,211.399978637695,6.6706690788269,8.31214809417725
20181012,0,-40,35,15000,13965.5908203125,211.899978637695,8.17337894439697,6.17205572128296
20181012,6,-40,35,15000,13954.755859375,212.699996948242,8.45651340484619,9.14122104644775
20181012,12,-40,35,15000,13928.44140625,213.600006103516,9.78343963623047,11.9708347320557
20181012,18,-40,35,15000,13921.1201171875,213.800003051758,11.1784029006958,10.9996290206909
20181013,0,-40,35,15000,13909.556640625,213.799758911133,12.2914476394653,12.7039308547974
20181013,6,-40,35,15000,13907.767578125,213.846115112305,11.8879833221436,13.2509498596191
20181013,12,-40,35,15000,13886.763671875,213.800003051758,11.6917457580566,17.6926956176758
20181013,18,-40,35,15000,13871.240234375,214.699996948242,11.906174659729,20.0833930969238
20181014,0,-40,35,15000,13877.048828125,214.199996948242,12.2545461654663,19.1971282958984
20181014,6,-40,35,15000,13880.357421875,214.800003051758,9.13876247406006,18.1244621276855
20181014,12,-40,35,15000,13868.55078125,215.199996948242,6.63850831985474,12.3486232757568
20181014,18,-40,35,15000,13866.0625,214.199996948242,3.8274097442627,8.64668941497803
20181015,0,-40,35,15000,13870.4365234375,213.100006103516,5.0588698387146,5.5555419921875
20181015,6,-40,35,15000,13875.60546875,211.5,4.58825445175171,-1.77437496185303
20181015,12,-40,35,15000,13885.2216796875,210.817230224609,7.48457288742065,-1.24448728561401
20181015,18,-40,35,15000,13907.1728515625,209.899993896484,13.2704782485962,0.521137714385986
20181016,0,-40,35,15000,13926.302734375,210,18.5053157806396,2.98586416244507
20181016,6,-40,35,15000,13939.9765625,211.29997253418,22.2544975280762,4.90719223022461
20181016,12,-40,35,15000,13942.71875,212.199996948242,24.5836601257324,5.89580059051514
20181016,18,-40,35,15000,13938.181640625,212.199996948242,25.1783466339111,9.86442852020264
20181017,0,-40,35,15000,13928.818359375,211.800003051758,28.0614814758301,11.4971237182617
20181017,6,-40,35,15000,13928.1640625,211.006988525391,23.773078918457,7.03403806686401
20181017,12,-40,35,15000,13922.541015625,208.29997253418,25.6535701751709,4.38544416427612
20181017,18,-40,35,15000,13929.39453125,206.732131958008,26.541597366333,5.66931390762329
20181018,0,-40,35,15000,13929.224609375,207.436370849609,20.3210983276367,7.40601301193237
20181018,6,-40,35,15000,13930.173828125,208.699996948242,18.1083431243896,12.304967880249
20181018,12,-40,35,15000,13905.03125,209.5,17.4325218200684,21.0257129669189
20181018,18,-40,35,15000,13876.4638671875,211.399993896484,20.3887519836426,24.708589553833
20181019,0,-40,35,15000,13841.8046875,212.899993896484,21.8695316314697,26.6141796112061
20181019,6,-40,35,15000,13826.1279296875,213.600006103516,23.3752727508545,21.416597366333
20181019,18,-40,35,15000,13815.431640625,212.596527099609,16.300573348999,14.6395359039307
20181020,0,-40,35,15000,13820.583984375,212.199996948242,15.1832857131958,12.4013671875
20181020,6,-40,35,15000,13822.201171875,213,15.2206153869629,8.6668701171875
20181020,12,-40,35,15000,13820.1552734375,213.199996948242,14.9313745498657,1.34889888763428
20181020,18,-40,35,15000,13828.16015625,213.699981689453,14.5212965011597,-2.93407726287842
20181021,0,-40,35,15000,13823.3720703125,214.399993896484,17.7906818389893,-1.08006346225739
20181021,6,-40,35,15000,13810.57421875,215.600006103516,21.5505638122559,5.35530519485474
20181021,12,-40,35,15000,13773.2275390625,214.038909912109,24.0029220581055,8.03811264038086
20181021,18,-40,35,15000,13754.3271484375,214.699996948242,25.3588008880615,7.49899911880493
20181022,0,-40,35,15000,13726.119140625,215.199996948242,29.7800025939941,7.88737535476685
20181022,6,-40,35,15000,13685.20703125,217.264114379883,33.2120742797852,6.63406753540039
20181022,12,-40,35,15000,13646.673828125,218.643112182617,37.0243911743164,0.767932116985321
20181022,18,-40,35,15000,13615.14453125,221,36.190746307373,-3.01289057731628
20181023,0,-40,35,15000,13647.291015625,218.600006103516,35.9122085571289,-11.3649635314941
20181023,6,-40,35,15000,13718.9638671875,214.969284057617,36.4098434448242,-18.4452953338623
20181023,12,-40,35,15000,13789.16796875,212.586135864258,34.5205345153809,-15.4403610229492
20181023,18,-40,35,15000,13861.03515625,213.300003051758,38.0081329345703,-25.8577442169189
20181024,0,-40,35,15000,13932.880859375,211,41.5139389038086,-13.8669481277466
20181024,6,-40,35,15000,13963.8720703125,211.999969482422,37.6156997680664,-0.0485937483608723
20181024,12,-40,35,15000,13945.509765625,213.284515380859,36.4045562744141,5.80138683319092
20181024,18,-40,35,15000,13912.1240234375,214.399993896484,39.8712882995605,15.5839233398438
20181025,0,-40,35,15000,13865.4296875,214.294769287109,47.6441307067871,20.1369857788086
20181025,6,-40,35,15000,13819.3740234375,214.105590820313,49.8924903869629,25.7734451293945
20181025,12,-40,35,15000,13777.080078125,213.699981689453,46.1230354309082,26.6714210510254
20181025,18,-40,35,15000,13743.44921875,215.613479614258,43.5986518859863,27.2999877929688
20181026,0,-40,35,15000,13692.818359375,216.903472900391,49.5378379821777,34.5326652526855
20181026,6,-40,35,15000,13650.4326171875,217.970855712891,49.2219734191895,32.2415199279785
20181026,12,-40,35,15000,13607.4609375,217.929153442383,48.550479888916,33.1650886535645
20181026,18,-40,35,15000,13570.6298828125,219.667388916016,36.5559997558594,22.5473308563232
20181027,0,-40,35,15000,13539.375,220.338912963867,34.8715667724609,14.9232177734375
20181027,6,-40,35,15000,13533.8115234375,220.300003051758,31.545446395874,6.18994140625
20181027,12,-40,35,15000,13542.8291015625,219.653366088867,35.4866638183594,-3.46194815635681
20181027,18,-40,35,15000,13603.91796875,216.399993896484,42.6200065612793,-8.70471668243408
20181028,0,-40,35,15000,13656.7724609375,212.600006103516,52.6100006103516,-7.6963038444519
20181028,6,-40,35,15000,13705.2958984375,211.099975585938,49.3336143493652,-5.00139141082764
20181028,12,-40,35,15000,13757.322265625,209.100006103516,45.4028778076172,-12.8247117996216
20181028,18,-40,35,15000,13818.9208984375,207.29997253418,47.1876373291016,-13.8970508575439
20181029,0,-40,35,15000,13879.2470703125,207.699996948242,44.6055946350098,-8.66731929779053
20181029,6,-40,35,15000,13924.5986328125,207.399978637695,46.3344230651855,-3.798583984375
20181029,12,-40,35,15000,13960.8564453125,205.79997253418,41.4816131591797,-0.750888645648956
20181029,18,-40,35,15000,13988.8974609375,206.899993896484,38.7541465759277,2.71109366416931
20181030,0,-40,35,15000,14003.4697265625,207.699996948242,38.9794464111328,10.6941213607788
20181030,6,-40,35,15000,14013.6865234375,207.219635009766,35.1006736755371,14.4890432357788
20181030,12,-40,35,15000,14013.724609375,205.207473754883,35.070011138916,12.7602834701538
20181030,18,-40,35,15000,14024.0791015625,204.300003051758,36.7379989624023,12.9728565216064
20181031,0,-40,35,15000,14038.28515625,204.814697265625,36.5171585083008,14.9185209274292
20181031,6,-40,35,15000,14048.0078125,204.499969482422,34.0833473205566,13.2424173355103
20181031,12,-40,35,15000,14032.494140625,206.300003051758,29.6077861785889,23.6392135620117
20181031,18,-40,35,15000,14014.255859375,209.399993896484,22.2100734710693,28.3936767578125
20181101,0,-40,35,15000,13986.5302734375,213.5,24.0038986206055,28.3520164489746
20181101,6,-40,35,15000,13963.7548828125,215.600006103516,22.9571723937988,29.9573535919189
20181101,12,-40,35,15000,13921.2236328125,216.675537109375,26.1616706848145,30.2669868469238
20181101,18,-40,35,15000,13909.2626953125,215.5,26.7229881286621,23.7889251708984
20181102,0,-40,35,15000,13927.396484375,213.399993896484,24.574426651001,13.8153371810913
20181102,6,-40,35,15000,13977.333984375,208,26.4002513885498,-0.864287137985229
20181102,12,-40,35,15000,14024.7841796875,207.70002746582,17.1577110290527,0.51220703125
20181102,18,-40,35,15000,14075.5771484375,208.168304443359,17.7307415008545,-4.56711912155151
20181103,0,-40,35,15000,14118.6748046875,206.800003051758,16.4918365478516,-9.19801712036133
20181103,6,-40,35,15000,14146.5615234375,207.399993896484,19.1323795318604,-8.7235279083252
20181103,12,-40,35,15000,14169.669921875,207.5,19.2472591400146,-4.3191237449646
20181103,18,-40,35,15000,14186.603515625,207.485305786133,18.6722030639648,-3.66234374046326
20181104,0,-40,35,15000,14188.5771484375,208.194534301758,16.8775978088379,-3.11891603469849
20181104,6,-40,35,15000,14196.052734375,209.199996948242,12.3482131958008,-0.298828125
20181104,12,-40,35,15000,14186.1220703125,209.20002746582,11.4850101470947,4.42074728012085
20181104,18,-40,35,15000,14166.67578125,210.143600463867,9.28314208984375,5.04306650161743
20181105,0,-40,35,15000,14147.0947265625,210.399993896484,9.01160526275635,5.48266363143921
20181105,6,-40,35,15000,14123.5341796875,211.404098510742,5.24489259719849,4.63349103927612
20181105,12,-40,35,15000,14089.869140625,211.936370849609,4.68832778930664,5.80147218704224
20181105,18,-40,35,15000,14057.173828125,212.199996948242,5.66034650802612,6.08081293106079
20181106,0,-40,35,15000,14023.263671875,212.600006103516,8.65000247955322,8.53009796142578
20181106,6,-40,35,15000,14002.142578125,213.06364440918,11.4860153198242,7.30095481872559
20181106,12,-40,35,15000,13971.9697265625,213.290191650391,15.2456912994385,11.7919731140137
20181106,18,-40,35,15000,13944.75,214.482864379883,18.7307376861572,13.8997144699097
20181107,0,-40,35,15000,13934.87109375,215.300003051758,20.8754215240479,10.9978055953979
20181107,6,-40,35,15000,13944.2138671875,216.600006103516,22.2230739593506,8.49774169921875
20181107,12,-40,35,15000,13942.083984375,216.520477294922,23.6006183624268,10.4606714248657
20181107,18,-40,35,15000,13947.4599609375,215.566482543945,21.2129402160645,10.9616947174072
20181108,0,-40,35,15000,13944.28125,216,20.9233493804932,16.2553424835205
20181108,6,-40,35,15000,13944.0576171875,216,20.8932304382324,18.7996826171875
20181108,12,-40,35,15000,13925.5146484375,216.5,20.6206111907959,18.8707294464111
20181108,18,-40,35,15000,13916.7646484375,216,18.4219379425049,16.9022808074951
20181109,0,-40,35,15000,13903.1083984375,214.424468994141,17.3498878479004,14.4597997665405
20181109,6,-40,35,15000,13902.2021484375,213.5,17.0479335784912,13.6176443099976
20181109,12,-40,35,15000,13884.1787109375,213.399993896484,16.2294960021973,12.9245481491089
20181109,18,-40,35,15000,13876.443359375,213.800003051758,16.194953918457,12.8958101272583
20181110,0,-40,35,15000,13866.25390625,212.699996948242,17.6515922546387,13.4311714172363
20181110,6,-40,35,15000,13863.8466796875,214.899993896484,16.8343048095703,14.4107227325439
20181110,12,-40,35,15000,13828.630859375,218,18.3148555755615,15.5665407180786
20181110,18,-40,35,15000,13798.3974609375,218.100006103516,18.9427795410156,20.6219329833984
20181111,0,-40,35,15000,13776.103515625,217,20.6737518310547,26.2150421142578
20181111,6,-40,35,15000,13748.36328125,217.300003051758,14.6905126571655,28.3118171691895
20181111,12,-40,35,15000,13693.4775390625,218.899993896484,13.4086694717407,32.4862823486328
20181111,18,-40,35,15000,13647.634765625,219.600006103516,11.2127542495728,30.8204002380371
20181112,0,-40,35,15000,13607.755859375,219.699996948242,13.0946435928345,26.4018745422363
20181112,6,-40,35,15000,13578.3408203125,219.899993896484,15.0939302444458,27.2806015014648
20181112,12,-40,35,15000,13554.2578125,219.5,23.8252544403076,22.6906642913818
20181112,18,-40,35,15000,13569.7958984375,218,31.551290512085,18.4936714172363
20181113,0,-40,35,15000,13630.69921875,213.699996948242,30.942174911499,13.7477016448975
20181113,6,-40,35,15000,13688.48828125,211.800003051758,32.1688232421875,9.4873046875
20181113,12,-40,35,15000,13723.6640625,211,32.8615531921387,7.82712697982788
20181113,18,-40,35,15000,13762.044921875,210.499969482422,27.8489894866943,4.61960744857788
20181114,0,-40,35,15000,13786.427734375,210.800003051758,23.0489463806152,6.53215026855469
20181114,6,-40,35,15000,13810.87890625,211.399993896484,21.2007446289063,5.33234548568726
20181114,12,-40,35,15000,13811.318359375,211.899993896484,19.3936672210693,4.9996190071106
20181114,18,-40,35,15000,13818.1904296875,213,18.095006942749,5.99169445037842
20181115,0,-40,35,15000,13810.30078125,213.600006103516,16.8899993896484,6.67476797103882
20181115,6,-40,35,15000,13807.4775390625,215.800003051758,16.8523426055908,8.29871082305908
20181115,12,-40,35,15000,13781.951171875,218.600006103516,15.4015989303589,13.5141868591309
20181115,18,-40,35,15000,13757.4228515625,219.899993896484,12.9427633285522,16.093786239624
20181116,0,-40,35,15000,13731.599609375,220.199996948242,12.8841772079468,17.7299919128418
20181116,6,-40,35,15000,13713.0087890625,221.418869018555,10.6096239089966,13.9981298446655
20181116,12,-40,35,15000,13702.294921875,221.741973876953,6.44375228881836,10.2688627243042
20181116,18,-40,35,15000,13696.134765625,220.700927734375,4.57591533660889,5.4722900390625
20181117,0,-40,35,15000,13694.2451171875,220.910003662109,4.90586423873901,1.13769769668579
20181117,6,-40,35,15000,13704.3896484375,220.100006103516,3.89914798736572,-5.06753158569336
20181117,12,-40,35,15000,13713.6015625,218.770843505859,4.60027599334717,-7.3685450553894
20181117,18,-40,35,15000,13729.4775390625,217.5,5.32763671875,-11.6072607040405
20181118,0,-40,35,15000,13747.521484375,216.199996948242,6.80079364776611,-14.2531642913818
20181118,6,-40,35,15000,13769.02734375,215.899993896484,7.92445087432861,-14.3911771774292
20181118,12,-40,35,15000,13767.3720703125,214.699996948242,13.933554649353,-9.11771965026855
20181118,18,-40,35,15000,13751.888671875,215.100006103516,21.2871437072754,-3.17123055458069
20181119,0,-40,35,15000,13727.8623046875,214.699996948242,24.4965896606445,0.746728539466858
20181119,6,-40,35,15000,13692.62109375,216.392532348633,23.9828510284424,2.32728505134583
20181119,12,-40,35,15000,13639.375,219.100006103516,28.9741306304932,2.43643808364868
20181119,18,-40,35,15000,13601.30078125,221.499969482422,27.0100040435791,0.301716297864914
20181120,0,-40,35,15000,13554.912109375,222.514694213867,25.8985080718994,1.62601804733276
20181120,6,-40,35,15000,13525.041015625,222.346115112305,20.0156917572021,-4.88768577575684
20181120,12,-40,35,15000,13505.7548828125,220.699996948242,15.5055570602417,-9.97987079620361
20181120,18,-40,35,15000,13517.65234375,218.699996948242,14.3146944046021,-15.1344385147095
20181121,0,-40,35,15000,13533.9736328125,216.300003051758,15.4755592346191,-18.5239753723145
20181121,6,-40,35,15000,13551.2587890625,215.999969482422,16.9800033569336,-17.5854873657227
20181121,12,-40,35,15000,13552.19921875,215.186447143555,21.2899932861328,-18.9258060455322
20181121,18,-40,35,15000,13571.724609375,212.29997253418,19.8076019287109,-22.8379783630371
20181122,0,-40,35,15000,13625.822265625,210.599975585938,21.699254989624,-22.2481002807617
20181122,6,-40,35,15000,13686.958984375,210.246612548828,21.8966007232666,-24.0153465270996
20181122,12,-40,35,15000,13736.787109375,210.399978637695,20.4967479705811,-18.4487209320068
20181122,18,-40,35,15000,13769.181640625,212.100006103516,21.5100021362305,-12.3958740234375
20181123,0,-40,35,15000,13799.6533203125,213.79997253418,19.0171527862549,-9.24049282073975
20181123,6,-40,35,15000,13839.9150390625,215.79997253418,15.6933326721191,-7.4477391242981
20181123,12,-40,35,15000,13861.1025390625,216.493011474609,16.2000007629395,-2.61542963981628
20181123,18,-40,35,15000,13850.4951171875,217.699996948242,17.9855537414551,7.14844226837158
20181124,0,-40,35,15000,13804.86328125,220.199996948242,21.2822284698486,15.9204740524292
20181124,6,-40,35,15000,13752.71484375,221.5,22.621265411377,17.0899925231934
20181124,12,-40,35,15000,13723.6279296875,217.29997253418,23.6997604370117,6.89458990097046
20181124,18,-40,35,15000,13719.6875,215.899993896484,26.8905639648438,4.34432363510132
20181125,0,-40,35,15000,13715.1708984375,215.199996948242,27.1390285491943,9.23351097106934
20181125,6,-40,35,15000,13684.47265625,215.899993896484,31.949254989624,9.73449230194092
20181125,12,-40,35,15000,13638.0576171875,214.399993896484,40.2786407470703,15.1082887649536
20181125,18,-40,35,15000,13600.8935546875,216.600006103516,41.1230087280273,13.1825656890869
20181126,0,-40,35,15000,13596.3447265625,217.188064575195,44.2607727050781,12.9461574554443
20181126,6,-40,35,15000,13596.3349609375,217.600006103516,50.6472473144531,11.9082078933716
20181126,12,-40,35,15000,13583.9208984375,219.399993896484,53.3233299255371,12.9328317642212
20181126,18,-40,35,15000,13589.5390625,220.399993896484,52.7453994750977,8.52702903747559
20181127,0,-40,35,15000,13602.787109375,220.300018310547,52.8057022094727,6.15984869003296
20181127,6,-40,35,15000,13633.46484375,219.194732666016,55.8463706970215,8.18211460113525
20181127,12,-40,35,15000,13625.8740234375,219.699996948242,55.0466842651367,14.3575172424316
20181127,18,-40,35,15000,13554.3408203125,222.800003051758,44.65771484375,15.3827075958252
20181128,0,-40,35,15000,13479.37109375,224.100006103516,36.230827331543,12.8227787017822
20181128,6,-40,35,15000,13453.068359375,222.487213134766,35.8420867919922,0.267260730266571
20181128,12,-40,35,15000,13465.0791015625,219.947463989258,37.8346481323242,-8.74123573303223
20181128,18,-40,35,15000,13518.66796875,216.600006103516,36.9492835998535,-11.5217990875244
20181129,0,-40,35,15000,13584.181640625,214.300003051758,40.5181312561035,-10.9021291732788
20181129,6,-40,35,15000,13652.923828125,212.399993896484,41.0306053161621,-13.1162014007568
20181129,12,-40,35,15000,13693.0283203125,213.072784423828,34.7117156982422,-11.9488210678101
20181129,18,-40,35,15000,13705.89453125,213,34.0891761779785,-5.39469480514526
20181130,0,-40,35,15000,13716.3779296875,211.431930541992,49.2675666809082,-0.972927272319794
20181130,6,-40,35,15000,13723.68359375,209.399993896484,49.5914688110352,12.5229005813599
20181130,12,-40,35,15000,13729.77734375,207.834442138672,52.6468505859375,14.7101707458496
20181130,18,-40,35,15000,13739.119140625,208.199996948242,48.509334564209,15.6283445358276
20181201,0,-40,35,15000,13752.8623046875,207.899993896484,39.5796890258789,13.3766508102417
20181201,6,-40,35,15000,13754.791015625,209.199996948242,30.2233657836914,10.6661128997803
20181201,12,-40,35,15000,13745.3759765625,213.5,20.7374076843262,3.41552257537842
20181201,18,-40,35,15000,13748.0009765625,219,16.3777847290039,-5.85445308685303
20181202,0,-40,35,15000,13769.037109375,220.399993896484,19.6540641784668,-3.09446048736572
20181202,6,-40,35,15000,13761.79296875,221,25.8553314208984,0.0216699223965406
20181202,12,-40,35,15000,13738.33984375,221.390411376953,25.0463237762451,4.75333023071289
20181202,18,-40,35,15000,13695.7275390625,223.746490478516,21.0049953460693,7.90704584121704
20181203,0,-40,35,15000,13645.65234375,224.800003051758,18.6327133178711,6.91843748092651
20181203,6,-40,35,15000,13635.630859375,223.36555480957,11.777868270874,-6.97237777709961
20181203,12,-40,35,15000,13665.8583984375,221.299850463867,15.7162008285522,-17.9308319091797
20181203,18,-40,35,15000,13716.009765625,220.712799072266,15.6232042312622,-32.4649391174316
20181204,0,-40,35,15000,13786.7373046875,221.50553894043,19.5503597259521,-25.5496673583984
20181204,6,-40,35,15000,13825.9921875,220.301681518555,20.570837020874,-18.3864212036133
20181204,12,-40,35,15000,13840.162109375,218.600006103516,25.7781791687012,-13.8098583221436
20181204,18,-40,35,15000,13850.54296875,218.702911376953,26.7375240325928,-14.0827856063843
20181205,0,-40,35,15000,13844.4365234375,218.573532104492,31.9974021911621,-10.5359449386597
20181205,6,-40,35,15000,13853.974609375,218,31.1560745239258,-8.54283428192139
20181205,12,-40,35,15000,13847.9091796875,217.399993896484,30.5238742828369,-3.48930668830872
20181205,18,-40,35,15000,13821.3408203125,218,31.3345928192139,0.884384751319885
20181206,0,-40,35,15000,13789.4453125,217.399993896484,35.7913093566895,5.62321281433105
20181206,6,-40,35,15000,13755.0859375,216.885955810547,36.0850296020508,13.8774948120117
20181206,12,-40,35,15000,13664.2861328125,219.899993896484,35.8430061340332,16.956958770752
20181206,18,-40,35,15000,13613.21875,220.196243286133,35.1067123413086,18.4773044586182
20181207,0,-40,35,15000,13520.8525390625,220.4189453125,28.5531692504883,12.3210716247559
20181207,6,-40,35,15000,13505.8310546875,218.399978637695,31.6114139556885,4.88821268081665
20181207,12,-40,35,15000,13485.244140625,219.184906005859,32.2127838134766,7.13389158248901
20181207,18,-40,35,15000,13437.5146484375,221.190521240234,27.8428363800049,10.6261692047119
20181208,0,-40,35,15000,13417.9091796875,221.141357421875,24.6107540130615,10.4920511245728
20181208,6,-40,35,15000,13411.3740234375,222.800003051758,21.3014297485352,6.87651872634888
20181208,12,-40,35,15000,13414.7958984375,222.52864074707,20.6018447875977,2.80188465118408
20181208,18,-40,35,15000,13424.5751953125,221.600021362305,20.1017971038818,-1.63768804073334
20181209,0,-40,35,15000,13451.2763671875,220.300003051758,21.1005840301514,-6.52331304550171
20181209,6,-40,35,15000,13507.6728515625,217.800003051758,22.5840129852295,-12.8509521484375
20181209,12,-40,35,15000,13546.474609375,217.300003051758,20.5856475830078,-14.6498708724976
20181209,18,-40,35,15000,13603.1201171875,215.600006103516,18.745943069458,-18.7357234954834
20181210,0,-40,35,15000,13664.3896484375,211.643890380859,18.5986175537109,-24.0401363372803
20181210,6,-40,35,15000,13735.9462890625,209.699996948242,19.3070697784424,-26.5211086273193
20181210,12,-40,35,15000,13791.4248046875,208.899993896484,12.8573760986328,-22.3265571594238
20181210,18,-40,35,15000,13837.3740234375,207.199996948242,15.4987916946411,-17.2762641906738
20181211,0,-40,35,15000,13848.6171875,205.9599609375,23.7400207519531,-9.59989929199219
20181211,6,-40,35,15000,13852.3916015625,205.100021362305,30.4555511474609,-3.94749999046326
20181211,12,-40,35,15000,13832.8466796875,205.508941650391,35.9500007629395,-4.17606925964355
20181211,18,-40,35,15000,13815.1572265625,206.653594970703,37.8609619140625,-6.6003098487854
20181212,0,-40,35,15000,13809.9208984375,204.399993896484,38.643611907959,-8.20950222015381
20181212,6,-40,35,15000,13807.8125,201.300018310547,39.7616691589355,-2.84523439407349
20181212,12,-40,35,15000,13777.99609375,203.200164794922,41.9574432373047,3.39565420150757
20181212,18,-40,35,15000,13734.61328125,205.100006103516,39.8841552734375,10.2254247665405
20181213,0,-40,35,15000,13667.041015625,207.300003051758,41.1972961425781,21.9382514953613
20181213,6,-40,35,15000,13583.2822265625,216.19807434082,35.4999618530273,22.4010791778564
20181213,12,-40,35,15000,13500.7001953125,221.800003051758,27.8099994659424,13.4824657440186
20181213,18,-40,35,15000,13479.7373046875,222.850830078125,26.2939395904541,-3.2686083316803
20181214,0,-40,35,15000,13522.7724609375,218.699249267578,29.8899993896484,-18.7206878662109
20181214,6,-40,35,15000,13612.4033203125,213.300003051758,34.1017913818359,-17.8894233703613
20181214,12,-40,35,15000,13654.4296875,213.856399536133,27.8276977539063,-6.11166524887085
20181214,18,-40,35,15000,13641.375,215.096237182617,42.9400100708008,-9.56229209899902
20181215,0,-40,35,15000,13592.6015625,217.5,46.9784088134766,2.35304927825928
20181215,6,-40,35,15000,13522.99609375,221.058029174805,42.5027732849121,3.2685010433197
20181215,12,-40,35,15000,13452.4765625,223.800003051758,41.8100090026855,-1.98599362373352
20181215,18,-40,35,15000,13412.4638671875,225.5,35.7000045776367,-2.59029054641724
20181216,0,-40,35,15000,13418.62890625,225,35.1020622253418,-14.0366239547729
20181216,6,-40,35,15000,13485.0927734375,222.300003051758,37.3200378417969,-19.5881595611572
20181216,12,-40,35,15000,13572.125,219.399993896484,47.5991592407227,-25.8533840179443
20181216,18,-40,35,15000,13687.05859375,216.636627197266,49.7587661743164,-32.3642539978027
20181217,0,-40,35,15000,13755.5185546875,214.780807495117,61.2588081359863,-29.0814018249512
20181217,6,-40,35,15000,13805.5712890625,213.719161987305,61.4856147766113,-16.325590133667
20181217,12,-40,35,15000,13810.34765625,214.899993896484,57.2565383911133,-6.38652324676514
20181217,18,-40,35,15000,13796.38671875,216.600006103516,50.0798377990723,6.88409662246704
20181218,0,-40,35,15000,13753.9052734375,218.933258056641,51.7775535583496,20.4673480987549
20181218,6,-40,35,15000,13720.27734375,219.735763549805,52.5899810791016,25.1458892822266
20181218,12,-40,35,15000,13674.18359375,220.699996948242,47.8208885192871,28.3431587219238
